4.4806679450175854e-13	0.999999999999553	[[-0.33671072319304224, -0.828213538215152, 0.44798239251555166], [-0.8988961779741355, 0.14106234957203012, -0.414833791724722], [0.28037751356039625, -0.5423686464484813, -0.7919751897877435]]	[[-1.3877787807814457e-17, 1.3877787807814457e-17, 4.588227053666265e-17], [-1.3877787807814457e-17, -1.3877787807814457e-17, 0.0], [4.588227053666265e-17, 0.0, -1.3877787807814457e-17]]	[]
1.046983813102405e-10	0.9999999998953024	[[-0.33671072319304224, -0.828213538215152, 0.44798239251555166], [-0.8988961779741355, 0.14106234957203012, -0.414833791724722], [0.28037751356039625, -0.5423686464484813, -0.7919751897877435]]	[[-1.3877787807814457e-17, 1.3877787807814457e-17, 4.588227053666265e-17], [-1.3877787807814457e-17, -1.3877787807814457e-17, 0.0], [4.588227053666265e-17, 0.0, -1.3877787807814457e-17]]	[]
4.2894083554272274e-14	0.9999999999999575	[[-0.33671072319304224, -0.828213538215152, 0.44798239251555166], [-0.8988961779741355, 0.14106234957203012, -0.414833791724722], [0.28037751356039625, -0.5423686464484813, -0.7919751897877435]]	[[-1.3877787807814457e-17, 1.3877787807814457e-17, 4.588227053666265e-17], [-1.3877787807814457e-17, -1.3877787807814457e-17, 0.0], [4.588227053666265e-17, 0.0, -1.3877787807814457e-17]]	[]
0.552306633851692	0.4476933661485682	[[-0.33671072319304224, -0.828213538215152, 0.44798239251555166], [-0.8988961779741355, 0.14106234957203012, -0.414833791724722], [0.28037751356039625, -0.5423686464484813, -0.7919751897877435]]	[[-1.3877787807814457e-17, 1.3877787807814457e-17, 4.588227053666265e-17], [-1.3877787807814457e-17, -1.3877787807814457e-17, 0.0], [4.588227053666265e-17, 0.0, -1.3877787807814457e-17]]	[]
1.8693837867629503e-11	0.9999999999813071	[[-0.33671072319304224, -0.828213538215152, 0.44798239251555166], [-0.8988961779741355, 0.14106234957203012, -0.414833791724722], [0.28037751356039625, -0.5423686464484813, -0.7919751897877435]]	[[-1.3877787807814457e-17, 1.3877787807814457e-17, 4.588227053666265e-17], [-1.3877787807814457e-17, -1.3877787807814457e-17, 0.0], [4.588227053666265e-17, 0.0, -1.3877787807814457e-17]]	[]
5.297025772842824e-10	0.9999999994702975	[[-0.33671072319304224, -0.828213538215152, 0.44798239251555166], [-0.8988961779741355, 0.14106234957203012, -0.414833791724722], [0.28037751356039625, -0.5423686464484813, -0.7919751897877435]]	[[-1.3877787807814457e-17, 1.3877787807814457e-17, 4.588227053666265e-17], [-1.3877787807814457e-17, -1.3877787807814457e-17, 0.0], [4.588227053666265e-17, 0.0, -1.3877787807814457e-17]]	[]
0.5533281517400496	0.44667184825995215	[[-0.33671072319304224, -0.828213538215152, 0.44798239251555166], [-0.8988961779741355, 0.14106234957203012, -0.414833791724722], [0.28037751356039625, -0.5423686464484813, -0.7919751897877435]]	[[-1.3877787807814457e-17, 1.3877787807814457e-17, 4.588227053666265e-17], [-1.3877787807814457e-17, -1.3877787807814457e-17, 0.0], [4.588227053666265e-17, 0.0, -1.3877787807814457e-17]]	[]
1.564683069852255e-12	0.9999999999984356	[[-0.33671072319304224, -0.828213538215152, 0.44798239251555166], [-0.8988961779741355, 0.14106234957203012, -0.414833791724722], [0.28037751356039625, -0.5423686464484813, -0.7919751897877435]]	[[-1.3877787807814457e-17, 1.3877787807814457e-17, 4.588227053666265e-17], [-1.3877787807814457e-17, -1.3877787807814457e-17, 0.0], [4.588227053666265e-17, 0.0, -1.3877787807814457e-17]]	[]
1.615467795449127e-11	0.9999999999838458	[[-0.33671072319304224, -0.828213538215152, 0.44798239251555166], [-0.8988961779741355, 0.14106234957203012, -0.414833791724722], [0.28037751356039625, -0.5423686464484813, -0.7919751897877435]]	[[-1.3877787807814457e-17, 1.3877787807814457e-17, 4.588227053666265e-17], [-1.3877787807814457e-17, -1.3877787807814457e-17, 0.0], [4.588227053666265e-17, 0.0, -1.3877787807814457e-17]]	[]
9.439946241933538e-12	0.9999999999905606	[[-0.33671072319304224, -0.828213538215152, 0.44798239251555166], [-0.8988961779741355, 0.14106234957203012, -0.414833791724722], [0.28037751356039625, -0.5423686464484813, -0.7919751897877435]]	[[-1.3877787807814457e-17, 1.3877787807814457e-17, 4.588227053666265e-17], [-1.3877787807814457e-17, -1.3877787807814457e-17, 0.0], [4.588227053666265e-17, 0.0, -1.3877787807814457e-17]]	[]
7.469016433859154e-15	0.9999999999999928	[[-0.33671072319304224, -0.828213538215152, 0.44798239251555166], [-0.8988961779741355, 0.14106234957203012, -0.414833791724722], [0.28037751356039625, -0.5423686464484813, -0.7919751897877435]]	[[-1.3877787807814457e-17, 1.3877787807814457e-17, 4.588227053666265e-17], [-1.3877787807814457e-17, -1.3877787807814457e-17, 0.0], [4.588227053666265e-17, 0.0, -1.3877787807814457e-17]]	[]
3.197648485052095e-11	0.9999999999680238	[[-0.33671072319304224, -0.828213538215152, 0.44798239251555166], [-0.8988961779741355, 0.14106234957203012, -0.414833791724722], [0.28037751356039625, -0.5423686464484813, -0.7919751897877435]]	[[-1.3877787807814457e-17, 1.3877787807814457e-17, 4.588227053666265e-17], [-1.3877787807814457e-17, -1.3877787807814457e-17, 0.0], [4.588227053666265e-17, 0.0, -1.3877787807814457e-17]]	[]
4.495329253509184e-12	0.9999999999955045	[[0.611696357854135, 0.19982549882086859, -0.7654393090304265], [0.2139506463738884, 0.889727439954835, 0.40324955487589864], [0.761611900316809, -0.4104325189509307, 0.5014902398685468]]	[[0.0, 0.0, 1.719542278156534e-17], [0.0, 8.326672684688674e-17, 0.0], [1.719542278156534e-17, 0.0, 5.551115123125783e-17]]	[]
1.3831412861297638e-12	0.999999999998617	[[0.611696357854135, 0.19982549882086859, -0.7654393090304265], [0.2139506463738884, 0.889727439954835, 0.40324955487589864], [0.761611900316809, -0.4104325189509307, 0.5014902398685468]]	[[0.0, 0.0, 1.719542278156534e-17], [0.0, 8.326672684688674e-17, 0.0], [1.719542278156534e-17, 0.0, 5.551115123125783e-17]]	[]
3.583492664071811e-13	0.9999999999996417	[[0.611696357854135, 0.19982549882086859, -0.7654393090304265], [0.2139506463738884, 0.889727439954835, 0.40324955487589864], [0.761611900316809, -0.4104325189509307, 0.5014902398685468]]	[[0.0, 0.0, 1.719542278156534e-17], [0.0, 8.326672684688674e-17, 0.0], [1.719542278156534e-17, 0.0, 5.551115123125783e-17]]	[]
0.5508009482987433	0.44919905170126506	[[0.611696357854135, 0.19982549882086859, -0.7654393090304265], [0.2139506463738884, 0.889727439954835, 0.40324955487589864], [0.761611900316809, -0.4104325189509307, 0.5014902398685468]]	[[0.0, 0.0, 1.719542278156534e-17], [0.0, 8.326672684688674e-17, 0.0], [1.719542278156534e-17, 0.0, 5.551115123125783e-17]]	[]
4.389255816331457e-11	0.9999999999561074	[[0.611696357854135, 0.19982549882086859, -0.7654393090304265], [0.2139506463738884, 0.889727439954835, 0.40324955487589864], [0.761611900316809, -0.4104325189509307, 0.5014902398685468]]	[[0.0, 0.0, 1.719542278156534e-17], [0.0, 8.326672684688674e-17, 0.0], [1.719542278156534e-17, 0.0, 5.551115123125783e-17]]	[]
0.5525119810702733	0.44748801892973966	[[0.611696357854135, 0.19982549882086859, -0.7654393090304265], [0.2139506463738884, 0.889727439954835, 0.40324955487589864], [0.761611900316809, -0.4104325189509307, 0.5014902398685468]]	[[0.0, 0.0, 1.719542278156534e-17], [0.0, 8.326672684688674e-17, 0.0], [1.719542278156534e-17, 0.0, 5.551115123125783e-17]]	[]
3.226148046256659e-10	0.9999999996773854	[[0.611696357854135, 0.19982549882086859, -0.7654393090304265], [0.2139506463738884, 0.889727439954835, 0.40324955487589864], [0.761611900316809, -0.4104325189509307, 0.5014902398685468]]	[[0.0, 0.0, 1.719542278156534e-17], [0.0, 8.326672684688674e-17, 0.0], [1.719542278156534e-17, 0.0, 5.551115123125783e-17]]	[]
-8.027524341304078e-13	1.000000000000803	[[0.611696357854135, 0.19982549882086859, -0.7654393090304265], [0.2139506463738884, 0.889727439954835, 0.40324955487589864], [0.761611900316809, -0.4104325189509307, 0.5014902398685468]]	[[0.0, 0.0, 1.719542278156534e-17], [0.0, 8.326672684688674e-17, 0.0], [1.719542278156534e-17, 0.0, 5.551115123125783e-17]]	[]
2.402958036843574e-12	0.9999999999975973	[[0.611696357854135, 0.19982549882086859, -0.7654393090304265], [0.2139506463738884, 0.889727439954835, 0.40324955487589864], [0.761611900316809, -0.4104325189509307, 0.5014902398685468]]	[[0.0, 0.0, 1.719542278156534e-17], [0.0, 8.326672684688674e-17, 0.0], [1.719542278156534e-17, 0.0, 5.551115123125783e-17]]	[]
3.523577524166314e-12	0.9999999999964763	[[0.611696357854135, 0.19982549882086859, -0.7654393090304265], [0.2139506463738884, 0.889727439954835, 0.40324955487589864], [0.761611900316809, -0.4104325189509307, 0.5014902398685468]]	[[0.0, 0.0, 1.719542278156534e-17], [0.0, 8.326672684688674e-17, 0.0], [1.719542278156534e-17, 0.0, 5.551115123125783e-17]]	[]
1.0770083555882922e-10	0.9999999998922996	[[0.611696357854135, 0.19982549882086859, -0.7654393090304265], [0.2139506463738884, 0.889727439954835, 0.40324955487589864], [0.761611900316809, -0.4104325189509307, 0.5014902398685468]]	[[0.0, 0.0, 1.719542278156534e-17], [0.0, 8.326672684688674e-17, 0.0], [1.719542278156534e-17, 0.0, 5.551115123125783e-17]]	[]
3.3080287851862524e-10	0.9999999996691976	[[0.611696357854135, 0.19982549882086859, -0.7654393090304265], [0.2139506463738884, 0.889727439954835, 0.40324955487589864], [0.761611900316809, -0.4104325189509307, 0.5014902398685468]]	[[0.0, 0.0, 1.719542278156534e-17], [0.0, 8.326672684688674e-17, 0.0], [1.719542278156534e-17, 0.0, 5.551115123125783e-17]]	[]
5.010754204456187e-11	0.9999999999498924	[[-0.6500021834678882, -0.04376320810600787, -0.7586711692843269], [-0.7189243069645999, 0.35893263187355084, 0.5952438211622155], [0.24626206029847036, 0.9323369280429668, -0.2647694284938431]]	[[-1.3877787807814457e-17, 1.3877787807814457e-17, 5.0986197839033e-19], [-1.3877787807814457e-17, 6.938893903907228e-17, 0.0], [5.0986197839033e-19, 0.0, 2.7755575615628914e-17]]	[]
1.0244384527656129e-11	0.9999999999897558	[[-0.6500021834678882, -0.04376320810600787, -0.7586711692843269], [-0.7189243069645999, 0.35893263187355084, 0.5952438211622155], [0.24626206029847036, 0.9323369280429668, -0.2647694284938431]]	[[-1.3877787807814457e-17, 1.3877787807814457e-17, 5.0986197839033e-19], [-1.3877787807814457e-17, 6.938893903907228e-17, 0.0], [5.0986197839033e-19, 0.0, 2.7755575615628914e-17]]	[]
8.206793042334226e-11	0.9999999999179319	[[-0.6500021834678882, -0.04376320810600787, -0.7586711692843269], [-0.7189243069645999, 0.35893263187355084, 0.5952438211622155], [0.24626206029847036, 0.9323369280429668, -0.2647694284938431]]	[[-1.3877787807814457e-17, 1.3877787807814457e-17, 5.0986197839033e-19], [-1.3877787807814457e-17, 6.938893903907228e-17, 0.0], [5.0986197839033e-19, 0.0, 2.7755575615628914e-17]]	[]
1.2472268600820957e-11	0.9999999999875279	[[-0.6500021834678882, -0.04376320810600787, -0.7586711692843269], [-0.7189243069645999, 0.35893263187355084, 0.5952438211622155], [0.24626206029847036, 0.9323369280429668, -0.2647694284938431]]	[[-1.3877787807814457e-17, 1.3877787807814457e-17, 5.0986197839033e-19], [-1.3877787807814457e-17, 6.938893903907228e-17, 0.0], [5.0986197839033e-19, 0.0, 2.7755575615628914e-17]]	[]
8.608567638133986e-15	0.9999999999999916	[[-0.6500021834678882, -0.04376320810600787, -0.7586711692843269], [-0.7189243069645999, 0.35893263187355084, 0.5952438211622155], [0.24626206029847036, 0.9323369280429668, -0.2647694284938431]]	[[-1.3877787807814457e-17, 1.3877787807814457e-17, 5.0986197839033e-19], [-1.3877787807814457e-17, 6.938893903907228e-17, 0.0], [5.0986197839033e-19, 0.0, 2.7755575615628914e-17]]	[]
0.5598456834755225	0.44015431652459686	[[-0.6500021834678882, -0.04376320810600787, -0.7586711692843269], [-0.7189243069645999, 0.35893263187355084, 0.5952438211622155], [0.24626206029847036, 0.9323369280429668, -0.2647694284938431]]	[[-1.3877787807814457e-17, 1.3877787807814457e-17, 5.0986197839033e-19], [-1.3877787807814457e-17, 6.938893903907228e-17, 0.0], [5.0986197839033e-19, 0.0, 2.7755575615628914e-17]]	[]
1.420623913034041e-10	0.9999999998579379	[[-0.6500021834678882, -0.04376320810600787, -0.7586711692843269], [-0.7189243069645999, 0.35893263187355084, 0.5952438211622155], [0.24626206029847036, 0.9323369280429668, -0.2647694284938431]]	[[-1.3877787807814457e-17, 1.3877787807814457e-17, 5.0986197839033e-19], [-1.3877787807814457e-17, 6.938893903907228e-17, 0.0], [5.0986197839033e-19, 0.0, 2.7755575615628914e-17]]	[]
3.076156813009869e-10	0.9999999996923845	[[-0.6500021834678882, -0.04376320810600787, -0.7586711692843269], [-0.7189243069645999, 0.35893263187355084, 0.5952438211622155], [0.24626206029847036, 0.9323369280429668, -0.2647694284938431]]	[[-1.3877787807814457e-17, 1.3877787807814457e-17, 5.0986197839033e-19], [-1.3877787807814457e-17, 6.938893903907228e-17, 0.0], [5.0986197839033e-19, 0.0, 2.7755575615628914e-17]]	[]
1.2963844824158223e-11	0.9999999999870361	[[-0.6500021834678882, -0.04376320810600787, -0.7586711692843269], [-0.7189243069645999, 0.35893263187355084, 0.5952438211622155], [0.24626206029847036, 0.9323369280429668, -0.2647694284938431]]	[[-1.3877787807814457e-17, 1.3877787807814457e-17, 5.0986197839033e-19], [-1.3877787807814457e-17, 6.938893903907228e-17, 0.0], [5.0986197839033e-19, 0.0, 2.7755575615628914e-17]]	[]
0.5532703353792395	0.4467296646207865	[[-0.6500021834678882, -0.04376320810600787, -0.7586711692843269], [-0.7189243069645999, 0.35893263187355084, 0.5952438211622155], [0.24626206029847036, 0.9323369280429668, -0.2647694284938431]]	[[-1.3877787807814457e-17, 1.3877787807814457e-17, 5.0986197839033e-19], [-1.3877787807814457e-17, 6.938893903907228e-17, 0.0], [5.0986197839033e-19, 0.0, 2.7755575615628914e-17]]	[]
0.5512715010428159	0.4487284989572338	[[-0.6500021834678882, -0.04376320810600787, -0.7586711692843269], [-0.7189243069645999, 0.35893263187355084, 0.5952438211622155], [0.24626206029847036, 0.9323369280429668, -0.2647694284938431]]	[[-1.3877787807814457e-17, 1.3877787807814457e-17, 5.0986197839033e-19], [-1.3877787807814457e-17, 6.938893903907228e-17, 0.0], [5.0986197839033e-19, 0.0, 2.7755575615628914e-17]]	[]
7.463186325361944e-12	0.9999999999925369	[[-0.6500021834678882, -0.04376320810600787, -0.7586711692843269], [-0.7189243069645999, 0.35893263187355084, 0.5952438211622155], [0.24626206029847036, 0.9323369280429668, -0.2647694284938431]]	[[-1.3877787807814457e-17, 1.3877787807814457e-17, 5.0986197839033e-19], [-1.3877787807814457e-17, 6.938893903907228e-17, 0.0], [5.0986197839033e-19, 0.0, 2.7755575615628914e-17]]	[]
1.5901480501671115e-10	0.9999999998409859	[[-0.11412379727222291, 0.3647536192079772, 0.9240836305069203], [-0.09907579711663703, -0.9297024239265865, 0.35473566126163913], [0.988513907500482, -0.051070541603857766, 0.14223942652590058]]	[[-8.326672684688674e-17, 2.220446049250313e-16, 9.344651921949657e-16], [-2.220446049250313e-16, -9.159339953157541e-16, 0.0], [9.344651921949657e-16, 0.0, 1.249000902703301e-16]]	[]
0.5466385082045441	0.45336149179547247	[[-0.11412379727222291, 0.3647536192079772, 0.9240836305069203], [-0.09907579711663703, -0.9297024239265865, 0.35473566126163913], [0.988513907500482, -0.051070541603857766, 0.14223942652590058]]	[[-8.326672684688674e-17, 2.220446049250313e-16, 9.344651921949657e-16], [-2.220446049250313e-16, -9.159339953157541e-16, 0.0], [9.344651921949657e-16, 0.0, 1.249000902703301e-16]]	[]
1.0493428590843545e-10	0.9999999998950658	[[-0.11412379727222291, 0.3647536192079772, 0.9240836305069203], [-0.09907579711663703, -0.9297024239265865, 0.35473566126163913], [0.988513907500482, -0.051070541603857766, 0.14223942652590058]]	[[-8.326672684688674e-17, 2.220446049250313e-16, 9.344651921949657e-16], [-2.220446049250313e-16, -9.159339953157541e-16, 0.0], [9.344651921949657e-16, 0.0, 1.249000902703301e-16]]	[]
2.5936549659652757e-13	0.999999999999741	[[-0.11412379727222291, 0.3647536192079772, 0.9240836305069203], [-0.09907579711663703, -0.9297024239265865, 0.35473566126163913], [0.988513907500482, -0.051070541603857766, 0.14223942652590058]]	[[-8.326672684688674e-17, 2.220446049250313e-16, 9.344651921949657e-16], [-2.220446049250313e-16, -9.159339953157541e-16, 0.0], [9.344651921949657e-16, 0.0, 1.249000902703301e-16]]	[]
7.062575501977695e-10	0.9999999992937424	[[-0.11412379727222291, 0.3647536192079772, 0.9240836305069203], [-0.09907579711663703, -0.9297024239265865, 0.35473566126163913], [0.988513907500482, -0.051070541603857766, 0.14223942652590058]]	[[-8.326672684688674e-17, 2.220446049250313e-16, 9.344651921949657e-16], [-2.220446049250313e-16, -9.159339953157541e-16, 0.0], [9.344651921949657e-16, 0.0, 1.249000902703301e-16]]	[]
1.2198607793712753e-10	0.9999999998780142	[[-0.11412379727222291, 0.3647536192079772, 0.9240836305069203], [-0.09907579711663703, -0.9297024239265865, 0.35473566126163913], [0.988513907500482, -0.051070541603857766, 0.14223942652590058]]	[[-8.326672684688674e-17, 2.220446049250313e-16, 9.344651921949657e-16], [-2.220446049250313e-16, -9.159339953157541e-16, 0.0], [9.344651921949657e-16, 0.0, 1.249000902703301e-16]]	[]
1.8182960792048017e-11	0.9999999999818171	[[-0.11412379727222291, 0.3647536192079772, 0.9240836305069203], [-0.09907579711663703, -0.9297024239265865, 0.35473566126163913], [0.988513907500482, -0.051070541603857766, 0.14223942652590058]]	[[-8.326672684688674e-17, 2.220446049250313e-16, 9.344651921949657e-16], [-2.220446049250313e-16, -9.159339953157541e-16, 0.0], [9.344651921949657e-16, 0.0, 1.249000902703301e-16]]	[]
1.923683738101926e-12	0.9999999999980771	[[-0.11412379727222291, 0.3647536192079772, 0.9240836305069203], [-0.09907579711663703, -0.9297024239265865, 0.35473566126163913], [0.988513907500482, -0.051070541603857766, 0.14223942652590058]]	[[-8.326672684688674e-17, 2.220446049250313e-16, 9.344651921949657e-16], [-2.220446049250313e-16, -9.159339953157541e-16, 0.0], [9.344651921949657e-16, 0.0, 1.249000902703301e-16]]	[]
6.667254733629571e-15	0.9999999999999931	[[-0.11412379727222291, 0.3647536192079772, 0.9240836305069203], [-0.09907579711663703, -0.9297024239265865, 0.35473566126163913], [0.988513907500482, -0.051070541603857766, 0.14223942652590058]]	[[-8.326672684688674e-17, 2.220446049250313e-16, 9.344651921949657e-16], [-2.220446049250313e-16, -9.159339953157541e-16, 0.0], [9.344651921949657e-16, 0.0, 1.249000902703301e-16]]	[]
3.077308388401571e-12	0.999999999996923	[[-0.11412379727222291, 0.3647536192079772, 0.9240836305069203], [-0.09907579711663703, -0.9297024239265865, 0.35473566126163913], [0.988513907500482, -0.051070541603857766, 0.14223942652590058]]	[[-8.326672684688674e-17, 2.220446049250313e-16, 9.344651921949657e-16], [-2.220446049250313e-16, -9.159339953157541e-16, 0.0], [9.344651921949657e-16, 0.0, 1.249000902703301e-16]]	[]
1.513041170898748e-12	0.9999999999984869	[[-0.11412379727222291, 0.3647536192079772, 0.9240836305069203], [-0.09907579711663703, -0.9297024239265865, 0.35473566126163913], [0.988513907500482, -0.051070541603857766, 0.14223942652590058]]	[[-8.326672684688674e-17, 2.220446049250313e-16, 9.344651921949657e-16], [-2.220446049250313e-16, -9.159339953157541e-16, 0.0], [9.344651921949657e-16, 0.0, 1.249000902703301e-16]]	[]
0.5467124722428552	0.4532875277571884	[[-0.11412379727222291, 0.3647536192079772, 0.9240836305069203], [-0.09907579711663703, -0.9297024239265865, 0.35473566126163913], [0.988513907500482, -0.051070541603857766, 0.14223942652590058]]	[[-8.326672684688674e-17, 2.220446049250313e-16, 9.344651921949657e-16], [-2.220446049250313e-16, -9.159339953157541e-16, 0.0], [9.344651921949657e-16, 0.0, 1.249000902703301e-16]]	[]
