0.513971444524474	0.48602855547552637	[[-0.33671072319304224, -0.828213538215152, 0.44798239251555166], [-0.8988961779741355, 0.14106234957203012, -0.414833791724722], [0.28037751356039625, -0.5423686464484813, -0.7919751897877435]]	[[-1.3877787807814457e-17, 1.3877787807814457e-17, 4.588227053666265e-17], [-1.3877787807814457e-17, -1.3877787807814457e-17, 0.0], [4.588227053666265e-17, 0.0, -1.3877787807814457e-17]]	[]
0.41086371761256635	0.5891362823874364	[[-0.33671072319304224, -0.828213538215152, 0.44798239251555166], [-0.8988961779741355, 0.14106234957203012, -0.414833791724722], [0.28037751356039625, -0.5423686464484813, -0.7919751897877435]]	[[-1.3877787807814457e-17, 1.3877787807814457e-17, 4.588227053666265e-17], [-1.3877787807814457e-17, -1.3877787807814457e-17, 0.0], [4.588227053666265e-17, 0.0, -1.3877787807814457e-17]]	[]
0.48946651947595077	0.5105334805240503	[[-0.33671072319304224, -0.828213538215152, 0.44798239251555166], [-0.8988961779741355, 0.14106234957203012, -0.414833791724722], [0.28037751356039625, -0.5423686464484813, -0.7919751897877435]]	[[-1.3877787807814457e-17, 1.3877787807814457e-17, 4.588227053666265e-17], [-1.3877787807814457e-17, -1.3877787807814457e-17, 0.0], [4.588227053666265e-17, 0.0, -1.3877787807814457e-17]]	[]
0.4181286704742781	0.5818713295257221	[[-0.33671072319304224, -0.828213538215152, 0.44798239251555166], [-0.8988961779741355, 0.14106234957203012, -0.414833791724722], [0.28037751356039625, -0.5423686464484813, -0.7919751897877435]]	[[-1.3877787807814457e-17, 1.3877787807814457e-17, 4.588227053666265e-17], [-1.3877787807814457e-17, -1.3877787807814457e-17, 0.0], [4.588227053666265e-17, 0.0, -1.3877787807814457e-17]]	[]
0.48230537711434174	0.5176946228856585	[[-0.33671072319304224, -0.828213538215152, 0.44798239251555166], [-0.8988961779741355, 0.14106234957203012, -0.414833791724722], [0.28037751356039625, -0.5423686464484813, -0.7919751897877435]]	[[-1.3877787807814457e-17, 1.3877787807814457e-17, 4.588227053666265e-17], [-1.3877787807814457e-17, -1.3877787807814457e-17, 0.0], [4.588227053666265e-17, 0.0, -1.3877787807814457e-17]]	[]
0.6039505334516162	0.3960494665483906	[[-0.33671072319304224, -0.828213538215152, 0.44798239251555166], [-0.8988961779741355, 0.14106234957203012, -0.414833791724722], [0.28037751356039625, -0.5423686464484813, -0.7919751897877435]]	[[-1.3877787807814457e-17, 1.3877787807814457e-17, 4.588227053666265e-17], [-1.3877787807814457e-17, -1.3877787807814457e-17, 0.0], [4.588227053666265e-17, 0.0, -1.3877787807814457e-17]]	[]
0.5104410160913422	0.4895589839086575	[[-0.33671072319304224, -0.828213538215152, 0.44798239251555166], [-0.8988961779741355, 0.14106234957203012, -0.414833791724722], [0.28037751356039625, -0.5423686464484813, -0.7919751897877435]]	[[-1.3877787807814457e-17, 1.3877787807814457e-17, 4.588227053666265e-17], [-1.3877787807814457e-17, -1.3877787807814457e-17, 0.0], [4.588227053666265e-17, 0.0, -1.3877787807814457e-17]]	[]
0.4598887547025822	0.5401112452974183	[[-0.33671072319304224, -0.828213538215152, 0.44798239251555166], [-0.8988961779741355, 0.14106234957203012, -0.414833791724722], [0.28037751356039625, -0.5423686464484813, -0.7919751897877435]]	[[-1.3877787807814457e-17, 1.3877787807814457e-17, 4.588227053666265e-17], [-1.3877787807814457e-17, -1.3877787807814457e-17, 0.0], [4.588227053666265e-17, 0.0, -1.3877787807814457e-17]]	[]
0.5372392388261302	0.46276076117386994	[[-0.33671072319304224, -0.828213538215152, 0.44798239251555166], [-0.8988961779741355, 0.14106234957203012, -0.414833791724722], [0.28037751356039625, -0.5423686464484813, -0.7919751897877435]]	[[-1.3877787807814457e-17, 1.3877787807814457e-17, 4.588227053666265e-17], [-1.3877787807814457e-17, -1.3877787807814457e-17, 0.0], [4.588227053666265e-17, 0.0, -1.3877787807814457e-17]]	[]
0.4064691270929757	0.5935308729070244	[[-0.33671072319304224, -0.828213538215152, 0.44798239251555166], [-0.8988961779741355, 0.14106234957203012, -0.414833791724722], [0.28037751356039625, -0.5423686464484813, -0.7919751897877435]]	[[-1.3877787807814457e-17, 1.3877787807814457e-17, 4.588227053666265e-17], [-1.3877787807814457e-17, -1.3877787807814457e-17, 0.0], [4.588227053666265e-17, 0.0, -1.3877787807814457e-17]]	[]
0.5512516304189693	0.44874836958103087	[[-0.33671072319304224, -0.828213538215152, 0.44798239251555166], [-0.8988961779741355, 0.14106234957203012, -0.414833791724722], [0.28037751356039625, -0.5423686464484813, -0.7919751897877435]]	[[-1.3877787807814457e-17, 1.3877787807814457e-17, 4.588227053666265e-17], [-1.3877787807814457e-17, -1.3877787807814457e-17, 0.0], [4.588227053666265e-17, 0.0, -1.3877787807814457e-17]]	[]
0.5030214217706782	0.49697857822932207	[[-0.33671072319304224, -0.828213538215152, 0.44798239251555166], [-0.8988961779741355, 0.14106234957203012, -0.414833791724722], [0.28037751356039625, -0.5423686464484813, -0.7919751897877435]]	[[-1.3877787807814457e-17, 1.3877787807814457e-17, 4.588227053666265e-17], [-1.3877787807814457e-17, -1.3877787807814457e-17, 0.0], [4.588227053666265e-17, 0.0, -1.3877787807814457e-17]]	[]
0.4897857307286768	0.5102142692713233	[[0.611696357854135, 0.19982549882086859, -0.7654393090304265], [0.2139506463738884, 0.889727439954835, 0.40324955487589864], [0.761611900316809, -0.4104325189509307, 0.5014902398685468]]	[[0.0, 0.0, 1.719542278156534e-17], [0.0, 8.326672684688674e-17, 0.0], [1.719542278156534e-17, 0.0, 5.551115123125783e-17]]	[]
0.5805288071475414	0.4194711928524586	[[0.611696357854135, 0.19982549882086859, -0.7654393090304265], [0.2139506463738884, 0.889727439954835, 0.40324955487589864], [0.761611900316809, -0.4104325189509307, 0.5014902398685468]]	[[0.0, 0.0, 1.719542278156534e-17], [0.0, 8.326672684688674e-17, 0.0], [1.719542278156534e-17, 0.0, 5.551115123125783e-17]]	[]
0.5005770622140073	0.4994229377859938	[[0.611696357854135, 0.19982549882086859, -0.7654393090304265], [0.2139506463738884, 0.889727439954835, 0.40324955487589864], [0.761611900316809, -0.4104325189509307, 0.5014902398685468]]	[[0.0, 0.0, 1.719542278156534e-17], [0.0, 8.326672684688674e-17, 0.0], [1.719542278156534e-17, 0.0, 5.551115123125783e-17]]	[]
0.4408582380581951	0.559141761941805	[[0.611696357854135, 0.19982549882086859, -0.7654393090304265], [0.2139506463738884, 0.889727439954835, 0.40324955487589864], [0.761611900316809, -0.4104325189509307, 0.5014902398685468]]	[[0.0, 0.0, 1.719542278156534e-17], [0.0, 8.326672684688674e-17, 0.0], [1.719542278156534e-17, 0.0, 5.551115123125783e-17]]	[]
0.4925061082213803	0.5074938917786198	[[0.611696357854135, 0.19982549882086859, -0.7654393090304265], [0.2139506463738884, 0.889727439954835, 0.40324955487589864], [0.761611900316809, -0.4104325189509307, 0.5014902398685468]]	[[0.0, 0.0, 1.719542278156534e-17], [0.0, 8.326672684688674e-17, 0.0], [1.719542278156534e-17, 0.0, 5.551115123125783e-17]]	[]
0.3705644957970461	0.6294355042029539	[[0.611696357854135, 0.19982549882086859, -0.7654393090304265], [0.2139506463738884, 0.889727439954835, 0.40324955487589864], [0.761611900316809, -0.4104325189509307, 0.5014902398685468]]	[[0.0, 0.0, 1.719542278156534e-17], [0.0, 8.326672684688674e-17, 0.0], [1.719542278156534e-17, 0.0, 5.551115123125783e-17]]	[]
0.4914820640537279	0.5085179359462726	[[0.611696357854135, 0.19982549882086859, -0.7654393090304265], [0.2139506463738884, 0.889727439954835, 0.40324955487589864], [0.761611900316809, -0.4104325189509307, 0.5014902398685468]]	[[0.0, 0.0, 1.719542278156534e-17], [0.0, 8.326672684688674e-17, 0.0], [1.719542278156534e-17, 0.0, 5.551115123125783e-17]]	[]
0.4582116171702831	0.541788382829717	[[0.611696357854135, 0.19982549882086859, -0.7654393090304265], [0.2139506463738884, 0.889727439954835, 0.40324955487589864], [0.761611900316809, -0.4104325189509307, 0.5014902398685468]]	[[0.0, 0.0, 1.719542278156534e-17], [0.0, 8.326672684688674e-17, 0.0], [1.719542278156534e-17, 0.0, 5.551115123125783e-17]]	[]
0.5603053302929155	0.439694669707085	[[0.611696357854135, 0.19982549882086859, -0.7654393090304265], [0.2139506463738884, 0.889727439954835, 0.40324955487589864], [0.761611900316809, -0.4104325189509307, 0.5014902398685468]]	[[0.0, 0.0, 1.719542278156534e-17], [0.0, 8.326672684688674e-17, 0.0], [1.719542278156534e-17, 0.0, 5.551115123125783e-17]]	[]
0.4582915424498716	0.5417084575501283	[[0.611696357854135, 0.19982549882086859, -0.7654393090304265], [0.2139506463738884, 0.889727439954835, 0.40324955487589864], [0.761611900316809, -0.4104325189509307, 0.5014902398685468]]	[[0.0, 0.0, 1.719542278156534e-17], [0.0, 8.326672684688674e-17, 0.0], [1.719542278156534e-17, 0.0, 5.551115123125783e-17]]	[]
0.45307724863734333	0.5469227513626567	[[0.611696357854135, 0.19982549882086859, -0.7654393090304265], [0.2139506463738884, 0.889727439954835, 0.40324955487589864], [0.761611900316809, -0.4104325189509307, 0.5014902398685468]]	[[0.0, 0.0, 1.719542278156534e-17], [0.0, 8.326672684688674e-17, 0.0], [1.719542278156534e-17, 0.0, 5.551115123125783e-17]]	[]
0.4256709225495594	0.5743290774504414	[[0.611696357854135, 0.19982549882086859, -0.7654393090304265], [0.2139506463738884, 0.889727439954835, 0.40324955487589864], [0.761611900316809, -0.4104325189509307, 0.5014902398685468]]	[[0.0, 0.0, 1.719542278156534e-17], [0.0, 8.326672684688674e-17, 0.0], [1.719542278156534e-17, 0.0, 5.551115123125783e-17]]	[]
0.3504201013197597	0.6495798986802404	[[-0.6500021834678882, -0.04376320810600787, -0.7586711692843269], [-0.7189243069645999, 0.35893263187355084, 0.5952438211622155], [0.24626206029847036, 0.9323369280429668, -0.2647694284938431]]	[[-1.3877787807814457e-17, 1.3877787807814457e-17, 5.0986197839033e-19], [-1.3877787807814457e-17, 6.938893903907228e-17, 0.0], [5.0986197839033e-19, 0.0, 2.7755575615628914e-17]]	[]
0.3298649354019	0.6701350645981001	[[-0.6500021834678882, -0.04376320810600787, -0.7586711692843269], [-0.7189243069645999, 0.35893263187355084, 0.5952438211622155], [0.24626206029847036, 0.9323369280429668, -0.2647694284938431]]	[[-1.3877787807814457e-17, 1.3877787807814457e-17, 5.0986197839033e-19], [-1.3877787807814457e-17, 6.938893903907228e-17, 0.0], [5.0986197839033e-19, 0.0, 2.7755575615628914e-17]]	[]
0.4164358749199704	0.5835641250800295	[[-0.6500021834678882, -0.04376320810600787, -0.7586711692843269], [-0.7189243069645999, 0.35893263187355084, 0.5952438211622155], [0.24626206029847036, 0.9323369280429668, -0.2647694284938431]]	[[-1.3877787807814457e-17, 1.3877787807814457e-17, 5.0986197839033e-19], [-1.3877787807814457e-17, 6.938893903907228e-17, 0.0], [5.0986197839033e-19, 0.0, 2.7755575615628914e-17]]	[]
0.46585726282158013	0.53414273717842	[[-0.6500021834678882, -0.04376320810600787, -0.7586711692843269], [-0.7189243069645999, 0.35893263187355084, 0.5952438211622155], [0.24626206029847036, 0.9323369280429668, -0.2647694284938431]]	[[-1.3877787807814457e-17, 1.3877787807814457e-17, 5.0986197839033e-19], [-1.3877787807814457e-17, 6.938893903907228e-17, 0.0], [5.0986197839033e-19, 0.0, 2.7755575615628914e-17]]	[]
0.48008597414751836	0.5199140258524818	[[-0.6500021834678882, -0.04376320810600787, -0.7586711692843269], [-0.7189243069645999, 0.35893263187355084, 0.5952438211622155], [0.24626206029847036, 0.9323369280429668, -0.2647694284938431]]	[[-1.3877787807814457e-17, 1.3877787807814457e-17, 5.0986197839033e-19], [-1.3877787807814457e-17, 6.938893903907228e-17, 0.0], [5.0986197839033e-19, 0.0, 2.7755575615628914e-17]]	[]
0.4407790128525366	0.5592209871474635	[[-0.6500021834678882, -0.04376320810600787, -0.7586711692843269], [-0.7189243069645999, 0.35893263187355084, 0.5952438211622155], [0.24626206029847036, 0.9323369280429668, -0.2647694284938431]]	[[-1.3877787807814457e-17, 1.3877787807814457e-17, 5.0986197839033e-19], [-1.3877787807814457e-17, 6.938893903907228e-17, 0.0], [5.0986197839033e-19, 0.0, 2.7755575615628914e-17]]	[]
0.5518133648756244	0.4481866351243757	[[-0.6500021834678882, -0.04376320810600787, -0.7586711692843269], [-0.7189243069645999, 0.35893263187355084, 0.5952438211622155], [0.24626206029847036, 0.9323369280429668, -0.2647694284938431]]	[[-1.3877787807814457e-17, 1.3877787807814457e-17, 5.0986197839033e-19], [-1.3877787807814457e-17, 6.938893903907228e-17, 0.0], [5.0986197839033e-19, 0.0, 2.7755575615628914e-17]]	[]
0.4491101273913644	0.550889872608636	[[-0.6500021834678882, -0.04376320810600787, -0.7586711692843269], [-0.7189243069645999, 0.35893263187355084, 0.5952438211622155], [0.24626206029847036, 0.9323369280429668, -0.2647694284938431]]	[[-1.3877787807814457e-17, 1.3877787807814457e-17, 5.0986197839033e-19], [-1.3877787807814457e-17, 6.938893903907228e-17, 0.0], [5.0986197839033e-19, 0.0, 2.7755575615628914e-17]]	[]
0.3634292191760251	0.6365707808239748	[[-0.6500021834678882, -0.04376320810600787, -0.7586711692843269], [-0.7189243069645999, 0.35893263187355084, 0.5952438211622155], [0.24626206029847036, 0.9323369280429668, -0.2647694284938431]]	[[-1.3877787807814457e-17, 1.3877787807814457e-17, 5.0986197839033e-19], [-1.3877787807814457e-17, 6.938893903907228e-17, 0.0], [5.0986197839033e-19, 0.0, 2.7755575615628914e-17]]	[]
0.39952620766441577	0.6004737923355843	[[-0.6500021834678882, -0.04376320810600787, -0.7586711692843269], [-0.7189243069645999, 0.35893263187355084, 0.5952438211622155], [0.24626206029847036, 0.9323369280429668, -0.2647694284938431]]	[[-1.3877787807814457e-17, 1.3877787807814457e-17, 5.0986197839033e-19], [-1.3877787807814457e-17, 6.938893903907228e-17, 0.0], [5.0986197839033e-19, 0.0, 2.7755575615628914e-17]]	[]
0.5038072149905526	0.49619278500944747	[[-0.6500021834678882, -0.04376320810600787, -0.7586711692843269], [-0.7189243069645999, 0.35893263187355084, 0.5952438211622155], [0.24626206029847036, 0.9323369280429668, -0.2647694284938431]]	[[-1.3877787807814457e-17, 1.3877787807814457e-17, 5.0986197839033e-19], [-1.3877787807814457e-17, 6.938893903907228e-17, 0.0], [5.0986197839033e-19, 0.0, 2.7755575615628914e-17]]	[]
0.5281718688744761	0.47182813112552396	[[-0.6500021834678882, -0.04376320810600787, -0.7586711692843269], [-0.7189243069645999, 0.35893263187355084, 0.5952438211622155], [0.24626206029847036, 0.9323369280429668, -0.2647694284938431]]	[[-1.3877787807814457e-17, 1.3877787807814457e-17, 5.0986197839033e-19], [-1.3877787807814457e-17, 6.938893903907228e-17, 0.0], [5.0986197839033e-19, 0.0, 2.7755575615628914e-17]]	[]
0.4865930383021487	0.5134069616978513	[[-0.11412379727222291, 0.3647536192079772, 0.9240836305069203], [-0.09907579711663703, -0.9297024239265865, 0.35473566126163913], [0.988513907500482, -0.051070541603857766, 0.14223942652590058]]	[[-8.326672684688674e-17, 2.220446049250313e-16, 9.344651921949657e-16], [-2.220446049250313e-16, -9.159339953157541e-16, 0.0], [9.344651921949657e-16, 0.0, 1.249000902703301e-16]]	[]
0.4952159690730149	0.5047840309269852	[[-0.11412379727222291, 0.3647536192079772, 0.9240836305069203], [-0.09907579711663703, -0.9297024239265865, 0.35473566126163913], [0.988513907500482, -0.051070541603857766, 0.14223942652590058]]	[[-8.326672684688674e-17, 2.220446049250313e-16, 9.344651921949657e-16], [-2.220446049250313e-16, -9.159339953157541e-16, 0.0], [9.344651921949657e-16, 0.0, 1.249000902703301e-16]]	[]
0.5974567249263831	0.4025432750736211	[[-0.11412379727222291, 0.3647536192079772, 0.9240836305069203], [-0.09907579711663703, -0.9297024239265865, 0.35473566126163913], [0.988513907500482, -0.051070541603857766, 0.14223942652590058]]	[[-8.326672684688674e-17, 2.220446049250313e-16, 9.344651921949657e-16], [-2.220446049250313e-16, -9.159339953157541e-16, 0.0], [9.344651921949657e-16, 0.0, 1.249000902703301e-16]]	[]
0.3612120672284271	0.6387879327715731	[[-0.11412379727222291, 0.3647536192079772, 0.9240836305069203], [-0.09907579711663703, -0.9297024239265865, 0.35473566126163913], [0.988513907500482, -0.051070541603857766, 0.14223942652590058]]	[[-8.326672684688674e-17, 2.220446049250313e-16, 9.344651921949657e-16], [-2.220446049250313e-16, -9.159339953157541e-16, 0.0], [9.344651921949657e-16, 0.0, 1.249000902703301e-16]]	[]
0.47388149999161455	0.5261185000083856	[[-0.11412379727222291, 0.3647536192079772, 0.9240836305069203], [-0.09907579711663703, -0.9297024239265865, 0.35473566126163913], [0.988513907500482, -0.051070541603857766, 0.14223942652590058]]	[[-8.326672684688674e-17, 2.220446049250313e-16, 9.344651921949657e-16], [-2.220446049250313e-16, -9.159339953157541e-16, 0.0], [9.344651921949657e-16, 0.0, 1.249000902703301e-16]]	[]
0.3623852185642719	0.6376147814357283	[[-0.11412379727222291, 0.3647536192079772, 0.9240836305069203], [-0.09907579711663703, -0.9297024239265865, 0.35473566126163913], [0.988513907500482, -0.051070541603857766, 0.14223942652590058]]	[[-8.326672684688674e-17, 2.220446049250313e-16, 9.344651921949657e-16], [-2.220446049250313e-16, -9.159339953157541e-16, 0.0], [9.344651921949657e-16, 0.0, 1.249000902703301e-16]]	[]
0.5410621864882119	0.45893781351178803	[[-0.11412379727222291, 0.3647536192079772, 0.9240836305069203], [-0.09907579711663703, -0.9297024239265865, 0.35473566126163913], [0.988513907500482, -0.051070541603857766, 0.14223942652590058]]	[[-8.326672684688674e-17, 2.220446049250313e-16, 9.344651921949657e-16], [-2.220446049250313e-16, -9.159339953157541e-16, 0.0], [9.344651921949657e-16, 0.0, 1.249000902703301e-16]]	[]
0.528882212075747	0.4711177879242533	[[-0.11412379727222291, 0.3647536192079772, 0.9240836305069203], [-0.09907579711663703, -0.9297024239265865, 0.35473566126163913], [0.988513907500482, -0.051070541603857766, 0.14223942652590058]]	[[-8.326672684688674e-17, 2.220446049250313e-16, 9.344651921949657e-16], [-2.220446049250313e-16, -9.159339953157541e-16, 0.0], [9.344651921949657e-16, 0.0, 1.249000902703301e-16]]	[]
0.3098785403578102	0.6901214596421897	[[-0.11412379727222291, 0.3647536192079772, 0.9240836305069203], [-0.09907579711663703, -0.9297024239265865, 0.35473566126163913], [0.988513907500482, -0.051070541603857766, 0.14223942652590058]]	[[-8.326672684688674e-17, 2.220446049250313e-16, 9.344651921949657e-16], [-2.220446049250313e-16, -9.159339953157541e-16, 0.0], [9.344651921949657e-16, 0.0, 1.249000902703301e-16]]	[]
0.7041436015709115	0.29585639842909056	[[-0.11412379727222291, 0.3647536192079772, 0.9240836305069203], [-0.09907579711663703, -0.9297024239265865, 0.35473566126163913], [0.988513907500482, -0.051070541603857766, 0.14223942652590058]]	[[-8.326672684688674e-17, 2.220446049250313e-16, 9.344651921949657e-16], [-2.220446049250313e-16, -9.159339953157541e-16, 0.0], [9.344651921949657e-16, 0.0, 1.249000902703301e-16]]	[]
0.5660520455894843	0.4339479544105158	[[-0.11412379727222291, 0.3647536192079772, 0.9240836305069203], [-0.09907579711663703, -0.9297024239265865, 0.35473566126163913], [0.988513907500482, -0.051070541603857766, 0.14223942652590058]]	[[-8.326672684688674e-17, 2.220446049250313e-16, 9.344651921949657e-16], [-2.220446049250313e-16, -9.159339953157541e-16, 0.0], [9.344651921949657e-16, 0.0, 1.249000902703301e-16]]	[]
0.6903096038084605	0.30969039619153954	[[-0.11412379727222291, 0.3647536192079772, 0.9240836305069203], [-0.09907579711663703, -0.9297024239265865, 0.35473566126163913], [0.988513907500482, -0.051070541603857766, 0.14223942652590058]]	[[-8.326672684688674e-17, 2.220446049250313e-16, 9.344651921949657e-16], [-2.220446049250313e-16, -9.159339953157541e-16, 0.0], [9.344651921949657e-16, 0.0, 1.249000902703301e-16]]	[]
