0.6007304851467014	0.39926951485329887	[[-0.33671072319304224, -0.828213538215152, 0.44798239251555166], [-0.8988961779741355, 0.14106234957203012, -0.414833791724722], [0.28037751356039625, -0.5423686464484813, -0.7919751897877435]]	[[-1.3877787807814457e-17, 1.3877787807814457e-17, 4.588227053666265e-17], [-1.3877787807814457e-17, -1.3877787807814457e-17, 0.0], [4.588227053666265e-17, 0.0, -1.3877787807814457e-17]]	[]
0.6226224691377281	0.377377530862309	[[-0.33671072319304224, -0.828213538215152, 0.44798239251555166], [-0.8988961779741355, 0.14106234957203012, -0.414833791724722], [0.28037751356039625, -0.5423686464484813, -0.7919751897877435]]	[[-1.3877787807814457e-17, 1.3877787807814457e-17, 4.588227053666265e-17], [-1.3877787807814457e-17, -1.3877787807814457e-17, 0.0], [4.588227053666265e-17, 0.0, -1.3877787807814457e-17]]	[]
0.6035461665836431	0.39645383341636775	[[-0.33671072319304224, -0.828213538215152, 0.44798239251555166], [-0.8988961779741355, 0.14106234957203012, -0.414833791724722], [0.28037751356039625, -0.5423686464484813, -0.7919751897877435]]	[[-1.3877787807814457e-17, 1.3877787807814457e-17, 4.588227053666265e-17], [-1.3877787807814457e-17, -1.3877787807814457e-17, 0.0], [4.588227053666265e-17, 0.0, -1.3877787807814457e-17]]	[]
0.6065923342688597	0.39340766573115327	[[-0.33671072319304224, -0.828213538215152, 0.44798239251555166], [-0.8988961779741355, 0.14106234957203012, -0.414833791724722], [0.28037751356039625, -0.5423686464484813, -0.7919751897877435]]	[[-1.3877787807814457e-17, 1.3877787807814457e-17, 4.588227053666265e-17], [-1.3877787807814457e-17, -1.3877787807814457e-17, 0.0], [4.588227053666265e-17, 0.0, -1.3877787807814457e-17]]	[]
0.6044436468072963	0.3955563531927107	[[-0.33671072319304224, -0.828213538215152, 0.44798239251555166], [-0.8988961779741355, 0.14106234957203012, -0.414833791724722], [0.28037751356039625, -0.5423686464484813, -0.7919751897877435]]	[[-1.3877787807814457e-17, 1.3877787807814457e-17, 4.588227053666265e-17], [-1.3877787807814457e-17, -1.3877787807814457e-17, 0.0], [4.588227053666265e-17, 0.0, -1.3877787807814457e-17]]	[]
0.6012705078848256	0.39872949211517644	[[-0.33671072319304224, -0.828213538215152, 0.44798239251555166], [-0.8988961779741355, 0.14106234957203012, -0.414833791724722], [0.28037751356039625, -0.5423686464484813, -0.7919751897877435]]	[[-1.3877787807814457e-17, 1.3877787807814457e-17, 4.588227053666265e-17], [-1.3877787807814457e-17, -1.3877787807814457e-17, 0.0], [4.588227053666265e-17, 0.0, -1.3877787807814457e-17]]	[]
0.6264241463144066	0.3735758536856006	[[-0.33671072319304224, -0.828213538215152, 0.44798239251555166], [-0.8988961779741355, 0.14106234957203012, -0.414833791724722], [0.28037751356039625, -0.5423686464484813, -0.7919751897877435]]	[[-1.3877787807814457e-17, 1.3877787807814457e-17, 4.588227053666265e-17], [-1.3877787807814457e-17, -1.3877787807814457e-17, 0.0], [4.588227053666265e-17, 0.0, -1.3877787807814457e-17]]	[]
0.5974965489939453	0.402503451006056	[[-0.33671072319304224, -0.828213538215152, 0.44798239251555166], [-0.8988961779741355, 0.14106234957203012, -0.414833791724722], [0.28037751356039625, -0.5423686464484813, -0.7919751897877435]]	[[-1.3877787807814457e-17, 1.3877787807814457e-17, 4.588227053666265e-17], [-1.3877787807814457e-17, -1.3877787807814457e-17, 0.0], [4.588227053666265e-17, 0.0, -1.3877787807814457e-17]]	[]
0.613946094499252	0.38605390550076524	[[-0.33671072319304224, -0.828213538215152, 0.44798239251555166], [-0.8988961779741355, 0.14106234957203012, -0.414833791724722], [0.28037751356039625, -0.5423686464484813, -0.7919751897877435]]	[[-1.3877787807814457e-17, 1.3877787807814457e-17, 4.588227053666265e-17], [-1.3877787807814457e-17, -1.3877787807814457e-17, 0.0], [4.588227053666265e-17, 0.0, -1.3877787807814457e-17]]	[]
0.6274601744203954	0.37253982557971455	[[-0.33671072319304224, -0.828213538215152, 0.44798239251555166], [-0.8988961779741355, 0.14106234957203012, -0.414833791724722], [0.28037751356039625, -0.5423686464484813, -0.7919751897877435]]	[[-1.3877787807814457e-17, 1.3877787807814457e-17, 4.588227053666265e-17], [-1.3877787807814457e-17, -1.3877787807814457e-17, 0.0], [4.588227053666265e-17, 0.0, -1.3877787807814457e-17]]	[]
0.5955734836535328	0.40442651634647203	[[-0.33671072319304224, -0.828213538215152, 0.44798239251555166], [-0.8988961779741355, 0.14106234957203012, -0.414833791724722], [0.28037751356039625, -0.5423686464484813, -0.7919751897877435]]	[[-1.3877787807814457e-17, 1.3877787807814457e-17, 4.588227053666265e-17], [-1.3877787807814457e-17, -1.3877787807814457e-17, 0.0], [4.588227053666265e-17, 0.0, -1.3877787807814457e-17]]	[]
0.6154093969477622	0.38459060305223736	[[-0.33671072319304224, -0.828213538215152, 0.44798239251555166], [-0.8988961779741355, 0.14106234957203012, -0.414833791724722], [0.28037751356039625, -0.5423686464484813, -0.7919751897877435]]	[[-1.3877787807814457e-17, 1.3877787807814457e-17, 4.588227053666265e-17], [-1.3877787807814457e-17, -1.3877787807814457e-17, 0.0], [4.588227053666265e-17, 0.0, -1.3877787807814457e-17]]	[]
0.6152094526187696	0.3847905473812527	[[0.611696357854135, 0.19982549882086859, -0.7654393090304265], [0.2139506463738884, 0.889727439954835, 0.40324955487589864], [0.761611900316809, -0.4104325189509307, 0.5014902398685468]]	[[0.0, 0.0, 1.719542278156534e-17], [0.0, 8.326672684688674e-17, 0.0], [1.719542278156534e-17, 0.0, 5.551115123125783e-17]]	[]
0.6016787942576719	0.3983212057423281	[[0.611696357854135, 0.19982549882086859, -0.7654393090304265], [0.2139506463738884, 0.889727439954835, 0.40324955487589864], [0.761611900316809, -0.4104325189509307, 0.5014902398685468]]	[[0.0, 0.0, 1.719542278156534e-17], [0.0, 8.326672684688674e-17, 0.0], [1.719542278156534e-17, 0.0, 5.551115123125783e-17]]	[]
0.6316018727239654	0.3683981272763511	[[0.611696357854135, 0.19982549882086859, -0.7654393090304265], [0.2139506463738884, 0.889727439954835, 0.40324955487589864], [0.761611900316809, -0.4104325189509307, 0.5014902398685468]]	[[0.0, 0.0, 1.719542278156534e-17], [0.0, 8.326672684688674e-17, 0.0], [1.719542278156534e-17, 0.0, 5.551115123125783e-17]]	[]
0.6201418445617627	0.3798581554382476	[[0.611696357854135, 0.19982549882086859, -0.7654393090304265], [0.2139506463738884, 0.889727439954835, 0.40324955487589864], [0.761611900316809, -0.4104325189509307, 0.5014902398685468]]	[[0.0, 0.0, 1.719542278156534e-17], [0.0, 8.326672684688674e-17, 0.0], [1.719542278156534e-17, 0.0, 5.551115123125783e-17]]	[]
0.6368519181286348	0.36314808187269987	[[0.611696357854135, 0.19982549882086859, -0.7654393090304265], [0.2139506463738884, 0.889727439954835, 0.40324955487589864], [0.761611900316809, -0.4104325189509307, 0.5014902398685468]]	[[0.0, 0.0, 1.719542278156534e-17], [0.0, 8.326672684688674e-17, 0.0], [1.719542278156534e-17, 0.0, 5.551115123125783e-17]]	[]
0.6046716437859964	0.3953283562140041	[[0.611696357854135, 0.19982549882086859, -0.7654393090304265], [0.2139506463738884, 0.889727439954835, 0.40324955487589864], [0.761611900316809, -0.4104325189509307, 0.5014902398685468]]	[[0.0, 0.0, 1.719542278156534e-17], [0.0, 8.326672684688674e-17, 0.0], [1.719542278156534e-17, 0.0, 5.551115123125783e-17]]	[]
0.5950580033481735	0.40494199665182623	[[0.611696357854135, 0.19982549882086859, -0.7654393090304265], [0.2139506463738884, 0.889727439954835, 0.40324955487589864], [0.761611900316809, -0.4104325189509307, 0.5014902398685468]]	[[0.0, 0.0, 1.719542278156534e-17], [0.0, 8.326672684688674e-17, 0.0], [1.719542278156534e-17, 0.0, 5.551115123125783e-17]]	[]
0.6131952020132331	0.3868047979868374	[[0.611696357854135, 0.19982549882086859, -0.7654393090304265], [0.2139506463738884, 0.889727439954835, 0.40324955487589864], [0.761611900316809, -0.4104325189509307, 0.5014902398685468]]	[[0.0, 0.0, 1.719542278156534e-17], [0.0, 8.326672684688674e-17, 0.0], [1.719542278156534e-17, 0.0, 5.551115123125783e-17]]	[]
0.5986231072039742	0.40137689279602773	[[0.611696357854135, 0.19982549882086859, -0.7654393090304265], [0.2139506463738884, 0.889727439954835, 0.40324955487589864], [0.761611900316809, -0.4104325189509307, 0.5014902398685468]]	[[0.0, 0.0, 1.719542278156534e-17], [0.0, 8.326672684688674e-17, 0.0], [1.719542278156534e-17, 0.0, 5.551115123125783e-17]]	[]
0.6284101069957669	0.3715898930042454	[[0.611696357854135, 0.19982549882086859, -0.7654393090304265], [0.2139506463738884, 0.889727439954835, 0.40324955487589864], [0.761611900316809, -0.4104325189509307, 0.5014902398685468]]	[[0.0, 0.0, 1.719542278156534e-17], [0.0, 8.326672684688674e-17, 0.0], [1.719542278156534e-17, 0.0, 5.551115123125783e-17]]	[]
0.6359690883362746	0.3640309116637262	[[0.611696357854135, 0.19982549882086859, -0.7654393090304265], [0.2139506463738884, 0.889727439954835, 0.40324955487589864], [0.761611900316809, -0.4104325189509307, 0.5014902398685468]]	[[0.0, 0.0, 1.719542278156534e-17], [0.0, 8.326672684688674e-17, 0.0], [1.719542278156534e-17, 0.0, 5.551115123125783e-17]]	[]
0.6400581191615562	0.35994188083844725	[[0.611696357854135, 0.19982549882086859, -0.7654393090304265], [0.2139506463738884, 0.889727439954835, 0.40324955487589864], [0.761611900316809, -0.4104325189509307, 0.5014902398685468]]	[[0.0, 0.0, 1.719542278156534e-17], [0.0, 8.326672684688674e-17, 0.0], [1.719542278156534e-17, 0.0, 5.551115123125783e-17]]	[]
0.6082339668996088	0.39176603310044356	[[-0.6500021834678882, -0.04376320810600787, -0.7586711692843269], [-0.7189243069645999, 0.35893263187355084, 0.5952438211622155], [0.24626206029847036, 0.9323369280429668, -0.2647694284938431]]	[[-1.3877787807814457e-17, 1.3877787807814457e-17, 5.0986197839033e-19], [-1.3877787807814457e-17, 6.938893903907228e-17, 0.0], [5.0986197839033e-19, 0.0, 2.7755575615628914e-17]]	[]
0.6233361682070627	0.37666383179295154	[[-0.6500021834678882, -0.04376320810600787, -0.7586711692843269], [-0.7189243069645999, 0.35893263187355084, 0.5952438211622155], [0.24626206029847036, 0.9323369280429668, -0.2647694284938431]]	[[-1.3877787807814457e-17, 1.3877787807814457e-17, 5.0986197839033e-19], [-1.3877787807814457e-17, 6.938893903907228e-17, 0.0], [5.0986197839033e-19, 0.0, 2.7755575615628914e-17]]	[]
0.6217650887663082	0.37823491123369235	[[-0.6500021834678882, -0.04376320810600787, -0.7586711692843269], [-0.7189243069645999, 0.35893263187355084, 0.5952438211622155], [0.24626206029847036, 0.9323369280429668, -0.2647694284938431]]	[[-1.3877787807814457e-17, 1.3877787807814457e-17, 5.0986197839033e-19], [-1.3877787807814457e-17, 6.938893903907228e-17, 0.0], [5.0986197839033e-19, 0.0, 2.7755575615628914e-17]]	[]
0.5935911152427802	0.40640888475722575	[[-0.6500021834678882, -0.04376320810600787, -0.7586711692843269], [-0.7189243069645999, 0.35893263187355084, 0.5952438211622155], [0.24626206029847036, 0.9323369280429668, -0.2647694284938431]]	[[-1.3877787807814457e-17, 1.3877787807814457e-17, 5.0986197839033e-19], [-1.3877787807814457e-17, 6.938893903907228e-17, 0.0], [5.0986197839033e-19, 0.0, 2.7755575615628914e-17]]	[]
0.6097915417838392	0.3902084582161733	[[-0.6500021834678882, -0.04376320810600787, -0.7586711692843269], [-0.7189243069645999, 0.35893263187355084, 0.5952438211622155], [0.24626206029847036, 0.9323369280429668, -0.2647694284938431]]	[[-1.3877787807814457e-17, 1.3877787807814457e-17, 5.0986197839033e-19], [-1.3877787807814457e-17, 6.938893903907228e-17, 0.0], [5.0986197839033e-19, 0.0, 2.7755575615628914e-17]]	[]
0.5945237542920382	0.4054762457079654	[[-0.6500021834678882, -0.04376320810600787, -0.7586711692843269], [-0.7189243069645999, 0.35893263187355084, 0.5952438211622155], [0.24626206029847036, 0.9323369280429668, -0.2647694284938431]]	[[-1.3877787807814457e-17, 1.3877787807814457e-17, 5.0986197839033e-19], [-1.3877787807814457e-17, 6.938893903907228e-17, 0.0], [5.0986197839033e-19, 0.0, 2.7755575615628914e-17]]	[]
0.6228430895793032	0.3771569104206977	[[-0.6500021834678882, -0.04376320810600787, -0.7586711692843269], [-0.7189243069645999, 0.35893263187355084, 0.5952438211622155], [0.24626206029847036, 0.9323369280429668, -0.2647694284938431]]	[[-1.3877787807814457e-17, 1.3877787807814457e-17, 5.0986197839033e-19], [-1.3877787807814457e-17, 6.938893903907228e-17, 0.0], [5.0986197839033e-19, 0.0, 2.7755575615628914e-17]]	[]
0.5857888755420068	0.41421112445799335	[[-0.6500021834678882, -0.04376320810600787, -0.7586711692843269], [-0.7189243069645999, 0.35893263187355084, 0.5952438211622155], [0.24626206029847036, 0.9323369280429668, -0.2647694284938431]]	[[-1.3877787807814457e-17, 1.3877787807814457e-17, 5.0986197839033e-19], [-1.3877787807814457e-17, 6.938893903907228e-17, 0.0], [5.0986197839033e-19, 0.0, 2.7755575615628914e-17]]	[]
0.6022775617154746	0.39772243828453746	[[-0.6500021834678882, -0.04376320810600787, -0.7586711692843269], [-0.7189243069645999, 0.35893263187355084, 0.5952438211622155], [0.24626206029847036, 0.9323369280429668, -0.2647694284938431]]	[[-1.3877787807814457e-17, 1.3877787807814457e-17, 5.0986197839033e-19], [-1.3877787807814457e-17, 6.938893903907228e-17, 0.0], [5.0986197839033e-19, 0.0, 2.7755575615628914e-17]]	[]
0.6239790074523116	0.37602099254773047	[[-0.6500021834678882, -0.04376320810600787, -0.7586711692843269], [-0.7189243069645999, 0.35893263187355084, 0.5952438211622155], [0.24626206029847036, 0.9323369280429668, -0.2647694284938431]]	[[-1.3877787807814457e-17, 1.3877787807814457e-17, 5.0986197839033e-19], [-1.3877787807814457e-17, 6.938893903907228e-17, 0.0], [5.0986197839033e-19, 0.0, 2.7755575615628914e-17]]	[]
0.6109572132246155	0.38904278677538506	[[-0.6500021834678882, -0.04376320810600787, -0.7586711692843269], [-0.7189243069645999, 0.35893263187355084, 0.5952438211622155], [0.24626206029847036, 0.9323369280429668, -0.2647694284938431]]	[[-1.3877787807814457e-17, 1.3877787807814457e-17, 5.0986197839033e-19], [-1.3877787807814457e-17, 6.938893903907228e-17, 0.0], [5.0986197839033e-19, 0.0, 2.7755575615628914e-17]]	[]
0.5948087771372371	0.4051912228627694	[[-0.6500021834678882, -0.04376320810600787, -0.7586711692843269], [-0.7189243069645999, 0.35893263187355084, 0.5952438211622155], [0.24626206029847036, 0.9323369280429668, -0.2647694284938431]]	[[-1.3877787807814457e-17, 1.3877787807814457e-17, 5.0986197839033e-19], [-1.3877787807814457e-17, 6.938893903907228e-17, 0.0], [5.0986197839033e-19, 0.0, 2.7755575615628914e-17]]	[]
0.5970269008709432	0.40297309912905793	[[-0.11412379727222291, 0.3647536192079772, 0.9240836305069203], [-0.09907579711663703, -0.9297024239265865, 0.35473566126163913], [0.988513907500482, -0.051070541603857766, 0.14223942652590058]]	[[-8.326672684688674e-17, 2.220446049250313e-16, 9.344651921949657e-16], [-2.220446049250313e-16, -9.159339953157541e-16, 0.0], [9.344651921949657e-16, 0.0, 1.249000902703301e-16]]	[]
0.6271056987207219	0.37289430127927925	[[-0.11412379727222291, 0.3647536192079772, 0.9240836305069203], [-0.09907579711663703, -0.9297024239265865, 0.35473566126163913], [0.988513907500482, -0.051070541603857766, 0.14223942652590058]]	[[-8.326672684688674e-17, 2.220446049250313e-16, 9.344651921949657e-16], [-2.220446049250313e-16, -9.159339953157541e-16, 0.0], [9.344651921949657e-16, 0.0, 1.249000902703301e-16]]	[]
0.5858511931696733	0.414148806830327	[[-0.11412379727222291, 0.3647536192079772, 0.9240836305069203], [-0.09907579711663703, -0.9297024239265865, 0.35473566126163913], [0.988513907500482, -0.051070541603857766, 0.14223942652590058]]	[[-8.326672684688674e-17, 2.220446049250313e-16, 9.344651921949657e-16], [-2.220446049250313e-16, -9.159339953157541e-16, 0.0], [9.344651921949657e-16, 0.0, 1.249000902703301e-16]]	[]
0.6263087311514527	0.373691268848556	[[-0.11412379727222291, 0.3647536192079772, 0.9240836305069203], [-0.09907579711663703, -0.9297024239265865, 0.35473566126163913], [0.988513907500482, -0.051070541603857766, 0.14223942652590058]]	[[-8.326672684688674e-17, 2.220446049250313e-16, 9.344651921949657e-16], [-2.220446049250313e-16, -9.159339953157541e-16, 0.0], [9.344651921949657e-16, 0.0, 1.249000902703301e-16]]	[]
0.5956200729637242	0.4043799270362876	[[-0.11412379727222291, 0.3647536192079772, 0.9240836305069203], [-0.09907579711663703, -0.9297024239265865, 0.35473566126163913], [0.988513907500482, -0.051070541603857766, 0.14223942652590058]]	[[-8.326672684688674e-17, 2.220446049250313e-16, 9.344651921949657e-16], [-2.220446049250313e-16, -9.159339953157541e-16, 0.0], [9.344651921949657e-16, 0.0, 1.249000902703301e-16]]	[]
0.6064848681139833	0.3935151318860281	[[-0.11412379727222291, 0.3647536192079772, 0.9240836305069203], [-0.09907579711663703, -0.9297024239265865, 0.35473566126163913], [0.988513907500482, -0.051070541603857766, 0.14223942652590058]]	[[-8.326672684688674e-17, 2.220446049250313e-16, 9.344651921949657e-16], [-2.220446049250313e-16, -9.159339953157541e-16, 0.0], [9.344651921949657e-16, 0.0, 1.249000902703301e-16]]	[]
0.5913798609170349	0.4086201390829674	[[-0.11412379727222291, 0.3647536192079772, 0.9240836305069203], [-0.09907579711663703, -0.9297024239265865, 0.35473566126163913], [0.988513907500482, -0.051070541603857766, 0.14223942652590058]]	[[-8.326672684688674e-17, 2.220446049250313e-16, 9.344651921949657e-16], [-2.220446049250313e-16, -9.159339953157541e-16, 0.0], [9.344651921949657e-16, 0.0, 1.249000902703301e-16]]	[]
0.5997001707526325	0.4002998292473766	[[-0.11412379727222291, 0.3647536192079772, 0.9240836305069203], [-0.09907579711663703, -0.9297024239265865, 0.35473566126163913], [0.988513907500482, -0.051070541603857766, 0.14223942652590058]]	[[-8.326672684688674e-17, 2.220446049250313e-16, 9.344651921949657e-16], [-2.220446049250313e-16, -9.159339953157541e-16, 0.0], [9.344651921949657e-16, 0.0, 1.249000902703301e-16]]	[]
0.6087919738317709	0.39120802616823047	[[-0.11412379727222291, 0.3647536192079772, 0.9240836305069203], [-0.09907579711663703, -0.9297024239265865, 0.35473566126163913], [0.988513907500482, -0.051070541603857766, 0.14223942652590058]]	[[-8.326672684688674e-17, 2.220446049250313e-16, 9.344651921949657e-16], [-2.220446049250313e-16, -9.159339953157541e-16, 0.0], [9.344651921949657e-16, 0.0, 1.249000902703301e-16]]	[]
0.5933938810289626	0.4066061189710376	[[-0.11412379727222291, 0.3647536192079772, 0.9240836305069203], [-0.09907579711663703, -0.9297024239265865, 0.35473566126163913], [0.988513907500482, -0.051070541603857766, 0.14223942652590058]]	[[-8.326672684688674e-17, 2.220446049250313e-16, 9.344651921949657e-16], [-2.220446049250313e-16, -9.159339953157541e-16, 0.0], [9.344651921949657e-16, 0.0, 1.249000902703301e-16]]	[]
0.6239217964534697	0.3760782035465342	[[-0.11412379727222291, 0.3647536192079772, 0.9240836305069203], [-0.09907579711663703, -0.9297024239265865, 0.35473566126163913], [0.988513907500482, -0.051070541603857766, 0.14223942652590058]]	[[-8.326672684688674e-17, 2.220446049250313e-16, 9.344651921949657e-16], [-2.220446049250313e-16, -9.159339953157541e-16, 0.0], [9.344651921949657e-16, 0.0, 1.249000902703301e-16]]	[]
0.5994758229507493	0.40052417704925203	[[-0.11412379727222291, 0.3647536192079772, 0.9240836305069203], [-0.09907579711663703, -0.9297024239265865, 0.35473566126163913], [0.988513907500482, -0.051070541603857766, 0.14223942652590058]]	[[-8.326672684688674e-17, 2.220446049250313e-16, 9.344651921949657e-16], [-2.220446049250313e-16, -9.159339953157541e-16, 0.0], [9.344651921949657e-16, 0.0, 1.249000902703301e-16]]	[]
