0.5844861884988345	0.41551381150116656	[[-0.33671072319304224, -0.828213538215152, 0.44798239251555166], [-0.8988961779741355, 0.14106234957203012, -0.414833791724722], [0.28037751356039625, -0.5423686464484813, -0.7919751897877435]]	[[-1.3877787807814457e-17, 1.3877787807814457e-17, 4.588227053666265e-17], [-1.3877787807814457e-17, -1.3877787807814457e-17, 0.0], [4.588227053666265e-17, 0.0, -1.3877787807814457e-17]]	[]
0.5950557734878684	0.404944226512132	[[-0.33671072319304224, -0.828213538215152, 0.44798239251555166], [-0.8988961779741355, 0.14106234957203012, -0.414833791724722], [0.28037751356039625, -0.5423686464484813, -0.7919751897877435]]	[[-1.3877787807814457e-17, 1.3877787807814457e-17, 4.588227053666265e-17], [-1.3877787807814457e-17, -1.3877787807814457e-17, 0.0], [4.588227053666265e-17, 0.0, -1.3877787807814457e-17]]	[]
0.5998009894931015	0.4001990105068988	[[-0.33671072319304224, -0.828213538215152, 0.44798239251555166], [-0.8988961779741355, 0.14106234957203012, -0.414833791724722], [0.28037751356039625, -0.5423686464484813, -0.7919751897877435]]	[[-1.3877787807814457e-17, 1.3877787807814457e-17, 4.588227053666265e-17], [-1.3877787807814457e-17, -1.3877787807814457e-17, 0.0], [4.588227053666265e-17, 0.0, -1.3877787807814457e-17]]	[]
0.5799065727288794	0.42009342727112065	[[-0.33671072319304224, -0.828213538215152, 0.44798239251555166], [-0.8988961779741355, 0.14106234957203012, -0.414833791724722], [0.28037751356039625, -0.5423686464484813, -0.7919751897877435]]	[[-1.3877787807814457e-17, 1.3877787807814457e-17, 4.588227053666265e-17], [-1.3877787807814457e-17, -1.3877787807814457e-17, 0.0], [4.588227053666265e-17, 0.0, -1.3877787807814457e-17]]	[]
0.5960656872387063	0.4039343127612938	[[-0.33671072319304224, -0.828213538215152, 0.44798239251555166], [-0.8988961779741355, 0.14106234957203012, -0.414833791724722], [0.28037751356039625, -0.5423686464484813, -0.7919751897877435]]	[[-1.3877787807814457e-17, 1.3877787807814457e-17, 4.588227053666265e-17], [-1.3877787807814457e-17, -1.3877787807814457e-17, 0.0], [4.588227053666265e-17, 0.0, -1.3877787807814457e-17]]	[]
0.6070405635954702	0.39295943640453407	[[-0.33671072319304224, -0.828213538215152, 0.44798239251555166], [-0.8988961779741355, 0.14106234957203012, -0.414833791724722], [0.28037751356039625, -0.5423686464484813, -0.7919751897877435]]	[[-1.3877787807814457e-17, 1.3877787807814457e-17, 4.588227053666265e-17], [-1.3877787807814457e-17, -1.3877787807814457e-17, 0.0], [4.588227053666265e-17, 0.0, -1.3877787807814457e-17]]	[]
0.6069458525370468	0.39305414746295453	[[-0.33671072319304224, -0.828213538215152, 0.44798239251555166], [-0.8988961779741355, 0.14106234957203012, -0.414833791724722], [0.28037751356039625, -0.5423686464484813, -0.7919751897877435]]	[[-1.3877787807814457e-17, 1.3877787807814457e-17, 4.588227053666265e-17], [-1.3877787807814457e-17, -1.3877787807814457e-17, 0.0], [4.588227053666265e-17, 0.0, -1.3877787807814457e-17]]	[]
0.5748335244553164	0.42516647554468834	[[-0.33671072319304224, -0.828213538215152, 0.44798239251555166], [-0.8988961779741355, 0.14106234957203012, -0.414833791724722], [0.28037751356039625, -0.5423686464484813, -0.7919751897877435]]	[[-1.3877787807814457e-17, 1.3877787807814457e-17, 4.588227053666265e-17], [-1.3877787807814457e-17, -1.3877787807814457e-17, 0.0], [4.588227053666265e-17, 0.0, -1.3877787807814457e-17]]	[]
0.5878765828292997	0.4121234171707006	[[-0.33671072319304224, -0.828213538215152, 0.44798239251555166], [-0.8988961779741355, 0.14106234957203012, -0.414833791724722], [0.28037751356039625, -0.5423686464484813, -0.7919751897877435]]	[[-1.3877787807814457e-17, 1.3877787807814457e-17, 4.588227053666265e-17], [-1.3877787807814457e-17, -1.3877787807814457e-17, 0.0], [4.588227053666265e-17, 0.0, -1.3877787807814457e-17]]	[]
0.5973327978757187	0.4026672021242858	[[-0.33671072319304224, -0.828213538215152, 0.44798239251555166], [-0.8988961779741355, 0.14106234957203012, -0.414833791724722], [0.28037751356039625, -0.5423686464484813, -0.7919751897877435]]	[[-1.3877787807814457e-17, 1.3877787807814457e-17, 4.588227053666265e-17], [-1.3877787807814457e-17, -1.3877787807814457e-17, 0.0], [4.588227053666265e-17, 0.0, -1.3877787807814457e-17]]	[]
0.5846353371947663	0.4153646628052339	[[-0.33671072319304224, -0.828213538215152, 0.44798239251555166], [-0.8988961779741355, 0.14106234957203012, -0.414833791724722], [0.28037751356039625, -0.5423686464484813, -0.7919751897877435]]	[[-1.3877787807814457e-17, 1.3877787807814457e-17, 4.588227053666265e-17], [-1.3877787807814457e-17, -1.3877787807814457e-17, 0.0], [4.588227053666265e-17, 0.0, -1.3877787807814457e-17]]	[]
0.5911552038015675	0.40884479619843317	[[-0.33671072319304224, -0.828213538215152, 0.44798239251555166], [-0.8988961779741355, 0.14106234957203012, -0.414833791724722], [0.28037751356039625, -0.5423686464484813, -0.7919751897877435]]	[[-1.3877787807814457e-17, 1.3877787807814457e-17, 4.588227053666265e-17], [-1.3877787807814457e-17, -1.3877787807814457e-17, 0.0], [4.588227053666265e-17, 0.0, -1.3877787807814457e-17]]	[]
0.5844526485211211	0.4155473514788885	[[0.611696357854135, 0.19982549882086859, -0.7654393090304265], [0.2139506463738884, 0.889727439954835, 0.40324955487589864], [0.761611900316809, -0.4104325189509307, 0.5014902398685468]]	[[0.0, 0.0, 1.719542278156534e-17], [0.0, 8.326672684688674e-17, 0.0], [1.719542278156534e-17, 0.0, 5.551115123125783e-17]]	[]
0.5774325712358979	0.4225674287641023	[[0.611696357854135, 0.19982549882086859, -0.7654393090304265], [0.2139506463738884, 0.889727439954835, 0.40324955487589864], [0.761611900316809, -0.4104325189509307, 0.5014902398685468]]	[[0.0, 0.0, 1.719542278156534e-17], [0.0, 8.326672684688674e-17, 0.0], [1.719542278156534e-17, 0.0, 5.551115123125783e-17]]	[]
0.601068815736266	0.3989311842637342	[[0.611696357854135, 0.19982549882086859, -0.7654393090304265], [0.2139506463738884, 0.889727439954835, 0.40324955487589864], [0.761611900316809, -0.4104325189509307, 0.5014902398685468]]	[[0.0, 0.0, 1.719542278156534e-17], [0.0, 8.326672684688674e-17, 0.0], [1.719542278156534e-17, 0.0, 5.551115123125783e-17]]	[]
0.5907821735685774	0.409217826431423	[[0.611696357854135, 0.19982549882086859, -0.7654393090304265], [0.2139506463738884, 0.889727439954835, 0.40324955487589864], [0.761611900316809, -0.4104325189509307, 0.5014902398685468]]	[[0.0, 0.0, 1.719542278156534e-17], [0.0, 8.326672684688674e-17, 0.0], [1.719542278156534e-17, 0.0, 5.551115123125783e-17]]	[]
0.6083338218266753	0.3916661781733267	[[0.611696357854135, 0.19982549882086859, -0.7654393090304265], [0.2139506463738884, 0.889727439954835, 0.40324955487589864], [0.761611900316809, -0.4104325189509307, 0.5014902398685468]]	[[0.0, 0.0, 1.719542278156534e-17], [0.0, 8.326672684688674e-17, 0.0], [1.719542278156534e-17, 0.0, 5.551115123125783e-17]]	[]
0.5954565572959208	0.40454344270407905	[[0.611696357854135, 0.19982549882086859, -0.7654393090304265], [0.2139506463738884, 0.889727439954835, 0.40324955487589864], [0.761611900316809, -0.4104325189509307, 0.5014902398685468]]	[[0.0, 0.0, 1.719542278156534e-17], [0.0, 8.326672684688674e-17, 0.0], [1.719542278156534e-17, 0.0, 5.551115123125783e-17]]	[]
0.575105762506895	0.4248942374931051	[[0.611696357854135, 0.19982549882086859, -0.7654393090304265], [0.2139506463738884, 0.889727439954835, 0.40324955487589864], [0.761611900316809, -0.4104325189509307, 0.5014902398685468]]	[[0.0, 0.0, 1.719542278156534e-17], [0.0, 8.326672684688674e-17, 0.0], [1.719542278156534e-17, 0.0, 5.551115123125783e-17]]	[]
0.5958872529769921	0.40411274702300853	[[0.611696357854135, 0.19982549882086859, -0.7654393090304265], [0.2139506463738884, 0.889727439954835, 0.40324955487589864], [0.761611900316809, -0.4104325189509307, 0.5014902398685468]]	[[0.0, 0.0, 1.719542278156534e-17], [0.0, 8.326672684688674e-17, 0.0], [1.719542278156534e-17, 0.0, 5.551115123125783e-17]]	[]
0.5992243610070129	0.4007756389929883	[[0.611696357854135, 0.19982549882086859, -0.7654393090304265], [0.2139506463738884, 0.889727439954835, 0.40324955487589864], [0.761611900316809, -0.4104325189509307, 0.5014902398685468]]	[[0.0, 0.0, 1.719542278156534e-17], [0.0, 8.326672684688674e-17, 0.0], [1.719542278156534e-17, 0.0, 5.551115123125783e-17]]	[]
0.5988977525965627	0.4011022474035912	[[0.611696357854135, 0.19982549882086859, -0.7654393090304265], [0.2139506463738884, 0.889727439954835, 0.40324955487589864], [0.761611900316809, -0.4104325189509307, 0.5014902398685468]]	[[0.0, 0.0, 1.719542278156534e-17], [0.0, 8.326672684688674e-17, 0.0], [1.719542278156534e-17, 0.0, 5.551115123125783e-17]]	[]
0.6052199471924278	0.3947800528075724	[[0.611696357854135, 0.19982549882086859, -0.7654393090304265], [0.2139506463738884, 0.889727439954835, 0.40324955487589864], [0.761611900316809, -0.4104325189509307, 0.5014902398685468]]	[[0.0, 0.0, 1.719542278156534e-17], [0.0, 8.326672684688674e-17, 0.0], [1.719542278156534e-17, 0.0, 5.551115123125783e-17]]	[]
0.5875648865951718	0.41243511340482875	[[0.611696357854135, 0.19982549882086859, -0.7654393090304265], [0.2139506463738884, 0.889727439954835, 0.40324955487589864], [0.761611900316809, -0.4104325189509307, 0.5014902398685468]]	[[0.0, 0.0, 1.719542278156534e-17], [0.0, 8.326672684688674e-17, 0.0], [1.719542278156534e-17, 0.0, 5.551115123125783e-17]]	[]
0.5841431844022406	0.41585681559776005	[[-0.6500021834678882, -0.04376320810600787, -0.7586711692843269], [-0.7189243069645999, 0.35893263187355084, 0.5952438211622155], [0.24626206029847036, 0.9323369280429668, -0.2647694284938431]]	[[-1.3877787807814457e-17, 1.3877787807814457e-17, 5.0986197839033e-19], [-1.3877787807814457e-17, 6.938893903907228e-17, 0.0], [5.0986197839033e-19, 0.0, 2.7755575615628914e-17]]	[]
0.5968425908680736	0.40315740913192744	[[-0.6500021834678882, -0.04376320810600787, -0.7586711692843269], [-0.7189243069645999, 0.35893263187355084, 0.5952438211622155], [0.24626206029847036, 0.9323369280429668, -0.2647694284938431]]	[[-1.3877787807814457e-17, 1.3877787807814457e-17, 5.0986197839033e-19], [-1.3877787807814457e-17, 6.938893903907228e-17, 0.0], [5.0986197839033e-19, 0.0, 2.7755575615628914e-17]]	[]
0.6106560773049371	0.38934392269506335	[[-0.6500021834678882, -0.04376320810600787, -0.7586711692843269], [-0.7189243069645999, 0.35893263187355084, 0.5952438211622155], [0.24626206029847036, 0.9323369280429668, -0.2647694284938431]]	[[-1.3877787807814457e-17, 1.3877787807814457e-17, 5.0986197839033e-19], [-1.3877787807814457e-17, 6.938893903907228e-17, 0.0], [5.0986197839033e-19, 0.0, 2.7755575615628914e-17]]	[]
0.5971202666392997	0.40287973336070065	[[-0.6500021834678882, -0.04376320810600787, -0.7586711692843269], [-0.7189243069645999, 0.35893263187355084, 0.5952438211622155], [0.24626206029847036, 0.9323369280429668, -0.2647694284938431]]	[[-1.3877787807814457e-17, 1.3877787807814457e-17, 5.0986197839033e-19], [-1.3877787807814457e-17, 6.938893903907228e-17, 0.0], [5.0986197839033e-19, 0.0, 2.7755575615628914e-17]]	[]
0.5983504586747097	0.4016495413252906	[[-0.6500021834678882, -0.04376320810600787, -0.7586711692843269], [-0.7189243069645999, 0.35893263187355084, 0.5952438211622155], [0.24626206029847036, 0.9323369280429668, -0.2647694284938431]]	[[-1.3877787807814457e-17, 1.3877787807814457e-17, 5.0986197839033e-19], [-1.3877787807814457e-17, 6.938893903907228e-17, 0.0], [5.0986197839033e-19, 0.0, 2.7755575615628914e-17]]	[]
0.5861173519458823	0.4138826480541258	[[-0.6500021834678882, -0.04376320810600787, -0.7586711692843269], [-0.7189243069645999, 0.35893263187355084, 0.5952438211622155], [0.24626206029847036, 0.9323369280429668, -0.2647694284938431]]	[[-1.3877787807814457e-17, 1.3877787807814457e-17, 5.0986197839033e-19], [-1.3877787807814457e-17, 6.938893903907228e-17, 0.0], [5.0986197839033e-19, 0.0, 2.7755575615628914e-17]]	[]
0.5919764696093209	0.408023530390704	[[-0.6500021834678882, -0.04376320810600787, -0.7586711692843269], [-0.7189243069645999, 0.35893263187355084, 0.5952438211622155], [0.24626206029847036, 0.9323369280429668, -0.2647694284938431]]	[[-1.3877787807814457e-17, 1.3877787807814457e-17, 5.0986197839033e-19], [-1.3877787807814457e-17, 6.938893903907228e-17, 0.0], [5.0986197839033e-19, 0.0, 2.7755575615628914e-17]]	[]
0.5662080939919458	0.4337919060080552	[[-0.6500021834678882, -0.04376320810600787, -0.7586711692843269], [-0.7189243069645999, 0.35893263187355084, 0.5952438211622155], [0.24626206029847036, 0.9323369280429668, -0.2647694284938431]]	[[-1.3877787807814457e-17, 1.3877787807814457e-17, 5.0986197839033e-19], [-1.3877787807814457e-17, 6.938893903907228e-17, 0.0], [5.0986197839033e-19, 0.0, 2.7755575615628914e-17]]	[]
0.5944947783309876	0.4055052216690346	[[-0.6500021834678882, -0.04376320810600787, -0.7586711692843269], [-0.7189243069645999, 0.35893263187355084, 0.5952438211622155], [0.24626206029847036, 0.9323369280429668, -0.2647694284938431]]	[[-1.3877787807814457e-17, 1.3877787807814457e-17, 5.0986197839033e-19], [-1.3877787807814457e-17, 6.938893903907228e-17, 0.0], [5.0986197839033e-19, 0.0, 2.7755575615628914e-17]]	[]
0.5841561746786493	0.41584382532135145	[[-0.6500021834678882, -0.04376320810600787, -0.7586711692843269], [-0.7189243069645999, 0.35893263187355084, 0.5952438211622155], [0.24626206029847036, 0.9323369280429668, -0.2647694284938431]]	[[-1.3877787807814457e-17, 1.3877787807814457e-17, 5.0986197839033e-19], [-1.3877787807814457e-17, 6.938893903907228e-17, 0.0], [5.0986197839033e-19, 0.0, 2.7755575615628914e-17]]	[]
0.6029801493548782	0.39701985064512324	[[-0.6500021834678882, -0.04376320810600787, -0.7586711692843269], [-0.7189243069645999, 0.35893263187355084, 0.5952438211622155], [0.24626206029847036, 0.9323369280429668, -0.2647694284938431]]	[[-1.3877787807814457e-17, 1.3877787807814457e-17, 5.0986197839033e-19], [-1.3877787807814457e-17, 6.938893903907228e-17, 0.0], [5.0986197839033e-19, 0.0, 2.7755575615628914e-17]]	[]
0.5777342496275604	0.4222657503724399	[[-0.6500021834678882, -0.04376320810600787, -0.7586711692843269], [-0.7189243069645999, 0.35893263187355084, 0.5952438211622155], [0.24626206029847036, 0.9323369280429668, -0.2647694284938431]]	[[-1.3877787807814457e-17, 1.3877787807814457e-17, 5.0986197839033e-19], [-1.3877787807814457e-17, 6.938893903907228e-17, 0.0], [5.0986197839033e-19, 0.0, 2.7755575615628914e-17]]	[]
0.595436188849829	0.40456381115017365	[[-0.11412379727222291, 0.3647536192079772, 0.9240836305069203], [-0.09907579711663703, -0.9297024239265865, 0.35473566126163913], [0.988513907500482, -0.051070541603857766, 0.14223942652590058]]	[[-8.326672684688674e-17, 2.220446049250313e-16, 9.344651921949657e-16], [-2.220446049250313e-16, -9.159339953157541e-16, 0.0], [9.344651921949657e-16, 0.0, 1.249000902703301e-16]]	[]
0.5820459815764871	0.4179540184235142	[[-0.11412379727222291, 0.3647536192079772, 0.9240836305069203], [-0.09907579711663703, -0.9297024239265865, 0.35473566126163913], [0.988513907500482, -0.051070541603857766, 0.14223942652590058]]	[[-8.326672684688674e-17, 2.220446049250313e-16, 9.344651921949657e-16], [-2.220446049250313e-16, -9.159339953157541e-16, 0.0], [9.344651921949657e-16, 0.0, 1.249000902703301e-16]]	[]
0.5766082176403011	0.42339178235969893	[[-0.11412379727222291, 0.3647536192079772, 0.9240836305069203], [-0.09907579711663703, -0.9297024239265865, 0.35473566126163913], [0.988513907500482, -0.051070541603857766, 0.14223942652590058]]	[[-8.326672684688674e-17, 2.220446049250313e-16, 9.344651921949657e-16], [-2.220446049250313e-16, -9.159339953157541e-16, 0.0], [9.344651921949657e-16, 0.0, 1.249000902703301e-16]]	[]
0.6008493904342435	0.39915060956577103	[[-0.11412379727222291, 0.3647536192079772, 0.9240836305069203], [-0.09907579711663703, -0.9297024239265865, 0.35473566126163913], [0.988513907500482, -0.051070541603857766, 0.14223942652590058]]	[[-8.326672684688674e-17, 2.220446049250313e-16, 9.344651921949657e-16], [-2.220446049250313e-16, -9.159339953157541e-16, 0.0], [9.344651921949657e-16, 0.0, 1.249000902703301e-16]]	[]
0.5719650872599393	0.4280349127400608	[[-0.11412379727222291, 0.3647536192079772, 0.9240836305069203], [-0.09907579711663703, -0.9297024239265865, 0.35473566126163913], [0.988513907500482, -0.051070541603857766, 0.14223942652590058]]	[[-8.326672684688674e-17, 2.220446049250313e-16, 9.344651921949657e-16], [-2.220446049250313e-16, -9.159339953157541e-16, 0.0], [9.344651921949657e-16, 0.0, 1.249000902703301e-16]]	[]
0.5832176502085736	0.41678234979143286	[[-0.11412379727222291, 0.3647536192079772, 0.9240836305069203], [-0.09907579711663703, -0.9297024239265865, 0.35473566126163913], [0.988513907500482, -0.051070541603857766, 0.14223942652590058]]	[[-8.326672684688674e-17, 2.220446049250313e-16, 9.344651921949657e-16], [-2.220446049250313e-16, -9.159339953157541e-16, 0.0], [9.344651921949657e-16, 0.0, 1.249000902703301e-16]]	[]
0.5819950104092045	0.41800498959079607	[[-0.11412379727222291, 0.3647536192079772, 0.9240836305069203], [-0.09907579711663703, -0.9297024239265865, 0.35473566126163913], [0.988513907500482, -0.051070541603857766, 0.14223942652590058]]	[[-8.326672684688674e-17, 2.220446049250313e-16, 9.344651921949657e-16], [-2.220446049250313e-16, -9.159339953157541e-16, 0.0], [9.344651921949657e-16, 0.0, 1.249000902703301e-16]]	[]
0.612561957066082	0.38743804293391854	[[-0.11412379727222291, 0.3647536192079772, 0.9240836305069203], [-0.09907579711663703, -0.9297024239265865, 0.35473566126163913], [0.988513907500482, -0.051070541603857766, 0.14223942652590058]]	[[-8.326672684688674e-17, 2.220446049250313e-16, 9.344651921949657e-16], [-2.220446049250313e-16, -9.159339953157541e-16, 0.0], [9.344651921949657e-16, 0.0, 1.249000902703301e-16]]	[]
0.5969227363602712	0.40307726363972957	[[-0.11412379727222291, 0.3647536192079772, 0.9240836305069203], [-0.09907579711663703, -0.9297024239265865, 0.35473566126163913], [0.988513907500482, -0.051070541603857766, 0.14223942652590058]]	[[-8.326672684688674e-17, 2.220446049250313e-16, 9.344651921949657e-16], [-2.220446049250313e-16, -9.159339953157541e-16, 0.0], [9.344651921949657e-16, 0.0, 1.249000902703301e-16]]	[]
0.5652462443599986	0.4347537556400019	[[-0.11412379727222291, 0.3647536192079772, 0.9240836305069203], [-0.09907579711663703, -0.9297024239265865, 0.35473566126163913], [0.988513907500482, -0.051070541603857766, 0.14223942652590058]]	[[-8.326672684688674e-17, 2.220446049250313e-16, 9.344651921949657e-16], [-2.220446049250313e-16, -9.159339953157541e-16, 0.0], [9.344651921949657e-16, 0.0, 1.249000902703301e-16]]	[]
0.5930383998730723	0.4069616001269284	[[-0.11412379727222291, 0.3647536192079772, 0.9240836305069203], [-0.09907579711663703, -0.9297024239265865, 0.35473566126163913], [0.988513907500482, -0.051070541603857766, 0.14223942652590058]]	[[-8.326672684688674e-17, 2.220446049250313e-16, 9.344651921949657e-16], [-2.220446049250313e-16, -9.159339953157541e-16, 0.0], [9.344651921949657e-16, 0.0, 1.249000902703301e-16]]	[]
0.596009994413348	0.4039900055866529	[[-0.11412379727222291, 0.3647536192079772, 0.9240836305069203], [-0.09907579711663703, -0.9297024239265865, 0.35473566126163913], [0.988513907500482, -0.051070541603857766, 0.14223942652590058]]	[[-8.326672684688674e-17, 2.220446049250313e-16, 9.344651921949657e-16], [-2.220446049250313e-16, -9.159339953157541e-16, 0.0], [9.344651921949657e-16, 0.0, 1.249000902703301e-16]]	[]
