0.5802623357520031	0.6619690690098152
0.5693393911383895	0.7327721913593696
0.5692440734814479	0.6384746500107773
0.5748770190324254	0.5977315864640151
0.5759357456630775	0.6705545864943483
0.5705745958646817	0.7324525032869048
0.5665551303718026	0.7197703218275245
0.5744654012496954	0.549978456594433
0.5675573069930653	0.5745385832370298
0.5780363574317242	0.7179773388173788
0.5760637326925702	0.7092709782713654
0.5799795041600054	0.48535311393256375
0.5782248629129109	0.6392120509183694
0.5518227103873015	0.7594801098266188
0.5830229510090675	0.6443656135229154
0.5807728213549682	0.6584794754259063
0.5785989134489313	0.679915672861988
0.5754271278367074	0.7245746954180071
0.5697717360637317	0.6943228112447334
0.5723628338930453	0.699634245625253
0.5794871942721349	0.7029991569775778
0.5695715947754406	0.6277358053373678
0.5797551778885787	0.6853459124711951
0.5633220047551126	0.6640148718016309
0.5797371900614477	0.6692377851139807
0.5706091950190778	0.7343968984948506
0.5881217872415954	0.6552927766839662
0.5734683762190859	0.530335169448712
0.5824023640777183	0.6364245010567249
0.5656700570694575	0.7225817698526673
0.5782650242385104	0.7291589487627348
0.5682899144549597	0.5844845101530127
0.5647357674503081	0.6902174266676319
0.5754183384145535	0.6732258733871794
0.5675317773248826	0.7353052308854537
0.5686948067621442	0.732691100892795
0.5671353298320264	0.7276315756649938
0.567248861950972	0.7099585962682602
0.5713619562092928	0.6720890658505674
0.5799515673722196	0.6447373921382631
0.5782387857199078	0.6349788164186957
0.5838089380547258	0.604708260228013
0.5673626625253766	0.731164974320444
0.5747365887347018	0.6914864099028738
0.5753071746750309	0.6383036299502373
0.5853723126682837	0.6255871777218442
0.5673998117269144	0.7173430274457824
0.5772729963828098	0.6849487386015531
0.5888611201435882	0.5753549146376136
0.5794333126248404	0.6261602947660022
0.5894403100203094	0.643074448948056
0.5720676905960693	0.7159839442373434
0.5780387101255888	0.6086238276831124
0.5697391301097717	0.5936833238651491
0.5839519682418871	0.6161074729827478
0.5783988752426679	0.7047804651271312
0.5710798834744306	0.6471935425373376
0.5792150894459103	0.7285314683027078
0.5819290590844391	0.7205779447575502
0.5617148236433211	0.6848977723495944
0.578380638684935	0.6421967213190454
0.5714433907172477	0.6997147771955341
0.5738438799318764	0.6208739575633391
0.5676962053640024	0.5826509948715353
0.551283036955338	0.6051523649956491
0.5712903759187135	0.5727648550123773
0.5766907926669118	0.6800996454420982
0.5751808263840957	0.5482989571754786
0.575254569160907	0.7100467631728747
0.5552416592699669	0.7079348063972095
0.5772664080257072	0.5758615067850401
0.5728129686937391	0.6714632617705495
0.5719331504344853	0.6802360516364953
0.5778192268440185	0.6975184125946758
0.570153294639278	0.556868207043454
0.5562189310151421	0.7411136941844341
0.5848057800659848	0.7055015312061239
0.5630122248546325	0.7339932630209287
0.5704294993892138	0.6160690202010147
0.5729147947873029	0.7124988672080088
0.5543806935821822	0.7131128654846991
0.5837838232253723	0.6385219766811546
0.5795373244676255	0.7154820868087401
0.5910996227929836	0.6491144848904162
0.5647360336940678	0.7267420163734807
0.5746763366022039	0.7005977973217274
0.5741538838929593	0.665939481429646
0.5813649373818862	0.7043582271275707
0.5615890113580811	0.6790194268368138
0.5806538447330927	0.6344887915859753
0.5683265786785702	0.6745347300217147
0.5826216167093173	0.6665762952767481
0.568126851809509	0.5944721498444658
0.5733472234312219	0.554349786998451
0.574043002842597	0.5971541308303
0.5866900444399515	0.7038139606267831
0.5697988828449825	0.7086577165033464
0.5675714348724699	0.6487351401340289
0.5820551947057004	0.6266157424334347
0.5775716057651628	0.7179649178711752
0.5839208387712707	0.6931741017657309
0.5728224828970445	0.7137050639144142
0.5805848681048841	0.620441674162796
0.589328586334857	0.6285073951400425
0.5640139987187202	0.7275426132180873
0.5778265938330603	0.7005816719372312
0.5686064286911215	0.7213260696595212
0.5779356331005532	0.7213977462665053
0.5744317226577681	0.5485548365667539
0.5771977607917876	0.7206083250777028
0.5851778575070208	0.7150406412565582
0.5776262364197076	0.7294082556226065
0.5662017854666901	0.7232800946117147
0.572324985185333	0.6438838091350396
0.5679708649464816	0.6797085143806529
0.579383508736835	0.5994418678618624
0.5737520473086918	0.6925677579324823
0.5676758225580424	0.7448074483946243
0.5831724062619442	0.6870721047255666
0.5753955813121985	0.5199234281534942
0.5634325112699642	0.7322440115428525
0.57725411371379	0.6121819255340877
0.5749825901653821	0.6959784746273951
0.5775182229719479	0.5294771108355149
0.574120178206083	0.7283282871415915
0.5723499755568902	0.7286018227185849
0.5814335296012322	0.6470331840489034
0.5817664259626326	0.6652580226429817
0.5784665194081863	0.5219702359600397
0.5772176510624828	0.7147276998750334
0.5836876115410607	0.6630503105437813
0.5503644002210013	0.6506715662081429
0.5736900023773359	0.6285093488602931
0.5717726776510146	0.6144409482042823
0.5665982816248722	0.7014867015750749
0.5764113118522576	0.6904716508150073
0.5694262200158683	0.5672554554928865
0.5576177918590495	0.7303043154748
0.5803356889071228	0.6605375479506039
0.5819966231550783	0.6261876148529614
0.5791000451231163	0.5898345158129953
0.5752855175518387	0.5232536554946798
0.5782805003649495	0.6414317560687385
0.5709833815396764	0.7308208306633216
0.582118709976839	0.7219889456330737
0.5786568362490184	0.7246235600083969
0.5809547580559749	0.658582550097978
0.583582100815712	0.6641333631904596
0.5821550298183116	0.7222590715176006
0.5839629409636787	0.7185731203223733
0.5800826496788634	0.7141366324382401
0.5703703668579954	0.737417662112881
0.5615757626139082	0.7160583703152676
0.5773281156386829	0.7257736038922289
0.5653489782094213	0.745512619924972
0.5804958083623417	0.7159355487646688
0.5808138516644046	0.6451777418443683
0.5647869404769309	0.6377454803301413
0.5771188358121143	0.7233023363128055
0.5672899397668749	0.7289956996235325
0.5742210066862138	0.7290473304954674
0.5822625960828701	0.7042364155714416
0.575704750671299	0.7277084628505572
0.5669600245799157	0.6667395584526158
0.5692389376981161	0.659768936776312
0.5519405037547054	0.6025625174624888
0.5727456788783833	0.7319589569287066
0.5718641880981808	0.7357782079098631
0.5664308324321187	0.7505348987217095
0.5706345797876297	0.7274364783203041
0.5820595402478091	0.67503180075358
0.58699785773868	0.6633471151802652
0.5816761914697154	0.636223376242206
0.5763751257549057	0.5576059244828001
0.5735557101577763	0.6708702278835001
0.5800546118744889	0.6005673667008408
0.5783344446500547	0.6135487037720107
0.5836381592223777	0.6160409495264719
0.5704450235194499	0.706107978728937
0.5823427921247678	0.6813107231423897
0.5787612184396492	0.637484671983445
0.5841559377700525	0.6937916529441632
0.5866919438312802	0.6291761805906009
0.5682979359610637	0.6923958480523931
0.5800165277705605	0.6229626880863071
0.5652450976313113	0.7326942058007462
0.5673084258740193	0.607059150851783
0.5587514387651366	0.7372613937974494
0.5757545589903471	0.7343304820235595
0.5690497427731687	0.7267438105741946
0.5680337237780196	0.7416421723427891
0.5714480770683109	0.642852370654619
0.5683323908073074	0.7274549824719658
0.5783862176973912	0.659099405726266
0.5749025930784057	0.7108994432524511
0.5874078567400823	0.6372063303258534
0.5782956089908439	0.6220214089800042
0.5806005143702972	0.7158114264491613
0.5579536069844354	0.7515185872977164
0.5623986652365505	0.6944543487851623
0.5690755671569909	0.7371970264485425
0.5726515013248177	0.7241037486070288
0.5693164513968472	0.544795103871109
0.5594567251786386	0.7214215798600496
0.5747144839725951	0.7181390691274472
0.5842921914282304	0.5696652456293326
0.5610329229430745	0.7142442215565599
0.5799273701679227	0.6441872896589749
0.5763154052521786	0.6570306274137026
0.5700223728542082	0.7263597004144522
0.5692921022525156	0.6674733646406973
0.5710697858628638	0.6586192844940559
0.570157971209566	0.7231495700104391
0.5858360818115149	0.7017658962135647
0.572418067802832	0.5253252741807737
0.5682726694078095	0.7404883832813285
0.5740792042256888	0.6821174748886721
0.5794933493327364	0.7015576652124149
0.5776976160628519	0.6454559040214012
0.5781902936133934	0.640153087751435
0.5792319453238127	0.7222536869120384
0.5765775624500895	0.49673236945177984
0.5668493154948602	0.6887948801086448
0.5717224741837488	0.6991707337132771
0.5774580922259428	0.7217557313759948
0.5693598391550004	0.7151984402831711
0.5715081301871251	0.7253689422692572
0.5804133713568101	0.6270322032711098
0.577280544901571	0.6199224748567951
0.564994457464364	0.7243609824944962
0.5607714964267212	0.6089177714890599
0.5770459660480672	0.7313387737868622
0.58155527674149	0.620129183340205
0.5705001385976173	0.7167950629112024
0.5833363281876	0.6416131636696196
0.5807677416396936	0.5292049912061697
0.5657170914498566	0.7223799088807514
0.5827342311120693	0.6498673857553278
0.5813155676279173	0.685626262590048
0.5681816000632833	0.7273338324002749
0.5821780386330707	0.674413584055436
0.5834458734461568	0.48715218784188935
0.5594526612645451	0.7444745893914045
0.5777909702293552	0.6540571067622922
0.5810665059970291	0.6642851160534563
0.5721827228711456	0.6681465097097105
0.5632642120440101	0.7289355450396335
0.5809695815088455	0.7241581395427295
0.5831449065570258	0.6700596768235674
0.5639081635163499	0.646122084018453
0.5800115732982856	0.5646331521029391
0.5685421976943752	0.7401166082153277
0.5708433334227502	0.7276959412236539
0.5863267929946973	0.6492508632408736
0.5754412777811021	0.7263895858520526
0.57171781698239	0.6064506033687364
0.5730543510280283	0.5798775136257752
0.571170091799618	0.5722618798487709
0.5702530711962337	0.6576534047271819
0.5670035685178857	0.74215623147296
0.566680377450503	0.64660040818687
0.584668526566543	0.5986892340434347
0.5732366436557811	0.5532136901063547
0.56635250964044	0.7190779968136388
0.5744528375864114	0.6611914360571232
0.5732555819083991	0.7241569469086921
0.5695496361354031	0.7157502209470354
0.582293956087295	0.6503255754827392
0.5748078632855584	0.7155433115360803
0.5818663848062671	0.608699791088818
0.5527028457362515	0.6233849835199118
0.5707879449828122	0.6850369550322144
0.5718875149611715	0.6297593887223958
0.5790162663821825	0.6596995043153424
0.5696809153278602	0.6069619194993002
0.5800481924207012	0.7202917289248603
0.579458973824596	0.7134612788282577
0.5838175712616838	0.7118362672866488
0.568086885135829	0.5688900835062927
0.5687098051784282	0.7195164285128872
0.5792402104430442	0.6912969745399821
0.5762706121416591	0.6878198843371658
0.5724737583998217	0.6619437509167122
0.5804435893519754	0.7140690124191211
0.5675804803132886	0.6799277497434237
0.5515902160813064	0.752194849071275
0.5814735246515064	0.6935395127996246
0.5868327167374846	0.7124202991184916
0.5801921154434276	0.6375261157259013
0.5643981365020243	0.6732244399597421
0.5735637830331305	0.6749487293825314
0.5735744388884423	0.7322825823500697
0.5709596633612638	0.6745799264861853
0.5688750390400851	0.7329043296191836
0.5766437883156963	0.682051832898734
0.574366596529282	0.7269692492934374
0.5738095942001403	0.7219533575802964
0.5881899121612708	0.5993879322220309
0.5809458409646733	0.7243242562650634
0.5680947982251423	0.7361511336052936
0.5616505002402652	0.718315280817762
0.5715532552216863	0.7285172787022223
0.5737169354301416	0.733472955584076
0.5808851564234757	0.6657973704784454
0.5781714565714341	0.6438291393705933
0.5678583751736103	0.6908470494178751
0.5740331524615834	0.604886942405931
0.5644489335084376	0.5745640532258645
0.576464509882865	0.5771819736095205
0.575690669272699	0.6034945381087577
0.5645328973541791	0.681982305818827
0.5650877831643467	0.7091601252732543
0.5707712135534854	0.6788140229142949
0.5624961212926782	0.721016251500751
0.580159296822812	0.7270064853692535
0.5706303198966612	0.6292235241333276
0.5772862282459517	0.6655800789476061
0.5742102917584913	0.7152293645156278
0.5704307259656825	0.7178535754573918
0.5753983329116217	0.6632513109385869
0.5678202360634033	0.7243176952212904
0.5736165184124259	0.716101486528479
0.5627807992333224	0.7553721161117105
0.5705972642581284	0.6392574726251686
0.5518398461827762	0.7465449597296604
0.5652477337575934	0.7380513681951419
0.5690943554830632	0.7416323370551341
0.5842938182249643	0.7146602213039905
0.5731331375663273	0.7085195620776858
0.5689041064032766	0.7103388846026609
0.5754949127621014	0.7168291960344734
0.5760033868605963	0.6890407240074404
0.5749843925404943	0.6502246585092122
0.5720705296685591	0.7223718245509116
0.5647435051020164	0.7163687644179446
0.5845821343533338	0.5995539872715892
0.5841764776160303	0.7140466955542409
0.5682381990588758	0.737781774519943
0.5607277147485437	0.705359686180185
0.5518113663393953	0.744547232485611
0.5692139701006981	0.6881927990708829
0.5744609233517071	0.5911319130143055
0.5792162312105558	0.5334510228245025
0.5888573871161131	0.5989213345826749
0.5674864844936748	0.7082477893825383
0.5722426647577216	0.7165522943420255
0.5794520444144393	0.7098533474417491
0.5692723459362311	0.7300531618210464
0.5734105209480269	0.7246828443314132
0.5724675276835984	0.7291610231909211
0.5822375446276117	0.5571516426683292
0.5784804825047469	0.7044795802376527
0.5775382482577033	0.5620008867950954
0.5735325420568628	0.7205270796634543
0.567785718804868	0.6749406217171565
0.5794446995053862	0.7179785864635122
0.5722792366665164	0.6878330940107993
0.5693143543126312	0.7124758575126843
0.5734429322219582	0.5546461714000337
0.5716701940347593	0.531908695632889
0.575524874511502	0.583762168395473
0.5702065255376355	0.7162011411592784
0.5669847014327026	0.5575753340104026
0.5666043839074612	0.6540372387476078
0.5675637910792475	0.7308578045073633
0.5629347556406846	0.7104770285205506
0.5781077416937462	0.6909976557936902
0.575828487085808	0.6856860544613534
0.5829084242141507	0.709860245809983
0.5690614150130207	0.5708371734860634
0.5798373997819386	0.7271266715436152
0.584221443538923	0.7099552480988731
0.5739869849005087	0.6868714647204396
0.5794052561810542	0.6943120504901356
0.5667520236439983	0.7366935192549295
0.5749374940622792	0.6199294707041291
0.5769626673817885	0.7123251236455956
0.5659731929851796	0.5873296538769236
0.557211145186943	0.7638206807812841
0.5729471662918699	0.6219550936774123
0.5778816699211933	0.6376357249287907
0.5741870087799956	0.5745456056344622
0.5543318695568686	0.6805394861609482
0.5657160508415243	0.7471391034392036
0.5678533915798427	0.6900027008253556
0.5788491486188883	0.5459610209134554
0.5673129938199932	0.715809312243795
0.5727535201347075	0.7177744606597278
0.5750543524325227	0.7257829578185245
0.5857936840432814	0.6374066764719446
0.5717730945996566	0.6637932019275999
0.5661007549752199	0.6144488606617476
0.5684558004531387	0.734329040431921
0.553802656439655	0.7525572722111299
0.5641926954114319	0.7397800543377708
0.5724762561377505	0.6025320719000254
0.5725734436615622	0.573023309645841
0.5734563452012045	0.6830739237901582
0.5715215217848293	0.66344698441952
0.5696740008827221	0.6046219809386495
0.577728232984449	0.49511146335773637
0.5639432690148235	0.7375886793481352
0.574072229660901	0.6854190477168467
0.5585441324135212	0.7350211091066683
0.5826939425687462	0.7157105841167033
0.5789732457479473	0.7172960997754875
0.5911827602124307	0.697541817595549
0.5729135934304705	0.7020477935246567
0.577952252621706	0.665238194449519
0.5868397107552363	0.5817281220265887
0.5828354412086932	0.6550151584437278
0.5770228197103441	0.6458160205019963
0.5837296831734029	0.6274062616794485
0.5810787126077472	0.5658360567936221
0.5725599131752045	0.7366165456274487
0.5783879235835732	0.7242578428219729
0.5756614053062858	0.7255821601198988
0.5720032130928024	0.6285220918134273
0.5696040032501094	0.5526679770916091
0.566150374096527	0.6991407918259578
0.5714254741921115	0.6414904730755255
0.5781466321972201	0.7235443674570249
0.5744533409365052	0.6462497016954158
0.5707722786025806	0.7301003196762463
0.5639765850414546	0.6968392715400162
0.5718765352490798	0.6419777682905738
0.5783060585543649	0.5669275278590695
0.566442967931941	0.6186921894233111
0.568934141485577	0.7363833331365677
0.5779717964946922	0.7266651874668797
0.5830980086494155	0.6423382140153883
0.57125228350905	0.5606096011373681
0.5710148651857196	0.7277396340793658
0.5685145526526995	0.5752605962538269
0.5680877392813898	0.725397571685717
0.5787190198554729	0.5917282578177325
0.5801483469091572	0.6700220732231597
0.5798737171826164	0.5407481411651721
0.5746472222963626	0.7351257802551567
0.5786093847905783	0.7167539148501845
0.5694691198807323	0.7171366155668363
0.5701952320578513	0.6884665483877423
0.5865988077602988	0.597156247742778
0.5659069038802796	0.6768042902274253
0.5670725518832479	0.7228019355894838
0.5825168890006934	0.4653061653319879
0.5756994896983273	0.6776820774432064
0.5569555435826907	0.6667691409025466
0.5821230917198131	0.6363213111277595
0.5797882682615443	0.7248047039202408
0.5748121241590661	0.7251312068724679
0.5754492126984341	0.7242594101461255
0.5718092496092705	0.6878314096769028
0.5683462279325624	0.6798654550664089
0.5798565835186814	0.7152781170091123
0.5726236242139651	0.6914768396174094
0.5692728466584659	0.6897946456273778
0.5616602196528021	0.6901669530482133
0.5674752908266548	0.6997848500020727
0.5811007337685665	0.7139994284409275
0.5638614101293896	0.5868576443576687
0.5654606823491337	0.7365685258598031
0.5645735147827713	0.6761509935728691
0.5823154207820134	0.6408404391958947
0.578679031346367	0.644998449008855
0.5787245829545944	0.6460390455866658
0.5661625386483115	0.7273502755322994
0.5837439238539552	0.6364519463278739
0.5796157947201871	0.6189622336874074
0.5791444144520074	0.6372856805533866
0.5826630917094527	0.48065671320708886
0.5595755605032423	0.6611639557512398
0.5775594707880407	0.654000956536389
0.5755175274098517	0.6833038738373889
0.5824966361919449	0.6688288313594314
0.5665791376537151	0.6641718681181057
0.5787578732450855	0.673993664341191
0.5819621711705235	0.720684251412824
0.5645370234501879	0.7140842753028485
0.5682231677120033	0.7018835824318159
0.5727356721251377	0.7118052496465364
0.5772054643435215	0.686812447622885
0.5745995035418853	0.7242524757634081
0.5647531673697352	0.6671282059697703
0.5697843727363969	0.6801743909063993
0.5669682773603466	0.7431291105018942
0.577434413356974	0.7097887214220073
0.5896182979379757	0.6329760412824834
0.570279659263571	0.7075927867217591
0.5952593701380187	0.6895645677164115
0.5696886246180107	0.7429014235825463
0.5784998110170798	0.6246226168987427
0.5857859310292861	0.6569145737586599
0.5672102659676941	0.7001899822625643
0.5679822363644649	0.7407607568258368
0.5626674302247134	0.6352617749586411
0.5786850044517987	0.7262542386421769
0.5840439302901282	0.5585899773718868
0.5794697306203094	0.6223141808932311
0.5766490600627647	0.6132734552795196
0.5795369299773442	0.7274484175545461
0.5752724057456191	0.7228561029718407
0.5821378744461881	0.7166913820169374
0.5778086046820834	0.6897632709967223
0.5798610592802702	0.5571021478116117
0.5837096583407511	0.6971576679203759
0.5653996190787877	0.6203591210291212
0.5762490672880974	0.703007938796363
0.5697474948128775	0.6089229403223759
0.571296406222155	0.7318805902469885
0.5739192556512962	0.6713737252586258
0.5660937631997771	0.5496392908899354
0.5619176377733779	0.7267475258461296
0.5670102398735298	0.6780474993298043
0.5532172003320258	0.7327237327375478
0.565088009336929	0.7133681986567868
0.5769415881918014	0.6277848524618879
0.5784759735677399	0.7221302701054352
0.5759489136620781	0.7241062401054322
0.5713658460594878	0.666100456784222
0.5773242970834863	0.7047238890088408
0.5589585578640777	0.6599016119850565
0.5823953674350381	0.7073164428012562
0.5676327995950385	0.6867803897945253
0.5684148083932248	0.6890998811663096
0.5698537582934069	0.6726399826118584
0.5755449162830093	0.6269418740686843
0.5782423211166694	0.7230414962566145
0.5677749579721815	0.5996759236676601
0.569915451355605	0.574019844822706
0.5819362742881604	0.6785952649803522
0.5788626915322412	0.6729972239836852
0.572784536248861	0.6586219870720901
0.5726719863125198	0.5807299544367006
0.5807875008335497	0.6394836042234624
0.5783593182109866	0.6458140693332699
0.5845971041126593	0.6984475275332007
0.5654239476151839	0.7046437998802652
0.5819219442422183	0.7149891880529755
0.5701037073163723	0.7031055983865412
0.567682285379496	0.6721138087643036
0.5741787152704826	0.5697899368747186
0.5664488227047245	0.6855977957616032
0.5823925378105198	0.7151969851289196
0.5777717103366928	0.7278062937473522
0.568708983384239	0.69956973966693
0.5821613739650336	0.5749539286525104
0.5699955418085718	0.6627976797286877
0.5921240928289578	0.6361641957482733
0.5881045547420114	0.6417139964610226
0.5752782567648426	0.6419998689328233
0.5617928809186342	0.6555097163238993
0.5619276418925265	0.6946812368494111
0.5747099680163102	0.6473401161585296
0.5712767271578194	0.6239195198502097
0.5765984768420145	0.6047781537780348
0.5753397758095256	0.7127088540793656
0.5667849981030578	0.7221356244531325
0.5748014916061023	0.6755537963196749
0.5667342443458104	0.7392239483507352
0.5690010079682571	0.7253940808977402
0.5764862751904072	0.718922076789636
0.5822023742935576	0.6796387081665203
0.5648278413996228	0.6956649043812404
0.5698152549610352	0.6738435701370067
0.5748657411871755	0.6081242690113828
0.575304891242201	0.7093717110107965
0.5637191860871887	0.6337856354891993
0.570721181104639	0.6941512903383946
0.5692369148137848	0.7343226303764465
0.5673955907833117	0.6305140435487534
0.5712268787933891	0.6917344761352571
0.5746938450636057	0.720195697418522
0.5777187518433559	0.7289284763562944
0.5729663511457218	0.7168454485157634
0.5639947316532868	0.7425421344492424
0.5626520099644053	0.6930802756614334
0.5712034978778525	0.7124980937816576
0.5830333450237363	0.6461258560943217
0.5800209631010769	0.6495771109532562
0.5724405808569218	0.6571910532560616
0.565183152122527	0.7374240624693551
0.56963453504323	0.6428687924428441
0.576075976336241	0.6228859709081427
0.5808322679218069	0.6886176642731751
0.5730378398052303	0.572836066338237
0.5743830654248931	0.6166586248113065
0.577550623551242	0.7220361405669218
0.5728934355810328	0.7283891461768554
0.5740817522687298	0.7211836337758608
0.5713439803627012	0.5507857346913263
0.5828667059442488	0.6367837973827879
0.5763423428760679	0.7062170378485788
0.5796935742776341	0.6439463210793237
0.572298024756398	0.5918229865144145
0.5584086531810146	0.7381469385821684
0.5692014813182515	0.5790704459167473
0.5749651328024149	0.720898728366352
0.576340716283673	0.6877080394986068
0.5724358416627744	0.6980665485985522
0.5665895844659937	0.6675910119416525
0.5804715287175453	0.6650020267006831
0.5738108932183661	0.645930031389651
0.5785307627757801	0.7271674136112157
0.5688571036869824	0.5613187850872723
0.5715411681172652	0.6980397066332856
0.5816210838513984	0.7185745325805982
0.5767285859739569	0.601168177615026
0.5742693763461427	0.6854332922232269
0.5816551704270125	0.678863929506408
0.5662190203530143	0.7112933192544828
0.5668254256534196	0.7159585750198435
0.5727271670533316	0.5710700389224573
0.5753493978654483	0.6727234566170085
0.5804435302129483	0.6092255917261598
0.5760334566001223	0.7333447935521826
0.5748774480959526	0.7230813935061176
0.576933824104121	0.6256693174693342
0.5699667137331971	0.6200010493829355
0.5749118680853658	0.557460893880816
0.5687788743017108	0.7307036992173859
0.5703900266127291	0.7118133405824311
0.557676853863889	0.7357470643209256
0.5819974049817408	0.6942588973029138
0.5693177489716649	0.7178872800855344
0.5793142161258132	0.6448357018360864
0.5715107701433428	0.5298882839532099
0.5785801132080804	0.6824577486310676
0.5751497566971226	0.5329234992777442
0.5642483111225696	0.7081126210250391
0.5759734988683386	0.6440376910336818
0.5846188755479996	0.6482007046079389
0.571519296343101	0.7047422451601523
0.5815198320466851	0.6756132855873149
0.5718528371917624	0.7138937969741626
0.5631881851268853	0.6892470662809513
0.5765203275113735	0.6407633085384525
0.5842069987084395	0.7195264639568657
0.5804755200367417	0.6207921171919358
0.5793198857624089	0.6899511726853943
0.5725922059765413	0.6721380033909371
0.5616076026415993	0.7487697325548592
0.5738790131410284	0.7237668251785379
0.569022099637052	0.7356637084446989
0.5717082092929161	0.6149066952465215
0.5732756869256844	0.7252102505575582
0.5795156565799207	0.7108047837447007
0.577703418790207	0.7304738589408921
0.5692147845677393	0.7281670629087873
0.5804046025619052	0.6841907650422515
0.5875455820397812	0.7102894533102835
0.5725350157990088	0.6731479096435132
0.5723633749860372	0.6908625449308758
0.5752779427260003	0.693312383499235
0.5730947315348097	0.699663606256709
0.5755956016903842	0.6729505257551535
0.5710207220232845	0.7387839242870096
0.5786758556514146	0.6045030244220834
0.5779102405600338	0.6339908818125675
0.5528286674436016	0.7422510979495525
0.56787750844795	0.6930898975185447
0.5688564234380388	0.6893002550271129
0.5715240088874375	0.6874375920484415
0.5671256387983199	0.7248822392620143
0.5704508773744653	0.6736916778322929
0.5712548277446107	0.7085392274359352
0.5780799134769264	0.7220096862290846
0.5761820231815997	0.7337537186242153
0.5673671900442754	0.7262999564249193
0.5957198643918458	0.6921092319702395
0.559940394908327	0.6937433757083179
0.5740249776093844	0.7227136360946975
0.5777660377647437	0.709589228863112
0.574857634463416	0.6345416747948133
0.5821496305443792	0.6618022277235954
0.573587886908778	0.6149266128977948
0.5832986542710428	0.6510694809991692
0.5802207084960912	0.7154385133180176
0.5661447755564845	0.5521729867941098
0.5827982079356394	0.721308720692668
0.5728182231927734	0.685380727873776
0.5792693640003224	0.6047066392193683
0.5578475514795411	0.7017107515270641
0.5756863507196376	0.6217849256454097
0.5684729663982714	0.7301238843375444
0.575623501693332	0.7142212552827132
0.5677159325866761	0.7437803959175833
0.5621118678538296	0.7086110129374783
0.5620364046000212	0.6817770311025472
0.5662002742944775	0.7429153882288253
0.5512883358633349	0.7578002306451068
0.5696282741758221	0.7084423212192922
0.5806025426934514	0.6768722793362391
0.563433393889105	0.7262682765066358
0.5801737467069913	0.7200365755891058
0.5697399935900361	0.7303696582291961
0.5654415444151694	0.6739194617581216
0.572617026786314	0.6651666040366109
0.5763835274971815	0.6461960182416744
0.574630523521421	0.7323276779980887
0.5784719949928696	0.7280658891509024
0.5673126799888542	0.7143930413996913
0.5717885232520193	0.7169737389388047
0.5769388166394414	0.69819708781895
0.562163785894161	0.7403316067164307
0.565916390320863	0.6008698270711298
0.5714601323866116	0.6922873344388015
0.5734525580974261	0.6901717015929513
0.5707624003144753	0.7369870868063624
0.5679421054942335	0.705313822710054
0.5796525805342319	0.7167328129104581
0.5700832979450393	0.7340410611791062
0.5707491365644376	0.5279226334057696
0.5797317259991256	0.6488432568323563
0.5782401538948566	0.7093684128533267
0.5760977996109373	0.7259430412267263
0.5669597849374971	0.7273579409217724
0.5737972354938607	0.7214293827385299
0.5761205523654082	0.6829710634967596
0.5720223460222135	0.7201195631052579
0.5746933633677132	0.7244465533327106
0.5799552652126626	0.6752083208958322
0.5574966003186963	0.6043213222673905
0.5816154505344768	0.6109289590744595
0.5882507683792771	0.5933380621073892
0.5727057396023623	0.6977164783328965
0.564815127723829	0.618949060090898
0.5669123103752166	0.6947254296491057
0.5778875203625908	0.7277630866557996
0.5779906557866032	0.6728540613172946
0.5697312802681704	0.6868478926099427
0.5801190169327874	0.625424027624287
0.5813286951828038	0.5219819291657772
0.5798722244788991	0.4843409676751121
0.5822669125326724	0.6529229808544614
0.5789336209750571	0.6892227893822251
0.5742350466439968	0.7172128055696563
0.5788904599005041	0.6278993060579943
0.5712233691683869	0.7349440713564992
0.5676017551862916	0.668606980629543
0.5865720959635489	0.5831651743559904
0.563120082573551	0.7125734886967883
0.580993278861608	0.706214465220667
0.5745497317330693	0.5116351025423262
0.5682577599472947	0.6025117419751659
0.5670290419186808	0.7395645103922569
0.5724736419933912	0.5854534110491262
0.5751939563573674	0.7310469511752533
0.5671517862262137	0.628220319288222
0.5723171005994452	0.696348033448042
0.5756135056425463	0.6880806415343765
0.5748750666450293	0.6616151896438607
0.5699111440295138	0.6661285627035973
0.5782355784369113	0.7217055137744743
0.587837727606266	0.7108677370745822
0.5777725068880806	0.7238158484367059
0.5796460828661558	0.6228719445308512
0.584442283306693	0.7051015974444441
0.5761968076114041	0.6812035845534767
0.5718348786844603	0.7127163496533373
0.5719866208060416	0.7178203075178553
0.5725975971760241	0.7380102439039572
0.577394727625452	0.6668523655618628
0.573954415910434	0.7207508323758398
0.5789613394538862	0.5283214423978643
0.5732780187546221	0.728295732001526
0.5568687681913654	0.6699436545625975
0.5717978275756254	0.7031384066268448
0.5671317958027212	0.6861442281551832
0.5735350989006645	0.5932885895948976
0.5727269453399391	0.5376854259658559
0.5681331577612563	0.7228458227026127
0.5741865521613534	0.7289257998593158
0.5696124842029505	0.7193365422815114
0.5730139015275946	0.6371958176633171
0.5743816079264754	0.6933620431490131
0.5710754282660083	0.6939614875852709
0.5685857763751662	0.7121334341561536
0.5734751664719687	0.7126337009274484
0.5759129256761143	0.6178382636765962
0.5747892870165253	0.7138083633520633
0.5582867731580432	0.7393559975528026
0.582176749081165	0.47643834100162996
0.5732699234168004	0.6889497553069354
0.5670525323009329	0.7158115552968478
0.5779920522954196	0.7194744487948886
0.57890155204838	0.6912471123860893
0.5813101140188162	0.723692944803928
0.564531405049367	0.7153553379464976
0.5757286160311137	0.5899051182499728
0.5754179302036534	0.7210786448516978
0.5626668503394914	0.687893720395323
0.5683886765410822	0.7006762099914032
0.5713382785088709	0.6587936123834758
0.5774406133578768	0.7094733573847316
0.5823281677023467	0.6918568039530424
0.5690063242031497	0.7366912667265663
0.5777721087234224	0.7131427186813167
0.5607334738014411	0.6781404773001013
0.5821146839454292	0.6098610813764211
0.572063235099938	0.5283065256091349
0.5731888365630342	0.713198134764484
0.5717364617738174	0.7227147622311004
0.5647128452104518	0.7240055647089969
0.5792960982809627	0.5540125666333067
0.565350072082999	0.7523967239578007
0.5800593293089111	0.6999901437618063
0.5696349767774683	0.5881768252670909
0.5790779454233815	0.6261192966240267
0.5773830800325115	0.5259673021281125
0.5723903888850207	0.6824060639431485
0.5660818660880225	0.7154484905318096
0.5835340681774582	0.5991984393810674
0.5761619608793292	0.7253613691237633
0.56441914848403	0.725684736066997
0.556462033468329	0.5915960542620219
0.5821577154660681	0.6564169243567064
0.5805911162254006	0.6984311681858701
0.5738650900503579	0.6846868944878433
0.5703184889060293	0.6842547807581649
0.5857531105903034	0.6142648691708978
0.5804491858090296	0.6554266402282607
0.5768033610565877	0.6315978719404578
0.5798790153045974	0.668198711907344
0.5718078035515968	0.7376836481350715
0.5754739059169104	0.5964039250226407
0.5634662221536532	0.6564881683476391
0.5848201133559943	0.6674245263535177
0.5709510968248631	0.7392885401712619
0.5729208925678114	0.6053430209042479
0.5794159089549297	0.7105558549303479
0.568283392197549	0.7267559234977581
0.5803571057238119	0.656429228332214
0.574807752106961	0.7099247517154836
0.5718621846099539	0.6952164948665799
0.5723628995864593	0.7402116919686614
0.578283948526936	0.7044588294144731
0.5720764457395501	0.7294761705115187
0.5706775784482311	0.7298369621079053
0.5802474565926343	0.7151457068339939
0.5746495967361376	0.6385390612188083
0.5747552394249962	0.6572421673552544
0.5781821155705533	0.7146490141616608
0.5783242113359061	0.679947165927473
0.5743394522099353	0.721802141756528
0.5649768002022437	0.7249762724115978
0.5701165249531043	0.6842797081904769
0.5767225951071864	0.6351648555037152
0.5683577512968948	0.7182098562054382
0.5782269496742528	0.6571934050195481
0.5826534963265744	0.6358362584652095
0.5677264890304823	0.6694885435815436
0.5752098240443833	0.7214348596962051
0.5747937977383449	0.7320214934717955
0.5702325937950258	0.6413985983526913
0.5681935954005811	0.7388195522367993
0.5749262612448903	0.7083720936237305
0.5747116582273677	0.6927337225015986
0.5675745227486999	0.7182300504721075
0.575446171141802	0.7267617654077186
0.5768480030251771	0.6874433943162727
0.5711699044997748	0.7379573930215501
0.5711291237099145	0.6821998846226769
0.5823767812189056	0.6136991869877952
0.5713495787616634	0.6096796190195171
0.5599915339247808	0.6276361418613859
0.5736203011850158	0.6122269661621564
0.5756530734895589	0.7252811651702298
0.5688822997913504	0.6974702948810504
0.5766659256585864	0.7087758814392308
0.5836078219457083	0.6258151466079581
0.5697478604792977	0.6632796619075155
0.5670633092282288	0.6882222702491432
0.5786123373662946	0.6978058813304799
0.57014690758732	0.6482423280574869
0.5806764430072305	0.5284388650706404
0.5763409503708736	0.7234985274336114
0.5713788390602733	0.717604265368521
0.57891770562554	0.6425797988358499
0.5684253444798357	0.5594122432870311
0.5648165845166846	0.5544005075831037
0.5596483057610953	0.7126357792069368
0.5760913299591338	0.6326480460439607
0.5802625553634967	0.6726385098455027
0.5613585188027772	0.7323271469936835
0.5699368716969462	0.7161599834597636
0.5734162261689324	0.5416628610380027
0.563487259056009	0.7114382273873758
0.5707904518653969	0.6770456050280067
0.5673043949366311	0.6110959599697217
0.5691208074777403	0.7065759601144792
0.5756542032681177	0.7294525607270803
0.5775674549263029	0.5428288739629256
0.55753016813239	0.7300921118680288
0.5537817738951122	0.665903882514518
0.5713249526707296	0.7177357314692296
0.5744453447875734	0.5853715084542859
0.5812676775560912	0.722915698793109
0.5687195891789036	0.5802511031857115
0.577198164671685	0.702839035202012
0.5625312129514123	0.7281282776621484
0.5779958553053791	0.6836863000633895
0.5703474482932246	0.7332732692247983
0.5822104515396647	0.6798018336128144
0.5726123587194324	0.5798529511323209
0.5692582266588541	0.6687419715048304
0.5783471124077753	0.7113301249706989
0.5682257582978907	0.6623771574006638
0.5871410303524541	0.645529896913204
0.5850377765144776	0.6415607475777342
0.5604539919185122	0.6667290202400353
0.5679539668273089	0.7394875190440928
0.5661501869939366	0.6960600786067308
0.5807629078293131	0.6234479036075632
