0.012812915233983506	1.639480342520414
0.013033154659595285	1.341562170460609
0.012945570100393397	1.7008583990762285
0.012622472459340199	1.6391081366912759
0.012993016637206305	1.6832645414310194
0.013010607522349551	1.2148648019719992
0.01292247813423899	1.5981073282163363
0.012844378951967167	1.6327208343207151
0.01285253537584419	1.6301220065568218
0.012998621041726409	1.2678808508474015
0.01300008479864349	1.3072008886746047
0.013026420042353815	1.4778051558277197
0.013115722447141575	1.3555677731867444
0.012806372340669673	1.6564277678127377
0.012508545253547635	1.46865883758726
0.012877538640629023	1.4777704377769434
0.012644995967359476	1.5816567666766108
0.012845248112453047	1.6693401333107514
0.013000696321063534	1.655079135957789
0.012609939565484625	1.5193440178531734
0.012849300272780377	1.247794361703995
0.01273258858214298	1.6158021585886777
0.012801379772718037	1.3654535237411571
0.0128375344108611	1.6676976527295917
0.01310936745104126	1.65571602885441
0.013001105794519782	1.610980186275777
0.013243734415577779	1.4982358530533801
0.013269157546586337	1.6735178861177131
0.012762284960656994	1.6642445361139173
0.012832467584111336	1.6197882351226736
0.01281891256877376	1.4060678629336043
0.012926001451516247	1.6769458740785839
0.01308712204270776	1.6610973864086567
0.013074439061383995	1.3812171432205784
0.012909809200010206	1.6711085972452568
0.013287611160630597	1.3656632582517028
0.013124983115567701	1.3378464576256435
0.012537124139021376	1.6334760700176882
0.01270234616294357	1.70120307409376
0.012964779750519607	1.6624372945591444
0.012932620118482606	1.5587268122316684
0.012868061023939562	1.3667924375107978
0.012977889479472229	1.540196789080901
0.013141677304157004	1.6461359115567025
0.0129137235392691	1.6210529780485254
0.01272791271265406	1.6145433858017118
0.012886775963588785	1.7058521420883324
0.0128562303141044	1.4342915619071575
0.012866756807396688	1.5954967182210877
0.013065776351189067	1.5010558532038065
0.012697914780272676	1.3989610058629127
0.013116832144790043	1.5752935879484826
0.012985894930553616	1.5552959739001475
0.012371156188114824	1.6785881133218001
0.013118207966748766	1.6526593385366448
0.01307690633751528	1.42139184364658
0.012805847844590086	1.476811678545781
0.012881676192341027	1.6649047668832
0.012877942846887761	1.6600854417360755
0.013090822094598224	1.698260136816983
0.012486520198706334	1.48998194455096
0.013008980131446095	1.668489777307303
0.012931121904175858	1.638656474840276
0.01283760035332751	1.68755762576835
0.013042571163778743	1.5427178649270568
0.012829443058390662	1.6944109147269004
0.012716211720807455	1.5646998041174278
0.013038705680613476	1.690675923068683
0.01295487266537888	1.405419257330724
0.01282630449490406	1.5762061473896691
0.013134487420781894	1.570928568983889
0.013078318097888638	1.4103723554266325
0.013081613048912286	1.4968746235642232
0.01278398621645539	1.5781049449371083
0.012563943176192728	1.4112675355231625
0.012884233327191007	1.6785355381140947
0.013168591563206366	1.4514586039508406
0.012756694827603682	1.5411117158211884
0.012866378758888885	1.6466937867436786
0.01289862968291088	1.634329573965377
0.01287081975082675	1.701175743438046
0.012585922643939202	1.698441519393247
0.012884955054069893	1.662413366292375
0.012659743107944717	1.6644894203875995
0.01293447403287605	1.5097120195205243
0.012804430587795748	1.5611988746725323
0.012679376129040684	1.6589077793282714
0.012786852512273057	1.355109233945587
0.012582686609317715	1.5039041875870036
0.012978857020559238	1.6995841961304776
0.012922936061381821	1.59055373693641
0.012635083368613121	1.516150062043025
0.012450094442228506	1.6270728022752883
0.013123544415406998	1.667149444503781
0.012719890543221634	1.6184603808583091
0.012850446835959881	1.5929431379092867
0.012851293539728218	1.695757222791071
0.013108303891366456	1.6573731290358145
0.013159730814815597	1.3765872757178226
0.013127294020852843	1.6979508638667111
0.012798274201669317	1.2485942208732037
0.012856749752351314	1.537318486828739
0.013080326631175816	1.6779133010929659
0.012786148196876687	1.6297185656583237
0.012785892679685187	1.5685719622455456
0.012866515646451963	1.615121237013211
0.0129692484762131	1.613759545207134
0.012802982246852723	1.6796576574552422
0.012735869554295667	1.6933177944817444
0.0129832769835853	1.6516349893903084
0.013024518970893023	1.5226471212980193
0.012768798462793366	1.6211793879256438
0.013095150277932111	1.4580740194587776
0.012963798407725328	1.4430383937737163
0.013032315625808338	1.7084443258287054
0.013091406676793153	1.3996515164952474
0.013008298379035848	1.6198981842174371
0.012928848766148094	1.705166139377905
0.012784171638070012	1.3349481503528613
0.013086271984514307	1.5102388856663602
0.012679527223225875	1.549339533072766
0.013177057605040187	1.5392881769742017
0.012666378905765873	1.6028010827955546
0.013048064920112916	1.4244996136303136
0.01286151482467598	1.689591948978018
0.012807580339041575	1.4074585825505386
0.012799950121307475	1.6170585878388186
0.013049916733825951	1.6929998202291707
0.01297639269192357	1.6895444972436588
0.013101730056338624	1.592613152858342
0.01275964969820991	1.6733162211509809
0.013064784099599651	1.4759371638524277
0.012919495999194501	1.5045655378751164
0.01304125279099582	1.5758812655171188
0.013004745570976207	1.5061471595283658
0.012988858607551746	1.419192287965772
0.012792931446652512	1.3390934931164216
0.012874912659109412	1.5176517052922627
0.01296102681910973	1.1429900084819151
0.012656597223110138	1.5890076848417474
0.012957303698248428	1.602234593435764
0.012739500357541607	1.6790818891082369
0.013001264619133104	1.3320148733818453
0.012724191492414112	1.6912737637083466
0.01311208704265812	1.7059590118309291
0.013070083241891945	1.3980805062358002
0.013034592790866512	1.6536554076371655
0.012940557956865042	1.7025714704369235
0.013166870300248065	1.662226040053893
0.012848193803040347	1.3272546896606743
0.01267837447900445	1.5302542928209029
0.013038855038768284	1.6817520809626307
0.013065553786585	1.6942799880967148
0.012998994177526311	1.5027868876903645
0.012945958779003178	1.6428738583202547
0.01305726985042726	1.6609013849717065
0.012584847124740913	1.495214873693851
0.013113704886011003	1.5750480600557948
0.012778173979778444	1.6964507849873902
0.012999640966705755	1.6934436143624685
0.01285547225577944	1.1993383645347688
0.012770337628760252	1.5827786565773183
0.012883114790227308	1.530065423371273
0.012445139686264777	1.6576074724794627
0.01281699598432863	1.6865038622518949
0.012512827883602905	1.5860732174499181
0.013120057413397352	1.5373086948211907
0.01302462215619744	1.6899685394406605
0.013277062480798676	1.4662007386801432
0.012414794516734077	1.4704926269976282
0.012914120920039882	1.6953650985980753
0.012881390579544417	1.404887638164071
0.01299494234264165	1.572205529351502
0.013017893673862723	1.6681120256966329
0.012746737719667327	1.679476233296942
0.012813257196073187	1.6748186981120008
0.013065919099611984	1.6139302852335662
0.013047508591351849	1.6128382347053463
0.012748315708639275	1.6310533337605846
0.012745566436712284	1.6196202864839888
0.012868288694790965	1.6418938304728772
0.012730516458805971	1.590059553087003
0.013209932967399227	1.5628555195606422
0.012813880984567204	1.5472423977767167
0.012941738911502285	1.7095249738423495
0.013092623511495734	1.6777806834562965
0.012812240261742837	1.6930396768193436
0.01279339493542638	1.6882909085256965
0.012842718994690276	1.68776966032998
0.01299099832496567	1.692901480294534
0.012785843125174952	1.5794467175963367
0.013014516638350678	1.6937578049902529
0.012827082206010058	1.681704000467633
0.013010259701703455	1.384810754014869
0.012923994658472503	1.6480378217862826
0.012593038515034276	1.5579034895369346
0.012985331769427039	1.7081492137991272
0.012883207449241854	1.5700063309413843
0.012891713672694413	1.6693052763359426
0.012948522907215768	1.545554416828874
0.012864306952453148	1.449449026203257
0.013005207159419161	1.657832712231897
0.012875441901708366	1.5219527683065948
0.012780182053844954	1.7037475598139515
0.012978139182730225	1.4276636747027558
0.012917597889339256	1.355148880314201
0.012879687895577727	1.628939161219716
0.013119169561743128	1.524735551605241
0.012403258305632379	1.6569765016755211
0.01279063424066277	1.6867749565245118
0.013064873556963483	1.6742765345494046
0.012699247392363586	1.5009160766497882
0.012888120283779017	1.708513774920195
0.01276559003940816	1.6504013870328043
0.012986009720759023	1.2297714666303237
0.012865069343347782	1.6671329232922978
0.013059871302357416	1.6261485199971644
0.013033295794204307	1.64140720865917
0.012484820371203015	1.648860457420253
0.013127300365943012	1.4419401063672748
0.01303868329247646	1.2920972386668352
0.01309661838072568	1.4329011713170319
0.012897869517724418	1.574278002226806
0.013083100513916817	1.5446021832415349
0.012428800540411962	1.604247576013206
0.012739635156913698	1.6454796456111724
0.012789800139019626	1.6340056155029592
0.012984342381844	1.530393369096187
0.012679835960709904	1.6158634359113755
0.0130933721367941	1.6177732125910138
0.012928517074647608	1.7073170269824045
0.012755177639928035	1.674224165412518
0.012915050026977822	1.4831222997962492
0.012919534086216013	1.6783307377215797
0.01303788502303838	1.699227238687251
0.013047638885227425	1.6889763671009157
0.012930370275872176	1.4002914280326422
0.012664737022028225	1.469018969175732
0.013038585737155679	1.6001718503432678
0.012994037837420518	1.4064121011116901
0.012655816947225935	1.5979196121616461
0.012751235820550511	1.6580781710321935
0.012814719838607491	1.2728285877502585
0.012945305495900823	1.6434525353686238
0.012900600986572225	1.690079657839959
0.012887680619500063	1.6426040842963459
0.012803699110244253	1.6452178314208832
0.013038600979575531	1.4890102929942142
0.012616521417469719	1.580705070401033
0.01292138617310991	1.340639494725169
0.012880965199436703	1.657853402267392
0.013159802587919035	1.6663979227072703
0.012954070165715051	1.3203433768768849
0.013063636893178758	1.1749631949576558
0.012677051279174751	1.629995696665969
0.01260442337431332	1.5523253498243168
0.012895719538124654	1.6031605505673043
0.012576837035345123	1.4692395010143544
0.012857813146110788	1.3050024856468825
0.012928356775289007	1.6841952598212249
0.012729072824268434	1.5730985985499901
0.012646840661759744	1.694208167392352
0.01292741072237864	1.6898543217711472
0.013075214986406606	1.7036370363183053
0.01292534040028496	1.3446026442767538
0.013168846210135258	1.6516922116871031
0.012771276219798974	1.3156190068689182
0.01263699581551453	1.575959028831381
0.0130166009398023	1.6484263987761525
0.012891656724303096	1.5358763619743818
0.012652755483226604	1.6024069288702265
0.012623540793053957	1.5655543719251117
0.012965741840620345	1.6737862811803796
0.012610507717323572	1.675671582245478
0.013115843253073113	1.6330233144467483
0.012785524123644297	1.6733401866232192
0.013023763629082856	1.643056544339851
0.012865340828891817	1.6806574030380235
0.012844144165012365	1.6177820199180464
0.012992895073176374	1.429653771536787
0.012922046513970234	1.2312399079263563
0.01286435412804712	1.6816682795303137
0.013012060798419827	1.5180505738104269
0.013061706333097995	1.5370681944927056
0.012713988330487648	1.559879343292875
0.012944304827363038	1.5914840815516373
0.01235352837824146	1.620211117570248
0.01303567028797448	1.692525500837362
0.012746272423305853	1.510820628905521
0.012649729419956254	1.7050474294898388
0.012736519952830457	1.6971010521096597
0.012378134654272939	1.4530732844115977
0.013030969432240913	1.6850145622980506
0.012881749557317355	1.6535005886508847
0.01284825974467989	1.4828444005545618
0.012991310086576611	1.7075606937363257
0.012790996861145819	1.6750498552157396
0.013097448356775948	1.520587743698405
0.012869180659184876	1.5983384001546004
0.013015645328728972	1.5323502852636954
0.0129686698115016	1.5666868941656902
0.013303068670510235	1.5378290545105808
0.012703156276177196	1.424301769097422
0.012851492551197443	1.6188115329506125
0.012691293951537902	1.5988675527972676
0.01292035739107769	1.2423531582526433
0.012760747811018448	1.6335350015993653
0.012802715856629551	1.5617573696085105
0.012961522348387846	1.3816524457448955
0.013035356090361614	1.4302954680604731
0.013078313602580573	1.7000654000574165
0.012957093248377587	1.5532875427898747
0.013063661376366035	1.684233355258748
0.012806623235085376	1.5974961843773399
0.013098955571999393	1.5678476705264262
0.012840800875055285	1.5016142389409146
0.012797684519500049	1.2290759595883838
0.012576748430776444	1.658405063176751
0.013106270036169364	1.6103229328767141
0.012900822420175042	1.559064673754367
0.012616364395452351	1.6314736331914235
0.013149581521149397	1.6390749992268603
0.01276444198868443	1.368146251833043
0.01254487158018874	1.4989448660044355
0.01273548012648171	1.6999648265662053
0.013134150928537725	1.5527302718247125
0.012816405211670483	1.7031614792860534
0.012964087819716053	1.6710712923377116
0.012810901527467502	1.5636065953647509
0.012831727753410445	1.6288228665768598
0.013296326580795059	1.687316666566025
0.01309390786436265	1.6879625352499428
0.012712953101881868	1.5983275739214122
0.0128956227332557	1.587615939453305
0.012925774556387219	1.5124668321673465
0.012852530941439955	1.678746576512128
0.012595405787877545	1.6473742755393734
0.013050299708087361	1.4687767440651918
0.012659070018516468	1.7046075957115154
0.012883155026249801	1.5930208480278192
0.012803474523817289	1.5779516711113502
0.012782921866302793	1.6010603206051321
0.012822497985765695	1.5835699625292166
0.01267464475049631	1.643715206965819
0.01276660509573169	1.6893925318371696
0.01309585159004221	1.6072666462402418
0.012982811774492347	1.5612919582988138
0.01305352519795157	1.6704135327806946
0.01316975398607919	1.5640335951638682
0.013082052026356249	1.5005224375043278
0.01291598547562783	1.1764864166771716
0.012972053332207833	1.5281811328587571
0.012720102319285588	1.4966984637373049
0.013100657843002916	1.3550207381680075
0.012921800181227069	1.5292466303204848
0.012807637417195306	1.660422356650983
0.012946966791590771	1.700082804945494
0.012902084305918547	1.395500293843902
0.012865086923678805	1.5146702556822795
0.012907503425604743	1.6844068485781292
0.01306407408820021	1.6471129569508187
0.013057802442393714	1.6862332951058128
0.01307721252241056	1.6573764929830503
0.01299549398810097	1.64790987690056
0.012954497125406446	1.677577612981232
0.01314562616541506	1.6014136724568382
0.012977906370240393	1.299357957124318
0.01296130388510296	1.5784137365904738
0.013094334134658851	1.4622227854539092
0.01308146098561962	1.6907243431656238
0.012977204295422425	1.6730671544839884
0.013126603012241382	1.678045892414233
0.012808285351836436	1.4034948686786035
0.012836683236369337	1.634872490227644
0.012980131235477145	1.5640421726389375
0.013045988473452737	1.702953150632015
0.013003885408124595	1.6653268821923017
0.012934421315000123	1.682519535563877
0.012789452334938188	1.5118939964581148
0.012875774040209289	1.459680195558092
0.012757806006863276	1.6808399280779187
0.01277446231129371	1.3200575304168671
0.012546650296761922	1.6811398434020441
0.012989518115184867	1.702104046029264
0.012942831431079906	1.6831189131416515
0.012946704528729307	1.6293329664793854
0.012923492841787608	1.48451788375538
0.01294191362722904	1.3412567915967348
0.013036936846041807	1.653293642553807
0.012966662186567394	1.7058642370282238
0.012931693852479435	1.7014498965524112
0.013034476996838965	1.614191471776235
0.012917337775168309	1.5394258743499343
0.013168255279036669	1.6003382267715174
0.012823179547035926	1.6831680547311523
0.013185022740388753	1.5062429793661978
0.013023716516887086	1.5778486599436818
0.012999625366308748	1.5268051397318834
0.012967817084042467	1.695549148463368
0.012890279186623029	1.6546226839787663
0.013060200667543435	1.5679857335525276
0.013047911262335662	1.6805990170841014
0.013090118674375728	1.6979008347907638
0.013088054137662675	1.2788281383624407
0.012943616516216968	1.5051631240346321
0.01279278915303966	1.6174955944295881
0.013017302397710586	1.241319989186013
0.012989081020900189	1.6999632750502736
0.012820948189945384	1.679819553306566
0.012766800045316362	1.5757115246373623
0.012816833414194899	1.6166784439264363
0.012870937657037469	1.356217324339458
0.013018174663193785	1.4390342862132819
0.012857155936010433	1.6325743826083265
0.012810981282882465	1.6437533623541563
0.0126435652865172	1.6555594743329551
0.012985950677704477	1.4140141156968737
0.013096250455232399	1.6425941153725088
0.012892388030822242	1.4720072960652804
0.012644282653159585	1.6247453657470512
0.012786074536636223	1.6747011104501701
0.012643603667580747	1.5206952022642766
0.012906340245345071	1.6847255603436118
0.012854334460298471	1.7072893532699933
0.012751555295210529	1.6431028938005172
0.012781627584186732	1.6068816772238048
0.013033420647972409	1.6501617457854687
0.01276370538975592	1.675327582618023
0.01284755087794994	1.6982079652676954
0.012902412080908776	1.570055240464605
0.013017159714488205	1.5207755571784078
0.013000809524902944	1.5528772341492432
0.012925617401276016	1.429185098521252
0.012794558115156045	1.532275562664894
0.012831501500443368	1.6324008182157423
0.01305892876803101	1.5934366891077
0.01274137505248953	1.6350263762708783
0.01296159220054823	1.685903762557093
0.012897748614078365	1.6779284716838956
0.012576853511338873	1.3287443636332623
0.012750765178738294	1.5835671458365645
0.013078241783000103	1.38734335734359
0.012591964583368392	1.397427454220069
0.01284230869757097	1.5910974643669156
0.012845175888340723	1.2766089679106554
0.012748832693919812	1.5615132776092366
0.01269923300548741	1.645888283477098
0.0129680432756115	1.6075697248128913
0.012881347067525228	1.2831486073915903
0.012497497139444145	1.6793978182065494
0.012725358480579657	1.6301824724585932
0.012489609589932268	1.6532642270617295
0.012577243211697465	1.4522874139801547
0.013096046946448192	1.5253072481218868
0.01282006915037444	1.3836765730422735
0.01265505720613147	1.707625428159316
0.013046899168905743	1.4735982028263679
0.012674288380681959	1.560521322929052
0.01300802197768822	1.486066619953188
0.013036265653200966	1.5838056043562796
0.012754654590455904	1.5706129471565624
0.012862141320620916	1.3265614232514724
0.012994095350071485	1.4274206178992175
0.01249773682732206	1.402387523100659
