0.9681374643222084	0.05302442529600443
0.9230371907374485	0.11336298402256256
0.9818793607422058	0.028807406588197415
0.9570119044776514	0.07356924286285399
0.9659688584484758	0.05650654727805421
0.9743668634795724	0.04075664450154601
0.9485280207752605	0.08695962426364634
0.9558631132551716	0.07110732586251522
0.9426221566051073	0.08050611463642102
0.9484011921706859	0.08619163496255244
0.9591807492784137	0.06596245272664808
0.9417214336849692	0.09281394883142424
0.9488292163931306	0.07824121738718898
0.9461057104076249	0.09086992442407266
0.9598967828858846	0.06223245020254986
0.9508738579477372	0.07207653179354415
0.9718284935742915	0.038453473449168385
0.9438765700888848	0.09523097695608873
0.9470861185005494	0.072057917849952
0.9493284507388914	0.08362470198558886
0.9698539844156698	0.038567630461989716
0.9487506151092558	0.07894662956837303
0.9684232592141387	0.05101680650524554
0.9532057757273655	0.07993659441751882
0.9359484622862043	0.1103408625442297
0.9707831631582167	0.046125973443049195
0.9319538383930036	0.11018303581411798
0.967546742530555	0.053309810097565635
0.9461305673883044	0.0752811487164824
0.9655167544969073	0.05823671909058331
0.9487468610280743	0.08153745124964296
0.950539097385619	0.07968604820355946
0.9561547996868149	0.07544635758307416
0.9722609133397769	0.04079081830834469
0.972220673783908	0.04594514487156576
0.9482736377185341	0.08131440948582469
0.9499533060529705	0.08652279340849367
0.9721889817822719	0.04340625770957607
0.953433032248194	0.07385535685638048
0.9490522689942393	0.08011626605713013
0.951837404373618	0.06173474155082048
0.9646100448576757	0.060391927664779854
0.9616717755185911	0.06531104250415443
0.9646455692366434	0.05085529688712198
0.968852756282738	0.04964340308944859
0.9435579004583053	0.09262500807846963
0.9584617263086229	0.06967369913057464
0.9579158325340698	0.07209957288128332
0.9561643442696413	0.06998008345680867
0.9443609490018838	0.070625203750085
0.9578534440424112	0.0719287704839297
0.947063934282498	0.07685838668523859
0.970467937432788	0.049052903801204306
0.952635890764762	0.07468156810961332
0.9709939115726467	0.04291865623767532
0.9606869965417302	0.06799741808796067
0.951917280871827	0.0713761750793662
0.9493213928998482	0.0705266026858803
0.960289011572653	0.0681362330581276
0.9399323934322014	0.10008478116886327
0.9385111048612679	0.10161300661165507
0.944234684546129	0.0811802885315245
0.9631931921154989	0.049057986201130804
0.9621692156094777	0.04436745080897131
0.939286733001062	0.097224428371228
0.9529315251589504	0.07333523557180754
0.9680160534298135	0.0549468794833286
0.9447533222674122	0.08883781846503774
0.948221769863353	0.08734097958296239
0.9578812773431751	0.07135568838771761
0.9572268053379058	0.07228937187476991
0.9690671428744009	0.04943544187430299
0.9516033632884393	0.0796269564670915
0.9583598195666102	0.06651918657073896
0.9555309734962122	0.07190783435011
0.9665068207798339	0.05467217351438147
0.9616272789474717	0.060638515201067084
0.9439313336343785	0.09428233580084389
0.9610061575882535	0.06400544324817331
0.9419209103383049	0.09346220668678695
0.9484527418273828	0.06568345411266235
0.9571949999688969	0.06698769305733565
0.9399359714002035	0.0948360950922128
0.9489528118853665	0.08192979392714073
0.9484688019665525	0.08432843248305977
0.9467151880830011	0.08679879971590665
0.936929274194659	0.09243626716602116
0.9395483842855622	0.1036877818094547
0.9711662967769754	0.04966769075244826
0.9580971503602944	0.06286933067070105
0.9731827639130504	0.04622346160273372
0.9591173187332307	0.07060619182214778
0.9721259940094884	0.04793001156534771
0.9463166628619859	0.08637990689095035
0.9675596749312677	0.04789223511645105
0.9602624526877966	0.0663543804537316
0.9697832235316491	0.04276043690822387
0.9469144993404023	0.08024856865085025
0.9619881322824402	0.056451344143007925
0.963386213539237	0.05401752165095117
0.9595320057554353	0.06073807010974319
0.9390845715568401	0.10392032198530665
0.9586638991638421	0.06559395160254114
0.9576473489956285	0.0703700881219389
0.9706200351524766	0.04237554278794432
0.9599583057917757	0.06814131642488647
0.9481869315719015	0.08761718546663316
0.9812698183002522	0.02744959172264029
0.96042883935199	0.051226690980764225
0.9491798920381329	0.08607386321437244
0.9569482694380149	0.061556248307865186
0.9740434449575545	0.04148166546019594
0.9571353813686232	0.05470094887675421
0.9615978402364925	0.05108318106764695
0.970199699075546	0.049508084005157105
0.9753278683910654	0.03724030895262592
0.9603210187903689	0.05347931504858161
0.9544964207449456	0.06533046094022207
0.9687536622311154	0.04745558143532086
0.9796738529572038	0.02824485076327457
0.9715913270205054	0.0424861507407463
0.9606869660206176	0.06807502179255498
0.9516689125628623	0.07818298017145675
0.9524739036843258	0.0782110415198301
0.9510547085673635	0.0824187255782165
0.9733519764649766	0.04560967807401778
0.9447126926898918	0.09066328868777601
0.9549757507713391	0.06848040432682034
0.9401709029312204	0.09126445336705227
0.9598897667910467	0.06576411867570126
0.9630254921153143	0.06342515545775551
0.9608840683364829	0.0674855082641474
0.9471471209369438	0.08611316625066812
0.9652013454213695	0.059615748384139355
0.9685190602100512	0.04762250368357673
0.9449036166097158	0.08764121472148939
0.9673388665788468	0.05185550944065129
0.9689770642084145	0.05233870801694679
0.9506362621000455	0.07190117713009672
0.9548492600187454	0.07744230321017664
0.9572388740392822	0.0633414306616239
0.9681032932559572	0.05465657584171291
0.958924848587222	0.0710322298800351
0.9552210680749176	0.07511844636930731
0.9449682614015285	0.08945020654877672
0.969069415769148	0.03723944243380893
0.9684093033737105	0.04642924536226109
0.9681641132381719	0.0482390565358599
0.9279780099899325	0.10375877560213673
0.9411065056102949	0.0982683986743873
0.9581802052046171	0.0711029564868143
0.9704182600852985	0.05024531408244465
0.9580710321399564	0.07094014253164815
0.9757768571940871	0.04189936518784987
0.9519554591026437	0.06593584692220478
0.9452962450557928	0.09216475012393838
0.9759535331838819	0.037220103017559264
0.9566858525563932	0.0732896332488091
0.9668073902211264	0.05639604825238104
0.9731590574616958	0.04189383829530963
0.9613270010549483	0.0636015573592637
0.9628370953783684	0.06229401474294244
0.9734084135382248	0.043996516018974696
0.956293811034043	0.06720298183059858
0.957994972577829	0.07113847039364152
0.9832283113998698	0.024613650772149193
0.9528342550281461	0.0810445231375892
0.9401607240285136	0.10175868873650562
0.9743078806207546	0.04163215708120194
0.9928657884449906	0.012202874773160566
0.957475199311288	0.07300130842697933
0.9612451937935014	0.06384953593905479
0.9407422200240307	0.09188844885517561
0.9470456542320534	0.08024328121471172
0.933981352183959	0.1021897216257257
0.9426779003782741	0.0931400311489739
0.9508621260822926	0.0838115800166927
0.9722182124819683	0.044024960280768466
0.9749390281920292	0.03874647795070829
0.9324410752050588	0.09227807286354708
0.9677642294020689	0.044527095927390486
0.967991193229367	0.055263153919856034
0.9620066141852395	0.06306986772571277
0.9614106227670229	0.06507344830574813
0.955873753874721	0.06821395455449925
0.9759092937479974	0.041468287346519694
0.9520998382565666	0.08117441772930367
0.953328454852894	0.061303161146698246
0.9461242551202007	0.08619719208743809
0.9508071547587694	0.07470800823450546
0.9406224352142877	0.08801022217898344
0.9599022987080943	0.06067153580494922
0.9525602157227057	0.08088609715131229
0.9747700697640899	0.04336045868595739
0.9732722687903566	0.041617580501307705
0.979083306348567	0.030722215212675708
0.9676178945929723	0.04055333717720823
0.9401354867178988	0.08889503551720049
0.9754152301190988	0.041126835872474676
0.9483644582088023	0.07299928017643453
0.9484421596223666	0.07018734796256647
0.9466705694952944	0.08947578133362644
0.9659972275023749	0.05841206002910371
0.974735235222712	0.03467399905001353
0.957121812623868	0.07175975205488794
0.9513981339122088	0.08167515284739951
0.9782268040198565	0.03743690377755887
0.9794596600809682	0.03469363329443331
0.9519618271194038	0.07445170302034315
0.9646791361174989	0.05207376857155896
0.9494966249010748	0.06531605646511321
0.9596353369833585	0.0641931435421848
0.9614416589111072	0.051070392114891464
0.9266440612808494	0.12027487632384914
0.9520645150228727	0.07213862753309325
0.9515388481742717	0.08233382800366745
0.9479488178007488	0.07273290555587891
0.9556592423325372	0.06713850592724052
0.9456185249689747	0.09156447321367805
0.9543672932920446	0.07428817541030824
0.9678401912391579	0.04686038155847941
0.9594272146601232	0.06636310071798157
0.9467143307015712	0.08932919921576182
0.9721999933386878	0.041492360177281806
0.9812073796566153	0.03230996127586777
0.9413338551473963	0.0963613624082395
0.9457402416790824	0.08064416639804006
0.9739039660427075	0.03943610561158509
0.942310056816971	0.08740425219041881
0.9561058200561177	0.0750962480667211
0.9590641711635323	0.06601034776192277
0.9708298406219753	0.04770244122311523
0.9450118268187842	0.08869336508353917
0.9852953379603968	0.024879271410157944
0.9661980252544403	0.054693142199614186
0.9618156851319765	0.06297907521277446
0.9269405323221424	0.11717234100679069
0.9531139678228424	0.07995884140338966
0.9546517707298526	0.07839789898380833
0.9462155570716375	0.07851117498663579
0.9415203393501208	0.0841644720887819
0.9452934710425069	0.09284824396481633
0.9712694237036348	0.04904953394203382
0.9625672823063676	0.06190225587027637
0.9674995065640204	0.052568142208239854
0.9716887710199961	0.045036391578289536
0.938437857228166	0.10115301537119814
0.9500935928987139	0.0808999214012305
0.9657062119035739	0.051184081519957056
0.9632562451674807	0.06114879248838728
0.9577025880599421	0.07092159253146679
0.92778245343374	0.11988764322029044
0.9390913715028453	0.09576211269277451
0.9681703644479485	0.03772125260954126
0.9667269657869358	0.0564326444716306
0.9583424962152376	0.0715266410664287
0.9486058966411989	0.0802212064601695
0.9484825417639796	0.08613204301760374
0.9453245453530216	0.08795084533503622
0.9671950786406013	0.0483551293506706
0.9417490027106163	0.09508935953897335
0.9395200212171799	0.09232753927403131
0.9493774915636221	0.08388493409103248
0.9659082738506785	0.0565253701660513
0.9563832859213549	0.07483547118664036
0.9856720911561496	0.024303514876223065
0.9482944137125325	0.0841563128971573
0.9562838960855246	0.07523535972130102
0.9645820609056157	0.05188219134489816
0.9622481585548052	0.04925307528273243
0.9615536776713348	0.05681104183803809
0.9552360090001628	0.0767634754482015
0.9557434024311208	0.07542595674453745
0.946617618725099	0.08850352331777067
0.9660047125487473	0.054633985610262475
0.9521066151065415	0.06211016328494681
0.9476714661061557	0.08493847249795633
0.9630900840209554	0.05907252725043133
0.9509133516940536	0.08290432043581536
0.9755751753364746	0.04103538396810252
0.9549609792818374	0.0703115308371135
0.9668863212122955	0.05256748577728354
0.9522418785686216	0.0712257000196117
0.9472498214855818	0.09059306817471935
0.9663223146969482	0.04148612187761071
0.9467036742473887	0.08534672752420719
0.9543170612750298	0.07846996561247677
0.9438478495659712	0.07978502549544372
0.9477968561671968	0.0727355629193838
0.9554253282521037	0.07418262717820762
0.9560208296565814	0.06706667315186769
0.9501003731172522	0.08229507143175196
0.9742127232287583	0.04373796542501246
0.9505528458832717	0.07783213342634221
0.9529175409723533	0.06346138514066671
0.9492026354653772	0.0763818859071615
0.9605856034185443	0.06041648971799796
0.9697834982401422	0.04885954555079575
0.9395903824701275	0.09711091510805203
0.9564732635356671	0.07388954286523164
0.9463420362607928	0.09086156392309874
0.9505602874410831	0.08449162619370093
0.9627392818897814	0.058307246030611826
0.9668958533267485	0.04789324041939014
0.9603687079352334	0.06638382560767081
0.9404531042127304	0.09902804579878355
0.9700269491910204	0.048050452805283916
0.9748380359714637	0.043098834406008535
0.9447309050832974	0.08826830984572731
0.952502723994686	0.07775735070372186
0.9522691954008103	0.0610796472847934
0.9800181399341384	0.021880683990773607
0.9467334881259597	0.08744765376572444
0.9496254465663555	0.08719129543010795
0.957840070265665	0.050509672913404205
0.9558298848160791	0.06039543759239546
0.9573542257926226	0.06080161995926585
0.9549953759269845	0.05598315350984604
0.9540377128161965	0.07684454328320417
0.9515744020370752	0.0824184208879134
0.9679003440806186	0.047423804884497794
0.9731784569319952	0.04546715993083733
0.9732040007593592	0.04174741882069599
0.9520198807430575	0.0792143869454549
0.9679593546188724	0.03802139729245939
0.9823503162195403	0.029851678791364855
0.9485187730405713	0.08685990051135256
0.9775576786218735	0.038622686526603056
0.9340425380939247	0.10123904637079362
0.9385101031441188	0.09751054706719098
0.94916298834088	0.06962102951717584
0.9488113569277273	0.08438276938747041
0.9735649062213548	0.04408269391401154
0.9597282025753471	0.06475713040030784
0.9752918009547706	0.03697085285605284
0.9525920288828512	0.06760369574524336
0.9598174904632769	0.06633734899980986
0.9742605673081092	0.04114646280160994
0.9679745324573074	0.054768645369354385
0.9462415058535233	0.08514658355081625
0.9706760469677441	0.045841561150230914
0.9722244871477179	0.04654198790643155
0.9626855772152166	0.06411482248574119
0.9550990383147607	0.07141896586412055
0.9257339465857528	0.12028629159780091
0.9578375759465441	0.06961667744966143
0.9534899146839521	0.0616358581123634
0.9535301817258338	0.057908322016960403
0.9557919300090307	0.06121252021359602
0.9737602698814588	0.03844060096662205
0.9316421494250411	0.11606947649992772
0.9499427395141471	0.08201633567768879
0.9604579894082983	0.06846594632978564
0.9502550559775683	0.08354018317205258
0.9566596169676417	0.07036645279749498
0.9627626948041454	0.06247535389131953
0.9585485202441271	0.06513028496451456
0.9636202027256306	0.0605893379604272
0.9495988563837099	0.06766032355396406
0.9668961572871486	0.05547693970220391
0.9607431244961432	0.06582175827954229
0.9585956805997582	0.058189856270843054
0.9530933859583279	0.07234994150883539
0.9625268727041152	0.06065194926767664
0.9558920800547491	0.06611167903436077
0.9589800981978487	0.0696686360378862
0.9666018571474441	0.057049295055634774
0.9532683389481968	0.07642581372009694
0.9789204124698039	0.03447904765546206
0.9530904693867275	0.07458273784010286
0.9712610237765051	0.04818281449004613
0.9510411522132717	0.0807680813695223
0.9716058440838754	0.04207540917233518
0.9666104335065865	0.054110238482184825
0.964030428694118	0.04425682229944497
0.9621786843536395	0.06181987859719529
0.967956039343704	0.054537578440562506
0.9796865677154635	0.03493177815563275
0.956686442610729	0.06685492435678464
0.9532366742708686	0.06518055840715417
0.9647662108572886	0.043059337047719456
0.966820157374222	0.049481754274598624
0.9671782323815122	0.05513788572004408
0.9748514806519387	0.03756765277803263
0.9597282436101247	0.06233057752028481
0.9702594010950925	0.04783275904880885
0.9522441612788036	0.07813235207752539
0.9692142443151235	0.05322224232014017
0.9604497656681058	0.06758335585267855
0.9509807978862437	0.07366812745818
0.953930147454053	0.07665435337324722
0.9496893504229688	0.07689207744071808
0.9415930924740584	0.096569492288824
0.9644141509058431	0.05601868356613676
0.9597231230558787	0.06511650079825396
0.9561350966539754	0.07392582073054638
0.9538289411535683	0.07348852281298535
0.9657148156203912	0.05364101913382824
0.9691319173372659	0.05345176724023182
0.9342222280047875	0.09540577786321916
0.9598886537902377	0.06428231587143757
0.9577838517214272	0.07291934406785772
0.9625810235598762	0.05843837598404222
0.9714261486371264	0.048949136683538286
0.9396629879810474	0.10406086991098701
0.9581689197660572	0.0689756960431186
0.9736144525139863	0.044951694618377225
0.9527226105821746	0.07992257106231149
0.933817722793596	0.09496742271977249
0.9590768295080684	0.05420390612595438
0.9661823414451244	0.0515619480287563
0.9724118395394449	0.047669749154907404
0.9755006005793053	0.03624196169422644
0.9782380367830139	0.03292677927672394
0.9722400078104564	0.04405478972494198
0.9553432741799067	0.0738294245548008
0.9627715320421895	0.04571512795061836
0.9540076965823117	0.0770123540520965
0.9660801728238674	0.051560620377073596
0.9641980377027528	0.061776604417983605
0.9450949326030447	0.07658762270487796
0.9527196884287957	0.07587685629998109
0.9704749778305125	0.04797069042089347
0.9601600387876329	0.06877027944423336
0.9497123964004691	0.0813394104219759
0.960028847134374	0.06879399990177154
0.9499984691241589	0.0842115396148364
0.9454768859396454	0.09393854429068177
0.9519866236017324	0.07980443742300697
0.9706465568221997	0.038607997724787846
0.9555215863951557	0.06742221267647854
0.9355922144411645	0.09832093066068842
0.9723530029737139	0.04708413178196236
0.9494914858765867	0.06450514470124408
0.9665039137893325	0.0516414187418171
0.9554715935697566	0.07542323896556791
0.9697402704994004	0.048800932855329104
0.9610383022860146	0.06293735016704793
0.9611485567299016	0.06707900840494918
0.9513060680666183	0.07578455008742119
0.9276348323952727	0.12213414350879481
0.9478815345701673	0.08766400313947137
0.9466698711477028	0.06821888490270765
0.9518082424010715	0.0809985106103786
0.9596316354357812	0.06713331992677829
0.9695118339332501	0.04614173775023145
0.9573914049667431	0.06949649792419099
0.9721177064612012	0.04818705451945138
0.9586700018618232	0.06859569684465083
0.955850857037633	0.06440502949971777
0.96290436025186	0.055009594773264794
0.9684819918044274	0.04561103725789588
0.9497081182472248	0.06338213338287377
0.9766432840126347	0.03733609236558311
0.951041717313403	0.08276475184325899
0.9465226055903166	0.07432399946498902
0.9644188483364671	0.05942577135394256
0.9687682713375236	0.04954767522737158
0.9537648922466438	0.07656101541298443
0.9550486622041575	0.07407987332191418
0.9641432016201074	0.06200257476013393
0.9696426684973548	0.042834731266869625
0.9481736812231892	0.07987365236997226
0.9653560858755955	0.05153042069535181
0.9461984637339603	0.0915371639559639
0.9590450456274616	0.06541671880762229
0.9775358608264113	0.03846830399415618
0.9732671156327174	0.03147932735250862
0.9825349392858372	0.026843689802764775
0.9426067541806475	0.08677174389716708
0.9471775950107514	0.07574215427895463
0.9487919466342566	0.0866573357822098
0.9235665428721063	0.11397753294992324
0.9657084520722884	0.053382137393350904
0.9673638238076561	0.05204415590655792
0.97923179460311	0.02922762130975262
0.9561423807060576	0.06958232712195689
0.9309955000705816	0.11115627092255465
0.9344714721765581	0.10156045183090218
0.9440290414187024	0.08011394970960789
0.934022171421319	0.10494016817969737
0.9793838359152509	0.028635774853458668
0.9657850783190396	0.045916459428703135
0.951227974410437	0.059899044040723506
0.9630476906609432	0.05350817478968789
0.9483766833682643	0.07206792471432968
0.9448611352362657	0.08800462100201922
0.9513303864121649	0.08142890054407936
0.9716255794269287	0.04579169555704765
0.9709749776797182	0.04871389974772172
0.9680520918469061	0.05230063204893309
0.9308145013710727	0.10242632352778591
0.9553882717947463	0.07654675476636619
0.9408647600625138	0.10011126030470957
0.966930294503533	0.04002047661830248
0.9319813593487959	0.10373292719017316
0.9575014391997102	0.06689369399786738
0.9687327350660678	0.05123544555228077
0.943836540173507	0.0893266724472172
0.9603705675090997	0.06857784560869751
0.9677740093792782	0.041628757070607286
0.9655530076348358	0.05321545813892828
0.9469009935093968	0.07462023774861548
0.9514256411131472	0.07907178113249752
0.9594730477256549	0.0641138121612237
0.9678789668492573	0.05539446112072621
0.9557672981740676	0.0747354340483693
0.953658113972646	0.07402659189557775
0.9369157003478128	0.09432058045764657
0.9514736681066225	0.07915290484227333
0.9488635860166194	0.08495943549753204
0.9639502686489381	0.06164443516817264
0.9445111898449501	0.08735934370737497
0.9709031345064597	0.049673880864821884
0.9551158645711176	0.07165706233528285
0.9618083201321923	0.0626948562045832
0.9620704186525656	0.06568467194841987
0.9689782531081959	0.049776133085535634
0.9555856169402501	0.054660056478310244
0.9427738340658111	0.09444165215939443
0.9607283503715955	0.06425998797240334
0.9619147788903214	0.06388515858251359
0.9590913126191356	0.06754040531621452
0.9534071201786553	0.07296895217994287
0.9716574896832232	0.04257530265430004
0.9499422720992181	0.08055548591337763
0.9505880604192986	0.08370411269262001
0.9530568490059559	0.07891649643732751
0.9486927866999675	0.07078549007960397
0.9659105946159637	0.0586279803151753
0.9460660930751298	0.09028587951016831
0.9562044310117044	0.05547312901040516
0.9593370441538551	0.06861981602189765
0.9642150879351978	0.053987769353150986
0.9669935585136507	0.054395466199085474
0.9629541757817063	0.044861130658816376
0.9504086341963137	0.08460728430875891
0.951507630523335	0.07602079181866309
0.9859511818209407	0.02192082033997625
0.9822399002332359	0.030581932734572992
0.958198995430651	0.07141858613280705
0.9607705275030035	0.06683369109779086
0.9446462394755386	0.09510006399625565
0.9591041681834459	0.06955096245777759
0.9637159304492452	0.050919322063443254
0.972162739689568	0.04417989616030005
0.9522307646429682	0.07587318165113216
0.9525237653765571	0.07402246793751266
0.9722159507994743	0.04408721477759578
0.9530011565611101	0.07323298029206454
0.9543339785795656	0.06945237891365688
0.9519588970154509	0.06552591661123826
0.942831217061537	0.0966975653761381
0.9532449299276499	0.07841988547561934
0.9579602208254662	0.06356602264751221
0.9628498199544124	0.053406963082281544
0.9400965230634355	0.07494198626340998
0.9557684922853267	0.065672437807134
0.9472194149304455	0.09012889603306912
0.9632502493483394	0.061600890180002255
0.9589398924771814	0.06255804939890686
0.9602533500582601	0.06273025742911695
0.9395579056792205	0.0886935560775684
0.9639952025673066	0.05627561059316011
0.9474375171301472	0.08975747434602732
0.9549657917451679	0.07202484855426816
0.9533734544422422	0.08018649087734026
0.9491344874127878	0.08480889877084441
0.9386924151211982	0.09688763633819142
0.9379351002871598	0.08784146809735535
0.952409592270809	0.06956988363713312
0.9659801542280404	0.05887000755361682
0.9654613331091841	0.050639434000989775
0.9466079640283025	0.08753768353425262
0.9497362256476887	0.07471233605223532
0.958888779111578	0.06860343852085365
0.9457327574930544	0.09316477030811582
0.9469861000727058	0.08545442561436206
0.9290308493349572	0.11790743537003784
0.9712114295968204	0.048903932354657786
0.9562865933932327	0.07324528874389707
0.9531295559477155	0.08045413060090723
0.9356779198283567	0.1107966579896244
0.9678046495397664	0.05205833592193859
0.9418542858000432	0.08873237340252949
0.9508653890743968	0.08140336588577085
0.945486444488015	0.08452849277391714
0.9491869743425911	0.06719548000222866
0.9404830963341512	0.09256152688953054
0.9776074388438241	0.03321900164481251
0.9528497616849231	0.07578841756170587
0.9719833985030296	0.0478829181859422
0.9493613756557688	0.08364087426873956
0.9495283953594033	0.08516273654387163
0.9703375370670569	0.05074501838548107
0.949824179360381	0.07523429465953113
0.9501149492648245	0.08555094825700427
0.9537745232765051	0.070644000858756
0.9345472581832552	0.11069112357470196
0.9667457545350285	0.05355493058946814
0.9651238018911019	0.04840259876101796
0.9604442612367525	0.06681843832614531
0.9455501974015591	0.08917340233271631
0.9699457196617993	0.045189753959616885
0.9483119981584537	0.08488661193918556
0.961088920689802	0.06422217244957362
0.9514936875510126	0.08189903117490938
0.9706844654866897	0.048868874245705574
0.952337524143372	0.07713241479602351
0.9533303876823469	0.0785822498604079
0.9642526391068185	0.0587026040843272
0.960709809319644	0.06380240875575027
0.937932476926485	0.10391520909074098
0.9521278151306635	0.07937056247474283
0.9833360127961943	0.02865116992963973
0.9561903975577382	0.07278095176850002
0.9330303779145662	0.1076904495912609
0.9525994323554569	0.08084487544744484
0.9519783885725687	0.0767893951724507
0.9453220747443013	0.08859522598823344
0.9758552751752841	0.036112222229045476
0.9410224244854881	0.09452277662505265
0.9667828491868353	0.05059893554590475
0.9492760184962034	0.07320937075939127
0.9602379855934731	0.0682306661828479
0.9451966636577432	0.07524767322452755
0.9609812750702995	0.06226601035125279
0.9505768107383129	0.08186928054519049
0.9454756929922469	0.07449157378630589
0.9452762287560621	0.07797683359448367
0.9465241146093756	0.08099484723168729
0.9661143397867501	0.04148520688033826
0.9620383983479251	0.057135781989920253
0.9571014181532663	0.07319094785385821
0.9590637244007877	0.0677810511450983
0.9774699984810614	0.03793043946091734
0.922363754224921	0.11800826930208325
0.9459809568323757	0.07656602040767094
0.9632223854429707	0.049205023907847006
0.9648285315523325	0.053446481475323146
0.9446105913184585	0.09429534493554348
0.9528367782023224	0.07968950374880102
0.9545751045596699	0.078536494527778
0.9453587908560159	0.0855811245234025
0.9608167489372921	0.061016755716334914
0.9662442672425855	0.0584380654147757
0.9477291883341202	0.08572345641388368
0.9553318992619069	0.06378800653302441
0.9536008387399709	0.07810616070733045
0.9658680165084923	0.05779821100782473
0.962463916353411	0.05191705833517421
0.9543311919518184	0.077273355345783
0.9482497300473868	0.08694864551768877
0.9704838554286537	0.04606763323655155
0.9554569612311283	0.05826041101581278
0.9643037685742222	0.05888662489259311
0.9583695811259598	0.06228862271734076
0.9656048291445303	0.059391408943462065
0.9640401121939943	0.050292538185929735
0.9670599525652365	0.04897728778140685
0.957574518619026	0.0624545288003065
0.9591709915673396	0.06556580673056522
0.9621885729820497	0.06474928759205717
0.9651239187667892	0.06038807296995552
0.9469282894682498	0.09050684443338258
0.9530332686692687	0.0796764154853915
0.9513815078321741	0.06862495973868862
0.9566328035180124	0.05723867045413751
0.9192856991703644	0.12053524289305728
0.9487780204489287	0.08064135069737088
0.9602918195390946	0.06760299744748732
0.9501995429619858	0.08373547746218096
0.9520711440971327	0.08087596109478062
0.9819391252606396	0.0278280947526256
0.9687657126331414	0.04839658449930473
0.9562547040573182	0.07416401633179392
0.9612096683190249	0.05392787349482564
0.9329526071526584	0.10478941347399848
0.9685492746421642	0.044875582765662725
0.9398536148241105	0.10015758861930191
0.9526823879241304	0.0779994099017578
0.9665871024762404	0.05349435872305408
0.9535245439452522	0.08015113504267435
0.9827773491763178	0.026967555075645716
0.946749820485838	0.07971238972344355
0.94551856096525	0.08814577052221056
0.9698041862102745	0.0466257569617288
0.9585908264669046	0.07097759040980711
0.9580184757527287	0.07251422955840525
0.9475418678583412	0.08980450532207651
0.9734842306797648	0.03801619191135755
0.9482478803000864	0.06595732627107065
0.9735821208844532	0.04559440762471095
0.9760222037541262	0.035959682476697535
0.9502013631598615	0.0840826424058212
0.9562345854614737	0.06799539884539163
0.922580434184624	0.1297251847829457
0.9734979257124144	0.04215308094000089
0.9588493208067069	0.06892910616140646
0.9769262434110294	0.03668978041868903
0.9646086230479026	0.06103236495785164
0.9715879500162177	0.04902778016636988
0.96338013455606	0.06280723443649938
0.9469821462171648	0.08373274498425909
0.9633036872256269	0.05512497763651131
0.9728752398576552	0.044683107621275975
0.9543087497803869	0.070578166700389
0.9524205839140927	0.07945396288099549
0.9714573328038911	0.04555564801438805
0.9557870729162543	0.0729955130903488
0.9714317897339715	0.046574598961758806
0.9600706000744795	0.06736805458405398
0.9722424838321876	0.042368943648207286
0.9628810359905954	0.06288986971772625
0.9357628527691639	0.10305722361445394
0.976139336838357	0.03849962838284399
0.9415831690042691	0.08414296314937084
0.9639381868691388	0.06150700098948925
0.9645907690510567	0.06118560669618933
0.9459680378702869	0.07800398127504361
0.9489106455697369	0.08598128384056009
0.966964034217661	0.053119518572579544
0.9399066547886421	0.10066078435420484
0.94869597600624	0.08782005664275133
0.9470093559518503	0.08796238973769127
0.9620464300351608	0.06565014972094041
0.9675321126731925	0.04298932103703895
0.9609072435412926	0.06163987520060679
0.9679195869378079	0.049815530040866
0.9604309865179423	0.06661556138644326
0.971980106663212	0.04802136004804297
0.9761856789592738	0.03719996562236039
0.9743050524652446	0.03776093316131082
0.9644790395797596	0.06034723327289826
0.9861939770328179	0.023663377365053473
0.9485371239702309	0.08344851613912069
0.9773295051729962	0.033864963385875024
0.9424528466589766	0.09300781046391349
0.9417403844943824	0.09686179822152774
0.9625733036781411	0.06184668622275402
0.9658821261598548	0.047922637730693746
0.9446492982284199	0.08133763733046248
0.9635215774698188	0.062233447134533604
0.9382395275455566	0.09904439049830988
0.9479592495856813	0.06873672463968203
0.9472450272223285	0.08079473628712114
0.9392302385414081	0.09991029307433769
0.9339555401239478	0.0955735912291234
0.9477834978302955	0.08480582220972038
0.9710081490069372	0.0428462296936063
0.962394708139128	0.05965406356485853
0.9422207475951138	0.09490702360434283
0.9710398174307588	0.03417842935454442
0.9557646558696413	0.07504521264196967
0.9653104577452807	0.06001146137643654
0.9694978899978284	0.051636211711909186
0.9610652741701898	0.05371710247875407
0.9635326990519951	0.05341641931242613
0.9554933784232379	0.07384915254510316
0.952632091519694	0.07334013618086316
0.965735400886659	0.043908985696970576
0.9427191721549387	0.09643614403824124
0.9491078330242361	0.08350401212078046
0.9511279391097105	0.08111312854962627
0.9473260082672831	0.0729172265930943
0.9649929543775592	0.04782276081390385
0.9427857135177625	0.08920772570288085
0.9707617147350541	0.0414867130175776
0.9623950942234087	0.058629083936710125
0.974684090239103	0.043040388710806454
0.9576308830463823	0.06802065619270298
0.975012280177815	0.04017828683508484
0.9752851202255055	0.038176623684021804
0.9560622350848256	0.06421773963679855
0.9638529843434728	0.05257241294028314
0.9788006798726185	0.035665025194738964
0.9758956095258299	0.04142960969327353
0.9803983757464586	0.03377312532663612
0.9664195300566514	0.057680617615645025
0.9485356250496084	0.08523870344768025
0.9414572126896421	0.09524271273605178
0.9438894039151928	0.08543972933738336
0.9565493246429079	0.07523367878259779
0.9590464047808311	0.05527936304949542
0.9545131062093527	0.07014026434035064
0.9287614975426246	0.09836265449258258
0.9458935330649452	0.09071877017509278
0.9612729548655565	0.06603748000380205
0.9787131592175399	0.03384574098882942
0.9481093002224249	0.08495234886133612
0.9688705014085012	0.05021561788943907
0.9615621465549864	0.06592096229424216
0.9500255742156085	0.08358420935129929
0.9561422403563563	0.05371687581566341
0.9448962670642913	0.0864248967588602
0.9655730396696459	0.05870155188825327
0.9537165547196843	0.06899828946570816
0.9727173225095422	0.041063057875970865
0.9742767619023934	0.04160138301850835
0.9675934797244033	0.048003233046318164
0.9684305340484237	0.05446060150599874
0.9527194391743692	0.08061839413934885
0.9618693142381562	0.06051155954374107
0.96696164453833	0.05423533224245103
0.9414862947876658	0.08780620604585429
0.9463252073238347	0.07557415807347978
0.9617814064829543	0.05455877791323274
0.9802150323159661	0.03389055762707566
0.952662344448537	0.05910616010717365
0.9591855950795366	0.05969007767892902
0.9517521831305624	0.07659638037047217
0.9582741608482656	0.05364894383807692
0.9619323629735852	0.06289703196043028
0.9433461697502867	0.09498998166503314
0.9543998725259247	0.07860896582053861
0.9539184122179263	0.07799439286388749
0.9594591546009662	0.06773642355909237
0.9544492124395968	0.07680996969141562
0.9572445546617617	0.07295249437956136
0.9634764982526035	0.05500773714441318
0.9591909245386487	0.0683770690931737
0.9546517964638208	0.07740512600766647
0.9481188953565483	0.08980565279614694
0.9549260613482616	0.07138155246705788
0.9671596524925977	0.050953401112315805
0.9620739917252045	0.06053689999736189
0.9454739714688728	0.08969136367148473
0.9666246203813798	0.05745179636162945
0.9717428657867512	0.04547672115892942
0.9707942030614289	0.05034680264200131
0.9584029843496386	0.07076548195212456
0.9759021025688583	0.04127192174488176
0.9517212047384963	0.07736660298893039
0.9665275760395302	0.055955889601776776
0.9499750843867152	0.07924803663465896
0.9717509436045049	0.04456039961407837
0.9660232979597868	0.051188285266809436
0.9394020377180422	0.08782688527925958
0.9700649183915002	0.04633725945964559
0.932677070063375	0.10679834137984351
0.9716546212462861	0.04512960641422609
0.9505212267958814	0.07278906081455244
0.9500883094867307	0.08254995256638364
0.9439506223172104	0.09590584909574962
0.9327355615659656	0.08625915360332717
0.9508509046212713	0.0793990206438189
0.9696869496634749	0.051834852014712995
0.961234376135211	0.06259293342889494
0.965551787977922	0.05651279107174195
0.9482577807247633	0.0751739949366811
0.952922290157552	0.07532670940060632
0.9688427444755708	0.04758748147121854
0.9412772180264201	0.09526449218436966
0.9559757539730617	0.07421763392857106
0.9512512385948013	0.08218892584629983
0.9450614548174598	0.08868164493659297
0.947293857200181	0.07133424594734944
0.9452529087688594	0.07198110502994029
0.9375151209052293	0.0934260405892691
0.9616115126148465	0.06391630843606072
0.9463791839319421	0.0912352588956084
0.9550338469204925	0.0749425362303916
0.9428511815242446	0.08699791604318166
0.9591323408725516	0.06945885199963125
0.9543350781060634	0.07460708023256729
0.9445425172882405	0.08956082430403259
0.9468185670947769	0.07637649228952678
0.947597434353369	0.07109818769370047
0.9537214445353638	0.0799665911914369
0.9667529245879282	0.056573491025763145
0.940834593581017	0.0964122288562671
0.9544417792614035	0.07633264343999907
0.9771856052248007	0.03653009047566813
0.9700617298060933	0.047268045409575576
0.9528148307664488	0.08062565779746261
0.9492324459728151	0.08607353441794341
0.9740527622381848	0.040899971862118745
0.947409036957383	0.0885535645148981
0.935063948358588	0.11152652406139718
0.9441967622905855	0.08923664492196462
0.9658746461052221	0.05906778652555256
0.9631981799241646	0.06352191489507031
0.9577132155808228	0.07313408139906763
0.9734682356682068	0.03828894572634941
0.9474592701747265	0.08510116651754168
0.9501662363496496	0.06704983460320833
0.9400259769729153	0.10080136105840348
0.9313096450643019	0.11492728064662888
0.9687316575187324	0.047505596423412344
0.9614687990752899	0.06132154495338246
0.9536076994985982	0.07212256343851348
0.9663683633810201	0.05043991458080371
0.9624275533369414	0.053560616857799434
0.937047822327857	0.09564759913462223
0.9652419411751233	0.050335321503485964
0.9712757239669417	0.04446190018426374
0.9545035744613172	0.07703302198283218
0.9755818895997923	0.03311199564868286
0.962107995799297	0.06499269059674662
0.9610465980825706	0.06288516015275936
0.9641796351548121	0.060734663363406605
0.9639238256141375	0.06050148611519318
0.9508113046655765	0.08409582995180026
0.9695325716550696	0.04619421650906036
0.9490912742992883	0.08373116018135435
0.9510121609083764	0.08093406590996982
0.9547811427941207	0.07784945548971334
0.9645856000211273	0.05424740530689992
0.9411699305287002	0.09964272264266127
0.9712322332420782	0.04730265730843636
0.9455896126675232	0.08139395458737511
0.9718849625347797	0.04845004152781551
0.9788917962764068	0.02957589626558707
0.9573995408488596	0.06550334629829863
0.9570287829230698	0.07154960745933225
0.9252935037079161	0.12231178604684523
0.9662174296205016	0.058341240307450803
0.9547286523856475	0.059251549858407124
0.964940458965301	0.04673420512161988
0.9524664789380185	0.08157363006492885
0.9500273956493184	0.07034467402271972
0.9713527389942245	0.048432648550845114
0.9453710734549998	0.08517804733857925
0.951707323707311	0.08231888483287042
0.9572322684462446	0.07248300943424035
0.9719640344583834	0.04641916261925755
0.9514875849246595	0.07877022648090354
0.9410446634690565	0.0953278942080037
0.9644185120534616	0.05590541801822499
