1.5625264638025263e-15	1.6324955080093746
3.411119524466925e-15	1.7062425731350448
2.2629125500549898e-15	1.4843979327996992
3.66934109798279e-15	1.6431178678371157
4.2906217053888485e-15	1.7187088114200946
2.7296542534317486e-15	1.461740674427044
3.2561491156005697e-15	1.7156374811471848
2.0428096474280514e-15	1.325651502429532
6.9836839303368775e-15	1.6639389433024205
6.6164725298261125e-15	1.7072081106649564
3.1999562173697255e-15	1.6646979617391744
4.105743879922753e-15	1.6858106934671744
2.30806758413485e-15	1.392852143863803
2.0479580522651007e-15	1.3248722037856915
2.7952449476658706e-15	1.3590037333194693
2.2035952182835198e-15	1.7050412791430751
8.020944638591011e-15	1.7262533200447554
2.661645383861142e-15	1.3486046713774507
1.9950947315730594e-15	1.609108910088922
2.9700081500798314e-15	1.4732327803160197
6.693496135509133e-15	1.4695297481559058
3.252284461610579e-15	1.6720137315987786
1.5467440316629299e-15	1.6409648950140827
2.520371143220145e-14	1.586219438273195
3.073892250906727e-15	1.7236971310906326
2.6825794848574102e-15	1.2136534354539008
4.018301476901331e-15	1.5000594276992683
4.3548575281082535e-15	1.7252977942607375
1.7678597962100788e-15	1.695619870558617
1.817763385281172e-15	1.626885890821943
3.5441096503521104e-15	1.5593816655051742
3.5158031071636755e-12	1.4180795583363792
1.5341095523600642e-15	1.5623825065160282
2.4841391179111424e-15	1.4628308112693549
1.3713587313484302e-15	1.706013529245336
2.985990325181217e-15	1.5184205682150609
1.6192538076512494e-15	1.6702569836118517
1.4079765677208604e-15	1.6782004114555664
1.9102474152076368e-15	1.6094667480685616
2.167956117276728e-15	1.5688051000422794
2.614897895804794e-15	1.2932518404618094
2.1882705086455e-15	1.7220980015435725
3.1156508741809232e-15	1.6999337391689442
3.94699559755945e-15	1.7316277310578865
2.3440210731651095e-15	1.4838422244819716
1.3900064252211255e-15	1.728247646183613
3.203960261226368e-15	1.5431451785795152
3.2835985274679283e-15	1.624197504230392
1.978723273006311e-15	1.7252676275649144
2.7360655417988473e-15	1.7162729938927022
1.1688102838322021e-14	1.655727570849459
1.362227281838754e-14	1.5626805663175771
2.568508588448713e-15	1.605448183023227
2.7923102333998266e-15	1.6522795796433405
1.8006603064408528e-15	1.515810557968068
4.684036682508749e-15	1.6555652334142168
2.0409750874069298e-15	1.4345567319798618
3.2957122170315027e-15	1.721602034430683
1.622377673883757e-15	1.5364216182170787
4.540825472162714e-15	1.4649640979996346
1.1863016844998585e-14	1.4310359936459145
1.9474627893147108e-15	1.6290085132450465
2.417083697165541e-15	1.4534903249263467
3.987248294849108e-15	1.7121308002660016
2.535717012605888e-15	1.5992359599517787
3.475565576093322e-15	1.644990707431722
2.161139898100379e-15	1.4648777003369315
3.0448451948588056e-15	1.5203620660011747
1.834029870622116e-15	1.571708532856705
7.862216362524171e-15	1.7159952321090135
1.592890545591705e-15	1.6466311904735758
4.858041820145557e-15	1.6777882778841242
3.679798962956756e-15	1.5557822273120707
1.304377282408404e-15	1.6915572945019228
2.2514918638652436e-15	1.6649641054766762
2.0926739807241856e-15	1.7279865926299887
1.0673485379164234e-14	1.6918836474922916
2.786750109650349e-15	1.4685925868608458
3.0400444456021474e-15	1.5813167722890795
2.3820344822828222e-14	1.6124113740751747
2.0226191279151336e-15	1.307525263408821
2.539063515943391e-15	1.6572116063325375
1.7273951677441244e-15	1.5933544095285503
4.941351109854683e-15	1.5505530797489988
2.994836525820274e-15	1.7089127110890932
3.199113246012386e-15	1.5547452537809892
5.886374591199577e-15	1.6518315940256048
2.0503471460461802e-15	1.4550828720736937
3.419486997717387e-15	1.5686075031128373
5.8562894595585515e-15	1.6069748948557243
3.296103715410839e-15	1.7146618905261293
2.9477856832548063e-15	1.1586184834931894
1.792091453767251e-15	1.344050484207667
2.6521531087373095e-15	1.3780009715030954
2.003846978936227e-15	1.706967497476699
2.0797924865704207e-15	1.569565919149417
2.6755466446641055e-15	1.596600580238136
1.7237624006331932e-15	1.574292668660518
1.558655765645591e-15	1.3969372612147524
6.3961304827240645e-15	1.6911660819101166
2.7753460569874486e-15	1.5561076817892852
4.080373495077146e-15	1.6067120959516776
3.0926157004955014e-15	1.4528659431490396
5.731994146998606e-15	1.67991032208628
2.8488060725224862e-15	1.7247328431204088
1.51171149815848e-15	1.624155459796661
2.449006125540353e-15	1.69538013349236
4.141700757145902e-15	1.700805677070993
1.7085135693560679e-16	1.644647448168464
1.6244397986775822e-15	1.6641384233775085
2.6736585330619403e-15	1.1896090164081954
2.1982432145495346e-15	1.481940930394233
2.557720075628724e-15	1.7125519128228806
7.918263893412452e-15	1.7318849100677527
2.8238848527492027e-15	1.661595817393374
2.1451537124424832e-15	1.3895834848856827
2.301465949757238e-15	1.4601414196162252
1.8869339367752192e-15	1.6712509472051535
2.6265957266183577e-15	1.6585232298133532
4.2790318289585885e-15	1.6455996367027375
2.4407302715857663e-15	1.5937094789949007
2.990688380250098e-15	1.700706356582327
3.902367073831918e-15	1.6888783361604482
1.8092583742273037e-15	1.6872960912924806
5.2152147547133206e-15	1.717234243705142
2.2081473270163236e-15	1.5886944480478495
7.34836630397223e-15	1.640017426357285
2.101018784940063e-15	1.6569261122481356
8.38642579347189e-15	1.5299048000933435
3.1372656337193823e-15	1.3527185374153814
1.6454468617081908e-14	1.5386278797036022
1.849475935326014e-15	1.5030299184848714
1.1666525339170962e-14	1.638454187282683
2.2372735398012346e-15	1.3903258753219674
1.6046897362636935e-15	1.6644150968117457
4.6504134476987365e-15	1.7021875091218222
9.376939304129733e-15	1.4941720575501058
4.786467767029372e-15	1.6443904252494783
1.87188547651357e-15	1.638132814168388
2.6444354443635857e-15	1.7131823930843497
1.5539125692724474e-15	1.6454146220559123
2.6080346508812565e-15	1.7216913162114724
3.069062356581902e-15	1.405363152682734
2.8294814780601237e-15	1.6513896474733798
2.2518510186616516e-15	1.5267432399127379
2.3196225826849594e-15	1.5018910696192234
1.8047765046856566e-15	1.4169933313233265
4.537620959965761e-15	1.544331030508095
5.345431450372962e-15	1.731500151470752
2.537589456139189e-15	1.5266425679166384
