2.2466522960758386e-15	1.7024261908386984
4.7129742342550295e-15	1.7292084307365387
2.210952825431889e-15	1.3994816683506728
4.186056859832308e-14	1.343103054538325
3.263174208651995e-15	1.532149032025253
1.454063565323319e-15	1.6654223613210222
4.211786158134524e-15	1.6104706961876012
1.6270753630877385e-15	1.2958033740875625
1.9449416766490267e-15	1.528289543944729
1.799652531965287e-15	1.7320407274479865
1.876453948906753e-15	1.7116727043895854
6.212688258591277e-14	1.684946487964406
2.699408298515754e-15	1.4719032991991075
2.0865901857666886e-15	1.4690014391058817
2.191431835524446e-15	1.6612022429356164
1.8017592795379555e-15	1.4619988934321224
3.4024808276802526e-15	1.6335703029271547
4.3941981436222274e-15	1.6988532401040786
3.426410715832041e-15	1.6965842724831166
7.107516444675779e-15	1.5809882689573105
1.2154454262684208e-14	1.5829968375604015
2.5315783218409808e-15	1.7280839247690887
2.0255110476478174e-15	1.331685239412908
2.3363193392221428e-14	1.3149422731324831
2.8195723462458872e-15	1.7152620444624418
1.250658652213989e-14	1.7085532725794887
1.3784600681753636e-15	1.7077852597331478
1.4192702732962149e-15	1.7145893156965657
2.1422925567550154e-15	1.397001718163957
2.0142946438576886e-15	1.4173789828853973
1.606865498770958e-15	1.2623827737496613
1.6135719086747549e-15	1.4755427935244478
2.67798910924898e-15	1.7122236290621031
2.6292158594988995e-15	1.5889229782778584
1.6079235694338334e-15	1.5746146841456654
3.1574785952416786e-15	1.6727815978881786
4.336074869395904e-15	1.7194651893460429
2.0392334244263005e-15	1.2673609938852026
2.1610856082069943e-15	1.614815828066825
5.699535192537911e-15	1.712666824272723
2.917869280150717e-15	1.5010323432119739
4.110960122413097e-15	1.432966895857955
1.7344814725056803e-15	1.3951225392199005
1.4464498191556393e-14	1.6058868943900482
2.1359567782000437e-15	1.569786726331316
6.245886952203215e-15	1.6462871951452658
7.340789480880594e-15	1.5857250027587535
2.2324685181129667e-15	1.5075683400653905
4.797996608500326e-14	1.3009218068723376
8.743207003323492e-15	1.4909934762544457
1.3826867437897572e-15	1.6539269764440385
2.506215272105015e-15	1.7318340704976605
1.687386498863276e-15	1.5331469424417112
1.8333282659235925e-15	1.56290451744485
3.138460258217977e-15	1.7158275708849202
1.8856219583366364e-15	1.3393734852665962
2.0574842925676094e-15	1.3416670458137643
1.0496313544161723e-14	1.6683566382527792
2.3812641758393902e-15	1.7273375464349008
4.1981331351779004e-15	1.6170975046356844
1.7383037496587944e-15	1.4490786214165055
2.346139216982441e-15	1.535701232582276
1.3028792955261286e-14	1.6451063933985737
9.297584810021537e-15	1.4548885015641173
1.5056672018769527e-15	1.5679800678385796
1.7132265561119076e-15	1.7050225937465737
2.52410780445346e-15	1.623499471028143
3.126131469403844e-15	1.6324350926135738
3.469174607112579e-15	1.5019816005033348
1.8374033438091033e-15	1.6795574500589558
3.803742116451903e-15	1.6771807889915773
4.471694828758123e-15	1.7244364666896481
1.3875079692949563e-15	1.6819087966621555
1.5555372207793393e-15	1.5542556797467988
4.514569881584572e-15	1.6206260004147914
2.2620044582050062e-15	1.4484340992824887
3.567764150521897e-15	1.6876647200000967
3.909095167320701e-15	1.7277202759268167
3.540074541238319e-15	1.7231502882388434
2.5517073627551617e-15	1.4261889159782897
1.372608351206814e-15	1.7042375673689483
1.7670963504623562e-15	1.7128307329938377
2.422466213707008e-15	1.6557142836246814
2.1954840152313745e-15	1.4699605699890828
2.6500782590463056e-15	1.3926644175256662
2.2171619272245656e-15	1.4373308657598094
1.6830876126181593e-15	1.5711357829272063
4.622956554300761e-15	1.7215643921554835
2.1489925199177938e-15	1.4517964795291616
3.663786264353657e-14	1.4970815320035247
2.181995180668152e-15	1.718643442561171
3.0006865886971217e-15	1.7293985480713991
1.853572545203161e-15	1.7134659613063947
1.8991966298870844e-15	1.6836091371241888
3.602841651142301e-15	1.6921420633546367
3.0405637282642528e-15	1.7207112833039009
1.6552059903637908e-15	1.4597190451382276
2.6232568775270395e-15	1.33252725708754
1.7358367977141253e-15	1.5749564551727095
7.144424033518602e-15	1.5605328068176858
1.615119217176577e-15	1.6957124358054636
2.521603634293185e-15	1.4425831502389146
1.6184167617249564e-15	1.662806450271399
2.4391832973114403e-15	1.3316174664760152
2.0929756270597382e-15	1.6536804072907891
2.2136145257556937e-15	1.4585088662263446
3.874482283673299e-15	1.517207040548
3.8342875178802194e-15	1.4686190205309686
2.1738907570188877e-15	1.7189536970594377
1.996329617148551e-15	1.281979287811167
2.8751765423874565e-15	1.5273073543961342
2.4934713187668578e-15	1.3808743202597857
2.8819157163610664e-15	1.6786603510059843
1.8610842520165926e-15	1.5640269239459346
3.422686589784304e-15	1.7028344239009177
2.8187924153944046e-15	1.68906807591513
1.9924196448261136e-15	1.5276947506651775
2.1265899529106776e-15	1.4437185243362265
6.675842279621831e-15	1.6473450266069283
2.898435877584694e-15	1.4010172692336582
2.1784815405747905e-15	1.4780262423852337
1.4287680778891162e-15	1.6474494122051757
2.5330466579490577e-15	1.6143341304900085
1.7049821705879088e-15	1.6777924015873857
1.633186542820328e-15	1.5130524281533488
1.825924600218064e-15	1.7140697109518583
1.8893052159942487e-15	1.4514594096464324
4.321957644708829e-15	1.6659660061643176
1.414028771534265e-15	1.6580797398969027
1.4231551387997812e-15	1.6497298290320965
2.1533172110567843e-15	1.2996900242148874
1.615461246602677e-15	1.641683099494701
2.838948272881906e-15	1.41216900109431
1.65874783795322e-15	1.47874767368535
2.089029200787825e-15	1.5655974189322817
1.7282615272021365e-15	1.491738582431254
1.8800737926294283e-15	1.4437420148130156
2.654195811154973e-15	1.5519544553523974
1.297430090543918e-15	1.7254243655652823
1.428401557936493e-15	1.7101832642548693
3.0062512401141167e-15	1.6027079351773712
1.740061358358357e-15	1.4051056978643035
1.9381222143880392e-15	1.4889316737930367
2.144644067180676e-15	1.707342805683514
6.256732744293533e-15	1.6368007476792306
1.9641891112824455e-15	1.5410592100477936
1.7169897855006294e-15	1.565629640874779
1.9633320326889203e-15	1.6368107003144363
2.5907058042964373e-15	1.72026783744065
1.9029579911853053e-15	1.4822067223465505
2.5573055002867156e-15	1.5380191703779955
3.379373300341115e-15	1.7186339580901164
1.3913842789153748e-15	1.6761882197445903
1.62868703258309e-15	1.7233766132144863
1.4417575554397618e-15	1.6155615925115645
5.5370079931670105e-14	1.4045640993256394
2.1515255770567474e-15	1.4814827617114277
2.397034085068509e-15	1.4425639124668816
3.6431332683676645e-15	1.6458479991312236
1.886075486019524e-15	1.7239748522549858
6.6078876565270176e-15	1.6809951433355352
1.4015678800641427e-15	1.67068355807181
3.992241596110864e-15	1.4898537861668646
1.554291064135884e-15	1.635499142870073
1.8797252432905853e-15	1.5084141300045046
2.9257469556401756e-15	1.6983529439239162
4.320132376036132e-15	1.7239636450388174
3.805438459878497e-15	1.4288227251635308
2.349777407694103e-15	1.5358146350312427
5.63501173733757e-14	1.528304158507173
1.8276662098928173e-15	1.714919138873996
9.50554213207351e-15	1.693744532654998
1.317457324052264e-14	1.6590256391982527
1.6147761789862464e-15	1.3743558082552363
4.299220443088061e-15	1.7155343656675275
2.600131881713048e-15	1.4179326710476372
1.9368795372195857e-15	1.5799087100235538
5.401283529381929e-15	1.666865694949077
1.978449790896064e-15	1.4901316243809835
2.2935042172676394e-15	1.55235817897722
2.643131785109396e-15	1.5530501952349853
2.258574899800584e-15	1.2656869744192991
2.9731940914698756e-15	1.681730076104749
1.2809564249372774e-14	1.5646720007834178
1.6828502441605515e-15	1.7041990132938327
7.607512789608585e-15	1.6973728038112035
1.843667577416915e-15	1.2254133217894507
1.3619049678268947e-15	1.7123332153794313
1.946514874275046e-15	1.6123912585668339
7.485926214427472e-15	1.570543477565523
2.4746358530639214e-15	1.3514886926846041
8.231191541908793e-15	1.6183534669127893
4.585012210119887e-15	1.6858861527239222
1.778970426518801e-15	1.4854202610597007
2.380603838350026e-15	1.7230953434374638
3.0520226830546352e-15	1.5524443259046394
3.975840671021187e-15	1.722945819525318
2.306004373971784e-15	1.7252043660778928
1.8548005745803666e-15	1.4207332154603858
1.6725310369907871e-15	1.3840851803297252
3.0040835237752815e-15	1.68060407425371
5.021038393222056e-14	1.4758844260899222
5.7233402995191754e-15	1.7206829256468397
2.2696817182594363e-15	1.5726413245345614
1.9926223389716658e-15	1.5254395251921504
2.079028878205215e-15	1.6679799417209618
1.8322927164318436e-15	1.7167796221738683
6.510085686394469e-14	1.3484528862490779
1.1387401589772833e-14	1.7207119691839372
2.397074933857428e-15	1.721312263331598
3.4885539996570233e-15	1.7160631186206623
2.1822122014393876e-15	1.7209231593226488
4.104684796719386e-15	1.6945211168674228
7.145251047659404e-15	1.6824305484104598
5.419353293630874e-15	1.6873929698443688
1.6650855865481717e-15	1.378362991981112
6.8311091379373465e-15	1.7194303532113444
1.6460157644759308e-15	1.4764803272025995
2.058525787429528e-15	1.6228270625986054
1.0906889768680364e-14	1.7053235816655459
2.1029248499039765e-15	1.617623162483811
2.3850949075768163e-15	1.7259321326808317
2.555929266412658e-15	1.6919840371162842
2.2636928638194974e-15	1.6688127693908585
6.24746105540457e-15	1.7049040278005323
1.3951767371271468e-15	1.6847379374097553
2.358188982744513e-15	1.3314790055420458
3.5316392355533387e-15	1.7140606214613892
1.3757660577050804e-15	1.6927092317305927
2.1753382926853865e-14	1.6119960746202566
2.7361694250890393e-15	1.6988186020513267
1.6105720461515498e-15	1.7314987512799165
2.4410648200944154e-15	1.4988805026494707
3.573655570430914e-15	1.5672192242428258
1.8859412385715447e-15	1.4817882536720026
6.850462407944936e-15	1.715242085407751
2.1846404131725334e-15	1.6463191743702885
1.3601321187531841e-14	1.625298006536204
1.875552446804413e-15	1.5499784786092428
3.1275729192484727e-15	1.3987782282101644
4.350019839804114e-15	1.7304487250207712
3.3097283936061164e-15	1.7041670065556171
1.9591382618495594e-15	1.3996806281717422
2.1699576787117896e-15	1.6603948492228153
1.9837102032071184e-15	1.6127239175470254
2.0620611135899273e-15	1.2453864862674837
1.696781715417897e-15	1.378749848673181
1.9265611238825e-15	1.4405577714757594
2.93455236148082e-15	1.6099160922129487
1.614810389668339e-15	1.4748472141193907
1.7875501288098164e-15	1.4818787118133563
2.903683138054053e-15	1.3400501324625465
2.374363029302732e-15	1.6080145366639278
5.8486631413659e-15	1.5780939962725276
3.324625875606328e-15	1.4952296177969089
4.8183675495491824e-15	1.659537626620265
2.7122092448537607e-15	1.6883732167035843
1.830103833360845e-15	1.7206302463284775
4.178642438612937e-15	1.722782359732416
9.183253222618152e-15	1.5922325847273018
2.601002495857452e-15	1.225307709057938
2.8663803572044976e-15	1.7005003511239103
7.571988764541555e-15	1.7062898871970105
2.3716757291966514e-14	1.4135557021800709
9.20861046903049e-15	1.5995826174321799
5.5437638145281374e-15	1.7101022242013266
1.5933697692864325e-15	1.4358706013603737
2.301901091087747e-15	1.6626439800726018
1.4689983170733271e-15	1.6676832025293264
2.133361618860177e-15	1.5450412755331968
2.3431850272208054e-15	1.3335450761582148
2.153168430854003e-15	1.607498330699587
5.9547468095292115e-15	1.5775734129814198
3.895996147302401e-15	1.710313737238469
1.6216518379374166e-15	1.6166179100733928
2.069783067848202e-15	1.4926339896293639
2.294855293052447e-14	1.4653003886539513
1.3626990740627421e-15	1.7148905572828563
2.4852608157541253e-15	1.7167339840027678
1.7230538492655413e-15	1.4656828613863258
1.5786994839345703e-14	1.542657711538026
1.0969606429702826e-14	1.4806074637368303
2.0306638687329125e-15	1.4290188748399353
1.1896576736156404e-14	1.5830297054061713
1.6833532084558687e-15	1.5689963494047179
4.805937145967772e-15	1.6548906344025816
1.87065780418734e-15	1.5996185524191473
1.603469478699967e-15	1.474567703686728
1.484506922959616e-15	1.5810018067689469
1.913403325680343e-15	1.666549294245742
5.32846023504552e-15	1.6535097091439663
1.7733845925065781e-15	1.4175024663886386
2.4690556656158853e-15	1.6965485978612553
2.0493267546905014e-15	1.4560443964783465
1.4337755851339928e-15	1.642285634286929
1.7110825197418231e-15	1.595303420129315
2.058004102404664e-15	1.5070155958410596
2.2637808851996734e-15	1.4480520243024002
1.8777329825659717e-15	1.260937185513906
1.4750988088951069e-15	1.7107348429752411
4.914368126799565e-15	1.6721953533340552
1.7733900801451102e-15	1.6235896407338395
6.9649001658533345e-15	1.597601127397351
2.0810844228073464e-15	1.6367883815220359
2.1981428278851627e-15	1.7082692242945572
3.576676674200744e-15	1.6861655227977848
2.3204252127940323e-15	1.5627942500472316
6.98920911573495e-15	1.5564594178729356
4.457515311856807e-15	1.7147325497492292
3.3197771919037598e-15	1.705897917031652
1.8956309497329953e-14	1.3537907148397998
1.523143754972796e-15	1.539370851189156
2.1534552664958895e-15	1.7040952974349928
1.7408807937881644e-15	1.5038382703759268
1.5427624292754583e-14	1.6674449610828939
2.088654217531829e-15	1.2996048899386408
2.4755676315707378e-15	1.6589243258114361
5.3964373992595936e-15	1.607150568016349
2.952144161335452e-15	1.702122428790799
4.365100435219446e-15	1.72076374212594
2.535602602559821e-15	1.6053588408245412
1.6469918589415014e-14	1.5782498547580637
5.40169153302714e-15	1.7143667270277996
3.2404383190673232e-15	1.6948544834833903
1.7514894808512473e-15	1.6432338347136377
1.755613664087938e-15	1.4868155079209395
2.0035748819808047e-15	1.6953895212819265
3.3638343106446517e-15	1.7061423620423863
2.253071376556299e-15	1.4355270212656186
4.509369871275989e-15	1.7216093755213184
1.7087885069291962e-15	1.629729955490009
1.813474260428467e-15	1.6516704133936515
1.6414859152049604e-15	1.6591404912665297
3.4174633726966495e-15	1.4780731572197339
1.5313754111189725e-15	1.5868046591939695
6.02700389692918e-15	1.6844380647478003
1.8713532372949894e-15	1.7031904536052642
3.2759973815435524e-15	1.7150772503453033
2.8153798264946173e-15	1.5839639466282007
7.595260655585893e-15	1.5626157845125181
6.322896874849045e-15	1.605108367400875
2.3779489998411582e-15	1.7310884234540467
4.498870575508715e-15	1.6027661765549386
1.8652333491957763e-14	1.562058877504737
1.9053384085502478e-15	1.634237815068542
1.2081574215839377e-14	1.5446975614403875
1.6552577306701665e-15	1.5789102394756065
1.3729855636109882e-15	1.6975980780393174
4.396178921788481e-15	1.7133085594769861
1.4012984695183757e-14	1.7210208411750547
1.6533838765449825e-15	1.731318145633182
6.947912136264024e-15	1.5113608070026543
2.60210073786235e-15	1.6321760439241517
9.172467757387728e-14	1.4862883318572366
1.1982734411271309e-14	1.541238481679581
3.4627801975747803e-15	1.688981055546659
1.9731005547101863e-15	1.4658845307592574
2.2486015915039763e-15	1.6198493471132989
3.013143745125491e-15	1.7110967408307325
1.4184215210229769e-15	1.6639918346321867
2.0030589054342763e-15	1.227834702320283
2.378950083000817e-15	1.3605722496590105
2.2282543015417784e-15	1.708206438078016
3.0842354595819323e-15	1.64778326059635
2.144871987439909e-15	1.7086586052090773
1.6579799872146605e-15	1.5709119696898513
2.1998123197663896e-15	1.6571129931920163
2.7225105840236975e-15	1.684454252747169
1.5291444623636154e-15	1.6197944991202848
1.4113822431328474e-15	1.6920975766379422
1.9311746925140817e-15	1.1714131681914153
8.774066649988984e-15	1.5935360082747436
2.8965605898645105e-15	1.6477760429339185
1.5297495378460334e-15	1.6561518112085976
2.295242499650196e-15	1.673649526580608
1.7294331719243577e-15	1.5280019278857289
2.1764225199386624e-15	1.715623204051806
1.1335390920021573e-14	1.413583553074858
1.5017359440153682e-15	1.5864067252659075
1.976142966593912e-15	1.6357699075770906
2.6848293752483835e-15	1.6699258410677205
2.2226984280556794e-15	1.6414407850961261
1.4404145239791344e-15	1.6306597404550263
2.2285162339564795e-15	1.6158724213233602
1.4842092505525325e-14	1.5142342743831934
2.9896465204725224e-15	1.5653178398883314
1.8227219569574296e-15	1.420342978188528
8.826538174213448e-15	1.6328169499397323
2.5583020186316307e-14	1.3251477595096597
4.122731755871396e-15	1.6765684815349218
1.9739162612430928e-15	1.175778855268672
1.644772667064996e-15	1.3094930496577315
1.9225313162123884e-15	1.5649970089540468
3.049202948907752e-15	1.7064458244383203
1.74641004392573e-15	1.7160114665581274
2.6179828074858793e-15	1.4795133022994953
4.3010162884614724e-15	1.706983169968315
2.3328239778140932e-15	1.41045579256043
4.878642554218488e-15	1.5404620595396543
5.270346253870429e-15	1.7199469363809379
1.6009405301883325e-15	1.4321202518351577
4.867140454976447e-15	1.670785922160203
2.875804326986316e-15	1.60808207282767
5.776641148881811e-15	1.630727770443955
2.4982750417213357e-15	1.5280486792672494
3.859595658614844e-15	1.7200460967887605
1.8862132896651414e-14	1.6991843064805037
2.0619974675135298e-15	1.704315469563207
2.249298515663877e-15	1.6430792454101801
1.9283404112555676e-15	1.5454623357761232
5.1141025399969546e-15	1.626770919651286
3.007225320675468e-14	1.7309780646206518
1.9329125600373534e-15	1.2170228873382425
2.6171381613563786e-15	1.650752939226718
7.877593995366598e-15	1.4168024655585292
6.581745763341151e-15	1.3865641292798236
1.4925119544581513e-15	1.6689788729758717
2.5914802874960742e-15	1.7099439849647482
3.090402724067297e-15	1.7047091158704517
5.0550747149432165e-15	1.6922332154837414
2.6479037432825445e-15	1.7160161163083703
1.68177231892713e-14	1.6067498247198913
2.7436510958913494e-15	1.5388411954121852
2.760781531857706e-15	1.615626807968573
9.49196103325482e-15	1.690310525430943
1.7707219128235461e-15	1.426059225231504
1.836910107946307e-15	1.5653060768017926
1.915780601862673e-15	1.3968476092811462
1.9419061902759593e-15	1.4575137605398507
1.0138073079237824e-14	1.6764868771214385
4.717917263852306e-15	1.6927386049565962
3.4133941690774134e-15	1.526122055064497
1.543213741250994e-15	1.7161590940473443
2.3455472171872894e-15	1.5124847811218487
1.558622337198686e-15	1.6484050324686872
8.931635703524482e-15	1.725338556746217
2.2832194177737274e-15	1.6982734053592574
2.0187878857991344e-15	1.7003956426211313
2.6323056271316635e-15	1.5487083260944705
2.8811199715690027e-15	1.4518128609216572
2.0269540587369004e-15	1.5138151494830456
3.1438945180680685e-15	1.712421289717112
3.6654911221398555e-15	1.5977462357076915
3.040882708182988e-15	1.7118187175763082
7.222738620558288e-15	1.7319898947477985
1.5530708106498165e-15	1.6154813131932853
1.8454726851620473e-15	1.3507820317834562
1.9474011259617672e-15	1.478751712207222
2.078657172567354e-15	1.4783786788719437
1.5377698443616691e-15	1.704552514664475
4.3849852929119826e-15	1.633928478272252
2.2917479865949618e-15	1.5510976375169447
1.6770265887700161e-15	1.420164720497812
2.078125970463086e-15	1.603511780172656
3.1341868829632676e-15	1.5525717978848452
2.9854801502089023e-15	1.6759579771322102
1.5558112656402836e-15	1.5312904466941006
2.045771232750448e-15	1.7202740001653987
2.4620333855974182e-15	1.7046787679324984
6.3940229701503734e-15	1.7224118480274846
1.3048424936869446e-14	1.5020359176592732
2.495030367051211e-15	1.6152687906928924
5.531138450862333e-15	1.612495017789306
2.1143115384525223e-15	1.5606541898311193
2.019880156295135e-15	1.3480110819909294
1.7842974061026756e-15	1.654540371388971
5.424704850202648e-15	1.5912960334237913
2.580939470583977e-15	1.598927352116863
5.582389209375166e-15	1.6700707664656003
1.7098734907108862e-15	1.4839977281352867
1.4573959390942955e-15	1.6349541035966269
3.3114283525351885e-15	1.6869008963774133
3.248757823040752e-15	1.4531366256123335
4.449652887913446e-15	1.6921714304047808
1.7553555817183057e-15	1.7299577147393128
1.983517881485738e-15	1.6123701507290709
7.671399743349563e-15	1.621246508967144
2.0283452909275856e-15	1.4887308943341426
3.0074363296544333e-15	1.6863589252682007
3.335124277996898e-15	1.5618934485685334
2.3579054325876753e-15	1.483730524631736
1.741233877078816e-14	1.7084179555373928
8.876403301898171e-15	1.7076636622072066
3.281820612078435e-15	1.6476652361045394
3.601670161671446e-15	1.7198948107705374
2.861257544015113e-15	1.656290704205651
1.7396402655575728e-15	1.7171198764733266
1.0687963839203663e-14	1.7160609583547135
3.0413871714257576e-15	1.6648628921369673
1.5940275948105983e-15	1.4839080508670999
3.5631565784070864e-14	1.4513801687089998
9.099903090590436e-15	1.675421832662829
1.7480975538577519e-15	1.5491340336200694
2.284823675299119e-15	1.630097420704835
1.7738628694740247e-15	1.486673499557237
1.4027752349537648e-15	1.7108352327372456
1.712957011675897e-15	1.607576455972397
1.362743059316242e-15	1.6924309773818398
2.2243518117820545e-15	1.642348960842321
2.035974976218557e-15	1.2141326524375948
1.5405913215747855e-15	1.5833772398829207
1.5063117210953335e-15	1.5178980768807024
2.4078290045997037e-15	1.2585105503445588
2.8120517598365812e-15	1.6897005815570303
2.395483043106326e-15	1.5755726288064695
1.7166501453926922e-15	1.4084448869641155
5.915709927136978e-15	1.6729359884711297
3.04631930203161e-15	1.7153304625006598
1.8454958643655583e-15	1.3909092135621075
1.9754393363838945e-15	1.570091325688931
3.2108932026466372e-15	1.7275261762884897
2.173456615354577e-15	1.4870348770213404
1.7823667449948566e-15	1.461376450914136
1.79596794023528e-15	1.7159825968138687
1.7352410202062684e-15	1.6125864378969692
1.8588973306486176e-15	1.71514785085277
3.3518492838734277e-15	1.6978056091176366
2.7589242906855535e-15	1.725260233554657
2.7762098074968866e-15	1.70319466891779
6.2186778327931244e-15	1.6655621486095984
2.474462554825728e-15	1.709610979454523
1.9989967560535085e-15	1.356391106164023
2.1031690322254677e-15	1.1613855444943377
2.35578949838283e-15	1.418029040595031
4.435547348185244e-15	1.6571586577342867
3.446213027088528e-15	1.6729522207264793
2.183789485128184e-15	1.5369331707233012
3.834064102118889e-15	1.7270806028338956
4.363932514150814e-15	1.594376636519542
1.4462058526494091e-15	1.607573899639206
1.9160024536076955e-15	1.614856599116373
1.888181593033873e-16	1.4973967488834856
4.033048584431203e-15	1.715015548106727
1.870956572393034e-15	1.6350437532695035
1.6696452070536056e-15	1.396074373291817
1.62334783582743e-15	1.1574311912937614
1.4659581018427316e-15	1.7292375533253503
1.2111926164546318e-13	1.4191345974765617
2.1336514874563657e-15	1.590626527260072
2.1818642578449014e-15	1.1651736582536485
1.582508322476847e-15	1.2279733725910664
1.9876804145092382e-14	1.7103583802059112
2.1393539110407355e-15	1.6563763160771459
1.3181459122254979e-14	1.5538926596649172
3.445302299904736e-15	1.7105184074688289
1.6496881482262464e-15	1.578816187348722
1.6410138963088627e-15	1.5628816202132392
7.071825461767648e-15	1.6963689146381171
2.217054831652738e-15	1.600019084556103
2.4649778323561387e-15	1.1910185215917355
4.45448043684349e-15	1.7159377436591596
5.217528539271097e-15	1.7298371361692315
1.556459977510883e-15	1.7088734280053508
3.992384325055405e-15	1.6876139512068185
1.797634184688918e-15	1.5836809768928528
2.9604845611778185e-15	1.5622218129227394
4.382195728901931e-15	1.604251752032626
3.936717007308538e-15	1.7153085082333184
1.2326020227397016e-14	1.6759116210951734
2.5856550016793405e-15	1.5522230756152582
1.624659720902597e-14	1.605984980422146
8.959330269364528e-15	1.5657048292558609
1.4067551886088766e-15	1.6603193496397015
1.4196137043232038e-15	1.6817819074387539
1.2733359362811304e-14	1.5489698827689784
1.583337323360863e-14	1.4791295979324908
2.4836840558157242e-15	1.4075085685902051
4.394774965960951e-15	1.7060395968916193
2.2210656820558867e-15	1.2385082588345386
2.6157401341872316e-15	1.3865933882444326
1.7363447106572813e-15	1.6962850970384165
1.2500119592613511e-14	1.4100910566778373
1.7482006871670652e-15	1.4606863334735798
3.183265049288412e-15	1.68932132006619
4.404622815617465e-14	1.6164528459476104
6.694810418676993e-15	1.669617856494627
2.219931354820467e-15	1.471844099008948
2.7014962067495346e-15	1.7218083333232777
1.788526652059511e-15	1.6522345777237295
6.18371466465171e-15	1.6519573268548524
2.638927186868649e-15	1.6322143567131202
1.9540569133878273e-15	1.417885274775142
2.5000462237569914e-15	1.5325966547685317
1.8787727973133987e-15	1.7174994762466693
3.4312001110382622e-15	1.7256583447626377
6.8612941351980845e-15	1.7000903807870815
2.1785753311782963e-15	1.6375141164310534
1.4203431238606999e-14	1.5481564519620525
6.523396886420111e-15	1.6672932379626557
1.647623621278485e-15	1.6563015238504712
2.990762965814575e-15	1.656650464441209
2.5916790677679872e-15	1.6768051472330918
1.159701192955529e-14	1.5799154400303679
1.924892938874625e-15	1.300311311178723
1.882101599042004e-15	1.6716470283226408
1.7030210263037788e-15	1.5215121238678542
1.5962890465483333e-15	1.3302146485558775
4.287131037477934e-15	1.7103724070529092
1.6578422690740297e-15	1.4601450394877513
6.425915247192641e-15	1.6591549227789923
2.3637389776012055e-15	1.7026412343583077
2.698131737841946e-15	1.6864852811632136
1.9542187581175746e-15	1.6223492155604746
2.954755347277026e-15	1.6511171016466868
1.8878974832442337e-15	1.3295624303379205
4.350554306981521e-15	1.7254279674953237
2.7641767932441006e-15	1.5432038103696324
2.7180022827732172e-15	1.3122678831314865
1.3432169495059389e-15	1.7187679070904358
2.2700234610849144e-15	1.5101747715552618
3.778097559838148e-15	1.703404706144376
4.705086699341693e-15	1.6770807236316125
1.899170382340304e-15	1.691048855714236
4.4303050210868706e-15	1.66716505112693
1.6765750142594997e-15	1.6359047964329299
3.2996184057824597e-15	1.4782652312061297
1.0798108625406946e-14	1.5620157063404168
3.415917279924322e-15	1.4261385659678416
2.4309008592586316e-15	1.6008942834950137
1.9198496115597657e-15	1.188911395021288
1.462198482584027e-15	1.6946813904767142
1.6822259764326408e-14	1.5563058288028562
2.6042719722405772e-15	1.6978426913853286
2.359488435031581e-15	1.680041838340562
1.1874083184564945e-14	1.5008273724313237
1.5952178869397826e-15	1.0638184179999772
1.6578644580248024e-15	1.624026327397723
1.7855771326619404e-15	1.6561638682758988
1.6109829361322344e-15	1.472230445681219
