2.4330947005848582e-14	1.7038742392197113
1.8027019318505027e-15	1.7152718233257942
2.4096586023391142e-15	1.5060410069386436
2.4387645259453612e-15	1.6921807961755704
3.581048295442196e-15	1.642459688021363
3.924845615668366e-15	1.639238585685518
2.6906076986659993e-15	1.3559722731086434
1.9480534503218187e-14	1.6510831064201388
1.8636439457616867e-15	1.6748898265804908
2.694386660323403e-15	1.38017093748045
2.4318561909368897e-12	1.0399988310482904
2.7989780940790326e-14	1.6121312485544563
4.069234463305648e-15	1.6452951002775769
4.141182991986333e-15	1.5339013053025097
1.6270188488175176e-15	1.7276718993254268
1.7780058434538206e-15	1.43647908210634
1.664051333563995e-15	1.7026413383269388
7.600618912028519e-15	1.703463152436329
1.6943389083481614e-15	1.5997998500937927
4.896842982472401e-15	1.7050334275991794
2.8780444592535645e-15	1.7239810365864363
1.3214184228978365e-15	1.729700163350868
2.776978738179232e-15	1.7231400501794747
2.9762031480658873e-15	1.6696971538486873
1.6406736133831048e-15	1.5787561113963886
5.9166695888825226e-15	1.7139240645032305
1.6175740781176424e-15	1.5330899357197754
1.3674534894100625e-15	1.680229246231427
2.653008982736349e-15	1.5506803855153939
2.05139067372956e-15	1.6612159827998205
2.0392067660298497e-15	1.3181266805687892
1.1422620352043872e-14	1.6809976709278662
6.227787814620613e-14	1.5251861235899327
5.765231982454762e-15	1.627647395925766
8.619647803025778e-15	1.7070818965141743
2.593783001181975e-15	1.6122126922537312
1.9150475340082676e-15	1.314327728990323
3.779275690356675e-15	1.720691490012428
3.7087453251471124e-14	1.6024539804360327
2.20404195823978e-15	1.4481373974637295
2.8059748382655185e-15	1.4172075242783615
3.2504277546905072e-15	1.7173616783008145
2.373448915305455e-15	1.422910559329991
3.2145473376184165e-15	1.6748320215993835
2.6414850147041487e-15	1.5942746949116697
4.979219647220411e-15	1.6965293964134323
5.3004320690678745e-15	1.6352863914518843
1.9381809931006305e-15	1.6570013737629448
1.8675332296333087e-15	1.5703267500756448
1.9029076582284394e-14	1.472062547726093
3.5532490312125045e-15	1.677200420807071
9.461640905451448e-15	1.6836381360111892
5.1796343022691735e-15	1.7225787940577044
2.7536488718926732e-15	1.6610072231070525
2.493761853231447e-15	1.5461485117342204
1.4628523515190243e-15	1.1960070526330644
2.4704341124510013e-15	1.266694087769471
2.4180417539914885e-15	1.6764316653806959
2.8039765858949722e-15	1.668901402410048
6.420490443420734e-15	1.577568606334843
1.5398836004385262e-15	1.367905999849257
1.7665633624704809e-15	1.5194624044023282
2.3975540002491062e-15	1.7294199760150777
7.44662380012492e-15	1.6409890477466593
1.4668143423100041e-15	1.699942001498195
1.4774612772522871e-15	1.7171547837105368
3.753153042830769e-15	1.6213228720397113
2.33201584273177e-15	1.6127327090993986
3.1148373445406724e-15	1.6886257414798265
2.5408876591794996e-15	1.7109130367366912
2.06697051440591e-15	1.5943200155938853
1.5449374363311857e-15	1.4609006269619462
2.0645143773417618e-14	1.3695763935814909
1.3619279389619742e-15	1.5898119871251792
1.1368728034869545e-14	1.4667178373274803
3.7013347172966186e-14	1.3834634109553905
1.878443873946597e-15	1.5310823048682907
1.059629060289922e-14	1.7184529178152288
1.5868132975726776e-15	1.5669564999236802
2.4900575050090432e-15	1.4527356295839686
3.280141042852213e-15	1.6149867956097255
2.02449887431668e-14	1.6378006500594335
1.2464647586035143e-15	1.674479794229951
2.3777285416781593e-14	1.6657328995578595
1.8942885332022445e-15	1.5629383203425513
2.0512743704673254e-15	1.6259405585805766
4.987597633089377e-15	1.7136470666623647
1.624849082955518e-15	1.6912784421712241
1.5067188535023667e-15	1.4741401969485168
2.9397741162736677e-15	1.7093211518828957
2.085216148564475e-15	1.5965463550112533
4.038830952275887e-15	1.5293355294241908
3.328029881080264e-15	1.7105256894103724
2.2908138035322386e-15	1.6031013600679818
2.024231910821393e-15	1.4237947779290347
1.2740667688822487e-14	1.66905799590706
2.57988964860267e-15	1.7098479129889677
2.2475896967484447e-15	1.3235276602645227
1.170415246566391e-14	1.6974525201754713
2.002784364780765e-15	1.4475053886271483
4.9338809279757784e-15	1.694928806796556
1.5976906423730695e-15	1.6083605176806848
2.2824747691006005e-15	1.4073729741143213
1.9718772208387407e-15	1.7002291501368283
1.966385012866493e-15	1.4728362377763498
5.199996006080896e-15	1.585421806624397
2.019860291667623e-15	1.61693941899827
2.639954774453005e-15	1.4868819906168134
2.2247918284158045e-15	1.6800031427164912
1.4705771544541097e-15	1.5137010723160822
3.5798934793969656e-15	1.7010809963790892
1.4169779710991165e-15	1.7301059769814964
1.3858972632377354e-15	1.7031343121818234
4.158083550544351e-15	1.5823691029109366
6.35732123120053e-15	1.6901992139490338
4.2188850613751215e-14	1.5787759956339795
2.4460986054920125e-15	1.4308921460260455
2.496072444553089e-15	1.7297721585084784
3.528581587016731e-15	1.6929476155323269
2.3774740753069908e-15	1.6293587150102398
3.1182385592179736e-15	1.5279614471757679
1.805401756277046e-15	1.5603781210960943
4.509058078698492e-15	1.7239184436804451
1.6629568081113685e-15	1.703212029932875
1.6492436260974474e-14	1.5196437011132233
2.8868239851925086e-14	1.6805800017913297
5.014409059609377e-15	1.7272380896242532
4.7353364274836394e-15	1.7036666420549722
5.130807607946825e-15	1.631579047487754
3.162013253890291e-15	1.5415394778357814
3.9155913223095315e-15	1.7170019028234198
2.481858377705467e-15	1.65125928479401
2.6861625935027063e-15	1.7001979165855392
6.0745141238752565e-15	1.6636160218704634
1.6336816581394598e-15	1.519408784996479
3.636058911634628e-14	1.400000000290011
8.195910378665424e-15	1.5041808476635912
2.4599202073396387e-15	1.1581445415157368
1.328088231736758e-13	1.6789522245534803
6.168713062503339e-15	1.6184274869210298
8.497562526024001e-15	1.6838333732353052
1.7371868676497405e-15	1.5994823821380153
1.0040583008530003e-14	1.506527061894018
1.6472939989277397e-15	1.552917175991791
1.8961873363836145e-15	1.7133311129268938
2.422440046726963e-15	1.4057513555527312
2.4945623457728727e-15	1.6501077269844338
3.1236808124814296e-15	1.4977017253428402
2.2350305785925632e-14	1.5697871249169384
1.5017703407523507e-15	1.482782863065787
