3.0702936759890874e-15	1.5589439203767612
1.2235576945638514e-15	1.637771182979697
9.943735612447519e-16	1.7223499489155536
3.2829820891312594e-15	1.506508714012889
1.0028341632415009e-15	1.7042118581571941
2.031511502155202e-15	1.6292724385671469
2.5697539677536816e-17	1.7300563960277127
8.849257302650006e-15	1.6217107823980386
4.143688769701509e-17	1.7129855516754509
3.3298117758730628e-15	1.4224016756117228
2.397002521168365e-15	1.4693557014256904
7.868422243951878e-15	1.7265685538656508
1.8870758764392856e-15	1.7045406529165454
3.4144078180086936e-15	1.587338062325426
2.6131297300664035e-15	1.1970778177393084
4.7166717408011465e-15	1.5641687658410812
5.182487160978612e-15	1.7270527921157575
4.2107501100963736e-15	1.4305983069091246
4.50642553676617e-15	1.4021136496715385
4.429993559477328e-15	1.4604241082876284
1.9942891282791032e-14	1.6711166818641763
2.5057803673431983e-15	1.4524836947144213
3.0862031981810344e-15	1.7041404054897593
4.035750208779889e-15	1.1572915230828114
4.546385705878047e-15	1.7130825737707553
1.4855708920300724e-15	1.6820840009132523
3.0069958759780208e-15	1.7113447223315932
5.5160869759432383e-17	1.7273215098176076
4.881730252187886e-15	1.4142752272446544
2.375080465853173e-15	1.3786931755715273
7.496087508205579e-16	1.5787210902927793
1.3249988097006098e-15	1.5441698547376321
3.5777927215170065e-16	1.5417260790949938
7.598494702996614e-17	1.6175201419374092
2.545032164823877e-15	1.6780624093881822
3.0846233326027367e-15	1.5962084464130528
2.2073836725306134e-15	1.558078770366539
2.257396166379455e-15	1.4462945265062948
1.975944292003975e-16	1.6215119507293108
6.992588769573629e-15	1.7260185708486722
1.412910014918351e-15	1.7252545997740254
5.925166507635107e-15	1.6843845406112137
3.1464811303712884e-15	1.548279571483542
9.345921168565728e-16	1.559828618351312
1.4938955073781386e-15	1.7048286277513125
1.189783704780568e-15	1.3153061258690313
2.99907628396069e-15	1.6121833787816944
2.4313698562734912e-15	1.5645560060301436
2.363898319015106e-15	1.638995923108553
3.795752678880721e-15	1.4762008902938146
7.644485363285605e-16	1.6788652991188537
5.518533000978824e-14	1.36816978992979
9.947502723894368e-16	1.7315443060119482
1.977303406434164e-15	1.6984138364952677
3.640490940529805e-15	1.5883003725848943
3.2220856366608524e-16	1.6017289240436465
5.274632511924506e-15	1.6314300518025033
2.082015412831832e-15	1.5331249951936943
3.0950095260083018e-15	1.3420933500686614
5.632175091053697e-17	1.4820807277940404
1.4808105101310602e-16	1.6409007654621717
1.6764113096817847e-15	1.66287931960185
4.192218228814463e-15	1.672031273047637
2.34585543419494e-15	1.48570358440797
4.339877481639452e-15	1.694922543147976
6.150327144457252e-16	1.6689238280181418
3.631808105439729e-15	1.6246280728873268
3.095115276854049e-15	1.3397510541627295
5.4168453581681345e-15	1.6449644296045247
1.3213038633405464e-14	1.5244130062241577
7.572846759041724e-17	1.5901435327485163
1.6019862063133806e-15	1.473251471631344
5.461893201977963e-15	1.726202778362247
7.973176163597154e-16	1.6127415321620675
4.242451685526455e-15	1.576162396600862
4.054196895696338e-15	1.5916692350804933
6.7344774547529605e-15	1.4053836873523178
2.2395984805983492e-15	1.4511367801029138
5.3146988564954554e-17	1.5830473958002775
2.2597616859292036e-15	1.4706151632989897
2.1045108899245145e-15	1.635550973695643
2.596083360538801e-15	1.6120845856708272
3.2973066154192864e-15	1.6264958178858153
4.361230463632317e-15	1.7069884956580357
2.3853809109381623e-15	1.4271813556349375
1.783656470624705e-15	1.5396713987780681
4.530821973676981e-15	1.5529962704333466
6.526215626465758e-15	1.6534764328208413
2.7086008172130413e-15	1.4330827325517093
4.138896606301401e-15	1.279340882676402
3.621147424362802e-15	1.5642890034282566
3.988346267121494e-15	1.5070109152329816
3.221836822939908e-15	1.4314720775973915
2.784822102762911e-15	1.7315595408338966
1.7924623876384127e-15	1.5158440831215645
1.6885228988061893e-15	1.6088678996340189
2.1079384211073374e-15	1.6500938300986014
4.447883354171336e-15	1.7083517480358086
2.4518646803115728e-15	1.5688162980124936
1.2277554522201947e-15	1.684648897759798
6.988877261061346e-17	1.699229586569662
1.7408178660153188e-15	1.6365190233344573
4.929894619666356e-15	1.6354832896729778
3.016056022101835e-15	1.423652221953733
4.759359124403893e-15	1.6310831375207364
3.094294182530623e-15	1.6327166638174113
2.0946357691662245e-15	1.7319588627511302
2.0124901693959977e-15	1.705765931515314
5.083769935479668e-15	1.6101089376177806
3.2529202514623426e-17	1.703888694952894
8.13857175076607e-15	1.6251661107810704
1.8471185667646347e-15	1.6916457132007978
4.392919097514079e-15	1.218875910960472
4.786884670454673e-15	1.5230065356686322
2.822092127665604e-15	1.3186051805855286
1.83899524720965e-15	1.67878748821999
4.574373207520944e-15	1.621003942238092
1.6939929980759051e-15	1.3318460983353715
8.0696758805188e-15	1.705877909652453
2.744432295122782e-15	1.6126800044813678
3.2435148090877968e-15	1.654939561656557
3.0199604467629686e-15	1.452065802762771
3.9389662363180525e-15	1.589078839247465
2.2243359325945617e-15	1.4929290582627592
7.557860842602435e-15	1.577379921531656
4.195157859094709e-15	1.6991523098016503
7.697349869563631e-15	1.4490952401788233
2.5295698124513855e-15	1.6984541502044013
1.0379119569031238e-15	1.7003544487074755
1.318193491627502e-15	1.4609453285858511
3.0803450609507578e-15	1.1611946250022882
1.6972408716998392e-14	1.3267742833250553
3.6863001502284004e-14	1.5857669177277907
4.5635954596149935e-15	1.691261296449347
3.604480363730676e-15	1.0487037902515663
7.306149851501354e-15	1.5475273361760395
5.983013237047613e-15	1.6342074845811352
2.6693526556819973e-15	1.4133709126050087
7.891398248062263e-15	1.6988757540359387
5.778238340018442e-15	1.5693092010677763
3.765917586137579e-15	1.6988584579657395
2.6536946075931423e-15	1.6171143255294447
2.969426056082009e-17	1.6803592674397068
4.098317629581919e-15	1.6701015725501418
2.0425292346775565e-15	1.6741558101272236
6.070623978840887e-15	1.7085426276044426
2.1179834377580655e-15	1.685054116037679
1.7589398611760732e-15	1.7296397484817567
3.305037074581041e-15	1.3618779816188902
6.55350977217424e-15	1.637386126655955
