1.986833420751147e-17	1.287086044396426
1.1095705078413966e-18	1.2735106406060206
8.47246145408686e-18	1.584385772072975
6.30662449033681e-18	1.6673156262899533
4.905337857433709e-17	1.5847552506221223
3.741319311117652e-16	1.615336822166399
1.4511872489446227e-17	1.5370020595849638
2.0050390257890613e-18	1.6803056355910393
1.059945840751237e-16	1.5881385270517108
5.176561908793648e-18	1.5677657637468787
3.3945123260111417e-17	1.4688827194715932
5.286329678998703e-17	1.4215091190547964
5.042048795586562e-18	1.693979571982533
1.2679356817775588e-17	1.6439279867381227
5.559208126021288e-19	1.2696446812822355
7.164055927003812e-18	1.666130299780338
7.930451145721499e-17	1.7130399609010607
3.1233414276536964e-17	1.478026598087796
4.006367015049857e-17	1.6187357424982105
2.1101441616956162e-17	1.6923032944144274
1.9013010630823063e-16	1.526967182197185
3.782266328073028e-17	1.6261290749003883
2.908580278953809e-18	1.7169920481006211
4.835773607219229e-19	1.7075777825778375
8.947236488309845e-18	1.485139234552369
5.766042354905603e-18	1.6747414987515163
3.800377802721457e-18	1.5858004547638487
6.895967269693214e-18	1.4980085465566282
1.7298364442507928e-17	1.4346242122615842
7.787877795411104e-19	1.6736251643935371
8.74956462107421e-17	1.7286844132107726
3.9570821972497416e-17	1.6558892002401389
2.4246697701341255e-17	1.3848461604248272
1.6188053618124896e-17	1.5429745507208397
1.581654962682542e-17	1.6425229598526623
1.3568123876300598e-17	1.4778394921247582
4.972292459795786e-19	1.678230795271453
1.0696791885237827e-17	1.6184710699721956
9.442177461341509e-18	1.6059635583001381
1.7722486297673993e-17	1.3712125952980208
6.117711730106309e-17	1.6898311052774309
9.769349418913242e-18	1.6085612703342744
1.0958332135381431e-17	1.5623895935256962
1.0394086766961412e-16	1.720874229632576
6.04831629881173e-18	1.667803132490501
4.713476495172681e-18	1.4892950816947068
2.689485805193156e-18	1.6932522513592736
6.1100256904817204e-18	1.6933819477114649
2.3009287228385723e-17	1.5981324718981154
2.5212360037824988e-17	1.5806676325932258
4.955856398161273e-17	1.584051409893585
5.7540227139111486e-18	1.6988417481358562
1.0428737924242785e-16	1.7206656906814586
4.6315852168659445e-17	1.5762215980347105
6.638142467425303e-18	1.6464502728872135
5.498469460207246e-18	1.6181573528642448
3.5450690164684954e-18	1.6573466217320756
1.7506565845453696e-17	1.6104023002305519
1.6578788544176793e-17	1.4421726416907938
2.408213319619389e-17	1.1965807152416654
2.1617107653805705e-18	1.6281100601187046
5.834816958335379e-18	1.656064628373297
9.22976509256052e-19	1.3854661683378389
2.5112367204696887e-16	1.4692760929798734
6.701163702850585e-17	1.706429646978683
5.585143177365154e-18	1.4761810501536197
9.708960140330977e-18	1.5370483477076793
1.2949693778855163e-17	1.5204894824315927
1.4450338534285785e-17	1.5161634594436297
9.584183500596069e-17	1.647981040632935
6.093364687010466e-17	1.6722188598401508
1.662043719370935e-17	1.6505442210177919
8.433319596487266e-18	1.6286695854005433
4.313356796382096e-17	1.5750960320748304
2.3364824768784586e-16	1.6098202113448787
1.860081228762151e-17	1.7175764431336569
1.7021068205043168e-18	1.4835908166376846
1.6405399418093075e-17	1.3473947036973637
4.703836495361776e-18	1.7150356828850692
1.5608935746374918e-17	1.5253703055799068
7.540121608183603e-18	1.4595363300244757
2.000379512847882e-17	1.6541266478594503
8.321260472313067e-18	1.6926712300318638
1.209529009674601e-16	1.6343558469608992
6.708343642113016e-17	1.6817616019849067
2.083695530625373e-17	1.5397841456716819
2.5319485647563256e-17	1.4983309744936775
6.063858192921494e-19	1.5706339220664887
1.4425662286124767e-17	1.5539755318852657
2.0798925017714318e-17	1.524992948945816
3.36304504479548e-16	1.6880007712304304
1.108281183647743e-17	1.5459322165113396
5.4693656972992056e-18	1.5817220314063434
2.026803526426936e-18	1.7069250276542098
1.5730444201758443e-17	1.5075396146905398
1.8194915018789935e-17	1.6155210189409774
6.804309862298933e-18	1.5745838321953476
1.2326378379375128e-16	1.413272211958762
4.397308476494407e-17	1.6930303746511328
6.7459861548155065e-18	1.617262040798091
2.7169208384000763e-18	1.5904523864849813
3.7606768248944006e-17	1.594052641664232
9.667591308011091e-18	1.5077676958856618
4.5176914833814176e-18	1.7270726908686018
1.954245892533617e-17	1.7271916368664
9.437090320636291e-17	1.7168630707986448
3.321110130957347e-18	1.219241008909579
1.6845559777658721e-16	1.7289251829127612
2.4931357975690674e-17	1.6764572197718313
7.462226163903311e-17	1.6848292747661076
2.359324224965619e-17	1.4231665255527992
1.0557106712406044e-19	1.6262015447330076
5.848591364464129e-19	1.4812372716309974
2.6459813805254858e-18	1.5849604641455588
1.0982736249412503e-17	1.6606732877699515
1.0816088273911516e-18	1.5811475850579684
1.958387058169017e-17	1.6732174842179033
9.06831729322904e-18	1.547523466555004
1.793864485670307e-16	1.3951384866380725
7.881267934238814e-17	1.6839277523688287
5.4293737683562906e-17	1.62805963983319
8.761519412425765e-17	1.5072313565538296
6.708979651571182e-17	1.4951804405275593
4.1572641800881856e-18	1.699171441273929
4.1060267602513815e-17	1.696546616171437
2.8263954290531787e-17	1.7287475310823712
6.646131433793699e-18	1.632411194563093
9.070189731007474e-18	1.5581108621730626
5.850678116917787e-17	1.4438629204466875
2.6686575931506437e-17	1.728111729506003
9.847337141019249e-18	1.7008387649719476
1.5484285872372494e-17	1.5664991332403169
8.323815670027277e-18	1.6931446096654685
6.425795982972726e-18	1.6860835916878258
1.197143580742714e-17	1.5185821075478918
3.1310636271073357e-18	1.6089706600403453
7.387696746294668e-17	1.6018875153026513
3.066565313790339e-17	1.65267871370326
2.295744118928271e-19	1.6313276253069786
6.971142275684235e-18	1.5800014683585406
8.086098762421657e-17	1.3320486153878202
1.5300015586448695e-18	1.7004473420780708
1.1958759894261198e-17	1.5099071049433428
1.317204464613402e-17	1.5583888495184248
3.4187739194228894e-17	1.5589930946868091
1.8828706025556285e-17	1.7089130191766915
1.4245549741820177e-17	1.5668681386659689
3.015437161973728e-17	1.37402253064556
1.7018274014187033e-17	1.6462790002005745
2.0405499914717176e-17	1.5297972272197378
