2.5583408697014374e-15	1.5935900660925697
2.2850266112044626e-15	1.6994490966942783
8.220976977836452e-15	1.7222802184373522
1.4877101952619725e-15	1.6032727772789623
1.2505258984970013e-14	1.7298939541165417
3.7330791375505235e-15	1.55226111693647
1.0180362115735273e-14	1.6902244538113613
1.3495201364938113e-15	1.6788904109045049
3.3395456045598464e-15	1.2305865438146903
3.782176238653947e-15	1.6522852887114003
3.2426336170484404e-15	1.3966288605144292
8.283525423139403e-15	1.7143759064214734
3.685464244353241e-15	1.7246379831328777
1.4684379806301804e-15	1.688109459014255
2.4264100688928123e-15	1.1696278053673914
1.4087720464128194e-15	1.6621489364980482
2.2270882869256067e-15	1.3587145690245135
2.17479629200945e-15	1.7151271611662207
2.587391189807664e-15	1.5745879317793139
1.5204307552123097e-15	1.6476012308425236
1.510036687341926e-15	1.6260966276029027
7.22137952728839e-15	1.7200892194548294
4.332935450414328e-15	1.5105261454332704
1.3753034544367808e-15	1.5971688786954494
3.489983357497728e-15	1.5099975568766475
1.2236330505198241e-14	1.6271788930330795
2.4070976857508477e-15	1.5015822006785853
9.841462649857324e-15	1.5842734855244274
9.40228959631308e-15	1.6261936678047457
2.4413564986379628e-14	1.6876106726968407
1.9824921569246827e-14	1.6406365444824023
2.3461177015744535e-15	1.7282770523503879
2.111566431970971e-15	1.7290166594752943
8.245203377092424e-15	1.6013486165516957
2.882241646490517e-14	1.364323668623062
1.3727522405518517e-15	1.722475289583002
2.5628355313784805e-15	1.479112655145262
3.520734522254513e-15	1.5281807252965582
4.499231906497662e-15	1.638164084268802
4.968700510048081e-15	1.7193456783041423
3.1689409390376804e-15	1.687731397623681
2.7664938878538745e-15	1.4561866968593755
1.9969514699325263e-15	1.7117720861558787
1.942722776151552e-14	1.5722442193502917
3.9321904742974906e-15	1.6921885742767806
4.786785423789879e-15	1.5914857810159997
2.7507961048227354e-15	1.6018257262567028
1.1680418493004774e-15	1.6267189735675494
1.601168673822453e-15	1.6278880900276151
4.464994493452083e-15	1.6916977546593466
3.074645168445681e-15	1.5131631713372156
2.315355304589843e-15	1.4403347264266393
1.3928726352527577e-15	1.2056444182851118
9.59934692428085e-17	1.4265865536368838
2.642402603786404e-15	1.516928519561144
1.3708585359574409e-15	1.7232859852186104
3.1086486383022337e-15	1.4384665550466962
3.121624844828223e-15	1.5973811070164903
2.505855317854521e-15	1.332550739380563
2.322457307577266e-15	1.4488212431344127
3.13221158604291e-15	1.664866047007123
1.2362377841171906e-15	1.731097043197499
3.600669200617324e-15	1.3518105772423528
2.2326244783455397e-15	1.6621378866527068
2.7478824453983392e-15	1.7300660579010239
2.715922608387618e-15	1.5239999858549764
2.123280849149615e-15	1.5763193612792068
9.647004114884912e-15	1.6428592601460401
5.259799040988832e-15	1.630573138297928
2.0956631958744346e-15	1.5894258362835916
4.9169332021897535e-15	1.7294289534743679
2.8666702524437598e-15	1.7098172805062894
1.2349644074543213e-14	1.6613419571371373
2.5426883588700804e-15	1.7271895733263887
2.125761770087905e-15	1.3846444244900145
5.9253489231680616e-15	1.593754601575444
2.710477783859527e-15	1.5443562414240897
1.819907181739571e-15	1.602096122104947
3.681499025251945e-14	1.7295253554127221
3.524119598223325e-15	1.6912517757728214
1.3468979745089499e-15	1.5743707458934444
2.792228312005225e-15	1.1879895413542418
1.4943629808326653e-15	1.4742267260765063
3.93331786990005e-15	1.6759998280658506
3.658815745045614e-15	1.6143536984357694
5.2244246825115885e-15	1.6940671517036692
1.238678815592782e-15	1.3917924940370667
3.993028986453554e-15	1.693475372385886
2.1133407237847365e-15	1.572020667862993
4.966207958407982e-15	1.7091387600207988
1.8985940507724814e-15	1.697170148697161
2.299355640249644e-15	1.5555077817045901
1.5145537077602474e-15	1.7140696274306053
8.856004259961489e-15	1.642390822373199
1.0627805457050268e-14	1.6247666401017025
3.426570684548062e-15	1.713446904979702
2.4763094647253423e-16	1.4097388290521122
2.835540247237513e-15	1.4619869089103177
9.224361624700178e-15	1.5941588107461684
6.2599095421242735e-15	1.686871178841304
2.078779914725036e-15	1.713344933885582
3.3864650642623725e-15	1.6320151814086752
4.241468440932709e-15	1.6583241718136439
4.3970175940824035e-15	1.5544216218869675
1.4329279015620422e-15	1.67320601900408
2.75011248773788e-15	1.2807983760968968
1.686899859759034e-15	1.7095263256615683
7.21085192839295e-15	1.676804069016549
2.973729643468012e-15	1.6762332570941638
2.3595635899117736e-15	1.6572093955748932
3.892795778555243e-15	1.5895542544923158
4.041145972995126e-15	1.6686245741873211
2.535971471570488e-14	1.6180017956317214
2.5493224150949127e-15	1.4541139546445068
4.696167522741072e-15	1.6481557420657544
5.731584128144338e-15	1.705804300347631
5.2942785245388706e-15	1.241052187858518
1.566389439298826e-15	1.7173102217547362
3.1924133950637695e-15	1.6818688053381088
1.348964800176842e-14	1.724080482692901
3.64814370095192e-15	1.679655131882619
2.0325852294220366e-15	1.6375754507765083
5.567451067404465e-15	1.5320782754546918
2.150434751096838e-15	1.3549083126467265
4.646110401067454e-15	1.530983001126768
5.292196294685945e-15	1.7107393858214364
1.2797339359899523e-15	1.7261403833772935
9.145534215167674e-17	1.4976012515802075
3.484338699510272e-15	1.5521896231198806
3.622777832869072e-15	1.42060040758767
1.2977212467820345e-14	1.6853713459024722
1.021317659408557e-14	1.7221180743245998
2.5556059776694107e-15	1.5596606144054541
4.873785937932548e-15	1.6372748574292595
3.5245783758823276e-15	1.2478658571048578
2.3556938638650894e-15	1.5216748721303697
2.9578893588993293e-15	1.6334759195709347
2.1010275208152927e-15	1.694750407771422
2.1475374019394796e-14	1.6661084941028592
3.807575086994071e-15	1.584815249743977
2.4605835619973607e-15	1.5649249632342572
5.198946611418148e-17	1.5961631235045197
3.1784390567466234e-15	1.6682156485013175
2.449687484785644e-15	1.7022549316713351
2.892791960853358e-15	1.698511524031617
2.212692519438035e-15	1.648090273974159
3.434730608184283e-15	1.6933698306112541
2.8902865985434067e-15	1.5785663299273516
3.1106901345409784e-15	1.5644631821776813
2.2001899521561884e-15	1.542358234627608
