2.205849711064603e-15	1.6245630331431884
2.609384123214141e-15	1.5330884933494584
3.6070570387840045e-15	1.6890571355741062
1.745165364164404e-15	1.6579606208195425
4.44029335358991e-15	1.717942846640538
2.3077819249860043e-15	1.5993269987593073
1.7534421549463397e-15	1.5561483501087376
7.826890964276888e-15	1.6977994253359014
2.5082254566709653e-15	1.6267498481799985
3.230124195323152e-15	1.457711794125373
2.0403063724280568e-15	1.6715094384891211
1.8220830208379285e-15	1.459706491894862
2.3900303047973478e-15	1.7201869520410265
1.3790235372008182e-15	1.6690014977585603
1.9787308890357634e-15	1.6846633624513754
2.348552981993135e-15	1.4265980577026385
4.4579854509845305e-15	1.6610083732934187
3.4902671723863996e-15	1.558698075980245
2.018525045516713e-15	1.2069004137563744
1.4815854196436835e-15	1.5622879566636831
1.2385845708733037e-14	1.4484391310584241
2.0692170289325303e-15	1.5501531703141516
2.848909158070962e-15	1.4422507021638018
2.7956247789070807e-15	1.7090671991766708
2.830316016393003e-15	1.6830369790042377
2.8723040184545077e-15	1.728082934466794
1.7254169369051473e-15	1.5257660768936778
1.4813098656150662e-15	1.5897050749751664
2.1814324829810675e-15	1.7154541726482129
3.765051437243641e-15	1.576332015830464
4.196287735040181e-15	1.7140733129251071
1.6650192604442463e-15	1.5090883522029213
1.6627671563273152e-15	1.1361182705475916
1.6203397609010415e-15	1.5039702723498358
1.828317446044666e-15	1.3628189224937164
1.5094599909250034e-15	1.7108067262689057
1.812569255337944e-15	1.219067076722971
7.697255229214902e-15	1.6576146651017798
3.397965797838414e-15	1.6902876567344873
9.987340295552789e-14	1.4096341697721597
2.662538552441738e-15	1.6923475378970667
2.674298349034599e-15	1.5245779877771017
9.326496147636536e-15	1.6893983550191494
1.3639390787276088e-15	1.6445840884464868
4.5579807402701184e-15	1.4666804889951566
2.550074265838874e-14	1.5926729259032375
3.4320581400495814e-15	1.5959313432768956
1.6717883628860216e-15	1.2100818292301891
1.8935419269326182e-14	1.3714514783277338
1.610837383714909e-15	1.5324519583127287
2.7552450192049805e-15	1.7139195106549194
1.3307291685610005e-15	1.678092423801219
5.498296819934621e-15	1.5682076455246545
1.4418724962950535e-15	1.6390107479240257
1.5442777355656743e-15	1.570425734867182
3.3624077820269e-15	1.638444010488679
3.652755883080901e-15	1.7294261169879965
1.9199909089232696e-15	1.3059811223553277
2.0621168372086775e-15	1.7307841477662245
1.692346123384636e-15	1.7125598438472993
1.3470432046412468e-14	1.554929438130484
2.304549772606597e-15	1.6954756260307549
1.6943249353972713e-15	1.513890111027508
1.653127127325821e-15	1.5485608755867917
1.5962557232666286e-15	1.5047019723061799
2.6430877425102305e-15	1.6874298513396386
1.6833008485840605e-15	1.6381286511300752
1.6903213517899277e-15	1.3893056520936722
1.7388040271689802e-15	1.513334103069675
2.348589818293272e-15	1.6758294545301966
1.942701770776619e-14	1.5376541261082237
2.107852434513715e-14	1.5211561800587698
1.54253783420631e-15	1.5798639917354056
1.6478071765242889e-15	1.5609117605343281
4.590869004965561e-14	1.3899996956453933
7.079094119337965e-14	1.3120660174240824
3.199277577974515e-15	1.6703624260823076
1.3298072865864554e-15	1.7279448392046666
1.3669075155120187e-15	1.6951159747769116
2.0282350212122182e-15	1.6117631175126483
7.287075957221985e-15	1.7128497364643098
1.8720758536211893e-15	1.542525410371525
1.9543610183697324e-15	1.3756317749328077
2.5823622424429685e-15	1.6736000380880276
1.9975312140546888e-15	1.6183822709676592
1.0388212042780385e-14	1.705645204831244
2.7532054729771157e-15	1.6874017096945428
1.9435622080135934e-15	1.3887388757193646
4.99489520567175e-15	1.4389124527465782
1.81609686092385e-15	1.5887593702677818
1.3683564536076446e-15	1.6802850765693087
2.040856663840904e-15	1.7149795867570305
3.121650460730881e-15	1.7176913903762459
2.4542145962808905e-15	1.2824971293583125
2.164070919156719e-15	1.6852144121686568
1.77071482227631e-15	1.6857621497646031
1.7206674860096633e-15	1.5985627926287072
3.052239079736981e-15	1.4415981434835103
2.435034354625413e-15	1.5740840330253936
1.4478733556426414e-15	1.6974022931675974
1.581922783857022e-15	1.5872072123190242
2.0880556931216325e-15	1.5682651038416129
2.2201263122457548e-15	1.6334883627301497
1.2324941846426599e-14	1.6467907441318457
4.5873542292076325e-15	1.7212634402290279
1.6839541126034598e-14	1.391978217514326
3.65935423407109e-15	1.5597745894034423
8.071450807118788e-15	1.7164914594364198
1.934285255104048e-15	1.6879532532837025
1.019420556866131e-14	1.6678832978406244
3.4273248724727304e-15	1.5222977051781592
3.187721137625722e-15	1.4985305691569257
1.491745269346481e-15	1.6919555113858722
9.324966615974296e-15	1.6497007181256602
2.361102675459417e-15	1.706544589227374
2.1734416667684697e-15	1.6885968955420132
2.936573958056323e-15	1.7085589988455012
1.9115003031145206e-15	1.4811986843327136
1.9493094145972118e-15	1.628872593196601
1.6246098026697919e-15	1.5801615052920455
3.0214350238594576e-15	1.6649935661756259
1.3387026418287801e-15	1.708248971825635
2.393779797277069e-15	1.2338761638255253
7.316819453849976e-15	1.5308041048639445
1.658183021517767e-15	1.698006081934992
2.707290595986045e-15	1.3867872402093107
1.4429226795853206e-15	1.6675718277467277
1.684863951562808e-15	1.5919834050581567
1.6511912818570275e-14	1.5988653363248657
2.1783900088816582e-15	1.683984549837823
7.039990073576229e-15	1.690611307958306
2.7814391311625126e-15	1.5560246585308595
2.4571350614885395e-15	1.6403799824371452
2.0446651785968135e-15	1.3712397711357807
2.101668453406774e-15	1.5737015471958917
2.0422413716334146e-15	1.5878043256451337
2.4855823103187823e-15	1.5847747495424311
2.282261382783227e-15	1.5462921049972256
3.030225171010514e-15	1.6875573685530432
1.8697882358491775e-15	1.6243268831977111
1.6672090779844548e-15	1.4967767484870833
2.0307569835615007e-15	1.5466251434819842
1.6006485639198236e-15	1.6663699775026095
2.9904369809015563e-15	1.717994353385415
3.5030257940104174e-15	1.5605425795091346
1.6748891448799222e-15	1.564398584073329
1.8780077094628803e-15	1.6393985254836265
2.1158701303224388e-15	1.5896160609353795
2.0441576211574567e-15	1.729234968023202
9.539220467442342e-15	1.704007065674779
1.8325408524967422e-15	1.684610873330987
8.679188219222153e-15	1.631543662118454
1.532859680807654e-15	1.7270599270419877
4.072738877077978e-15	1.603484771845847
2.9502478061853698e-15	1.4195709254283368
1.0106709485885817e-14	1.6138401256358264
2.59502557474633e-15	1.708674553815087
1.736234707080554e-15	1.5854917146091272
1.8650597155407184e-15	1.449073198016701
2.7303245720484313e-15	1.6166464166526902
7.715620527825196e-15	1.5183391701710307
4.8977760714678875e-15	1.6100154246021814
3.258308069693262e-15	1.6689071854891826
1.6246248697503144e-15	1.4960887433855028
4.626103258385259e-15	1.5114841749775203
2.194143181422986e-15	1.6641621317339905
1.1666950027451368e-14	1.4729579794291756
2.611697145916657e-15	1.5897566403904166
3.668740731985087e-15	1.7113864191682455
1.819819765137394e-15	1.6604364326862588
1.8366463154564186e-15	1.5899983394174821
3.055088402773583e-15	1.6894556139751193
2.5363374963746558e-15	1.611063468830759
1.80858504793322e-15	1.4030871478098277
1.4540039920491615e-15	1.6704191160320945
1.6641047020392819e-15	1.615964319790025
2.3208821219702773e-14	1.592591491178867
2.1723472122518425e-15	1.5290212866055266
2.596134519515408e-15	1.6860770428808105
1.948495968915874e-15	1.5518069292411918
1.3343871486697562e-14	1.4671726454087515
2.295236094702244e-15	1.3649775368092338
2.1188534088582543e-15	1.6968132045192186
1.6914893806205295e-15	1.361796107335255
3.625646523248703e-15	1.6503285019898781
2.03610935858688e-15	1.2793607949315882
1.9424695518790965e-15	1.5404405289287926
8.975241124998472e-15	1.6156450993856128
4.677766619877532e-15	1.708257710434268
6.971068656122658e-15	1.7226887360186605
2.1564121622398083e-15	1.5787463130534298
1.7920020916996252e-15	1.6192395458025257
1.8676741536824878e-15	1.6426643811567896
4.0050006053338044e-14	1.3974743201608073
1.8347446113719485e-15	1.6888410078847391
1.597417260039272e-15	1.5908772201114552
2.601103635772636e-15	1.6110916702193596
1.3250929944476038e-15	1.7207438224518343
2.2095192517284942e-15	1.4705177141552104
2.2134321499741997e-15	1.6539330188991614
2.0400523383029914e-15	1.5720109804620672
1.8159486904187196e-15	1.728841339651085
2.6957064321771323e-15	1.5607575878651898
2.0431529567576313e-15	1.5860031353129598
2.0508260545019623e-15	1.5725188242057508
2.047173961445464e-15	1.281798473440329
2.3674649866578806e-15	1.7064708734980694
7.849221126629651e-15	1.7039934248933026
2.0527728847678354e-15	1.4384419658039453
2.0380661081945324e-15	1.5938297314550929
2.162549877233257e-15	1.6410624131734513
2.445768730205423e-15	1.6773373792141457
1.350682430067193e-14	1.7132232196264652
2.932697119376283e-15	1.5964192229100265
1.904094961966457e-15	1.2693459446760975
2.101700432491368e-15	1.706634595631379
2.116030571161841e-15	1.4519096884796567
1.8383326198024116e-15	1.6610050073395402
1.6701315041927485e-15	1.5767544099414859
2.401556018190057e-15	1.4796430185741307
1.5144099913347898e-15	1.729641902332414
3.40570806882526e-15	1.484445480071575
1.853954055645105e-15	1.391644457522389
3.2517090956045386e-14	1.7158029995346522
4.806196821518458e-15	1.6662022492255548
2.4544478531496047e-15	1.6525424043218482
1.696986397387554e-15	1.4557487547735128
3.5096317417112126e-14	1.3328508778884405
8.481213780519172e-14	1.1727869650009204
1.7423099499742866e-15	1.6013703952536265
1.6794534108104454e-15	1.5580542139820825
7.966814305543288e-15	1.7179518282008046
1.3743626100688444e-14	1.6080210088838258
1.3773756819750536e-15	1.6868282162689412
2.376596116441832e-15	1.6941560400373183
1.961817274247733e-15	1.6900624899742185
1.0422081484307429e-14	1.5981531118698977
1.8827489199179027e-15	1.6452993818901274
2.07098311047967e-15	1.5974759445902467
1.406912053892615e-15	1.6170318984605072
2.7990372238731283e-15	1.6323375322179734
2.748100478112453e-15	1.5802505930726123
2.166740472350126e-15	1.6815512462171132
1.6535031745704899e-15	1.6414243708614413
2.242167077185542e-15	1.609222996283059
1.7894584605378576e-15	1.2742375917009245
2.7359376560467e-15	1.5649501929368186
1.6547040808092592e-15	1.578916654493832
1.464361639289514e-15	1.6049815269580556
5.181138951756503e-15	1.6364539483115343
2.4113563693446712e-15	1.628959483822747
1.888774308193343e-15	1.4655970101138704
1.366651662733246e-15	1.7152193631888137
2.954780862013801e-15	1.7225567721313557
2.2912741814940354e-15	1.500359312344439
3.062513829741203e-15	1.7236474874913401
3.4305327176280606e-15	1.7270440595964314
1.336619671524042e-15	1.719523615717936
2.4000773662140706e-15	1.609063659155105
2.354737343253094e-15	1.476317978163926
2.6572574997297688e-15	1.6698157018199482
2.6468812246277755e-15	1.415122389149257
2.222879836706257e-15	1.5116852559314045
2.299092207707191e-15	1.4850978794953946
3.72549421039034e-15	1.475332842420975
1.732816300713055e-14	1.5008915377094973
1.3645133004304334e-15	1.7059770347388303
5.633622184275123e-14	1.586844193711653
5.738566286014136e-15	1.6615273531442327
1.7738761630714639e-15	1.4423278927618424
1.0543968439901959e-14	1.7017590731935899
6.336921503076978e-15	1.6910248345592216
4.3540605221694735e-15	1.465527252360331
1.8942221909032448e-15	1.2945460820932564
3.0036325069786507e-15	1.6936969767746182
2.6804667428240413e-15	1.4298205322835114
2.1702834397027667e-15	1.5981190644276082
2.058789587120864e-15	1.276132871895299
2.754353163164073e-15	1.3302163571588936
3.298796921658242e-15	1.6613283245247399
2.2842439726075504e-15	1.509407842942043
1.8803718240725807e-15	1.3477996011551314
2.4074967194935627e-15	1.4357213654344494
6.477265986548461e-15	1.5187565911348289
2.090802696761762e-15	1.3895821329937759
5.712249788166037e-15	1.4955345070644646
1.405067630865445e-15	1.7316145537955827
2.2319543443649393e-15	1.6176540673359805
1.8743396225360092e-15	1.6456441320226105
2.8850133244304828e-15	1.6838948786657384
3.917754221340417e-15	1.711559508872269
3.152757241916982e-15	1.639857195056404
3.1055366341871216e-15	1.520967156587837
2.3660983281305056e-15	1.5254191996602597
1.7615644273459952e-15	1.6395845502345008
2.214422014832481e-15	1.7153752432774239
2.1688659307592995e-15	1.7252691012109551
6.278931400947849e-14	1.6292994398266631
2.3203660151070727e-15	1.7131624514228396
1.9576931945331346e-15	1.5127408521260282
2.1241427400567767e-14	1.5906890675684937
5.662800810869691e-15	1.5876824840090993
2.1251283196570666e-15	1.6870971970081055
1.6348479391853726e-15	1.4565586033176492
2.971917339020288e-15	1.715194551458692
1.678702090991183e-15	1.4812853786827995
1.5795998153398144e-15	1.7135491848832463
2.2718916817907017e-15	1.7293236284440872
4.648621586816229e-15	1.6775399309430687
1.6917341606967947e-15	1.6254294126749764
8.96392091517014e-14	1.2039682844613433
2.2055156896216453e-15	1.4697126154420554
2.1322637444124716e-15	1.5152414913631016
3.123231139035136e-14	1.4406541056089552
1.9703690593786844e-15	1.6685781628804772
1.1802177727207918e-14	1.7002225102898587
1.896636122364968e-15	1.698524638081653
3.3074566957891726e-15	1.6919124450772904
3.3752333417220988e-15	1.729724566443378
1.615148814792299e-15	1.372389988345854
1.9985364716603043e-15	1.6847975101149397
2.6361192674721123e-15	1.5478408242748964
2.2587382410082538e-15	1.6920483854432466
9.759328009304752e-15	1.6990543566200096
1.9214493114600248e-15	1.5608184487382566
6.0092217168907315e-15	1.644598533711708
2.0064558017737867e-15	1.67624181632678
2.445175465056104e-15	1.6545276861241396
1.54015749162386e-15	1.537607909098294
3.0516197410113332e-15	1.6935703833415652
2.2313779826860465e-15	1.4675714150783983
6.503803251108106e-15	1.7182920186239565
1.804494587108671e-15	1.7005334219784438
4.3128977239964545e-15	1.62042517655567
1.1345202314180902e-14	1.7104727942352134
1.7268794802550855e-15	1.716676086535087
3.672182600220938e-15	1.6475256152448057
2.0645464067670293e-15	1.5506562833173647
2.359080423387462e-15	1.51532947959265
1.7715573039180952e-15	1.547891770071577
4.262196638151465e-15	1.624853795719548
2.782885543406731e-15	1.7056411548667323
1.1195657049876975e-14	1.5846698219902344
1.8883318250622925e-15	1.5460884058127793
1.964868131560335e-15	1.3658901935404564
1.8553763640602656e-15	1.381294602284121
4.8075175714794275e-15	1.7264984076369163
2.6963967112659892e-15	1.6600223005451142
8.636675948915306e-15	1.6863047027910598
3.5445559048821403e-15	1.5458816587486521
1.6365075133511694e-15	1.7213396283503464
2.1728178755519574e-15	1.694658530885463
1.897334123989735e-15	1.3135018554340339
4.016072963790303e-15	1.5999257602794983
9.399131675751026e-15	1.5186763007537967
1.58414882015693e-15	1.4822133999028964
2.1553159566004856e-15	1.5130926175360693
2.0228581641614344e-15	1.7050266645082406
2.7965683899950297e-15	1.7186119137278033
1.5061428510491634e-15	1.5570936483486872
2.4763317053952235e-15	1.4687892706489811
6.637336911362007e-14	1.252337878203694
1.5852081205146198e-15	1.4849370794730845
1.9661709994829237e-15	1.6728582806230503
1.964857052913676e-15	1.4137409552441214
2.2930984985458355e-15	1.3613321940655494
1.4238766745598566e-15	1.677793677652944
2.761311349275302e-15	1.717861684166627
2.0100780638036854e-15	1.37242516824002
3.2400557605552283e-15	1.6735724256579267
1.335245278300224e-15	1.6804941748505984
2.2504691490584454e-15	1.7194032429461041
1.8336986234635475e-15	1.689048644335736
2.0952823424466836e-15	1.549844603902815
1.6186492433216147e-15	1.4743061988740858
1.1482691465337917e-15	1.2933008207307037
1.2077190211840239e-14	1.5903302231389773
2.0777400861856793e-15	1.3244966114375334
1.7185269973974837e-15	1.6396065325307947
1.5909038440158469e-15	1.504910768452945
2.746188711433049e-15	1.6989655611106482
1.839738816315324e-15	1.3973343636549442
1.2928186705310562e-13	1.5141488206120222
1.3876749983377892e-15	1.6837438330137289
1.6159916037716759e-15	1.6279589962905723
2.43733121728036e-15	1.4571100813117113
3.3566160699170754e-15	1.6356555302294429
1.4412625971174926e-15	1.6764207035754466
1.5866924214342102e-15	1.4925305839951746
3.440183372966036e-15	1.7192898427937715
1.5051519817126003e-15	1.6425378325155564
2.7989458763257224e-15	1.4862610688582882
2.9707122129824785e-15	1.5111915349330198
1.2210876345906568e-14	1.5150691328142933
1.983183375653056e-15	1.7108475010292867
7.211818188933633e-15	1.6125323375184828
1.4468081657744923e-15	1.635316441193259
2.4708452211920468e-14	1.6129534762183118
2.1574128402974e-15	1.6919308545241085
4.3692653806084746e-15	1.6180457683702967
4.336297705138071e-14	1.6493441202347796
1.3718841882978711e-14	1.6037940698314368
1.5683942510551692e-15	1.7053872484083852
5.733388013588412e-15	1.7287973586968637
1.7646129735527049e-15	1.459737625082553
1.6892599376769119e-15	1.4392093106127961
7.593768459724922e-15	1.6972059045631889
2.1512744875453906e-15	1.7072241585434946
1.7998039729958782e-15	1.6536938722140064
2.2201285995230838e-15	1.617456741442752
1.8750578845040677e-15	1.590760740556329
1.7958729067641592e-15	1.6431042003540555
1.598333423398326e-15	1.6210327711438213
1.6515061860340984e-15	1.492517577120409
4.470834878077499e-15	1.6641955283858805
3.1764318564796024e-15	1.676735981671248
4.254777609588424e-15	1.6600902262761332
1.5824583355243402e-15	1.572225726561038
1.7412986012185802e-15	1.1850984767907589
2.5660572247640575e-15	1.6960474392044724
1.3909982685261215e-15	1.7170169733643514
1.712121258660316e-15	1.5609029288850085
2.533503073965999e-15	1.6719000891503313
7.638189091973333e-15	1.6085983354487974
1.8925357570440078e-15	1.4740205843174965
2.1358271488608174e-15	1.632407408693466
2.1360521688211935e-14	1.5265802193081262
1.7325431525468388e-15	1.6570679067880563
3.439203205695985e-15	1.6580377866017013
1.5875829369364034e-15	1.715752155279382
2.5722595472260757e-15	1.696236006320858
3.74476838150183e-15	1.6276058147619439
2.5451765936913167e-15	1.7209987392401103
1.8412175509646357e-15	1.4648563036555553
1.91926498772137e-15	1.3046535850240235
1.1531879734111598e-14	1.4776716834546073
2.186896803568114e-15	1.7148487821043052
1.3082188484281992e-15	1.7042872902090516
1.814954047898327e-15	1.6579163612430659
6.845125744229214e-15	1.607104681453437
1.9294803658624438e-15	1.2968422136610656
1.7497391146968809e-15	1.6231769968992915
2.057432772692466e-15	1.600451414843874
3.304946150772448e-15	1.6889383019001616
3.0533164447100695e-15	1.6800687224331095
1.6661044390357952e-15	1.5611247694992638
2.3294747823469443e-15	1.587485525673541
1.841571328665374e-15	1.4913840386697923
6.7734129374961926e-15	1.7173983240637043
2.053017944939939e-15	1.2318578757504253
2.2312678930003087e-15	1.6013623137994142
3.01347081248264e-15	1.7177083568309666
2.199681434621689e-15	1.4208721282932872
2.0240704101343362e-13	1.393317673593164
1.6570364410839569e-15	1.664232719374118
1.6370134555915283e-15	1.5249644917847696
3.497039301457852e-15	1.6492121599450935
1.9834192708180944e-15	1.6961064098784153
3.5540985877238455e-14	1.5740467741095787
1.694442963288514e-15	1.3478774569400298
1.5569978064326152e-15	1.503658439899977
3.5034443613890756e-15	1.5328533469525114
2.072558244512073e-15	1.6169822019473619
9.427462956266495e-15	1.6075406380454011
2.7213204532230377e-15	1.697566803010388
5.0720910449013724e-15	1.6933472236239244
3.799573165898721e-15	1.7089829576378006
1.6483941837564627e-15	1.5648449355736003
6.393237087940846e-15	1.4467444484254823
6.8523084843811534e-15	1.6750356132518764
1.8516705438138197e-15	1.6630261660080063
3.598997597341035e-15	1.6031218547458428
5.113420464942098e-15	1.7128565304811203
1.523082340296342e-14	1.5970645073663041
2.4768274228186388e-15	1.6370907395831034
1.750246658732917e-15	1.2796693413760256
1.93776139475316e-15	1.0950273857715946
1.413310794437412e-15	1.6417003984138283
1.7574677287102988e-15	1.7308599180926643
2.032056535853419e-15	1.1980492669623746
1.6128002319495016e-15	1.3673371088328263
1.9010222479085064e-15	1.4257361037367793
5.759055632918144e-14	1.2439422540007428
1.779685703669063e-15	1.671904250019168
1.838742870604718e-15	1.701959797192642
2.7190214734737445e-15	1.4773929354134663
2.7260627484275906e-15	1.6951731604539142
1.1293735787012563e-14	1.5579720855260322
2.5251674985151303e-15	1.6509835359359213
2.2406554960327953e-15	1.1866614058546645
2.770172112271845e-15	1.6913435482860404
2.9584720831768613e-15	1.6872150420930345
2.202756142188219e-15	1.7209755566662066
1.559051523196605e-15	1.5349142226691486
4.439855343946082e-15	1.585797863602408
1.6302685976346744e-15	1.36949492594115
2.0569212460274358e-15	1.64846661921334
7.237089896822012e-15	1.667582278434051
2.0725503710745576e-15	1.6080019900146443
2.049697119176874e-15	1.4962989729998828
9.390083787483856e-15	1.425998500931251
1.4038434412442572e-15	1.6509010951439476
1.843392072074683e-15	1.598576910926759
2.9999797170419873e-15	1.7101591193429715
3.673569566028865e-15	1.5838721843438177
1.690962769137915e-15	1.5632804042416928
1.1007777257099181e-14	1.6756481924908588
3.8125307762337085e-15	1.718231656845697
5.058706790258572e-15	1.5905887799190546
1.8398390401522735e-15	1.6196672108972527
2.1553123760482982e-15	1.651154529478597
2.587429187302386e-15	1.3252149011022376
2.0699216802002555e-15	1.2461490956411336
2.754226082690623e-15	1.3846458401395605
2.113620649795464e-15	1.4649769945408089
9.829642303457628e-15	1.6979684926261327
1.4563632406184098e-15	1.638450344298525
1.4428879802507829e-15	1.731473572164636
1.509735714667554e-15	1.6793703322769866
2.3868170360930166e-15	1.623577086177553
5.49096078668773e-14	1.6777624901350818
1.9966160588957596e-15	1.5712414936233046
6.501339768006614e-15	1.6654666188344893
1.941221523233753e-15	1.3424362762295667
2.0075075647028217e-15	1.6758459186573376
1.777395736687886e-15	1.6766937621683269
2.444597338373169e-15	1.4054054531929725
1.8048283375616933e-15	1.542425156600845
3.2762527261579297e-15	1.6185451720849042
2.1751373002380012e-13	1.4988618623687366
1.8497697200332873e-15	1.698410600149976
4.427117677600712e-15	1.7081577052799766
1.4721466037078905e-15	1.6354183009967624
3.0119650794834686e-14	1.6356604514233917
5.95349854214243e-15	1.5899271824945218
1.3984263126709416e-15	1.6765668378491938
6.779117209392215e-15	1.6497136885524184
8.652720263376901e-15	1.481833420110269
5.0158886135806726e-15	1.6205732558060335
1.6278676916299493e-15	1.2303961568819066
1.9277751930709436e-15	1.6345248054093453
4.066890725971819e-15	1.7019612221327116
1.858998603840621e-15	1.7196393827657368
4.634818108242658e-15	1.5435103553361766
2.0052980652388553e-15	1.3938392402777615
2.1298157631355757e-15	1.222103500515089
1.9258395079288574e-13	1.4913197398997553
1.889978507599816e-15	1.6799182286875536
4.715633448157404e-15	1.4938315953352037
3.891387615968207e-15	1.5477491698364048
1.9209893457868262e-15	1.6083320716488259
1.6493648397859059e-15	1.636079569949338
1.48170152048987e-15	1.7287944094965617
1.3288182908434093e-15	1.708797861614105
2.0523953467090072e-15	1.5028422389907932
4.986663140436782e-15	1.6638723403074949
1.6592290183481475e-15	1.5283459483660018
1.5181887473002235e-15	1.653391634301666
2.265773514243537e-15	1.5741842612190153
2.611096855088294e-14	1.6167216958899886
1.887262203464672e-15	1.685306819153107
2.8804856721817968e-15	1.5916577321177527
2.952157301032291e-15	1.5645539058477749
4.828975839995787e-15	1.7316192853390602
1.7449835590365823e-15	1.4504258044824576
3.273779486084248e-15	1.6025968197445963
2.2202168633921683e-15	1.7272855777055702
2.247408560348943e-15	1.5617310130744375
5.736744548863275e-15	1.7130745191437076
1.8377379129675047e-15	1.7246606424312554
2.0167407730264155e-15	1.6489102279302017
3.4698235607928058e-15	1.7036483568213292
2.8338037622105036e-15	1.690503051172628
1.682619834896048e-15	1.434937368860818
1.6692486200241089e-15	1.324528512194391
2.4949729141298117e-15	1.524704850428596
1.3071183581264307e-14	1.7279060422698544
2.896275086879349e-15	1.4793000053549337
1.5162830859000758e-15	1.5130426859201942
1.6752155437798994e-14	1.5869885489929003
2.8128102841233535e-15	1.653265509259111
1.6371034416259215e-15	1.2279615696897799
3.1584048569730757e-15	1.6744617757604423
1.6674905059833308e-15	1.5200732040685003
9.318717293488247e-15	1.7255088954365696
5.28419158585117e-14	1.3949099115234302
4.5627982593800344e-15	1.6048298705838635
1.4514846876662075e-15	1.6247469737878522
7.626192925128469e-15	1.7261633132033247
2.1011179977132102e-15	1.6174843221746928
2.5042391850007762e-15	1.7210912112802608
3.553369552408575e-15	1.6841792269109228
3.0735877317147745e-15	1.7229123081028725
3.263608152975637e-15	1.6621292525031688
2.445005922527538e-15	1.315280033450641
2.1566296045336366e-15	1.5158412185171923
1.4230646411221303e-14	1.5265379768548881
4.377020392176903e-15	1.7030468711372992
1.9264349407682455e-15	1.2771142810424112
3.797002434888376e-15	1.5417150056584743
3.372621460278541e-15	1.6938230000151393
3.330457613805328e-15	1.6127352643507744
3.198663821189075e-15	1.6153646750474175
2.0229816882593252e-15	1.7265512619083583
3.594463204717564e-15	1.5563448478776083
1.7261875331502766e-15	1.6877476768369544
2.7584307095002373e-15	1.6820142806678122
1.737644546134209e-15	1.2791809502588412
2.635656849726783e-15	1.6807544411324318
7.306475001250214e-14	1.6630180749575816
2.01842546395829e-15	1.5134310686057435
1.9667638695671076e-15	1.6310441090570449
1.4352240019677115e-15	1.7282313756721508
1.9294308023390544e-15	1.6597072328752
2.0846698841424475e-15	1.4588058833807094
2.0288512321458243e-15	1.4829126858776362
8.391708048677386e-15	1.447142121890268
1.8836705361420438e-15	1.260285580373583
1.8107566357603113e-15	1.5985163490355674
5.7995445160654706e-15	1.6905158290185942
1.676172531695255e-15	1.389820881989914
8.526739901369724e-15	1.6701474959521183
5.6533751102178586e-15	1.5864531791639518
5.153702426627335e-15	1.6559064990483683
4.506121955811239e-15	1.648001526859249
1.3524177808782562e-15	1.7291720834424942
1.577257362374922e-15	1.411017673379427
1.9573162989381115e-15	1.541179351632413
1.9218963908298436e-15	1.4874306785979376
3.660848523624979e-15	1.701385690983372
3.179972833923063e-15	1.597284621845077
3.4191719415557547e-15	1.71243169822344
2.178097938050346e-15	1.1775507244191687
1.0215466647959779e-14	1.5369937867433303
1.865288750290187e-15	1.5118807563224954
1.1560797781867382e-14	1.433902040135515
2.296436448608497e-15	1.6922599100433502
2.211173550274538e-14	1.4911994986594246
1.9801081598874608e-15	1.5567141356781034
5.9152918691642906e-15	1.5946768886108502
1.6248012946513046e-15	1.4073253201805056
1.5760177921629581e-15	1.58655048409269
1.6846786244036672e-15	1.6108553940141022
1.3217989464432788e-14	1.5498662216942107
1.9621066344934993e-15	1.4313485375320396
1.798019075309784e-15	1.5905368582197548
2.5059108578410735e-15	1.388996262143746
1.762518129559928e-15	1.34200100929221
1.8071199133474347e-15	1.2281434555291941
1.7158991686779601e-15	1.4480333096024365
1.6578114405101042e-15	1.396034377807214
1.7727598694958501e-15	1.5960542782139517
1.9118518263735155e-15	1.6730952752916948
1.933331347461429e-15	1.613837203798521
3.1683700489368694e-15	1.67834150858455
2.845234442488498e-15	1.6370596722110065
6.446793020150796e-15	1.4804594251337986
2.7563942076589044e-15	1.7158437443666057
2.270945004244222e-15	1.6929205057853594
1.830404482361733e-15	1.2101854557664395
1.769320139891842e-15	1.5250661612323622
3.89952515651297e-15	1.5740225724869659
2.142437382192848e-15	1.6386289514142156
2.009193747164863e-15	1.5904766679826332
1.3052132368070782e-15	1.7304776096515526
2.2215447969849935e-15	1.2917758699972577
1.6993387185615904e-15	1.5448506381865297
2.0971568895651827e-15	1.4053038405120675
1.4022440857655987e-14	1.6278502268384316
1.4285678221104408e-15	1.582004285128729
3.471243120720731e-15	1.7245541530611481
1.3150346898335883e-15	1.6895968585069971
3.557567941265774e-15	1.5974013628163353
1.689004940564263e-15	1.495151424010076
2.0261840049827226e-15	1.6311330725798152
2.1772186264817657e-15	1.6614273250592781
2.4220172219220166e-15	1.7099832053631348
4.043903971534125e-15	1.574359649508961
7.083035186497151e-15	1.7071901052657834
1.3636436022150022e-14	1.5964897541319145
1.871678946568854e-15	1.641584146641029
5.099110363926677e-15	1.7317531492570752
1.6600357316220625e-15	1.604556096055517
1.899886464559555e-15	1.230683682013044
1.8585731716993085e-15	1.6503229006815383
1.9123032938479082e-15	1.6362945936940294
1.9006382132489165e-15	1.6774264851590475
2.4097946119674586e-15	1.6510039710491393
1.804617984180486e-15	1.5660966323553365
8.132444910289614e-15	1.5021711972033163
1.7195833525887078e-15	1.6092517437675755
3.641905295762737e-15	1.694005809181236
4.874739944787458e-15	1.681107781779306
2.2271497205777672e-15	1.379640123225337
3.2563876308702127e-15	1.7198299487684927
2.1395310092738615e-15	1.6740096287838861
1.7517465908146085e-15	1.2666379337423608
1.8895681684677426e-15	1.6875265113911815
1.6840385359738384e-15	1.5086740818416502
2.1016096026166567e-15	1.6480257716234878
2.0471407806937742e-15	1.2109632220482627
1.3999037529551095e-15	1.7060890124238313
2.0192143266156518e-15	1.5676856511465447
1.2841673383198838e-14	1.560331983842672
2.34304885893285e-15	1.7219459989637529
2.922555310518614e-15	1.708537554745127
1.1085809194739183e-14	1.7036602035091652
5.529806638108322e-15	1.7180416126241358
4.042696371792059e-15	1.70068584910467
2.8606789714843625e-15	1.4033520135390716
3.5245546502686253e-15	1.5870777392465878
1.4461619099492593e-14	1.588327321633845
2.0532323647041022e-15	1.5591478246878963
1.629652361993099e-15	1.586781482403829
1.9643201137363414e-15	1.5581868602210758
3.412864212374834e-15	1.5208765019010992
2.2782617958719225e-14	1.3639552912078805
2.2009671756173697e-15	1.691439985353909
2.8730933778897845e-15	1.6772488064774762
2.2824977181025784e-15	1.5120446371425968
1.6661311843503751e-15	1.4375963458789083
8.873756158935808e-14	1.2510456837549313
2.1340415140426183e-15	1.4847433696081827
2.5911998448488917e-15	1.7076145691506681
3.657811649631476e-15	1.6762260719507545
1.6726429203358766e-15	1.5235724690721346
1.7225192986670075e-15	1.5782526960401972
4.376704338498722e-14	1.4674136803871773
1.523943350466932e-15	1.5630031164141909
2.0273591677998334e-15	1.70763383777494
5.9860110577499875e-15	1.5993364010466593
2.5549225234762056e-15	1.7197604908991886
2.5988974154000714e-15	1.667316310347568
2.4941995880345908e-15	1.5803531737504626
2.3541148073506984e-15	1.4153163624492708
2.0474102645686223e-15	1.4618467661175352
1.847997132818168e-15	1.7304607418925169
1.7253295189876026e-15	1.4661664319897811
2.102085908147698e-15	1.6395269807777346
2.0472836201424026e-15	1.4864052096159157
3.4521935639751663e-15	1.6687278324097132
1.6322236646207067e-15	1.7167773043966494
1.6710250808133298e-15	1.6119249051957771
1.3214250904740421e-14	1.6613899738849789
3.573543660874355e-15	1.6987273654011257
8.40539985275329e-15	1.6755795173501626
3.4974720936239533e-15	1.7165216209849068
1.3463065578781255e-15	1.7225291485282224
2.750767112627764e-15	1.6169519877176677
2.7906809163541705e-15	1.5260346290938471
4.3358675189985115e-15	1.6567418435249617
1.7307648464222806e-15	1.5505958468501477
1.859962419975346e-15	1.3224065902958388
1.0677014466409084e-14	1.5552140852153347
1.60009350486793e-15	1.483483796833104
1.6565337663233203e-15	1.6073814315689223
4.0502803159302744e-15	1.7090908828153535
1.4504948736155224e-15	1.6517209018192225
2.511128694699917e-15	1.6873395872849073
1.7738252241290113e-15	1.7107486488966153
1.9911284141295787e-15	1.4994133369515037
1.976741656498515e-15	1.714961636726949
1.5829746726608262e-15	1.528248184033339
8.777273865393663e-15	1.691160988864536
2.308805138059921e-15	1.6104689744315646
2.0125154261959595e-15	1.3878404581223454
1.2299495773319712e-14	1.6892223585071444
2.149082012341029e-15	1.637717642254037
2.117108181661616e-15	1.503604593126103
1.4757428125085537e-15	1.6422885179313522
5.3181671604972655e-15	1.6504855066495165
2.4946177119583057e-15	1.688420064111054
2.6816391698578205e-15	1.666995845616107
1.7098780796526277e-15	1.6183048280589238
8.3895644681e-15	1.6837990709145798
1.8656706631833875e-15	1.6421521090671116
5.294149081347626e-15	1.6238762818641508
1.9947719827245097e-15	1.6742283878101858
3.688519774867554e-15	1.6579682479789943
7.731764735450393e-15	1.7193466113015787
1.975979912054713e-15	1.6613013520134443
1.481819687242005e-15	1.6080492354261713
5.1223613219373e-15	1.705567664372717
2.4845161208907075e-15	1.5990591088034125
2.43103592122978e-15	1.6203106751750926
4.4013729194962455e-15	1.4956568149445832
1.4711045374993647e-15	1.6026901038309962
4.008629289221787e-15	1.523277412638595
1.9507269659245625e-15	1.44328912259992
2.027594758285031e-15	1.7159760943008755
1.8423060182391667e-15	1.3730491288812992
4.488484295691562e-15	1.5957981831398935
3.620818610610727e-15	1.6564952964024222
1.707186129846593e-15	1.3662085384361462
1.624669640341279e-15	1.4249170300579834
1.7606518154609395e-15	1.514605071800999
2.266507349121248e-15	1.2242702848125262
1.738336317505994e-15	1.5050940820037348
1.4542922749457668e-15	1.7061391007131919
1.930048674168134e-15	1.6557698557805345
4.84532951664486e-15	1.6835524591080606
8.75514845156883e-15	1.5200151440084735
1.690295960685072e-15	1.417389422653816
2.5161656898785987e-15	1.3379068898432054
1.5379640855165521e-15	1.519597669197354
8.063271499286141e-15	1.7024075031689017
2.6151530355876483e-15	1.6896535205049292
1.8729320546093094e-15	1.7289306616224258
2.1551211003533336e-15	1.566237751033068
1.7176146204300922e-15	1.5572152402231187
2.2729392681829973e-15	1.7312041730730727
2.1805231029481653e-15	1.6399870918752137
8.765587375240811e-15	1.4280438496151178
1.743304793941487e-15	1.683352857815845
1.3015297894673123e-15	1.6933739295346195
1.7116900769274134e-15	1.3831240047306586
2.1646750927016577e-15	1.6920379280373372
2.567835333493142e-15	1.6801582986389092
1.2588716401590453e-14	1.5607605229469075
2.3388085655986122e-15	1.307957710701165
3.125117637249507e-15	1.6496594329582193
1.7701485342340208e-15	1.4962285848193004
3.590682461355766e-15	1.7267368489904638
2.0139412364320692e-15	1.3985732785720215
4.261376632405605e-15	1.4868614830747977
2.746889594340628e-15	1.4720994734148976
1.6674694959567837e-15	1.60586331256868
7.884756329213437e-15	1.712426446146027
3.301615278710991e-15	1.7315039658885325
2.0245840586558184e-15	1.7053688966598914
1.3473551508368861e-15	1.6964437002081783
2.273575534349947e-15	1.4114991370321248
1.713455334077949e-15	1.319860980128414
2.2934559817284756e-14	1.493356711934722
1.6635522634323058e-15	1.5743505308490833
3.897642296725991e-15	1.7024954722880086
1.2932913151996846e-14	1.6814198592246092
3.589139628423391e-15	1.6874168926265964
1.956149208196221e-15	1.5407944052665805
3.2619045844460476e-15	1.5494697839866367
5.3083129492641166e-15	1.6953598034624884
1.9167858560729657e-15	1.3902400716330003
8.807016782111238e-15	1.5629155590373296
2.95238481365755e-15	1.4268536656971473
2.11116155055901e-15	1.6652303929222811
3.3711407383354306e-15	1.6484223628339076
7.384988861584238e-14	1.6010092714949384
2.111524602185397e-15	1.7245906086054272
1.6026464073689591e-15	1.565819068837261
1.675368336765779e-15	1.4969412394608923
2.0605612551824247e-15	1.6179045943699761
2.402818684995049e-15	1.5441132763112422
6.268245209609807e-15	1.714054745697339
2.5240668711641234e-15	1.727289107734566
1.0628818904258578e-14	1.7119272390326157
2.8579566659080982e-15	1.4337201177242525
1.8985720837069012e-15	1.274485502304573
2.4347250167356006e-15	1.7258920530785256
5.426126488608194e-15	1.4997075672825009
2.160807801171478e-15	1.6884526915011608
3.731092391686759e-15	1.5536331498823157
4.263569076666665e-15	1.6756124038760951
1.883712192430509e-15	1.5905577987058186
3.582544350380527e-15	1.6750417614647826
1.904954613261243e-15	1.5901086707411443
3.2016467089773504e-15	1.7244981748084909
4.1046908096902765e-15	1.725598124540476
2.4418888871923057e-15	1.7151137415468614
1.321713517387425e-14	1.5793310933941802
1.843593473047806e-15	1.5021939118364895
8.671914128498777e-15	1.6473180734792896
4.405750382618528e-15	1.5446757609204615
2.00170922124058e-15	1.6699230343124951
3.2295129846740464e-15	1.5960543456358565
1.866277728509296e-15	1.650999332210763
2.144753000799813e-15	1.6302946011686679
1.7819257761730257e-14	1.687179239099759
7.627365451360548e-15	1.5263953515170194
1.7637794324359504e-15	1.6942786900462727
1.7034982160614911e-15	1.6043244144095843
1.964985253056956e-15	1.6135187912435305
1.8838493840182994e-15	1.440389040540707
5.149198261945828e-15	1.7055992377946025
1.4250290425506565e-15	1.727956384718194
2.619947797088138e-15	1.4436636798009037
6.03664131743585e-15	1.6829589020922717
2.9492141896803158e-15	1.6079299428556428
1.5824127458147976e-15	1.6750737373691358
5.690425322466145e-15	1.7117576713559586
1.4496195232198963e-15	1.6599607594457964
2.281681200284034e-15	1.7297490007331917
2.1185891716973334e-15	1.3240566164446557
6.292433853248596e-14	1.5767595018710145
2.729213480136683e-15	1.552833186539496
2.620786410833921e-15	1.6835284866692855
1.8359600386792243e-14	1.713830936857775
1.840485244160971e-15	1.562083821694603
1.181226617033033e-14	1.469585921910669
1.2982355359275336e-15	1.6989189638721225
2.7558504251859518e-15	1.7139894248546952
2.518212700516146e-15	1.6215284215916999
6.208915239717605e-14	1.4937902169446295
1.5887953019895549e-15	1.6162017591513407
4.121499444967787e-15	1.6625890401248589
3.2019522755884132e-15	1.6524751661458443
2.8482289142716754e-15	1.4046197003725602
1.9198284451910323e-15	1.4694960448039625
3.251092163399327e-15	1.7060344943108197
2.3696357088818677e-15	1.6036857647319318
4.856365513206225e-14	1.3208250091022646
1.9064840299332097e-15	1.5315093920647112
2.201935025078498e-15	1.6440790728200074
1.633607983802136e-15	1.447109892464697
5.603682727554216e-15	1.624119170872413
2.3040469896721784e-15	1.4778714785702185
1.5754089310253593e-14	1.5863209833753698
1.5206759488402096e-15	1.642579639821011
1.4640773043843574e-13	1.1801869436706496
1.7648115916121772e-15	1.6964988996314307
7.005795289516484e-15	1.7299582950894332
4.29491339799339e-14	1.6928734342716802
3.62736126801855e-15	1.3796707523653997
1.8426256412939604e-15	1.464775783340428
2.6893999279911987e-15	1.6592846171829383
2.1325622662264117e-15	1.5483085180202423
1.6251015191665653e-15	1.2814679533161093
2.234620809235192e-15	1.683567568176422
2.672467055625814e-15	1.6408028402592536
5.659373336877566e-15	1.6597034598501954
2.3002732014920933e-15	1.384311767429694
1.7298259556696205e-15	1.3660895960682837
1.7288134625092791e-15	1.5591861961011246
1.918650918848714e-15	1.4189174447694295
1.9036239864759746e-15	1.5590807296532967
1.3830625756670657e-15	1.7001320164796054
2.0794719894034092e-15	1.6054301123897767
5.6423674597083115e-15	1.607921295780324
1.9510932014937157e-15	1.544681747690331
1.9113525935801885e-15	1.4615613643702163
1.6313809533975497e-15	1.4544053495268652
1.4066197412733993e-14	1.6823664617750695
2.2429153908622295e-15	1.7187578228816216
2.884850353467378e-15	1.722975855969366
3.133654010708217e-15	1.717683454488728
2.33080494427939e-15	1.6562661749966845
1.8747450901976085e-15	1.6268906403641834
2.386729400465471e-15	1.522702222023222
1.350091163904087e-15	1.7314731742212204
1.9808421003942905e-15	1.3498048890130487
2.173169067642093e-15	1.5419884387614897
4.615096223883522e-14	1.380751294588666
2.6275294527322758e-15	1.6766714833549092
4.732093021076353e-15	1.7052031667933516
1.0526224287740161e-14	1.589984222398871
2.510913489533619e-15	1.6371401662624896
1.894435153498209e-15	1.6131200360275737
3.2960156669753395e-15	1.7150011352362697
3.740076239895376e-15	1.6725396648260844
1.7867368103874034e-15	1.2247975330278753
1.5005010095051123e-15	1.5684036662215648
1.558580084363092e-15	1.7051041197063932
1.5985846851615423e-15	1.490776865201365
2.5073521273935665e-15	1.5050963341238448
1.428106375527134e-15	1.6172685126443112
1.980139473718027e-15	1.4812831688832993
1.6335612200915763e-15	1.7251036678775635
1.395361228670344e-15	1.7051065539740051
3.1907523960370223e-15	1.5869517774132034
2.1476282121550107e-15	1.641586921763546
2.010264515541255e-14	1.5006092286793609
1.8676957115909774e-15	1.4080009312646695
2.5720067716118685e-13	1.4275454142205963
5.040040367568426e-15	1.7129448057893544
1.869737359719934e-15	1.248607676459953
2.5432795742601714e-15	1.462475755686047
2.1556314448318322e-15	1.5875615797860623
2.363487781249318e-15	1.2857487094024687
2.6126781961503217e-15	1.6522441862305826
2.989968755647214e-15	1.6766736025851054
1.3085352457080542e-15	1.7238760103297692
2.6896629350374317e-15	1.6925283311142623
1.8519688943893473e-15	1.6708192168263314
3.1814131951878e-15	1.6862489938195202
6.289149074689606e-15	1.70627375770351
1.1043609633223934e-14	1.506091544147565
2.1073816219498275e-15	1.6755358537325822
2.14379195424702e-15	1.7069061169294526
1.7587381820045046e-15	1.7309896042755677
1.6562862269813711e-15	1.5836546483897083
4.3158871718916e-15	1.551548780074039
4.585895722945095e-15	1.5961843270912555
2.4868044975479703e-15	1.6449274977047585
1.3098478805944203e-15	1.7213825585845086
2.201662063708653e-15	1.6093890065329894
2.1134723362755656e-15	1.7238633394563445
1.815165023630147e-15	1.7012153599416098
2.627157471659499e-15	1.7126772932291268
7.788142232897569e-15	1.6024965529871396
3.844018781411229e-15	1.6717011492164224
4.734513522229122e-15	1.5841713206931423
1.6555191917820392e-15	1.577411966977611
2.0596268420556732e-14	1.5065701552265156
1.578409591135993e-15	1.449337270956525
3.656604073759865e-15	1.5479249419012147
1.9366578654832792e-14	1.5863590827133671
2.085628886082874e-15	1.5921327707895823
1.845428201006974e-15	1.471116927541246
3.534438423813905e-15	1.653920188185945
1.9350916271903e-15	1.7110956991980637
9.936440416840285e-14	1.2823886679424399
3.376478521237873e-15	1.615472676190558
1.8041360628320466e-15	1.7099846910575003
1.6421231106945368e-15	1.6146504864003275
4.8344305774319144e-15	1.6405144927557767
2.248433363617042e-15	1.4528560233723293
5.024343749355063e-15	1.6000504198844205
4.530476839357755e-15	1.5273322592198493
6.2766671044185054e-15	1.6222748477283022
3.3509102754828695e-15	1.685835434482116
2.000296438138108e-15	1.6859695195770827
2.614692832604775e-15	1.6141971841798068
2.083570285375586e-15	1.3534332462590073
6.188894849881917e-14	1.3147932321378373
1.6841673559342286e-15	1.49517838463878
3.83214540786675e-15	1.6649863745550826
5.604500035550932e-15	1.7014895629302682
1.7186342633983869e-15	1.6666432660557122
1.7416630086629305e-15	1.5223047188646412
3.358468539351728e-15	1.6996043688976825
1.573444811490149e-15	1.6337941058095713
2.377436477928842e-15	1.6149457192194159
2.033668893341024e-15	1.4361495754663036
1.823784448993455e-15	1.3567692118958432
1.7820906808409182e-15	1.7279405199357125
1.479904343666885e-14	1.701608045958206
2.9520914963093473e-15	1.6295371686204154
1.5097641799682173e-15	1.67549658881501
1.428925609184763e-15	1.6011860422165614
1.5131001476397146e-15	1.5788502509805822
2.941884944311508e-15	1.7087076110375476
2.036525295868278e-15	1.6954437941180287
1.8165545579038754e-15	1.5762746014648943
2.7192330763109437e-15	1.6838171311512395
7.058464866547665e-15	1.717482372923839
8.024703005838617e-15	1.5991302401959029
2.9006038533451473e-15	1.7309061968318926
1.9467744017802033e-15	1.7260536235483421
2.2205654933724468e-15	1.7294784269740529
1.809352192344028e-15	1.4431360556171242
2.0449896786469428e-15	1.6197180130643263
2.0260811263979765e-15	1.345470012533111
5.490432706294043e-15	1.6807503644182933
1.4631241793442553e-15	1.673121077248891
3.0310506765161553e-15	1.5192873255712982
5.340909557003354e-15	1.5914776462120948
1.803626529223504e-15	1.554623561647514
1.9627976325644715e-15	1.4997757959937972
2.6330356609805264e-15	1.425529120797493
1.5253791765438094e-15	1.5193691889859247
2.0091813608212604e-15	1.4481626191236194
2.218003855394235e-15	1.547885841686413
3.91569559448859e-15	1.6931664646344058
2.1980340888897126e-15	1.3560425072205056
1.342673192036887e-15	1.715208576788396
7.26763947294476e-15	1.6143688883976646
2.3307063270195007e-15	1.6955344711282552
1.992306271582481e-15	1.6770482775719113
2.164857222804041e-15	1.7096576638199315
1.4666800658003416e-14	1.5161836432691724
2.0510455980366957e-15	1.6447310167141347
1.6293054557432147e-15	1.652125658341359
1.726733494841421e-15	1.7216148372628115
2.0143098528175424e-15	1.5317894794000257
2.2380753706568276e-15	1.6937379734231408
6.989575783396697e-15	1.6442936883661292
1.847799862385267e-15	1.4959267628442856
3.927274471702684e-15	1.7232785689063985
1.790435345631726e-15	1.4011564722832832
1.6478402192690099e-15	1.5376206642727612
8.824023106671219e-15	1.665058900501636
1.7458269009439736e-15	1.6372309252549628
1.7005757040112276e-15	1.726962740018676
2.0427069364887377e-15	1.3088090587261934
2.641588343509178e-15	1.3329953485519725
3.3019141542558802e-15	1.716128497162361
1.7532655314894315e-15	1.4076647582559616
8.941574887993024e-15	1.6906554710790078
2.282016302628846e-15	1.5592114420995293
2.0773455416824917e-15	1.70458320292619
2.8817954786927905e-15	1.694806032513868
1.2369974321820513e-14	1.655700516194099
3.7153047699656784e-15	1.6237127415440378
1.5814698372747728e-15	1.6169510652859946
1.4849128283956303e-15	1.5711939338294214
