0.09863162930087375	1.4402936723288575
0.11934854820192141	1.4251291237797936
0.11888431283318426	1.5113445435553896
0.13863020640968887	1.4900365408842595
0.18403051230318204	1.095844235108799
0.23100985186441625	1.3184789596599005
0.1325439125475502	1.4940324530518312
0.6176149380880755	0.5522555783503813
0.09224817235865539	1.4653081739858929
0.08707959835225298	1.5578407170368789
0.30223549074158323	1.0670332533728657
0.09066052019440052	1.3740898344393104
0.21749580751095673	1.252327534314662
0.09717007420690964	1.5260356405036593
0.1743725723699143	1.2535553591297781
0.46478971553809756	0.9091268207139145
0.3023848094324184	1.00853805368146
0.06781707069774996	1.425809174158235
0.26712787382878544	1.1977171436059053
0.12629120846743577	1.4607754740793055
0.10502746108399391	1.5388647256438506
0.25913286418053183	1.226271493748329
0.5853750521560697	0.6619058240282165
0.14550944448663236	1.2664495366450779
0.6120694730558043	0.5811412616087122
0.12187582847895484	1.4687312061123112
0.1440086772455047	1.4808127376947984
0.4251110701791914	0.9611415606623355
0.18326499136011182	1.1814573178145227
0.1725452040583116	1.347162664383729
0.19078944685679494	1.3978166805398697
0.06981792739518612	1.495899699015762
0.27986460326533047	1.2416330807865823
0.09240488986822454	1.5311255054924506
0.1543804378649383	1.4090378743460605
0.14567183843388087	1.4507752322595722
0.42623110739760967	0.9653910257192647
0.18374994446710488	1.2023657018817522
0.09612956077655391	1.5521434202943492
0.12405594440889364	1.2064902846755807
0.1041895734914839	1.501318460075213
0.18085435249790627	1.163519360707218
0.10593123695915183	1.5052057079780794
0.22321930872375306	1.1831181520272305
0.11803061463941822	1.3108573684659834
0.10786937785597667	1.316244030514635
0.0881916800082744	1.4731389935010393
0.11385507596497349	1.4963635142833223
0.20724022022378968	1.052793422097375
0.0983768439225409	1.549168917049041
0.07740121504037233	1.5575071080302636
0.17685133914002923	1.224047210171962
0.19407211030330654	1.3217458234109523
0.15096590977947713	1.3365218698035095
0.23083577918935996	1.1414130401508638
0.1916693551915145	1.295191273762265
0.1252938707873719	1.4870285459345236
0.16744798916461034	1.2763804181957659
0.3808254921925435	1.0274637451885638
0.20118462396511416	1.0598627640327987
0.17958554263727475	1.340208351892001
0.32143003417342436	1.1531300813215073
0.104132457757754	1.5051723864009783
0.13571662387121855	1.3288804004242152
0.1831212844415476	1.268678486789308
0.10635932144166209	1.5442654419261803
0.18877022534073296	1.2630672137963825
0.18524631911625675	1.0298965687638728
0.0915718612002064	1.4438227970186168
0.06759480762185745	1.4713014123741277
0.20790014762712639	1.2162557212958442
0.17456054016354328	1.3567165157829035
0.2298286352543225	1.2495051903039092
0.4896158481771147	0.7773919552699536
0.12657908846544574	1.4739070687656217
0.24707090136452853	1.166644465531626
0.22212186582770826	1.3416955929750531
0.5013181665744455	0.8124190550635921
0.08758599351944708	1.5225724779363068
0.1400595544472536	1.4599106532842976
0.18552847294730804	1.3939537384145995
0.12522900935395384	1.3675068595043163
0.1341599744894135	1.4564930508381737
0.11615198344787919	1.5128246343071663
0.06435006035232199	1.2613515562616717
0.1096332527208224	1.3673304470092313
0.5172648500719499	0.7650192264744251
0.18746299797583124	1.3500969290551172
0.17963597289512895	1.3301449317515437
0.19086889079964117	1.3378170693106781
0.16098726933124613	1.3193567897067844
0.271079147714991	1.1793403067010417
0.6419206007977528	0.5309456937191337
0.2161315588031054	0.9335269356571877
0.21245616602764203	1.1463372241400593
0.10482766081054798	1.4905248768013104
0.15219462046482862	1.4606718487015435
0.14842422916194137	1.3849074370743173
0.09004574949277595	1.286666271780702
0.21427794539449518	1.3214477712664772
0.09016031182566381	1.333579609301939
0.17679414642646893	1.3051244288722876
0.18866693878574733	1.256716037895812
0.10036318858651713	1.5238196501188668
0.09128583063314145	1.3120496009763436
0.15725964402720236	1.4504618309089514
0.25478349459840177	1.215007665280165
0.14774456887498333	1.2767484840122485
0.14415704776091967	1.3888318667597677
0.2087133063424543	0.8993502749134651
0.1743782690330268	1.1300774958786706
0.11945400589177432	1.4917417672338609
0.18663617688617867	1.191236100077605
0.1693871738185404	1.3456918565232123
0.12186637283217278	1.4874633336443708
0.15837851224525737	1.4365386340430901
0.1985780327799758	1.1996681048532398
0.17043819293980292	1.3319372405096754
0.21890677502878952	0.9459078836206951
0.10525289084328587	1.5380796399311611
0.09121179870230874	1.552562136765233
0.09017333934870989	1.5126065118814878
0.09972741071039332	1.5545339475012683
0.06536382794907175	1.4091443286837078
0.179890256150627	1.1556678983490982
0.1711063837694122	1.2829289827930213
0.21468892665218214	0.8515485463683489
0.2989799822180906	1.1842716964935545
0.09911733098339501	1.4384182817932736
0.14683782420415037	1.207005899045327
0.4696617042194487	0.7965510902843489
0.15459810376577315	1.3003637260021343
0.48212399064131406	0.6965978595658856
0.1558407912351597	1.2164230472228406
0.1513191469070006	1.2220606671082874
0.19908881695890834	1.103433553364588
0.10776061942076258	1.3547480289812306
0.1509106952615449	1.1653089802699732
0.14146735895287663	1.3703074095281251
0.20143583198328446	1.19547568056039
0.3371416261082173	1.1085114841157155
0.12262849258195527	1.2575160818651165
0.06433122960478374	1.4442375812500903
0.12037125473027956	1.225259456320924
0.38579219305516277	0.9668202236997786
0.08716031981342	1.401340781531434
0.07403872945883595	1.432347209878841
0.19171784579773618	0.962132150026977
0.13958116020388311	1.4346592446340205
0.18828349363167277	1.362262949387993
0.0868446670804783	1.4972755607830424
0.10758371709237384	1.5212833790725528
0.13563546180154704	1.4168420603750898
0.1519885993529317	1.4605844444251317
0.20799817658990166	1.3080782136171223
0.22307452771253936	1.3166864191544247
0.1814744211565856	0.9986283510211217
0.15395562160545959	1.4274855839560354
0.20385318598386584	1.374665780031148
0.14835916555220202	1.4172244897393473
0.13602951939707128	1.2842276505372703
0.08741966071281024	1.326550878366821
0.10201312270526097	1.5065986062078807
0.2173458473216791	1.2045260042545254
0.442957887817982	0.9622663195758433
0.2906094122803392	1.1187812458013202
0.21096670375731225	1.3425459529990513
0.17250389439890046	1.226530510396095
0.0859625230944634	1.2851553447306674
0.5534108978773581	0.7061721605726403
0.16950049991552985	1.4165473955604861
0.21886119952090796	1.297144262648866
0.08444825963438077	1.183296809654002
0.17088678964984458	1.101550649186335
0.22177942706621612	1.3241537412255282
0.458691575696448	0.9056416854609193
0.6727941422683346	0.3781015058073325
0.11712250772398149	1.338025603986452
0.12842686696286587	1.4769656431565374
0.27026722836907724	1.1276752671103565
0.2551138412791665	1.1699915273427979
0.1617024980756999	1.3525632189140322
0.1994906913408872	1.3661466064602303
0.14692925533610357	1.376726094670098
0.09090507582648027	1.4873214769101968
0.44375183354586817	0.9299169650986663
0.19848615631052874	1.1689259631807194
0.087504831644604	1.488120259614472
0.27778505323328195	1.0982038722184455
0.26451030949943044	1.1712135354463942
0.1246456974026419	1.4971384516260995
0.2197180463143997	1.2414182449775881
0.060524926742371685	1.1681119157177453
0.18795410821660852	1.2375690307058869
0.17994864379814224	1.3642949789192351
0.21613513834611484	1.3552636403076992
0.5121017906051183	0.6605565991414566
0.5054592644976955	0.7842147558075527
0.23374805970312265	1.2149856633343417
0.12440875484337997	1.4887263131118709
0.17520157104686682	1.4011481391809892
0.1823966992577096	1.3743648280585194
0.36681146181964985	1.038790210388179
0.2143359183756945	1.2318930770154624
0.0656000893285355	1.4342216630871065
0.07579942282094321	1.3914218964689011
0.146787970876828	1.239681504271536
0.18917487547243297	1.3703092174478395
0.11110484991167112	1.4453604515042644
0.7268690104249625	0.4105096476829932
0.14324207380824966	1.2926700010950285
0.10692988594530606	1.4809000012106632
0.08979798328958229	1.474809316376108
0.17127865707909992	1.1597270919285112
0.16707149596131857	1.2401047759225579
0.1768578675120348	1.2893172081307047
0.42972963705748984	0.954133199967935
0.6748609822915114	0.4689703966583407
0.1521885741591636	1.1698286795925774
0.10703201776798335	1.322357528438763
0.2000079537496242	1.3373274722140804
0.09962446228412256	1.3585682074987593
0.14018445593959714	1.488652908106836
0.12047630433734925	1.515927836549065
0.10520627486866893	1.3982727733326503
0.09835834211770404	1.3733508695868064
0.26566829861446994	1.1989611913407288
0.23826635699484536	1.1097824465506854
0.58650622952648	0.5572991949849492
0.6235608233743982	0.5076765016109431
0.2030117778357236	1.0647926192297008
0.304525897008009	1.1173668861089345
0.1977498737070426	1.0354356275783982
0.09608768560569621	1.511069846613417
0.6781043941714291	0.5123706123606673
0.21878908418103865	1.0641910263137748
0.2020158036843563	1.2542915211190322
0.07780066879400736	1.465456230768837
0.1090110638500967	1.4720736421435339
0.15955776933438165	1.0887964296983774
0.16173280568884688	1.3999049092172018
0.09940910751521267	1.530291663836947
0.18250697009469952	1.3731147886630306
0.16942362361504654	1.191172051325765
0.12009207467262216	1.4679351857456204
0.14919984726704874	1.3615131259626108
0.15350058602589312	1.2986243909564794
0.4118546715298147	1.0008199810550353
0.24263142077448002	1.202295088437312
0.1795799122997914	1.3698210625353822
0.16076211781250357	1.382401832506563
0.07687990887147027	1.443578070884413
0.11250191794047101	1.4932255596297939
0.18915869412038677	1.2558467124182489
0.25285692753601813	1.1304596435080625
0.14794975732357532	1.3314173447355309
0.12415596866944875	1.398771218196925
0.16078120785802377	1.155182260450388
0.6794625217690866	0.41647422105474685
0.06705731844436283	1.3079033325821372
0.17030613196327019	1.4128624764903452
0.19310802952643513	1.329169540614275
0.10587683882978305	1.3413755728365808
0.0878161485446018	1.367617814780639
0.0914178237403504	1.5442383524882781
0.19212717673365937	1.3458893662322509
0.09857036001305387	1.506059830078028
0.48326678152287056	0.7644045214078149
0.2747250843710841	1.1099887472421701
0.18712462464705276	1.356468953284963
0.21961985540515508	1.2950129460089355
0.11718947968010013	1.4761328986529694
0.15678834559484983	1.441228008851192
0.1980355433941456	1.033727147552399
0.3700755671139385	1.073619646285719
0.07742467580367339	1.5902691390973263
0.2159060837222114	1.3540722105191998
0.33350978553998856	1.1112519351676622
0.131184203399248	1.308040931019572
0.09366105235985439	1.425936932585562
0.17321735743775374	1.1782898242646385
0.13668593907510915	1.4027128571321126
0.10800082747473122	1.5367348446475848
0.12470641485583031	1.4427782969083327
0.2774057866970466	0.8848086454335424
0.17905887540561127	1.376944545417628
0.3816695322019197	0.8954096270891828
0.10613917550318017	1.463723317603759
0.20973445319206452	0.990403707966159
0.16006439704060915	1.43643541606595
0.082272415425975	1.563563551178308
0.23895960219158732	1.1764401274538163
0.277583240326329	1.1491032162370496
0.2045502124759181	0.984977783272126
0.3893551375233683	1.0323155616483202
0.14436406330449972	1.3627499187291807
0.6786553689258801	0.46502059555858977
0.1471474402941781	1.257361567788021
0.18808461803243007	1.164974841916408
0.12346602610706651	1.4187228617133547
0.15677181210559096	1.374505918595559
0.2147711221800902	1.0344925433460364
0.13642478967537672	1.4256285429910167
0.0991497431501871	1.4179080851089148
0.17998175893706775	1.2284237280160055
0.22211597957251425	1.0900995337044541
0.21018644369337947	0.9730603677898709
0.1929568919268179	1.2275056725679656
0.23762355601767168	1.2986923165561182
0.4307601062505867	0.9834967980443534
0.12955139523530657	1.4969925254601089
0.29229601092995855	1.112246247383755
0.1924944316996972	1.287868244666802
0.15599400044728293	1.4588927307828214
0.5072416284169252	0.8510850486579098
0.43287915587299863	0.9644797232137703
0.15996349315749933	1.441841319079872
0.1430927890130553	1.399547581285656
0.07466004274401027	1.5889093655187663
0.12033530663221734	1.508799237389316
0.07982233638849273	1.5703964672842061
0.239057579091554	1.1711816212072508
0.11705998997858981	1.2938283639991661
0.11705253885502943	1.5102066858761074
0.17097839950271243	1.3966700504535092
0.13231669942564064	1.485705504341405
0.29573410415201296	1.1872762301160542
0.22079290219387665	1.3364175071106126
0.12409908053051183	1.3486001880745544
0.1926906662547358	1.236503638301064
0.7266053405107742	0.3676685254148508
0.27313507903037904	1.2452426179899247
0.1302145342088201	1.494780799679139
0.14724853153911835	1.4761652462657469
0.11979602738104679	1.4912530164370803
0.16892511868804364	1.342301183344902
0.1104200137355024	1.4288069170287194
0.14405434092586888	1.3017968998926475
0.24410776499848882	0.9949604334695614
0.09021234923444492	1.4312524827580653
0.13405321653951582	1.2383976444348797
0.21437558622089953	1.1431306982752711
0.178360929190881	1.21568132277435
0.1422662620497238	1.4099537175751677
0.12057895455549839	1.4345711677443826
0.15034427181444052	1.285832470540539
0.16167154630149128	1.3986619899841157
0.1411026699893017	1.3074938500472784
0.23227448931560718	1.2313352201017826
0.1699613892469576	1.2311986503308243
0.16949169182368934	1.3996590307660872
0.26856630602249476	1.026189423880687
0.13768145641957927	1.4408073525685543
0.12135748570273211	1.52085071206605
0.18254581553394145	1.3785344341400174
0.1983380974224331	1.3763719707752209
0.21582882291575137	1.1763015709720381
0.09868434076129502	1.5189153717589012
0.20565986021396565	1.2417741925279913
0.19873648865415036	1.3399700276678694
0.2747338728009779	1.120099291689608
0.13199423735047824	1.280323797895422
0.10505291106143756	1.527453834064187
0.28095772036982314	1.2224364834393597
0.43229178872465535	0.9009283218350508
0.15652083239557357	1.4429683880463764
0.08694445306240917	1.5470908316597867
0.17659841595396847	1.0415655600565663
0.08673223001274745	1.4955422432146537
0.3852747655834433	1.0380278447681957
0.1958776792840743	1.1019291192062903
0.07066628528369595	1.5121207724371866
0.1762918422845484	1.263168052155215
0.18791608633293522	1.2593424682500576
0.15770114436821278	1.4228925083785675
0.06689324958862647	1.4460470902049132
0.11486892806780105	1.3591124478189776
0.0743500486918431	1.557277603012222
0.17469375957454042	1.398411952436764
0.2105992990578438	0.9698542160797148
0.24798405501050805	1.2898397480261756
0.1325842281521434	1.3891771940738724
0.18035692849179105	1.36746203334091
0.6941694020167622	0.46743796058715636
0.0891563323353645	1.382328043869008
0.355850583219778	1.1056906198589451
0.36094869395421125	0.7496944925502712
0.10116392116390542	1.429326355253367
0.19238657960460326	1.3184433776167883
0.10228257177371534	1.5334164187210235
0.1796216055979879	1.3624677897366737
0.12551152415575795	1.480370633465713
0.14760790575913924	1.2738186977765578
0.18063745596305802	1.2016036876894387
0.4654986982333135	0.8900389770564265
0.06723374878086608	1.293126339460804
0.1799527719380664	1.4179610219447358
0.21396177351239148	1.1648975751686235
0.33878229832261825	1.1035104470681223
0.11836661155502504	1.357611968176647
0.17181839206648938	1.0454296676924388
0.1291632410234362	1.4485372696329937
0.18040523425085184	1.2764716099661721
0.12613591283001932	1.4310161108774149
0.174657133758085	1.3901672324197731
0.2791464110541149	1.163542124281206
0.21258333944101304	0.9208689207040727
0.3659033833670406	1.071550720649736
0.19916427808593332	1.2405994621942251
0.27897518170778823	1.143298547270763
0.2766256283105796	1.129734789818127
0.18716389196637553	1.3566672294258888
0.16067631478909614	1.4504987025644895
0.32423106921255407	1.0862420023009443
0.18031799067066098	1.2144566896063935
0.20157182615817565	1.0734081890411036
0.2043725879893615	1.3648080030856287
0.17141368126946985	1.4049855170666237
0.10032311153759045	1.4120227913735655
0.11242764934880448	1.5185727638186244
0.09044465765311845	1.2879368043681683
0.19064393124755227	1.0992672859324841
0.08099931762982805	1.2263814813721277
0.19911118096699335	1.2256219261673806
0.10520046480216166	1.5336871223004864
0.1303478290736196	1.2976967103246344
0.2378865134910533	1.0985662505187308
0.2008613301368542	1.0359241155304304
0.18826122264998632	1.3460322195542274
0.17633331237053285	1.2797673398579708
0.11881300772894682	1.4953158258807888
0.12133176977832212	1.4610441358998054
0.13465145657742963	1.347259149575633
0.15652725369635215	1.4194554178359189
0.08951195764111995	1.3254468453007142
0.6961046340348683	0.42353009827611776
0.21200329706399434	1.2576693865997979
0.12226552121447551	1.291159562352889
0.2619341942109479	1.1565806641668661
0.19480682970280194	1.1357190736350322
0.18587263991744848	1.3963726150843276
0.13196153755393483	1.472654968104289
0.11246842978052159	1.5180293938871108
0.06460068497889446	1.2320519477660112
0.19714342278012134	1.3393963136312708
0.0971218519177586	1.48340442133201
0.14436616267685126	1.38890995972015
0.18507941935856345	1.2617508198560903
0.11350652799025457	1.508778085636377
0.1733510306726356	1.2998062019718484
0.13004787451364241	1.459320316365126
0.18406705194726658	1.3520811050208055
0.09459164965154548	1.5611867490722684
0.33138705279469954	1.015364958202451
0.13050508166058655	1.3438079092368558
0.0664662797910583	1.4775653971710507
0.16116289418104826	1.4404994869889172
0.08183969392307024	1.4436230323430808
0.1311099243505393	1.477096795761374
0.2908097930692381	1.142547262000868
0.1684651145515309	1.420236960977629
0.15338562799660896	1.4341385449456114
0.10374465253397351	1.3044960658442495
0.07119368396115235	1.6054176520472556
0.12449542265062842	1.492234139445093
0.17781154621883372	1.347305130692861
0.1408226665046701	1.4609179333233482
0.15532418161080727	1.4533696515705439
0.2298349901395523	1.2234685701509098
0.2344205234127954	1.1684898597062319
0.4820132571330328	0.828084110367698
0.24546694488962514	1.0714617705284175
0.14542300529685878	1.1273287098694993
0.08669745816649702	1.2446224127575751
0.20621470880461834	1.1289996542059513
0.13375848962818607	1.3566154114742326
0.137486147753411	1.4063997465038889
0.10154019196907078	1.42089052732334
0.07325645764560325	1.5272942424766498
0.2987183343550106	1.2143565765211064
0.0673936703520608	1.3666960397131236
0.23054987626722606	1.211530610832042
0.2511088027543459	1.2579659976035573
0.07823159148717791	1.540367963425933
0.2520072347564236	1.1684061099485017
0.12181667009749143	1.4718035840059842
0.17286338964702863	1.389157370802688
0.105611231881567	1.5452119559605029
0.18694050198934886	1.210412315827952
0.13419994150240078	1.4422493037358155
0.1893725331470324	1.3761508736420698
0.20752952533846278	1.3639220967487904
0.20865729699732832	1.360434787956165
0.1287789058485244	1.4460649031920585
0.10984533625171126	1.4667536396491927
0.2628833563838904	1.2447123648505292
0.3140554590762974	1.1147346664102218
0.2476929754801514	1.1509426231108653
0.19579066386465022	1.357555872501653
0.10261471501428765	1.4769654108498367
0.0648937214610647	1.3495969821807692
0.1537694258448736	1.4531360363843877
0.12684634417213414	1.49201909993215
0.24519771178616437	1.2120207056491774
0.14075988255836616	1.4274008830983276
0.1331340248688703	1.3848427767824054
0.5450550498762777	0.6319806885916293
0.24057468162727247	0.9627657787519609
0.18681577904871488	1.1845850165165492
0.11521350770182508	1.4488520122015667
0.1928542271786232	1.3520800410261584
0.2685173284298461	1.2346877831963456
0.11753900031247373	1.4957094974688077
0.1649711437205902	1.418532608943328
0.16141726353321842	1.430211471047841
0.18242710961620717	1.0903614554648917
0.12075878990752714	1.469463341328117
0.08565877116322182	1.2163481766582296
0.31647516429934697	1.1548317335164668
0.08449221952212897	1.4296459358862772
0.22056502155047686	1.3306635855242854
0.21735543506962865	1.2585987839619373
0.2432779451316684	1.2518322826399393
0.1631513990401273	1.0881424963409372
0.6727394871577345	0.4063987845202859
0.08391827996198471	1.2598473248612951
0.2385800427682872	1.2688183387450487
0.16898367017179397	1.070064289195199
0.5249792676162516	0.7168536935311227
0.11368405738456223	1.497957179710864
0.07540546202377024	1.502986541267138
0.14033058324863606	1.4080124487648584
0.15705538948350342	1.3626454076170953
0.31824867781515415	1.160292341641283
0.20390921007892934	1.054531277050911
0.17895582084376857	1.4208859162388077
0.12173201603759651	1.4996708097660048
0.3574663457840661	1.035973119507638
0.09038775201378077	1.5015754579237928
0.0820484142314306	1.5608820378420256
0.36375198518870705	0.9279315148918587
0.31621028915004223	1.1513891393797446
0.20000533894012365	1.082561214629397
0.28317362008268715	1.2365415424504937
0.09043907892108495	1.3246746145269306
0.2185686811279464	1.1804001152900239
0.37005686511776276	0.849976556396769
0.6932338253951247	0.4684348746893481
0.2088187977916664	1.3611426699543454
0.09176328038129049	1.4501694038898312
0.05921285999321596	1.219594132924007
0.21475679938123002	1.2990554080683399
0.47454294820971693	0.8827683075763124
0.15745993687448823	1.4390104301485738
0.18453455018172804	1.2548894165116438
0.2343307852674171	1.1868614822078491
0.1697947689513733	1.1756615485793702
0.07550736265874189	1.5731454436834844
0.12901409036474765	1.4690064603685598
0.31997087937509067	1.1543449926386542
0.19691367427438758	1.1318324998340699
0.1513546415280173	1.1377242822556826
0.6002186837073812	0.6402162810435147
0.22913388710575633	1.1935927333415726
0.1752396544808378	1.158815026120556
0.2115139181852424	0.9244958538517147
0.10814226445116294	1.508574739446567
0.3275173363593198	1.082184489993961
0.09012482075633353	1.514936174826804
0.13494894877507324	1.4836261830801643
0.2228755438969157	1.3239736804687188
0.17231101024889095	1.412239079288386
0.13644253648667942	1.4195221447362487
0.15381624306294644	1.333767940082761
0.3718359779920743	0.8844525632299026
0.21769141696404845	1.2283497475285994
0.32729479101427467	1.0271093129435893
0.08237128019278789	1.3830580308798908
0.1873209413122804	1.0976838080229707
0.16454905974564196	1.439750282250951
0.1522743299963244	1.456248526560843
0.11872382358926888	1.5069057581336633
0.10963340945120523	1.3075216662639555
0.16908921154536455	1.066965743330729
0.13343572212729912	1.3964525937722174
0.3420455768057347	0.9848263692327326
0.45407505842873463	0.9363464812087482
0.124563069520215	1.329468445177705
0.1630730612922655	1.4235814581286548
0.19883674692098086	1.2803945809040798
0.7035918732270201	0.4444685783331573
0.08614110379653747	1.228596652492906
0.1582313810030271	1.2012160600668582
0.1983666137509556	1.3694182762559792
0.118166644910751	1.5183762482414687
0.13913874871877863	1.3263646855503495
0.19284300417618067	1.0553991171952468
0.16835918890454374	1.4108134068890061
0.5857039580100878	0.5523435137984833
0.16498166913450937	1.4024150842930394
0.21237136562481537	1.1062975581434922
0.18385800024290677	1.3024437338666974
0.0796767499848476	1.1845559467963669
0.10657748197525609	1.5440781395768135
0.1349009147111057	1.4714688313738788
0.18138916848377226	1.363562588163882
0.23250873304710842	1.2293769238686372
0.1949897834345557	1.1628338024726692
0.3627976057315498	0.9934765561559054
0.11451722525394792	1.4783739545776984
0.22045806296643677	0.8688391455365034
0.33827212150591407	1.056895083819534
0.49393003671442415	0.7616207127049015
0.18002643611912333	1.2486132708461042
0.09368189830977892	1.5632681663490535
0.11581631575626938	1.5079197185115878
0.1928779724407583	1.3769041091914742
0.556464088973572	0.712481366412632
0.2133686738466618	1.238963954753022
0.2832058601480981	1.2203146414391997
0.11782186696495933	1.4273267826018454
0.12309024434162685	1.4043406584862506
0.14446584480612856	1.3470404183967548
0.13094306552942697	1.4060534892771135
0.19655978701250446	1.36943628004014
0.19637768568233885	1.0813349455585528
0.16328846694221935	1.4182729972651935
0.147593567841678	1.323657323564547
0.09645573274708649	1.3862798242237702
0.18773838537181303	1.2434877934008375
0.09609704909858523	1.386163483734395
0.10040600708584665	1.5082144740905388
0.20910086711595072	1.2092779452821039
0.09575424575457141	1.3313867762409517
0.08007099052379132	1.3930136726152438
0.5832791595048887	0.4799471734663991
0.1608952715683365	1.2596617076322199
0.13348195030617468	1.3414992032439779
0.0918877465204285	1.4618191815917942
0.14801985741649082	1.3648486036331549
0.2114619929124554	1.208351527922148
0.21857673158007698	1.2502888449004517
0.22005118483204553	1.3446075671513529
0.15881545227044147	1.3793977686015875
0.12580624029640183	1.4210633871875693
0.29616878623471066	1.1725545994327833
0.2809700815168367	1.168034722730545
0.3533050037984601	1.1010105911074994
0.13619187998886842	1.3240090868040348
0.06781367809203184	1.4737941244671064
0.0750994999520182	1.587228948756174
0.2775559228944175	1.2134983869873412
0.24974920989897648	1.1571928589921008
0.12739667390912493	1.4368596519149488
0.09517549038431461	1.541567304584965
0.16890486073791233	1.4348255644932726
0.07449538562074302	1.371508552772818
0.32398369821035666	1.0721146238406596
0.1005620918718801	1.4551579287033016
0.18323670510699677	1.4004660164458542
0.483651678406033	0.7500386981039269
0.11110741993963906	1.53225498923064
0.20420577253553734	1.0686769875052708
0.21097183510440423	1.1676291860345396
0.10312628313281326	1.299226696825265
0.07826209623167713	1.594710278503603
0.1866747688133433	1.384221592892641
0.1018923877472515	1.5403788629378026
0.18548406368656337	1.330730997223322
0.23796305900663464	1.0104571973546133
0.27273403328848145	1.217945732993913
0.2164560926759234	1.1184495710863334
0.15112414575275745	1.4082953417215993
0.08513742624466597	1.2947764433346236
0.1015652780371898	1.5338031781214156
0.19205783926319692	1.2730712322532143
0.4494365604043288	0.6974117283052926
0.09935261690544162	1.494110043593044
0.08288130454671525	1.4361772386004616
0.143732742242772	1.4042781901878856
0.14902052214723338	1.3958265355806556
0.11549871894961271	1.312529170270493
0.08216659037257966	1.5723784326504076
0.11017472754308291	1.5194585113645809
0.6031898740189303	0.6166456959686835
0.18672149182000733	1.3559728869608534
0.16039159405264514	1.2562514258016393
0.20024894463248158	1.3545756619955789
0.18017706062492392	1.3022225491183361
0.23926877205017172	1.2146380575016438
0.19484613817068125	1.2590570999110542
0.16724290465746064	1.2300248342558548
0.1768275779520812	1.411208021844585
0.18180657392112098	1.1351746215830776
0.2005481165384786	1.067002401119116
0.19142233365272157	1.3124720993620242
0.09337024265247856	1.4488369888097852
0.24553928729753643	1.1631236599089458
0.2721813496098324	0.9890905303212207
0.21366456778544862	1.199507689587075
0.07006541047746409	1.424352220770369
0.47398890905679436	0.8844212439577257
0.09775891310742077	1.4629397648288367
0.1113030957282231	1.5198326467022367
0.18055378377134157	1.3402237516643294
0.15162251745170804	1.318951784258807
0.0833160309532229	1.2266115377229228
0.5293677812457016	0.7442360410719985
0.43366946071091184	0.9699009978471441
0.20041774423251477	1.378261505358469
0.2568006675715024	1.2054963898560398
0.15882259175244623	1.1574761772388023
0.19150427234722728	1.246194271130693
0.09048902002711925	1.4185645950792438
0.28366639533427596	1.1160145263598484
0.08494133357502501	1.383182173429284
0.6236264566014417	0.5630134790649078
0.12314216899218133	1.390493308496222
0.26036796177184846	1.1258046357398372
0.18431530713839928	1.1870631574197676
0.15218325240860262	1.2110042579112625
0.2034281054439332	1.3368896115550493
0.20235796312198376	1.3296070723977396
0.14457689707328372	1.3590930194570545
0.11446508546343719	1.5108708855555721
0.11589830820341453	1.4879898700405527
0.2949547914593401	1.1968267752893529
0.16445108826902263	1.3592020347616527
0.6251564021902829	0.5992238484808075
0.16590745652657152	1.3065267976154789
0.09207351720379997	1.2987241494212454
0.4502325346127945	0.9182810904521156
0.15880514625058664	1.222004722537171
0.10387787628769235	1.449045005473022
0.09073169879031956	1.5500313597521436
0.7057739218763854	0.4288298276273219
0.10403736393793085	1.4454456542170089
0.16224890500826886	1.4186127501750714
0.10103929507804926	1.5517574123960727
0.17166748322389958	1.3904908807576868
0.19957383829059283	1.363171947069418
0.1392687894694302	1.3640301047602232
0.24680915113559335	1.2515191738126807
0.09315124640414639	1.405240491709209
0.1119491927915357	1.3735387413277365
0.0902565897043294	1.3983441908571317
0.15275066723450434	1.4368855483457272
0.20408923895322578	1.1889108943669573
0.22133293753953806	1.1441219703075314
0.45014009761040463	0.9033215409586102
0.19011236528957423	1.0865900777527127
0.19109449441029963	1.171989449097484
0.3658833800409213	1.0838106113292647
0.1419263858664735	1.4633619785401069
0.11649704082827654	1.4959863258763324
0.20727453834514037	1.0185833297652718
0.14027078365598947	1.3124381172779316
0.10553695349762128	1.4910270888391852
0.2259558225068495	1.1859035930581572
0.1978795738531899	1.1099160949070737
0.13697856937612363	1.4425930932178148
0.20474845285595816	1.0689606580585305
0.180636610444974	1.3897166354721042
0.09340946947184575	1.4716297278049975
0.12650073168870163	1.4261266000516868
0.1166801278464468	1.3605958375333047
0.4752097999960626	0.8318542613531408
0.09306060925998372	1.3745527039699004
0.13926983417047836	1.4850311083805887
0.14996764617527514	1.106684424616744
0.4978015047928487	0.8181754329247222
0.4453060643908893	0.9526984274801173
0.20843942499722615	1.124245608320344
0.1972657184735498	1.2924153697115308
0.15470878977724564	1.3716859202844043
0.08259837732356247	1.5043113365966745
0.11219485477115186	1.4673799994659116
0.2822791869532707	0.9592672902122338
0.2208386343262523	1.2343327068034868
0.17865566755544834	1.1926499124144998
0.1248227764689924	1.51381440423373
0.12091166706867064	1.4952215871493586
0.1923543292309657	1.1944209780350987
0.08767640899493252	1.3153437230647587
0.06137106423631694	1.2309186878411786
0.11390524229205286	1.5014865430487845
0.18410674126037782	1.3518394405117973
0.13455893813525743	1.439548723986131
0.24363704583443282	1.2562403123282615
0.09840540410898442	1.5028325189593998
0.09560618909458005	1.3862731761951372
0.2119154960983531	0.9745793272849855
0.17430064532907835	1.3371578805275317
0.5117977883981186	0.6123909190668126
0.18979193637567127	1.3166180881286766
0.09818096528887922	1.3697385594897826
0.3217699206853387	1.0583755241118673
0.16427085179704728	1.3745628011336164
0.21094109031437222	1.2738923450110131
0.0977282784299929	1.5044504347270977
0.07345139487611414	1.4620046576209333
0.19006230679420982	1.2255094865798606
0.5030458329185596	0.8599752123725699
0.21003000024149826	1.168959553233085
0.1846353830568282	1.3372673311303596
0.47695118952563686	0.8225422841235035
0.10544409339914089	1.5278923425154591
0.17373723957940257	1.4034079365135614
0.120923953528913	1.5005510579711916
0.15252632473621192	1.2167341244261225
0.1833478813328375	1.3878855023051675
0.1762588094573852	1.3924874682439783
0.1417063752778917	1.484646298482955
0.12060786801000706	1.4864585945776039
0.3858027894613454	1.0015077904358016
0.15718502988505073	1.451415134126191
0.21471094708011054	1.2366292070145386
0.10129275915092426	1.4518942841729827
0.4768498723291292	0.8539854611540187
0.11708640892880041	1.4470247916191001
0.2671669349237174	1.16200585667371
0.07819686073407128	1.587520366622305
0.16288499584053392	1.201067061053181
0.18323040994935108	1.2268112671602274
0.1364457557169748	1.4333970880774876
0.09882583829636436	1.4454112423960712
0.1767127419611575	1.3162485718842452
0.09290239455924805	1.4553277349751954
0.0905740543682517	1.52290543168801
0.21796498072830156	1.226519754100536
0.14681665251173076	1.4099607622647539
0.23132717759937127	1.3153894328374265
0.1074821917820227	1.5452111437898837
0.08250263033894864	1.5402860908145082
0.11132408450750594	1.5213728085272638
0.19655518533682395	1.2666114123418835
0.10255819629813018	1.5226090616693644
0.1145938137807416	1.4879776358678958
0.16054757240544315	1.2529157112915048
0.06401128767854326	1.4824431428539624
0.10831880737765572	1.2858886479301883
0.18406856431633667	1.2748412305512604
0.09126105928329885	1.548782538584311
0.16449519832514628	1.0633574423665562
0.20192215397602523	1.3798131289903806
0.13305900337442392	1.3909410081390008
0.18027772504692524	1.1781683090472843
0.16624858944352422	1.3231914260478503
0.1741037939126887	1.2102599385237103
0.12938853861551852	1.4730345318793898
0.17795003468571235	1.3835015852070236
0.2086408672349144	1.361598664977469
0.1013048781701733	1.4543103908311137
0.42899949868955867	0.8888753097982205
0.1866580749464975	1.3929105903217702
0.12740286443920096	1.4736731033290758
0.18715656329521493	1.3380356016283972
0.0762627413862122	1.4908343692906811
0.19537716292494764	1.3385633095627547
0.30346207450025875	1.1946198664587666
0.17377175672557169	1.402528774855905
0.09036385432800212	1.4106767313087905
0.16849756123720186	1.2941265518396632
0.0814712949621333	1.4011485160842208
0.11371783040173862	1.5258475259817765
0.1731654704108456	1.428113932681201
0.12445036270321652	1.4455856212027056
0.11966233801899695	1.473988950115503
0.16276603090878927	1.3817252492871432
0.30064597871390747	1.1825286935200228
0.16159960969188156	1.1605356348588678
0.15018601298720227	1.3728371717533085
0.10019856425641277	1.4559165687008755
0.10226017268625208	1.5413902708586913
0.08772867439173933	1.4892392528773555
0.16398012224830352	1.4254943669966536
0.11172172198034258	1.516648985031857
0.6808626295540934	0.3924973841066754
0.16810433852138212	1.2843460325948142
0.2335298911049218	1.2891452082682922
0.12762495935138965	1.4939639131797295
0.1983386612119532	1.3465140659356725
0.106322669149861	1.5127191535458593
0.2326563133747197	1.2363740130514038
0.11860452287679452	1.4830450141722968
0.22598698679658571	1.3184159647493991
0.1635374858607566	1.3445864282769928
0.6437114990264216	0.4865787204620118
0.4439236709758413	0.8119877593249245
0.16125692318816462	1.2086438870636154
0.10396726123028294	1.4631060253035013
0.2095365186244439	1.1242500831304039
0.17846393907735658	1.3178439530137493
0.1214870453011914	1.5146420217850647
0.1773839052961574	1.3115837073658831
0.29979936094131715	1.1177464484086546
0.6245814586963694	0.5591960236726566
0.20281087582938018	0.9939021665844627
0.21236926858859537	0.9080138301955647
0.15002466457312433	1.328523993692718
0.22346922859271365	1.2710649222334518
0.4753381189839378	0.8838074075682382
0.5025205470023277	0.7417713767338222
0.16888104091426495	1.4245784579895269
0.6309264283457098	0.5706895653109119
0.16509762375150983	1.1776805219520323
0.33374698461865626	1.0866927423025055
0.1296857762411439	1.4668702507585751
0.21482588854652787	0.9442293658986025
0.20031084416595535	1.1159948265923672
0.21022267873255965	1.3490310770736706
0.18718554911513247	1.1130658587679656
0.15728456281506706	1.4502254859175916
0.20586597762531844	1.1525775392354736
0.18145694852633962	1.3327417228632412
0.22213605343559192	1.2611926404229172
0.16234041637465027	1.3036363214540772
0.1961152713982665	1.245069644119288
0.300365444555892	1.1971851831879734
0.27216156112911793	1.255323203143085
0.11915466939097051	1.5100149107232324
0.19305131924276783	1.1957202572227281
0.1066172579436085	1.515855856475799
0.28972575100466924	1.1416652189538141
0.12251515860216129	1.4606462831808147
0.17219016404165763	1.3883180757876405
0.17024291609651424	1.4327697360298906
0.1548462114103334	1.3336151724228569
0.19907869993896604	1.3549364557318788
0.2206137742621974	0.977977781025326
0.3367869302122465	1.1319202416626906
0.2730423362177646	1.099043892705984
0.2750028215636639	1.19049690469451
0.4936448666206999	0.8026291808825318
0.3022865783086964	0.9706435648739223
0.2058519793821012	0.9993651883468282
0.12124930302849554	1.4708266724299983
0.14723539602775007	1.4597991777792054
0.09898020585656266	1.5059369509034986
0.2065984990376237	1.184001352619483
0.154103688973344	1.3780240831423882
0.09834704578220606	1.4587936122780243
0.12300328272995713	1.4476543651381797
0.09128770460561271	1.5182680004554088
0.19231782496617836	1.1766851263293174
0.19477721416897978	1.3517410106037682
0.13114327428312741	1.4543246435378019
0.21731067416763689	0.892490312827729
0.13254964496508992	1.4004864963524415
0.08126603710202548	1.5189842554828117
0.16875019126970975	1.417184205179343
0.27312521909856974	1.1931891361948463
0.18328209828109585	1.4116724648935053
0.09082876838381704	1.493518708777973
0.2406265758533128	1.0558295621464635
0.2585960175909304	1.2591454443180154
0.1071773963908945	1.4043460069891096
0.17277858132268037	1.3429081605587325
0.12864878831642043	1.3391459596693267
0.1165300767343064	1.4833379459124298
0.36967758365114506	1.0441040518248235
0.18688896630233304	1.3898389490207441
0.10322273840883206	1.5146563919525433
0.12944849326939772	1.3439590296069044
0.3721067697691887	0.916346254979415
0.19118354817455405	0.9985190443246912
0.24764265285651	1.257183275943856
0.1397639321218893	1.4516886210630393
0.536233321899554	0.7713750612137057
0.17694295275138694	1.0838595633856465
0.25340764689709105	1.292381764098053
0.09404649264483458	1.5101145712117652
0.17317245034285375	1.130019348596651
0.12344076182561668	1.303877161312148
0.4950900262468715	0.6283850081841029
0.1478684311710944	1.3598846581815371
0.08916579786082482	1.5017923984191215
0.19487335370798647	1.1583915828386502
0.4641737041549497	0.9170193793200883
0.17953478999977682	1.3669082956676684
0.6666083833056272	0.44468158273513775
0.1542804593660139	1.3285984695171433
0.17126139810273944	1.3800777528472987
0.24979209414822975	1.2053870952244121
0.10460604478809367	1.4258877300906634
0.1388239664384761	1.2769925305717746
0.15681317225463945	1.317235221339158
0.21299218567895145	1.174566182677438
0.13833355104231793	1.3704728691539672
0.07885832690513389	1.5869302511675851
0.1871529819605447	1.141944296848798
0.16526166406331627	1.2553343384151963
0.16554617862373117	1.3414304604150504
0.1135759926412775	1.5273855859398107
0.19173812599147882	1.1456324507087576
0.4068454037466599	1.0021051205227165
0.1342976117505403	1.4573317942272563
0.20285695643530374	1.2469363835174971
0.16436362190601175	1.395225221490959
0.14388466579697373	1.3901726977887383
0.09156399367890848	1.572442972403278
0.1376580866807875	1.440505697352358
0.10327377819577607	1.528638477051149
0.15689695278746402	1.4332532750034577
0.1784213951327505	1.3997494984259449
0.06980980981565446	1.3964081525198355
0.32446669341612167	1.04407864764636
0.09041790320747048	1.5410251029330033
0.10732898919742954	1.4394213284659976
0.16048171674134296	1.423589989830873
0.1451291071452113	1.4246622101606723
0.16366651060308554	1.3312585137449535
0.18528579876557763	1.2225500863551326
0.27168410938307147	1.211845347955987
0.18536137757582344	1.2693440932698121
0.1729275318459507	1.2600624636888313
0.6244895339444776	0.5815761286304373
0.12070149610415223	1.4933410156252314
0.10810455091845639	1.5354588789737547
0.17754284250830668	1.2274613207142837
0.16519896569640968	1.4283422380989548
0.16927939345339288	1.3843699142628367
0.37065777175056613	1.0251082422940172
0.09933774231621921	1.4959403014513315
0.1499571082498331	1.4551244876111409
0.10493960931534344	1.4540953545988353
0.09910362428410853	1.550318291048007
0.1773776651596471	1.3085357223849736
0.1956002766602683	1.1820689895251297
0.18446630906586264	1.1599528318434726
0.6147556236609207	0.5495196403741975
0.5911842149411977	0.5870074220263403
0.09737845752559333	1.5427339356904224
0.28505148951735043	1.156657098954102
0.3525811863382216	1.0839544183334324
0.1892358673199116	1.2185350765438872
0.19367886900143835	1.2430302095729133
0.10026136645255661	1.4302787871987346
0.14782698131981203	1.4111740733688465
0.17617839130887009	1.2423687230550422
0.19032144165983048	1.0203710507226644
0.08023732600810222	1.570713385690862
0.16515739307682528	1.397706576889451
0.10193148319170638	1.3704700828819365
0.1968311533662062	1.0410770894137278
0.6831495793170248	0.4036505707816836
0.4689947522702105	0.8593434371427493
0.3435646583907117	0.9796745515567811
0.11522763397002869	1.4178672249607691
0.19062756397305233	1.3512753178590502
0.42772274602328303	0.9529811829242885
0.08167597237397459	1.1660594018769208
0.107616770557345	1.4544261446571753
0.0780848177420033	1.4542514840807388
0.1576487480841459	1.189652589251117
0.12092250509008318	1.4415526109419083
0.1244590947877262	1.505059223508537
0.16643733409691253	1.0711340510726224
0.4576663824319866	0.8948711701224631
0.11331487118885994	1.3232249049917408
0.08819984440379203	1.5266378477306755
0.22735203743480092	1.0628155462784217
0.3387971205692821	1.1415262591573798
0.12578280518139354	1.1761848648577686
0.18616832501638597	1.3528623138973797
0.18286609858244243	1.360047431663819
0.1149190646649735	1.433914139335612
0.08071930990144242	1.568904814567094
0.42830951460474964	0.9302201112089052
0.15557370162356632	1.1456650446424113
0.1794395356674984	1.2739493975710368
0.1155334013857914	1.4920987253693232
0.7051895728392225	0.45226341419772753
0.12238625333850067	1.3722020182718753
0.5416088496091552	0.7087049193479865
0.13583134699131375	1.3108214128879472
0.0983235936137011	1.543304179517098
0.09860940028549293	1.4461732905803515
0.1171120504427959	1.312943562369036
