0.0053814990375492	1.550554465169665
0.0035355486923145923	1.6319807632154015
0.002286744356211779	1.7184113748904466
0.004436979153393936	1.4998243662544164
0.001999278878614757	1.7008046633845015
0.002591420614298885	1.6250503083835346
0.0059745709436476065	1.719720051353149
0.006763695285075684	1.610742024825424
0.006715557766280893	1.7014818982503708
0.003455386339284023	1.417486728292796
0.003972983924634228	1.4635179748445117
0.0032658330504456903	1.720929869218563
0.0023237140698663485	1.7005797878187094
0.0019687956761921693	1.5842129180116569
0.0019807815016631767	1.1947066681418763
0.00442640028170525	1.5572451287753746
0.0031460639244198095	1.7216193736309224
0.004755763198625215	1.423794720129276
0.005414690425140675	1.3945216383177206
0.004668045376606336	1.4536067822811303
0.005698723153254275	1.6615934505374828
0.0039716798457537774	1.4467148944980064
0.00454102851981471	1.6964018553066704
0.005556558592327939	1.1508609649264006
0.003502526430406655	1.7070824567786749
0.003121480918263133	1.67683340780154
0.004060849524159228	1.7043952089311603
0.011985474528076426	1.7066187418598866
0.004899509011067442	1.4073459730245879
0.004508344609131541	1.3724775516258116
0.012288032959888576	1.559321713500794
0.0017343473677883185	1.5414917278146336
0.01341137480611653	1.5210494127998908
0.01704885167018473	1.5899432809639742
0.0029503017841333926	1.673111618867886
0.003189239895555745	1.5911177547540838
0.0016865319867742485	1.5554510206823982
0.004573702368987019	1.4396796058041568
0.01180448379285199	1.602370839187011
0.004831039586924848	1.7176801068051328
0.00272903599513795	1.7205463178705034
0.0027561471336694995	1.6797421289875916
0.0033883821958783826	1.5430334085492023
0.007127220465494333	1.5487113758999225
0.002368894429927381	1.7007900687110464
0.015149776941383383	1.2953795314525007
0.004992917540617014	1.604133880111098
0.003906401521286543	1.5584442220680899
0.0031154993014231125	1.6338896324550787
0.003530270309923636	1.4709895021193584
0.0020290088919432824	1.6754588664985497
0.006770380353901088	1.3589067600633122
0.0023140955411231645	1.72753734705412
0.0033636860783477513	1.6927009055182214
0.0027727284817215983	1.5838964469043102
0.006422549361846839	1.5914417409646722
0.004086732229765333	1.6247628340291822
0.0023828978951198156	1.5294717148696633
0.003648489367815509	1.337196736750324
0.018590368883135196	1.4545283003499005
0.011761253118598998	1.621601716217067
0.0022251149674535286	1.6591792219387107
0.004473344971243832	1.6645517003606045
0.00436438866464868	1.4792193965252536
0.003711030850607434	1.6886326333009705
0.004108824105586474	1.6620665135631847
0.004474322688456283	1.6173589626404794
0.004619285005821081	1.3335623622065613
0.00565315444244186	1.6356651916315685
0.00409184148888273	1.5181753498391062
0.00897190594702835	1.5758769145304203
0.00716198650838419	1.4627000644680557
0.003651237584145021	1.7199000019000308
0.003285032529583734	1.6074436237671033
0.003625668768515413	1.5704477538254078
0.0060253798379964	1.5820788233627312
0.007752827798912921	1.3944879896330287
0.004364180273963658	1.4448037575927242
0.015348736700790563	1.558749618137262
0.003427207265251592	1.46557506032694
0.003720166706379833	1.6294664514167114
0.004532892838451333	1.6047771789974608
0.004240329377326331	1.6195989398871453
0.00398548664736494	1.7001853158013918
0.005328078590310749	1.4195772212095905
0.004713686385447321	1.532413870668005
0.0049927129124570195	1.545242605901009
0.0043837785706381605	1.6462279582675827
0.002346049975973052	1.4297206488414331
0.005400244493426699	1.272432129119842
0.0033027547984381283	1.559122540416051
0.0023396276621109515	1.5034850708086105
0.0021431652587864734	1.428404196371761
0.00298510467444379	1.7263906543536738
0.008862970852444264	1.5024092011960082
0.0019664159373120795	1.6057041961551362
0.002513190849960288	1.6459468293832216
0.0034371197295317148	1.702479938537675
0.004466833455097921	1.561808656885284
0.0022753508397328017	1.6808157304755942
0.009692531113781147	1.682759750932401
0.0035556798005171794	1.63070008570008
0.0051733861335506	1.6270223031005466
0.01356808170918985	1.4043359922808027
0.0032645616928267864	1.6257583659920827
0.002373894296954474	1.628840767040639
0.003086602400288455	1.7266129943681525
0.0024190943517012026	1.7016395227850678
0.003818585473086948	1.603960599018496
0.005126742609258824	1.695153296179019
0.005336085259048356	1.6164940858538288
0.0024464077915537976	1.6875072579474781
0.005202712860974342	1.2125344495830936
0.004191409640928384	1.5166229913918072
0.004384347022112818	1.3128239578886824
0.003442892674175979	1.673007603075321
0.0028033398122461486	1.6164597173509794
0.014038816677345165	1.3131485551184583
0.005718973631915502	1.6961220388678757
0.0020893150511868117	1.609310607875254
0.0021682700279277243	1.6513512058069821
0.0035534271005488293	1.4469059927876824
0.002424867355920106	1.5852255338441867
0.004289526668268307	1.4865250992535743
0.006790190977163189	1.5666692106206812
0.0052073960414186675	1.6903041507898289
0.007779243504795	1.4378223754438495
0.0029218775438688447	1.6934914751635293
0.005799814883933673	1.6904927076678917
0.0016745789183284746	1.4584988603377627
0.0049530978839179745	1.1554431143624155
0.004020624957701875	1.3214398215282814
0.00637503554593539	1.5756575972597664
0.002698512578204345	1.6866974065678413
0.005535702417168708	1.042898478144982
0.005526706055630985	1.5389746074759498
0.004375443359572676	1.6270571022945512
0.0022949506075735223	1.4101272961704239
0.004039345941434994	1.692013407153896
0.004001882863314572	1.563029009468794
0.0030965309374588156	1.6935978901923074
0.004198648342121046	1.6103246311483934
0.006807433390334022	1.6689203336550764
0.00536643248915152	1.6611390852112748
0.0052659488929596605	1.665339791192407
0.003911393978972704	1.7018598442581716
0.0029530873907007847	1.680078003974903
0.002786621744502346	1.7248198967484842
0.004099851473262015	1.3562944841693758
0.003992779055093615	1.6308484056243449
