0.00043247177996152687	1.2865294160008067
0.00016974548401404497	1.2732944679257607
0.00035814470722991197	1.5838183326946607
0.00029419222359670927	1.6668251149984106
0.0008718368876710294	1.5833736025376157
0.0011463194182169847	1.6134851302002016
0.0002620984642765713	1.5365992137055362
0.0002947043979737607	1.6798104421303623
0.0005414727293216228	1.5872785933488829
0.0004964671742678712	1.5669874195084526
0.0007451427430958814	1.4677881921730842
0.0005408038020319679	1.4207403615185763
0.0003119587719463038	1.693451120195566
0.0005165890457618174	1.6430787515470686
0.0009351166110548111	1.268457415451488
0.0003998442332472008	1.6654641071881362
0.0006126193526398382	1.7119905194689882
0.0006608104270934336	1.4770499027007788
0.0004900189650268989	1.617942531309832
0.0006097093275359287	1.6912714813108085
0.002000524238868609	1.523912447337522
0.0006755061961315739	1.6250306146184659
0.0002706204056254258	1.7165273950161009
0.0004972377856359573	1.7067287103823692
0.0001988873149890906	1.4848438591971793
0.0003665039858515231	1.674127699319548
0.00024915933269309957	1.585405337780411
0.0005330131089335077	1.497210088365551
0.00031508073053294726	1.4341721898167208
0.0002678713556319273	1.673176848151823
0.0005836327223282261	1.7276754964206402
0.0005129929025597451	1.6550397408329864
0.0005963095879887757	1.3840203633817367
0.0002730014600334405	1.5425533164156269
0.00040331645039554456	1.6418605033223055
0.00027568725654157183	1.4774320706097441
0.0003046059982306771	1.6777195961046727
0.0003225207700252971	1.6179490794364442
0.00030710871925535043	1.6054703528885534
0.0005434436923628697	1.3704674184620713
0.000503000327609664	1.6889811196778286
0.00043794424832147	1.607856810173115
0.00024083140696799302	1.5620133210416647
0.0008050941037748727	1.7194887639383554
0.00031072309593543836	1.6672849075377725
0.0001805873448502484	1.4890261338500679
0.00028992376907235645	1.6927613372846513
0.0005418201107976218	1.6924644393169426
0.0004218043932380084	1.5974583726013662
0.0003879136111726953	1.5800544701036516
0.000898681756049735	1.5826278517897565
0.0002825202209235523	1.6983617909884652
0.0009754994865251576	1.718987182183958
0.0004315192378229391	1.5755414280920748
0.00022168658742352724	1.6460852769448404
0.00021025982625478434	1.6178171193797284
0.00038410100341287537	1.6567100332318536
0.0002765534378147054	1.6099569379381837
0.0004496254066867397	1.4415242042301468
0.0005952393567758787	1.1958684633036654
0.0003549551999083225	1.6275321539868355
0.00039626379657287477	1.655408389916349
0.0006744093857346269	1.3845317969503408
0.0017656965943882725	1.4666817971877253
0.0005285160816353192	1.7055277714680182
0.0007103221366297374	1.4751324860760173
0.0005177184964441716	1.5362525893482808
0.0003279076219097467	1.5199909023413087
0.0008652781385762259	1.5148515563476865
0.0008793622570988245	1.6465318683053676
0.0005369385719789147	1.671320981033102
0.0003551499494969027	1.6499580303210544
0.0003717382219005303	1.6280641466647991
0.0005151627449546739	1.5742846012793046
0.001883229652599689	1.6067885501917711
0.0004284138121217434	1.7168406096641258
0.0005665787731375382	1.4827502455741919
0.0005256646433484766	1.3466864259410105
0.00030620993869104037	1.7145105219136276
0.00027262572114365935	1.524954450400244
0.00024366581754659784	1.4591806909113978
0.0003096304366023277	1.6536144799033456
0.0003014374586604406	1.6921609955179084
0.0007731386963321138	1.6330922632117633
0.0006374374215729125	1.6806895841993212
0.00033342547443773984	1.5392707424123429
0.0005535152693377899	1.4975016254237494
0.00018524051834092013	1.570342977024524
0.0004602945010615134	1.5532602454930942
0.00026625839735861363	1.5245869067672477
0.0011974213844502095	1.6859795230107075
0.0005099018307427593	1.5451439428439369
0.0006903780912814799	1.5806300451693371
0.00048587142013982367	1.7060956815666186
0.0004145804750203291	1.5069146182008901
0.00022843141484718457	1.6151519831889063
0.000426159973143428	1.573912807591763
0.0005270228515550166	1.4125273852075906
0.00036939917450178674	1.6924049706282864
0.0004585179083692155	1.616520497189776
0.0002555426287924564	1.5900459581008328
0.0007127775494924859	1.5929164367288868
0.0005334731249550056	1.5069633423413746
0.0002891400057226326	1.7265733250608366
0.00037683862890761365	1.7265407643380917
0.0006892024732066102	1.7156798045234933
0.00016918331130519982	1.2190347336783227
0.0011789017997504668	1.7268869499032782
0.0004835085411139933	1.6756466383893316
0.000920689411598627	1.6832780702923662
0.0005839646041658176	1.422335446676191
0.00039345630981929813	1.625561705474233
0.0004937645854626221	1.4805058891239473
0.0004628095052126157	1.5842269293774194
0.0003397114743332336	1.6601091379988961
0.0005540058996440242	1.58027161996751
0.0004381718517451234	1.672484327414459
0.0001920102258757294	1.5472263262244959
0.002093844305297327	1.3922172838631104
0.0006620015733683979	1.6828129895520214
0.0005869863121086495	1.627103991105031
0.0006271293244786164	1.5062861275713522
0.0006897852463995927	1.4941490871189558
0.00022979363778091158	1.6987809824872315
0.0005535704508536451	1.6956074580960803
0.0007864699037388392	1.727387923178004
0.0003680785675548282	1.6318103389905319
0.0004710880095722493	1.5573768548281908
0.0011169470789126055	1.4422502019752956
0.0003504784932717912	1.7275060635107828
0.0003315822728225947	1.70027479698662
0.0005124649365842887	1.5656963573612372
0.00027947572344654416	1.6926714168507817
0.0002776995675130436	1.6856153670036251
0.0002751568634580987	1.5181642592580133
0.0005392445843809343	1.6081030313254434
0.0006410042752359633	1.6008606985568787
0.0005295141276254901	1.6518035969759328
0.0003502525525088911	1.6307562486422247
0.0008100277589915846	1.5787216233102477
0.0005652806062831634	1.331295634138908
0.0002797606207705089	1.6999716238740492
0.0002558924555341465	1.5095207311067114
0.00044230771607970494	1.5576995621055463
0.0004711909463397335	1.5582585112548242
0.0004731946927709608	1.7081043706056733
0.00028088364164782434	1.5664280310370104
0.0005221297238992971	1.3733051126409803
0.0003258004818536347	1.6457426417091696
0.00040092743157484447	1.5291838895466592
