0.008898102267982457	1.579410138711152
0.01425467718663273	1.6752239984257873
0.011557089251453611	1.702375672236848
0.01094400012352657	1.5857265598064156
0.01721814503084363	1.700108389126597
0.009320374011047003	1.53779346276382
0.025499131862947427	1.6471251975856656
0.006280003378275524	1.6683469734522898
0.0152921525365946	1.2117682266769452
0.014394319175629017	1.6285017668964934
0.013928648816756222	1.3771757075889868
0.009962485177773659	1.697296461864632
0.008984546821208625	1.7091428924237906
0.006199730243285115	1.6776436357472395
0.00561187452769858	1.163064000879569
0.004757920276773054	1.6542405643700777
0.010196331683829175	1.344860664615087
0.014455250752036491	1.6903345679799215
0.0127255873127192	1.5545503755718983
0.011841003038454638	1.6280919796618933
0.005544559796132017	1.617080637616889
0.015042543677329047	1.6942147022422809
0.012183931058209736	1.4921219990156929
0.01681690079753314	1.570309448105466
0.012244476055237475	1.4915084279480193
0.012443783105301373	1.6069306318146714
0.009206749381075277	1.4877575096818565
0.026567526914820807	1.5421832570572813
0.013501197604372758	1.6042381057527062
0.02088469968137333	1.65236543061852
0.02280741643912094	1.603217863587178
0.009748342394385207	1.7114292158916964
0.009554506200367014	1.7124967590817926
0.02350104525836827	1.5637152502397773
0.013647301596501958	1.3457043320421362
0.006515062127572418	1.7112532560581577
0.010663909976458144	1.4633395309457553
0.009011173940757048	1.5144100229679864
0.008727864986404626	1.6238664093157262
0.01514751211049262	1.6933018688199057
0.01269267806642474	1.6663095663310505
0.0063268220977478785	1.4469736626872476
0.007085788153541565	1.6996428317862289
0.040763612991092005	1.508153864465308
0.008673825693223235	1.6775108255434488
0.009632221069096569	1.5761562381449257
0.009349245692006783	1.5868498639862922
0.009223379060773994	1.6117151278489823
0.0087091120361051	1.6137106302693116
0.006772877070272389	1.6802400937269766
0.023678942454624718	1.4773330676786691
0.010805834438982463	1.424770707836155
0.004207774741912252	1.2005713381541154
0.047587041627795014	1.3586995199232919
0.006506003495443099	1.5070593773105467
0.005416958957632278	1.713951015764426
0.01429211185328481	1.4179078301447658
0.01114707037957601	1.5795749873935883
0.013021268800178658	1.3151992380132185
0.0057222768636827	1.4405306868552192
0.00731822235637231	1.6526821870815565
0.007427071906877291	1.7182400609798854
0.013053708988375682	1.3341644353596187
0.007142222323153882	1.650266528334504
0.006894209002132379	1.718138620910354
0.0224333620600057	1.4898115423928533
0.011020247694568984	1.5589479314721966
0.011926756157125528	1.6232652783498014
0.013961369004369605	1.6078081050254946
0.009292816829208421	1.5746555931233928
0.009076247012124438	1.7137322291027253
0.009385073406113366	1.6937705198176871
0.013836601162378885	1.638354631081925
0.008592309418775531	1.712349026087483
0.01611301543832035	1.3623336275016245
0.009243016909884575	1.5790235008428863
0.007900095193090642	1.5321556801047824
0.010228563836652955	1.5857089796475414
0.03431726597974697	1.6701727737723688
0.007143014608888168	1.6791711396311542
0.005230067462252268	1.566136680681804
0.014508923232922447	1.1707530922972262
0.014383431844395373	1.453022286438801
0.018702444826914036	1.6446545337515401
0.007313395230837338	1.6025472917967438
0.007906892876719604	1.6806723442091807
0.004289173737305726	1.3858228542238524
0.0087618063359405	1.6786374691383612
0.00689261859503215	1.5611853289759317
0.013461615917101292	1.6861309904843624
0.011295004794737754	1.6780006037300677
0.009376921240875743	1.5409219077459984
0.005995029353627437	1.7037937297000068
0.026780028407808295	1.5984075494933427
0.03088358472400862	1.5745880219153825
0.01096740638117846	1.6946548364602392
0.03734916727705257	1.3570862577088911
0.009890997459453519	1.447526400108823
0.013011636960020305	1.573416195044135
0.009034252849857566	1.6716315580865226
0.00727822478259162	1.7008748243266552
0.009053624965576502	1.617239528018079
0.00915585129059518	1.6431408023049192
0.011563131414817318	1.536447640399059
0.007799173542177157	1.6601563948900477
0.012740492766837634	1.264480373650441
0.008119064842758698	1.6956465705731207
0.015990434416073666	1.649991243522338
0.012638281872502363	1.655048548706949
0.008469204280124388	1.6431741506679138
0.013375736440451732	1.568292795726364
0.015018554771055785	1.643564244627573
0.019075061548125886	1.587138311795099
0.006071855499654802	1.4452847848318702
0.017654934588917454	1.6190576602472468
0.011708891367492754	1.6858312231006938
0.05357254091642776	1.1745658687450518
0.007758758393725464	1.7039860266570912
0.01306906171475382	1.6598883581250423
0.012436056326470409	1.7026397206987864
0.009042329973880442	1.664467135937823
0.011730983352772785	1.6183650804245402
0.02192695365538613	1.498484466112413
0.01783329445182243	1.330745833752078
0.01262027329196406	1.5116615772472015
0.008200004850798569	1.6967113145592587
0.005410483114718206	1.7168011299794073
0.04372553707296751	1.4321178325337323
0.01211441506676774	1.5333857537630866
0.011545842483881383	1.4041983790491304
0.015779991346731474	1.6587762006481135
0.013318490069253478	1.6991820618536089
0.008686138608601334	1.5461131861263582
0.03306168254770852	1.5831437958495718
0.01445029040040051	1.2298338330890066
0.01036444592607245	1.5059035552011308
0.009879720226053997	1.6173376344897124
0.017077684080257123	1.6658079957126162
0.01833626673673879	1.6355582843426737
0.01528272640315742	1.560594951882595
0.009478343830487158	1.550092066363789
0.043860459372312054	1.526154675674444
0.01067166732427411	1.650413006075347
0.008609362021009575	1.6875996027125326
0.01258143107958392	1.6771418183541429
0.012439446980986243	1.6275889423912635
0.011022639814567876	1.6747044248955865
0.009981379498671429	1.562810060324729
0.018730257002266926	1.5351603847049171
0.011477718319880526	1.5246554812622342
