0.2746753013872389	1.2307183738648648
0.09860852250870998	1.4998506243916956
0.33264150617198285	1.1001176201491958
0.060008916580339036	1.529965900188286
0.08843162227540155	1.5705569665426709
0.3057420337877393	1.177533601312231
0.3447663036396853	1.1229709957207674
0.056403852022895835	1.3950127809913229
0.23308961369775705	1.2369496482515843
0.14757118248885576	1.4003537316868675
0.23184870144810404	1.2325965733504884
0.13781402211966692	1.3605261554843189
0.06635943866568901	1.4340504718784102
0.22254314549988097	1.3411970259994468
0.17852884786386422	1.1615662562335083
0.5199685891398012	0.7449474977079658
0.30235536338102537	1.1129356800608496
0.0819163741030037	1.57492988578072
0.1694126124715481	1.3436188562952134
0.08586844328611201	1.3591699067275655
0.08518149682443177	1.54462785634719
0.14598256322534184	1.4476411430408491
0.13224059786720252	1.4228960340762786
0.11123828207113541	1.53628717397254
0.10206465973158034	1.545823088194005
0.2513509816324017	1.199054944788672
0.13887146934925557	1.4643824280949889
0.07708813649217411	1.506922730120531
0.07211274549248549	1.4478432053204962
0.16691632971490702	1.2826434529480084
0.09937552215149627	1.4997992673012175
0.0879325459060667	1.574892559406209
0.4435383974486134	0.9255198040936166
0.1884316426996449	1.285251007154644
0.5040160935506451	0.6992245677861297
0.1650989127373247	1.32210509994459
0.15989261323083426	1.3778687646198213
0.11212599601734523	1.5158610836479784
0.0509034636076969	1.4878448571594107
0.09176383297714495	1.4782747581687694
0.31838249399410995	1.058844039526186
0.08193773810177177	1.576910177581911
0.43767689938839577	0.8863972058883334
0.11521520188039386	1.3096414939924488
0.14895318646877825	1.4579609518903247
0.0948427201571465	1.56167659452916
0.15202501137634522	1.3212034174457516
0.10921531630407234	1.5249808459350436
0.06544731210136674	1.5034212962464724
0.0874609135422363	1.4795940426151613
0.1384915963650479	1.4436635780593208
0.11426326532991006	1.4308010960100692
0.12887571568460662	1.3898989084509485
0.2198376948169699	1.2007848962053018
0.09151773887407119	1.4662556131821889
0.23798471589067963	1.1017523256457005
0.09260712584051783	1.4213153729476469
0.22818860001555644	1.2934428083185376
0.17719168631541904	1.2799607831350384
0.10195240574992218	1.4900045237800363
0.09544629256146625	1.544056642180169
0.11739465306147051	1.4764168518990068
0.15154551542150718	1.4604980511120278
0.10398443997600351	1.2126111636859276
0.0871074014166889	1.5192501701674537
0.11863352768550849	1.433337478162362
0.08600620208861451	1.5481903700601927
0.10187266087741688	1.5190505705043513
0.1804416688880842	0.8518755855348693
0.09769250239239351	1.5580111713337974
0.11017934324215864	1.4700849892650445
0.08050542142585092	1.5634191134049509
0.06235682899460335	1.4679448921622462
0.548267316882859	0.6225878448338908
0.15449927189794627	1.0867785308299889
0.1023098382356306	1.3275153373049824
0.13222395330219439	1.3804799699373071
0.15845227287638236	1.4360480549132941
0.1037645644472455	1.5381928806175496
0.11006698609259309	1.5072669737492528
0.20600292335719492	1.0183520014273153
0.13715380860632492	1.116339357024787
0.0683491665793559	1.5202693595953505
0.16205249642975028	1.2716659574325966
0.2457321627204737	1.1450468052770806
0.08812351146534574	1.5688934327389292
0.13174368391241686	1.4675902193157988
0.18541379356481058	1.1298223446732658
0.050398064965024435	1.1907073928494798
0.13474731738711557	1.4206925672553523
0.11346312094853007	1.2719354199041082
0.09249775251264714	1.3190612002402071
0.06792342411211626	1.3539743294984021
0.16154361706022213	1.4240088253799172
0.07253275984956835	1.4665765215282065
0.09207779633877997	1.4687737827755338
0.080570403075371	1.556486402112827
0.20348143721859913	1.3739261480981826
0.14448678150445193	1.4657253728980333
0.13790876780306197	1.4870555097378015
0.1734084551818806	1.3610630930466554
0.1807161146862844	1.1113502914078395
0.12625699727478779	1.2352334922223227
0.13235401820998138	1.31658193643671
0.08956909333500075	1.5757961414058383
0.10780107530734932	1.3911541649685695
0.15178319884009572	1.1313837599628136
0.06330970179547843	1.529219025252893
0.15824034606457174	1.451838900533581
0.08083285657913661	1.589507557586911
0.1556769146538601	1.033385468224055
0.41190097686272203	0.9610931320812706
0.1336364889071565	1.0975429990706864
0.42606308472996834	0.8439392148075762
0.2009503013005589	1.103083298585713
0.0812020060798823	1.4931398359825072
0.12346185095627936	1.4568310670481641
0.08772024354937367	1.563565535352549
0.15540138234440978	1.2698169041873786
0.20507427292147026	1.1387863344554296
0.15204677204743142	1.215698001796907
0.08517906606091516	1.5808507858646683
0.4560481347272751	0.8980058490763377
0.2217127644616012	1.1408773467114413
0.07011414040238219	1.5073831415551704
0.18588738750938538	1.3710497064364686
0.16711856419823856	1.440273235996961
0.06666214007595934	1.6015313411940495
0.13490109374132944	1.3761002110780511
0.07763686410079469	1.381587757938415
0.19533218097658983	1.3738349773055734
0.24426615399730706	1.2905545045070932
0.1548407006117695	1.448501026328838
0.1144248697061219	1.2728213304660405
0.08404289426000122	1.5328121895449969
0.04865061856399711	1.3173217967285846
0.10053603817158313	1.5317321106514812
0.14759655413731237	1.1748347108479424
0.08275240019776157	1.5571818166844555
0.2756646280013461	1.2295584580037358
0.4870295038738774	0.7186186891971063
0.16324145892488487	1.3874223704023003
0.06634632449794314	1.5935985977843927
0.22333284081853944	1.2377509683043137
0.056606617581133715	1.535981109557089
0.12095944926721072	1.473743349703661
0.09413211625647314	1.5324041192116333
0.1054862718895688	1.523230187355161
0.4063671338264273	0.9974320461169062
0.11493162126212804	1.2644601703944265
0.1569456031022018	1.3885498305199775
0.09191058968529234	1.5379708467787054
0.36814013046589006	1.0858062273540914
0.1085032253256087	1.5288803366798365
0.10516170028102313	1.5155672905238244
0.13397217140419632	1.453384229733306
0.11612745351802393	1.3476843780531789
0.10309528502523566	1.5164512730230089
0.32926860835065974	1.0503109111865951
0.1963147050830404	1.3638939488769204
0.32063189059634645	1.1702358105701676
0.11581650183264754	1.5312988714916342
0.09291618715288187	1.5552737312374179
0.17586791297616083	1.01093365669895
0.14165664941877698	1.4413740871680254
0.09438043972966575	1.535113580258829
0.1315230388972092	1.3275822896986345
0.14438059890478774	1.4512344958119894
0.053514874522499874	1.4484763413356598
0.14637258890286567	1.3363648566755266
0.0628368697259227	1.6162401377046074
0.09768645351128044	1.500703339459099
0.12907732473575836	1.4432205806771834
0.07096743947833523	1.4146450653909795
0.1571702145884514	1.2031094587671203
0.15334338529888702	1.4579922849943965
0.0964803661531423	1.5036584538538038
0.15592485899391698	1.4568096843452056
0.13605863142079044	1.4174242112843096
0.17283416156559156	1.4204046244300628
0.13550493151756	1.2758736215108688
0.10465274479901632	1.5256234733488347
0.13126086072002113	1.2953620849570988
0.10885214767191798	1.5222004094256003
0.05327338794673226	1.482310046382724
0.15950065163653349	1.321470369053927
0.1428629471869676	1.450794427030019
0.1897581386253452	1.3496225180702126
0.28150279419745244	1.0598512142968886
0.048575423975639874	1.1902783510214492
0.2832652597755078	1.1962700396607762
0.15791786499030278	1.3739181050798117
0.2758630389672551	1.234229537952118
0.07856574535736163	1.5425540547981897
0.14013709341725566	1.1594973859145254
0.07309970965897372	1.403024781937508
0.1443173119977273	1.2582792332343407
0.08540283137883217	1.4155719353790999
0.24972608311471167	1.0188755891769323
0.053997342204577053	1.4622482577485933
0.08140581481540536	1.4680466476967107
0.07925680482814071	1.5177260566891562
0.0837863265975269	1.5610843582329395
0.12365187883048526	1.511555497236967
0.1372172963984292	1.4321052844680593
0.12894265248684203	1.336856532169403
0.09305007058589512	1.5316906978008835
0.10095833704519533	1.5527688708004104
0.10939005165031848	1.3802624891354887
0.14459018778579596	1.3829155883539743
0.12206801665252291	1.3930215198887623
0.11431142582218257	1.3880407567504052
0.08385044940159316	1.583517844858672
0.06817990257890885	1.3344339314023885
0.07554750615653036	1.4121873174044297
0.2092444536808829	1.141143521998211
0.15851204921069378	1.365630296501978
0.18714685022466732	1.3104645547145568
0.06444014257676911	1.593457594366464
0.07734507603955475	1.5560223043096628
0.19288474781659934	1.2823971482533936
0.11607505271243129	1.4141255597821993
0.1368121757447378	1.287101559379712
0.2356834216290241	1.1328820138877846
0.1490436986303889	1.3933599129834107
0.057710852731297446	1.4407787435787704
0.11854836674978719	1.2697600142916725
0.25177283990874805	1.0634816878756812
0.08199559751623714	1.472174599987127
0.21872472952484026	1.1928668412048011
0.12794492604333751	1.30302525119475
0.07239719409347929	1.6043544216417644
0.16835412719915077	1.4354589037023662
0.20562807196645494	1.2854781688538577
0.12364085131254686	1.2774748031943426
0.24266721887516565	1.1106515809282322
0.1465726005767941	1.102029624222732
0.18204229443958625	1.1659047190729377
0.09166893882828683	1.569196055862455
0.07714868800598648	1.5757259383312614
0.1553882293233079	1.40217754364541
0.2855420823339039	1.0373631226819038
0.13486111920416485	1.458380161724421
0.14286709428925468	1.4581564080124458
0.11242383843086362	1.5302466014278924
0.14936542008904516	1.3226876467331916
0.11886647392756773	1.4780287468654012
0.12318371855215327	1.4753237533785595
0.10182499658890513	1.3713646949395266
0.1343143434046586	1.4060695335818933
0.12262229968010278	1.3536321324904979
0.18276869979173188	1.1761165542398144
0.3776021998403463	1.0687311855768953
0.07064271371416483	1.366868464023752
0.15682671422310418	1.0334429166641903
0.11102845787819127	1.4654500050216037
0.19363879378174975	1.201395667529409
0.10164234522580229	1.5287474693120093
0.15076530342271582	1.469451523879342
0.14527579559301226	1.3190906397654034
0.06765692363048449	1.5614093264477866
0.08509250216376135	1.5168664389386504
0.10936838178373998	1.4351543547634154
0.14344336714788555	1.3995145386409948
0.050240551897747655	1.1858436221712785
0.3544778992142229	1.1049546759226092
0.09256800132204267	1.5590653815115951
0.28056148238458517	1.209288265405136
0.11245424975751656	1.4723966881116017
0.1620093938502929	1.1927891984109888
0.09766913917509959	1.5250761964495734
0.1308385805962243	1.3265840671591191
0.1315210639959052	1.3340928392067133
0.06460570637700534	1.5826336413038664
0.09767463519347498	1.4837173315573255
0.13012378348539944	1.3685058861557864
0.09428809450234081	1.5154462904456443
0.21786400770787642	1.3025174684415448
0.3699635486985602	1.0589116352522439
0.20256349247651326	1.2348205218775299
0.0637276245874932	1.5794238833637646
0.05279080318919895	1.2955579167488522
0.05538039211771148	1.500079905212254
0.13208241928186432	1.3110674099610506
0.06999687193875755	1.3285621649219583
0.40459554372293066	0.9935122873566442
0.09967254228818091	1.3310288002727932
0.14089008843645093	1.2082575852995183
0.22238107216137964	1.3091469425793234
0.12295935993138869	1.3779052605767526
0.2568326362196259	1.2643808551749536
0.08755911781467848	1.533442472714508
0.13895299511990528	1.1576557274028745
0.07098441998349757	1.3593813856061085
0.3631192698633437	1.0973630178318836
0.36637485739690195	1.0454736694616231
0.07093151856927947	1.4190250061920862
0.2565532148938879	1.268598845621509
0.22380850471033653	1.2494169461088807
0.11920108021217636	1.4906579563164088
0.08816418938087248	1.5721944527717513
0.053755141718729825	1.4342070902238928
0.14160984749653838	1.4569499731160307
0.04848206348085985	1.228240906936169
0.5409423521344103	0.7186512960726293
0.10677898146869083	1.3502633910042858
0.21887475203888831	1.1837352047172458
0.32906748873534036	1.0860441122582907
0.1322573624384128	1.4530691614682287
0.1646179144864119	1.0370782855061758
0.07748684529257263	1.4627965360282484
0.18150060646389332	1.3985239024453868
0.09548612515254642	1.5551920351005353
0.08702663437760635	1.568384467922324
0.17245627865193264	1.3977272397590963
0.1900414961109162	1.3458071010297965
0.12084253189014649	1.4850626325636518
0.13615775845036304	1.4747550320407166
0.05869738030861768	1.5497206327873028
0.3958426557664507	1.0126096952572576
0.09319580609887307	1.5234174725309315
0.11699936431999912	1.4806243306897042
0.10805096160516818	1.4517139349481343
0.15333190508626526	1.4328130661298109
0.08082613715359509	1.5217058063992388
0.10398411567923584	1.5018569082882043
0.1412063650501662	1.3570510895586314
0.20907948818667887	1.1945154231873176
0.10796653638052976	1.3687173995912723
0.15844369366602049	1.2145186518237048
0.10890000054824968	1.526439005472973
0.10026705377769127	1.4299326339188982
0.11755963114549198	1.3746891160724992
0.1909664697133801	1.2796018470774322
0.13460344347624417	1.2432173582492392
0.15429556388976368	1.3522533409738604
0.12231618016419407	1.4920375157834345
0.08896390542463528	1.5616651577254859
0.1456537587093339	1.415463653920025
0.10398147000944309	1.5448019404260036
0.314198434926181	1.162043732280662
0.047926181985526284	1.1485165473000887
0.07500455451220703	1.5878598688625525
0.12834431951627934	1.4640973956206491
0.06708761365884904	1.2813883474281793
0.15360294579919143	1.1268891353972825
0.05882501767337289	1.4995388996563301
0.07386974975153375	1.5740673721881004
0.17155982784922844	1.2340485182697536
0.1026494649987507	1.5538750597909625
0.1159986819665692	1.4735780012059116
0.12047538584353071	1.246398290635894
0.11010105212337859	1.4920946639529675
0.07952576874896813	1.5784515113609285
0.15411490648267673	1.4269625884758685
0.0817638659879171	1.5606727342378743
0.09445158999374688	1.3796127837380046
0.14973773947454921	1.2834323928760019
0.11070609206824644	1.4521201987831682
0.06873055047352926	1.3512856305533154
0.0851374926484212	1.5640230617396749
0.38703562501426075	0.986860258550275
0.1025824100915022	1.51550490013528
0.11371297770825295	1.4150596093679468
0.5397821334273463	0.5863696815822327
0.13499450071911898	1.2418961421827863
0.20273237625905113	1.342140755481616
0.27505751157343183	1.1280562626809967
0.06644483473444325	1.4721976874554477
0.1699483310787762	1.4363577111352082
0.17114176152293223	1.1292567256961814
0.13967998907381463	1.4595108027756343
0.10581726552170505	1.458500615673985
0.15005252327228497	1.2844639133087923
0.12259063609950595	1.3870097305940807
0.15290624584618473	1.272188955343085
0.13114358050805253	1.23502318202125
0.04921530050574217	1.2712587562673556
0.2443718171861983	1.1877095836893696
0.11090799293323683	1.4687211631220691
0.09180681566767386	1.4559692304599476
0.08012812617210405	1.4911635445692348
0.2103362512853644	1.3645258290976785
0.10117252149245852	1.3687205426369138
0.13095153133401807	1.1008388802809714
0.12748758459489076	1.5015940651546313
0.42879047346838933	0.9281530354511071
0.17456107706381693	1.3701431025007837
0.12041579946374814	1.4486402449450708
0.07801549398558762	1.4544862504336198
0.13184745254972347	1.3933747488800545
0.06939253630791553	1.5675755511981957
0.15448431864971746	1.453870026599735
0.1270539452317514	1.49503887938637
0.17060216045647725	1.4242715448918082
0.2068500000426214	1.272383174453157
0.1607165913207886	1.4526654092676319
0.1731769186323987	1.296297647068906
0.1410682467663772	1.452815885321236
0.16169329614450678	1.34495596211634
0.3942899230432176	0.9515552276267712
0.16081843985497402	1.4368059981187689
0.06049526278093808	1.4226191799626178
0.25422743746085485	1.1297586598432838
0.09425649425564325	1.5233587365195125
0.4133919770012579	0.9921420034145574
0.17421070019513596	1.4090952753712613
0.0747459150690956	1.6009340483138226
0.0918669576715976	1.5527850444281148
0.12225280644377173	1.3776028259507482
0.1463740227472938	1.4372916882160345
0.07695146901215366	1.4093513858750104
0.13225689336873644	1.407459492586378
0.1659492817554472	1.1961094293280523
0.453221012681645	0.9079975995232419
0.10088895803541133	1.492206289843606
0.2881828040280552	1.097711934035597
0.09482588930232824	1.5650481844473592
0.06483622152192872	1.3507714662615258
0.170979883907219	1.179556469743003
0.19303775424488728	1.3771285178580797
0.36165642551273336	0.9895889206385002
0.0750957868474925	1.588284648360386
0.18773909262487704	1.4002433371539487
0.10006142764229868	1.2053701553433218
0.11820319394623678	1.4037387006746564
0.26970792043835623	1.2076819280141629
0.11043336613199724	1.5106008807143827
0.07091958800767459	1.56001191491519
0.09299040016373847	1.48421471739044
0.060808380949683716	1.6201590479558687
0.1487443597125318	1.281578172076757
0.20494622981408958	1.2380627028372178
0.15969304646370844	1.4216010338294414
0.15432697979352875	1.352301418511395
0.078756965834907	1.5490205693922923
0.165110900362129	1.2933660311255948
0.1083286137751843	1.5169101611934521
0.13877461658347082	1.4867444165814536
0.1805304083555807	1.3206641795788456
0.22546776817248945	1.3320963987030336
0.1239766086711786	1.3083114562827207
0.09178342945677037	1.559895420897499
0.10897068325070892	1.4931954871570405
0.06402148911444111	1.5821912917943375
0.16346555258914164	1.1339814695718948
0.05384771260569529	1.3726316017277034
0.3058081033950526	1.111520725664592
0.1608627331308568	1.3617235704267086
0.0712217546567262	1.5808460282893473
0.17983328575691537	1.4136462311024203
0.11949790391930544	1.506379515717087
0.17381239676326862	1.3053478729328085
0.08061880525388812	1.55679895452694
0.10961752068551878	1.4360739681783348
0.10187605102061481	1.3685219174657186
0.14911912319430135	1.3741773888134698
0.2036054789343733	1.1566016884974515
0.1629496948064628	1.2587759036191524
0.170931822638917	1.4151817604902084
0.10175678383806254	1.3728279972548516
0.15580618564745632	1.2405771288989307
0.12146739615784434	1.4992641617428089
0.19216027469536423	1.0087553938233524
0.18728910358392556	1.3988752837176102
0.18491803158544598	1.3545437552628397
0.09158421234696207	1.5682294731647692
0.22842707114497535	1.060592300718832
0.15869368902646516	1.1896663418178792
0.0596180293786621	1.44350607937595
0.5029573341277696	0.7720067605055183
0.051355187791849215	1.5399625996021258
0.06922572590691518	1.5366148805708741
0.05054457859189664	1.3579000184156995
0.17308598040544415	0.9605303287539836
0.09788466178855608	1.3813653864994693
0.13998895125010893	1.4484317166396867
0.3877389824021635	0.8860209279379209
0.17385172147047215	1.0946183662401896
0.08752738564440504	1.5452854929724151
0.09311389891880612	1.285275917119149
0.11682069752289276	1.5078916627701426
0.1215993661379547	1.399316619357343
0.07743711757395622	1.5643682833308594
0.06844240799209708	1.536416557161579
0.13433777786780246	1.3447570779007982
0.4080896184049935	0.8838934960184713
0.15959531859980827	1.126495453057752
0.12570883433185692	1.3176127437691914
0.13994361038843	1.343772386386016
0.1166924281356162	1.3963542211781743
0.23601182214359073	1.3185202236119473
0.11058209096754851	1.4467027307212472
0.08855133926313641	1.5075115387913227
0.418621675705992	0.7443062043214397
0.16182336223961466	1.2522613997795298
0.1515741418370925	1.414954907557992
0.0831191032374465	1.4879823088434767
0.09720000748712807	1.3960752338125246
0.06531634260185688	1.5894131877513376
0.11099044881370998	1.4989640815457164
0.27927722322278503	1.1992507999909594
0.1845928123192842	1.3110686313602335
0.14714817710388903	1.2993883733743141
0.125466423942042	1.4831547143463482
0.20549872409062864	1.1588256421931946
0.10284145167062023	1.5213921181390457
0.1656569905438934	1.4182556000636986
0.07847150473464266	1.4990621140545786
0.194876734171985	1.2510537651805085
0.1359042652398988	1.3805391734455483
0.14371359272468215	1.4206333039453973
0.16654392831890574	1.0974018593681567
0.086415682790758	1.4980332687620215
0.1063784189057943	1.507232137949062
0.366989055758277	1.0758441805461907
0.16343018126476103	1.2052340725350887
0.07003146721264238	1.5657292522704422
0.08099446133979674	1.5428853118555992
0.08247946035415828	1.5699234805440188
0.08170649674478835	1.543854899328242
0.057811799792570374	1.4230467200463677
0.14195882771163004	1.229156798034
0.14788928467744059	1.3029880967258625
0.17952142326095147	1.147715085316219
0.399161387467196	0.9792356436378973
0.4255258309562198	0.9100189366036969
0.212533785857359	1.3334223844967465
0.3475413549574182	1.0904400716827332
0.05920184576509405	1.394197735362527
0.08535980392692036	1.5308691966533274
0.08272813304491747	1.536899613068945
0.47718269735468166	0.6855465254804086
0.08303762284806791	1.5192581547733695
0.06354760805933732	1.071554527289098
0.10017841368416525	1.4763426198863834
0.09094100115894083	1.5306235437709874
0.09840611963993776	1.4294459267358912
0.5436888435560489	0.5804066650156093
0.12199080731244806	1.2893477231636699
0.18647702737401045	1.356131332286623
0.1762026255918016	1.3946193763144128
0.05362974485431255	1.3989605611687375
0.18779120482823577	1.3721878727424874
0.264836921981173	1.2489452596225574
0.12027107384668972	1.5166501460327528
0.1481164880659356	1.4020020282756507
0.49827080735858226	0.7785082215862221
0.1277644268785676	1.2680935684649457
0.07731266002862543	1.427614805741343
0.2489199796259013	1.2797888219102544
0.31193687552596194	0.9812828432304249
0.06787222802019269	1.5528873009819035
0.16175046709776078	1.2433675763455263
0.08751321000167712	1.5076978083636725
0.12064793980396218	1.3854964946005264
0.12633246546237825	1.0669714510586883
0.15047407101335275	1.2819713634666432
0.059584097099889856	1.3954897361128504
0.09989671877021551	1.4973515081040534
0.13211485739497986	1.395350704318791
0.07259512112148117	1.5974736026367786
0.0715556289625581	1.449669030622695
0.12362888985039588	1.494199511639044
0.1348885875154172	1.1938529165627292
0.3130879734928647	1.0314991514897478
0.3118398459151628	1.129942777993969
0.15476550754509544	1.4327654960543836
0.10051881473839974	1.2153774643573771
0.1424291001058477	1.2964928930130994
0.07470742693997057	1.5988451752162625
0.13856612952846825	1.4033492207068896
0.053703005342323126	1.5394861760953091
0.07510329551033251	1.4899261082217712
0.562489872021299	0.6304778572594221
0.108906734497687	1.4465467414105206
0.19766926806069307	1.2411635478793985
0.07055326206987206	1.4367385821153673
0.1631954219861277	1.2459743986331533
0.16044301415862072	1.2716132001867644
0.12353222172240472	1.3444582449984814
0.18222686316894227	1.3404240621782235
0.12555819624146874	1.4788847020948772
0.14832110768307247	1.425390037914774
0.11278740406789185	1.4026913809200574
0.07234177397822869	1.4338687182279242
0.054785976471580816	1.3249509988074768
0.06214974337881969	1.5709668849277139
0.4768143500277667	0.8675799313392547
0.14916094020164314	1.1230498086367133
0.14728499252983965	1.436012446397442
0.09010395056306107	1.5589672126511678
0.17478353229197366	1.1336544187288902
0.1776937542343755	1.402637262594003
0.14458633438356075	1.413370108926958
0.2355162877112069	1.0167126732314276
0.22797773387781187	1.2467171808409616
0.13003108542941655	1.3775279907251994
0.05633672938714003	1.355359423842055
0.18926426018106252	1.060750985043006
0.32399504551809477	1.0635258605423255
0.08667132109505776	1.554931532132862
0.15093196744758203	1.3500623424608247
0.10332783122893224	1.5405444420838428
0.13270585128378123	1.244005078916334
0.4727045875245347	0.839307883453498
0.10088320736833765	1.476872575444695
0.17134475671465083	1.3912792097414883
0.1636333573545214	1.285192588898614
0.1709896968640263	1.362430834613803
0.14973959284808153	1.4685128749163732
0.142192521348337	1.317600192343436
0.4818825030282783	0.774741987743653
0.09656325835771168	1.5361301109034544
0.2590465382160958	1.1160800472702046
0.13965925407816465	1.48249871681023
0.15256559113810877	1.4095076103634034
0.08298362099585657	1.3725254173684243
0.17670348747792333	1.309506862600419
0.18053816978927403	1.251388746898293
0.2313918502232007	1.1291135333821027
0.4405432634844287	0.771198907000259
0.26465600841416087	1.2415632492381747
0.053606988325036804	1.399458279052968
0.15000111299824326	1.1613176415432105
0.16212873327749266	1.0023667706689603
0.10446884678529095	1.384568035564294
0.09686255656053025	1.5080896290949881
0.09031334825965243	1.371235345188075
0.08065075553388903	1.57111050208246
0.22679297263838047	1.004174111290191
0.15838856322210954	1.372904483813084
0.08715633442330938	1.2499405207100505
0.10225101181977789	1.4986362287309336
0.09132136186937584	1.493555994354032
0.0843822699357511	1.387212313929509
0.14685383985465822	1.3807074581617003
0.08666005309566707	1.5605613864761971
0.08995142725618743	1.542449258726317
0.11280930418876699	1.4435753117150516
0.10502718787255698	1.4933197344770437
0.15489273677828108	1.3033406245873207
0.07588367711598011	1.5023216304659532
0.11799376326027967	1.4228203642572617
