0.03950946836629199	1.638016686760921
0.051671639016157206	1.4643677206478762
0.0972221326442327	1.5055285149127997
0.04131428414970105	1.6555978291608353
0.041164263765032766	1.4338099946155527
0.048751077958534124	1.5882212405647427
0.07755197667550989	1.5619001245821507
0.1152895772065672	1.3593198485860123
0.0808329928807768	1.490962689037227
0.15712750335953535	1.166804266304692
0.1512121501312755	1.4416126197541987
0.05921174165299262	1.5531984863790465
0.06722194986398058	1.2643040339950304
0.08271775149100054	1.5505406912431599
0.04798907812675115	1.6353167183044581
0.06673541452839163	1.5178044498444456
0.0799838059345986	1.54672709694543
0.08046485972015811	1.5432149387952019
0.07144324704019124	1.5997888495179153
0.06310573949315881	1.4802114570440656
0.07210598456533927	1.4812510823648912
0.23551801447063345	1.2821074560383845
0.042156970852424605	1.4111885026205386
0.04985049062254889	1.4751010877064732
0.04931766286326637	1.6234757389989465
0.07476958330508886	1.515532567170177
0.07279234431319172	1.3516018702225019
0.06239427271984204	1.3406510886019691
0.052184913757847	1.5378429546212076
0.05694276606563268	1.6298305780133773
0.08595042595621598	1.4608151558069773
0.061237667912156714	1.4859299406901143
0.03741485271668802	1.5133485342445092
0.0676232696682499	1.5874943339091216
0.05460177263162807	1.6017472708549867
0.0516920247846301	1.6225197782267262
0.0979713652588468	1.5330992737680016
0.07359688088906394	1.4844442994890257
0.11163100719234273	1.1610863016893276
0.11987382564221097	1.2813913944562052
0.0861320487601474	1.3228646388354592
0.06311939643428262	1.587630258434196
0.0575186332522063	1.6241926255366155
0.05808207932842074	1.5523341144570446
0.06197027842847699	1.59906986114627
0.04540149947252127	1.6305851331133188
0.08924537429894219	1.3491480134378429
0.06436976622766818	1.5213746233885046
0.05253948802646969	1.6118624061090276
0.06050275337026613	1.3737866628733084
0.06987333403812708	1.605808699885492
0.21639234501734544	1.2273410030635226
0.09785002273720894	1.3545930540338762
0.21818552711879577	1.2351087038111066
0.10649361195216112	1.4052476896259396
0.051053663017086436	1.5521790802793403
0.04881637428422889	1.621446547392348
0.0768155467852524	1.510743092725568
0.08022506114429301	1.5508219288934466
0.10131122827053164	1.540111267938435
0.17504498318340664	1.32128520590115
0.055161551586930445	1.5049152508458639
0.0670994439390868	1.4617179694015112
0.04102930961131793	1.354034346055471
0.09827844632735498	1.4354504692067986
0.08233196436782657	1.4434151867290284
0.08478057955106946	1.1649949748271493
0.09236353561025773	1.1815542027755304
0.05144751634471733	1.5089283418517483
0.04328665987997435	1.5989591817283788
0.13084024249892737	1.4997470421444914
0.08735585430171135	1.38694375100902
0.08533883921421585	1.3751616670858633
0.06790989484157263	1.5944721474748529
0.05882073272379232	1.4525434828260348
0.08345030383803481	1.5374996902909095
0.07107240968433903	1.5311442708098704
0.08903596141992179	1.3936796683336232
0.06472402170675393	1.3720599320724758
0.3509757863434861	0.9646364029805341
0.07578126302924339	1.4035731173396444
0.039242025280069356	1.3748930525960814
0.11483508308454571	1.519591471420399
0.07392170101460216	1.5096568330215874
0.20657861524559712	1.2298425076529527
0.03008682548618163	1.265914972467213
0.10341258106713389	1.429991938771912
0.07493357806558078	1.5271349542194854
0.07759644540060423	1.4547230947070515
0.05197738423690888	1.5944155808639229
0.08457542089716052	1.236890499895975
0.08718500825105578	1.3981295899831316
0.042519358574633334	1.5118591509117336
0.0683951746964156	1.543182214269659
0.07240499756940998	1.3519342965436605
0.06910410831909207	1.6005812888438657
0.060714314144102145	1.5492543354175679
0.050740013352342475	1.6236524324385182
0.08963074393226333	1.3945524699829874
0.10395143862350288	1.4867893733181137
0.12017998865626535	1.3738105555614704
0.07546741314476248	1.2817068944529457
0.13890325509294532	1.1504155615678768
0.07251383245632537	1.2336113763206111
0.20215174112898032	1.310849067700047
0.04845311236084456	1.5566503059588672
0.1600830431280904	1.44864215985305
0.07791916073828849	1.2278784222574513
0.06767049487768641	1.5278550314412938
0.2871482031382714	1.104236503913827
0.07736904188453655	1.4146098980199258
0.08633207406920622	1.4398830366669526
0.12395078113902466	1.1879240856436777
0.10296062398197474	1.1642861319362716
0.048917843426955446	1.624837606682457
0.0796143907567525	1.4315736654803857
0.1376516821999444	1.12551324790661
0.08239547712377843	1.5622439263223329
0.061404406102115006	1.61079826163246
0.08864964333638439	1.2280760764602707
0.23082473720151153	1.267396532060074
0.08537438565688522	1.3645513562354654
0.0715213279654313	1.2832870598862653
0.08302640860676999	1.2270738813038382
0.07731201192721952	1.4436492860259935
0.2704689949978035	0.9742726371027912
0.11632781277379232	1.4292333452636738
0.07257486011766787	1.5543876920498905
0.1367983472264398	1.4836920132279214
0.15007472860762996	1.4386687332158632
0.10725934813618103	1.3506949855819046
0.1357898097012155	1.4079449933852366
0.04317607462610235	1.598935482994495
0.07539985328630334	1.4594169056986575
0.09339126067023701	1.5577744324027485
0.04560182802985995	1.6149546071921503
0.06310854388744053	1.5799309473782124
0.0429466890837412	1.6494506189593698
0.08117680616110107	1.4178200482124725
0.17809594884959357	1.2938187213616559
0.20840654655139873	1.2032326092218522
0.06990736580904734	1.3142926458838768
0.04457457020333575	1.5640481483237911
0.04755475793731281	1.6337116903839632
0.10982650246949999	1.110640709671308
0.09927937987188007	1.5435436626591845
0.1530089115643353	1.2602294203480993
0.07009612179425567	1.389577641829451
0.05888712544021137	1.4056327369510675
0.12064679484131649	1.4008040676452556
0.04607240511364248	1.5842443282922882
0.08652219652062182	1.2416701437228612
0.14733660066084636	1.4692803764615023
0.08688934739566237	1.5158205029348468
0.17975644338725033	1.3988623357855279
0.09602810861359158	1.1126802792283028
0.1750435764129503	1.335628536552707
0.20357040993063788	1.317266656897478
0.0487046910419209	1.5709176930898108
0.10801064145867231	1.1458304425549375
0.09402149040872836	1.199894644992003
0.22346847085680513	1.16270822313181
0.09148754839339789	1.247917541042013
0.06631664100885244	1.5666420435114439
0.31398580691147643	1.020283064270611
0.08570264269936435	1.368747707448402
0.06501659208275741	1.4977620286753264
0.09166626328150679	1.5360488902525051
0.04834461633428759	1.5958116325473644
0.0775559427126233	1.4194085158473775
0.06913350684284382	1.1766490789923334
0.05148202786785511	1.5523832439989227
0.05414833822994648	1.308264069699586
0.10870605410327726	1.5057387950594077
0.24625543870916614	1.2645645937157348
0.03847828008441848	1.569396327140487
0.15129915062502655	1.2886201845370162
0.07384519847809798	1.5707795469399914
0.04871065055848602	1.6036442671847673
0.05106275649307688	1.5570582828434132
0.09010913389820806	1.2959813775724114
0.04523335646469949	1.622058716913651
0.1732079170130584	1.3915941303710597
0.08641869324609505	1.2785707580764982
0.05855640226682929	1.593830538137917
0.12093591352305018	1.2166721915413277
0.09434999300161281	1.2277346502665787
0.07780418802377614	1.5255103027749404
0.10419576298054217	1.5435516491714283
0.04320599280461513	1.61150281989961
0.057514176228531916	1.4883258768386076
0.05912563638052166	1.30274375092839
0.10540716882963679	1.3959656946051222
0.11830810406164782	1.470712319543321
0.042402094898173	1.5726253852947734
0.08721653043282021	1.492727822892335
0.06807622588085017	1.610478035988257
0.04286665701454793	1.3906872733450328
0.0964039064419459	1.4604761938789026
0.08243438682789252	1.395551194139795
0.30670034825881	0.982373270232084
0.10811932838336391	1.4236476504773772
0.08010940963299713	1.4495255176984134
0.05834630484890924	1.6004480928740872
0.055420893378897204	1.581818100349952
0.09507951989783375	1.3032895854049642
0.06222300419709358	1.4028851530871778
0.06167114115833883	1.582614922964349
0.052440983468036516	1.5935505818471178
0.12657478382134754	1.5029784506364847
0.24228085976994826	1.1432632172379342
0.09833123676658038	1.5242541053439547
0.1264825047045184	1.4501471288544114
0.08928105866684084	1.5568772624733118
0.0761133154610694	1.444131683660353
0.05896795309032461	1.6152173098957854
0.059681295450118244	1.4902670440700936
0.0847925059006812	1.5677608471492241
0.17209616260921537	1.1788235046851951
0.05976575227374108	1.5012586011969806
0.08163002231545365	1.461894874683675
0.043955433641257265	1.3662470403421452
0.047352145841714724	1.4448959680322664
0.048930330942971154	1.5203235429360442
0.2728661169301137	1.0392373623222202
0.05342003685026497	1.6096066555283897
0.04199002796180777	1.4090672476550008
0.08917977571961595	1.4218133577520078
0.09878236591930042	1.503372437744217
0.03684649208533602	1.594679441836628
0.03599159553314708	1.6613303982518886
0.050844902699479194	1.6326326133768727
0.05705872938527355	1.5880197348065876
0.05254507861583227	1.5972494607910215
0.10313846559910902	1.371745444157821
0.27591268917207573	1.1451067345270844
0.06394045356330007	1.5727783112745093
0.07200253861500724	1.2738261561862982
0.3160495196687374	1.041703419135155
0.048720607047685584	1.6380393002381801
0.04885835912744638	1.532648206016594
0.0762185508379963	1.4185143485142186
0.06553934700976345	1.539603725057391
0.05013414843646459	1.6046267167721222
0.03956460549926994	1.5744535106948823
0.0655444664602079	1.5079118711673243
0.10549753961211027	1.5366063877511564
0.06998016180506564	1.5618632676435558
0.08074210692313606	1.28231362078241
0.08080505065309045	1.5815087891775987
0.09135482575701577	1.1492373683470278
0.0633583133142763	1.4586703400090868
0.1763344091925389	1.4003565718280444
0.13286021256289954	1.4314971452498195
0.07571635389577262	1.4685825513337887
0.07522628170313411	1.5130898662920782
0.05506553011155537	1.544933648747585
0.06813757829254424	1.5855090971385923
0.0374687349716595	1.650896926723857
0.03329943986978628	1.6176387209477074
0.16082600250083728	1.2946277755835833
0.08075148153243085	1.509541785349223
0.058140289224134126	1.3915233820623993
0.15448053462771197	1.236142148836042
0.0803548376698672	1.5919088175160927
0.09379186813064526	1.2852006706723236
0.13534615378953938	1.4191114202405557
0.05000589299020173	1.6411155182245625
0.08149138494958695	1.2420398270753727
0.06611994688474293	1.4290833440921262
0.06767823292387343	1.46303354493682
0.07829995847389065	1.437706720918468
0.05935260463544353	1.5270123812336482
0.046874211061674345	1.3756772440736054
0.11075350161425	1.5220394573741955
0.10458287285407497	1.2766128421013507
0.05013704006898304	1.5558994925244813
0.041235552646589464	1.644650590270715
0.052781086052731886	1.6214085376432203
0.08500192440619768	1.4765837720172306
0.09589724580062689	1.5324027261716182
0.054226179445834854	1.4143813168943105
0.11833580441506986	1.3438838668972288
0.044156070489868506	1.5262001026212115
0.10091559545464801	1.3719958794185005
0.17741486244501256	1.1827693067033884
0.08578367344105942	1.2400854625072164
0.041660803994839374	1.4733949463117835
0.21572677476835742	0.9081875029420643
0.04800082540094858	1.532125499746439
0.03551673031760906	1.5656146033655123
0.09001513100186469	1.5476554703147118
0.1998372442545045	1.0798683458980471
0.06462729781809737	1.6023600465614751
0.05428558639436668	1.6347854759658753
0.10549710757425151	1.2671487969276787
0.05069802065141874	1.5905505301036442
0.04440174928103173	1.6483042961484087
0.04825422891634706	1.6031247397295294
0.0818223099382372	1.2345169582084372
0.061819640644825494	1.454090020145097
0.15275322938640257	1.4436829928337938
0.07374635093065127	1.5901086718989654
0.0810955344306592	1.3991045335834105
0.06969914960260273	1.548412633618708
0.04304886171425198	1.610429280620967
0.09427792451427505	1.371509354252547
0.10885049810838475	1.4222543175675144
0.09095507392360926	1.5621109033295477
0.24943481910517673	1.2877804968521467
0.18118935878840683	0.9948198948521553
0.06537258552449363	1.4984439587549363
0.08184899463377297	1.4231659166137098
0.06123720539127653	1.5757101562284546
0.05542410691262785	1.6137138558927173
0.07117526890592016	1.4918513083426626
0.0625260375802226	1.4603467062255424
0.04671128129294737	1.6322878764597077
0.07432404264235906	1.3754892288898042
0.07599489576067679	1.3758232561081338
0.04545706023938984	1.639471113386531
0.09641259534795817	1.286004298451789
0.06378852094262898	1.491296171784488
0.047332331735912295	1.6101167222160313
0.05027409189292891	1.6156361814677633
0.050476177167105236	1.6109214030431704
0.06577435034953438	1.5277363487513127
0.07829173844207997	1.5062187272688732
0.10118442057298849	1.4849467168168675
0.03843740725678069	1.5774720568334872
0.08007732484374416	1.5301052003020437
0.05520813709682282	1.5216466753328368
0.11163212670486806	1.4069767021010973
0.08023020367353585	1.4415790474141665
0.06159895188183771	1.6252536354528329
0.0381787033379891	1.6351333781882367
0.037221508453922664	1.6511774686185032
0.12202659806143945	1.5014835849110941
0.09233294304148908	1.5518630616344056
0.054351657383380596	1.621960363418078
0.08448366563045491	1.4647371688868085
0.0623200940679538	1.609144902359794
0.066002631884011	1.591116492434716
0.09004471928441274	1.2767264004450851
0.07862838770036025	1.5383367205493241
0.08061812021969568	1.4505753904881513
0.053668664728699855	1.6377417462650479
0.10134387130342787	1.4293099074406312
0.051371638747332256	1.6042316234755383
0.18394162520331567	1.2778083563301859
0.1162460382226114	1.297649683142163
0.07119453623173459	1.560093419240058
0.08059030979507557	1.4175497020467753
0.05546889728971182	1.6300752194774168
0.09526253582251687	1.3086445843047179
0.13614183737759342	1.1859763879133496
0.11567311070938571	1.4593101606977261
0.06215077510661453	1.4489814890872714
0.06191022627051969	1.57391437811456
0.08844096662377449	1.5575165737108245
0.12849770032553662	1.4784516338065599
0.041720966522872285	1.4567966280421065
0.0522023685149924	1.6404678562823114
0.08723185066287924	1.5259129994926768
0.10208411426389119	1.1187595582104743
0.04374300082764622	1.6149844129094313
0.13914941983008128	1.4183949524164934
0.04942911731804058	1.5808779491008473
0.22459231785313385	1.2947032023876888
0.07939307813636627	1.3451178083328017
0.07854157250480963	1.2063430142172737
0.23435580945029277	1.1116513307013736
0.07843808619270015	1.469751309206549
0.09559799315262994	1.4154599186941645
0.2675370241955712	1.1898402404775275
0.09838024770189663	1.5027413267252152
0.05139987850681978	1.5700991800985342
0.08570036787889747	1.417645286136422
0.06332827647114886	1.5329714155844338
0.16754759460390237	1.3645862376287718
0.04653416298678712	1.6491900397672068
0.08076069216055418	1.5588966668903548
0.10228033022428129	1.3488485071588643
0.04913319079068448	1.6167567371499802
0.049627949206829114	1.6362310681322898
0.049462834713404194	1.6266588656890513
0.14519655810662788	1.2126539975407993
0.08872066622649	1.3558582152666179
0.11812661670350282	1.4297914215542198
0.12213114419887698	1.250899618967466
0.17363599602509933	1.3373889990959065
0.07747990054118936	1.5493667804410471
0.08002812091603874	1.1861669041833411
0.0501785016302038	1.581459019783817
0.07454818608153253	1.584528656970053
0.15612449121982855	1.4042508943965943
0.06087134826320548	1.565110406553717
0.08507824696013566	1.3803254199331745
0.05615060697934663	1.5110112267470024
0.09028644382170851	1.2355631103900502
0.044986095875413114	1.6039332586524866
0.17863730437437353	1.3869693323895325
0.12042106668591429	1.1765878202209592
0.027572998909552712	1.1576895722714764
0.036511521283599524	1.5906467849549013
0.11843353657903571	1.3859470318876244
0.19737337398293264	1.3035495531064025
0.0594645767131269	1.3994727365392714
0.06802430274988301	1.2320723576306372
0.044422465045218545	1.6304583013901524
0.04435519466822522	1.5227061413421192
0.04321942986742731	1.6417483865726021
0.04950860607636142	1.6272278323558933
0.04175002985146777	1.6541383537890026
0.08437200492953337	1.247277307113548
0.13227756406951485	1.4523359784780339
0.07872236184921971	1.2277300509586058
0.18213245834187958	1.3054223534825953
0.11034482086959804	1.4858720870917526
0.1288238278370754	1.3554934461400463
0.0880042415783014	1.4801158665413732
0.2074725923325427	1.256607585055067
0.040886039833761406	1.6264397870125453
0.06132251476939812	1.593003773271132
0.054779018519127816	1.564082156462339
0.03644252170360231	1.633241296551494
0.12647778385286768	1.4541853602742432
0.06968794239031377	1.5839134329151676
0.04665488582694371	1.5623719145963293
0.0691417986516716	1.3483235649273713
0.20076116605011377	0.9969372174186173
0.05174297783956874	1.6154352866069248
0.18600744341625403	1.2519726113359655
0.07512792408221641	1.4404056069056141
0.07897183715761326	1.4551941269575674
0.07985368230101905	1.4836024192739767
0.06221563789399691	1.5384134839997279
0.16446506961431218	1.4328422354746353
0.08409144746172449	1.4016392105831041
0.05370401685818466	1.6341511028752076
0.0921423272118727	1.5606028611338312
0.06478542243445408	1.37596722544925
0.05707654760028344	1.609817227509659
0.04662016340294092	1.5969860959557438
0.13296533181685655	1.3024112204568725
0.06066566036185841	1.6250823453069796
0.05848997592288683	1.597509974585103
0.06695715284280715	1.43760244146757
0.06808061739381516	1.5089413742167417
0.17092804885633753	1.287182147139867
0.0736534255205752	1.4703636990074371
0.11727993368494631	1.3757745888088388
0.07142205368381294	1.3395922615275517
0.21623863904585242	1.2852796925891912
0.051518505460959395	1.5359899864720694
0.0834781841937458	1.1535480252280716
0.041717760657533076	1.58562129281835
0.09816972321952297	1.4267057897349114
0.11358609101324241	1.24079858386854
0.06856422757676553	1.3498237979518217
0.06139045070476172	1.616843201353783
0.0827401695810274	1.4434714624314346
0.03955517443251004	1.6390248770881612
0.0743620005398822	1.4978860343431402
0.16289416560174383	1.3298743981024732
0.3489023212189294	0.9904152706733644
0.09660817712282883	1.1247311257030188
0.04297856258783485	1.6073443630689734
0.15453892361909174	1.3795460633849221
0.06025551032217946	1.4842707495757521
0.04149997983246123	1.5837486605288267
0.05620977225029982	1.5675556678626614
0.09028831977538003	1.2607108966528793
0.13349325119107813	1.3153466978938313
0.05769120917768976	1.6225558276593162
0.05462962991655073	1.487441472512025
0.045699926907218955	1.6464284179276578
0.23163899372211738	1.3008503580245212
0.08252816513918426	1.4531815781489745
0.05168014321710781	1.5647231692744286
0.08075793827005809	1.5719536606067503
0.11266563321425116	1.5176592578660877
0.04468938123225429	1.5465606567346928
0.06855814570121398	1.498090747660651
0.08370043275321046	1.4040207596011511
0.13354874824867544	1.473490150341322
0.06292724231834529	1.563401228191839
0.0649007374027137	1.391613017248139
0.07029536853404923	1.6051006581837464
0.06880268214709702	1.502777253291337
0.04937228678717689	1.519499461310783
0.22810545313884475	1.251852057712791
0.036647830922934416	1.54535081601344
0.16328048599655598	1.392984168612725
0.07077947521145042	1.5901186316330165
0.04489200664056956	1.5554836037089697
0.043432507919625635	1.5131257598869072
0.09331787431634284	1.5345655831801686
0.10773850727239015	1.4141509706800734
0.10251177220819017	1.364552368272117
0.07859626735108502	1.0982033543106606
0.08749578992312552	1.412798616494499
0.04413999311693747	1.4490664777137405
0.0888279982495563	1.2510464904266396
0.3244138089391599	1.0466626720765686
0.07814415249391185	1.5505286677905785
0.056652313041876214	1.6248054843310404
0.031436250357151675	1.3692977927956944
0.10751999338737339	1.3694307656432354
0.09797560735422008	1.5392438599522558
0.04158601329090423	1.5995122420667864
0.08838085404930654	1.5575406139914922
0.08951671062293477	1.5290087737503941
0.05914122192037293	1.5708646350874065
0.05456470536365886	1.606857110624765
0.057586753629226405	1.529297024826774
0.2353622884653513	1.0066016771176363
0.0439715286285382	1.5288240245533884
0.09317907362196365	1.3435673405661674
0.07519015700423624	1.5843237841227389
0.2495141071598535	1.2721218827759677
0.07408287666166394	1.5743979220400453
0.0720961864536099	1.3192049949525984
0.060180573454244164	1.5564647714812405
0.14322260057469285	1.3576585716987082
0.1080729623328804	1.5389875730681333
0.05014759206042309	1.602655497494987
0.06118354976748467	1.6002756573978623
0.08711329689573037	1.3980684557455212
0.365378102240387	0.9384280027435341
0.0398493302352151	1.6347149590352954
0.028686354800367724	1.2987811222391987
0.051384742241026286	1.615017971590239
0.05477399257737683	1.6300465305837488
0.08805045959513065	1.5550462203842437
0.03472408482236968	1.5933849545546135
0.3193182508903296	1.0237141927411275
0.03962557513779507	1.3049978897956886
0.06442964536930045	1.5672040598255834
0.07252807767100788	1.6029257802515102
0.1372845120127645	1.4870978722020343
0.042137123509243944	1.566593817439238
0.046552858219733005	1.4869688791547342
0.15465587745121218	1.3708887268051744
0.045501831022259666	1.6274499087058363
0.11838222675261485	1.3456733146937288
0.27592289885578447	1.1575598146131723
0.07940490258617819	1.4240818569757954
0.04572311967757498	1.639281251244407
0.10657172272893906	1.4975910609639922
0.11602027615160335	1.4044094651786199
0.1259725976879358	1.488308915895782
0.12617492510569794	1.5033473189378812
0.0850872900678296	1.1855324302355708
0.24396726750573117	1.1528749608985278
0.07435702927954452	1.5166252947752763
0.1025230243384223	1.1287493817564258
0.21336746344862983	1.3548446095005038
0.10570319683875455	1.5217677620441048
0.2716416517266784	1.1625243594854653
0.056652673563729404	1.5448898840725866
0.19517950890955485	1.105743447983842
0.084293804809503	1.3351133497593688
0.07674267185022206	1.5269180864315017
0.06394832736360291	1.5586053481761977
0.0651579959619842	1.5675053935701144
0.05832978464201961	1.3490537219422012
0.13613066753062375	1.4378166894385502
0.04289635384785109	1.4272643966508354
0.06847448700530741	1.5328738505512802
0.07910677657127782	1.5621952487737618
0.0490099223393174	1.4646849444348384
0.07939095327125203	1.5712527142490087
0.05636379580363302	1.632038817598191
0.046627322593147974	1.5867225859099352
0.06346423681952192	1.5243862958474792
0.051020197956794265	1.5866496390211073
0.06392126068910928	1.5885138543138488
0.060551037979327454	1.6161431921532214
0.042297382008307315	1.5233002618863114
0.18169852150788557	1.2608657781060226
0.08320527409367674	1.4424223160332694
0.07004370472027184	1.34648381410774
0.09248156172322368	1.4085906201897966
0.04646964521658863	1.5767761367059747
0.05919167010010838	1.5189544279572587
0.04660881538741087	1.5789375695032384
0.08593456464978988	1.561262808528991
0.11064912218061271	1.5117655309924092
0.3271643453072488	0.9054138410707959
0.05525618591726515	1.5153876168712421
0.0847985192971935	1.2865241690263014
0.0619588924253214	1.327560997980716
0.1549774530979324	1.362004514126657
0.15256974335004456	1.0959142769643226
0.06746039080578459	1.4749772194514263
0.1001370095400375	1.5001243817943322
0.05877170558065745	1.5329697280189696
0.20706269092563578	1.030733641659993
0.054118444677796716	1.6086150826842325
0.05116970871462423	1.5667033722356518
0.057373191458007275	1.57812130096646
0.05745300020338316	1.3862847858010778
0.07107402766697955	1.4356995067088674
0.07537021741000058	1.2960034224012613
0.05184402314635304	1.6398476213946183
0.08505204674353903	1.3660888835173628
0.07391260109837995	1.463730880168849
0.10473557104253532	1.3479568360535277
0.06402473220427703	1.501983125707077
0.07203717576466766	1.476300124382283
0.09788675159719545	1.2123014270126506
0.08941604049625362	1.316898219149929
0.20906601743379682	1.123233829544341
