0.12784681332955017	1.4847764274112114
0.2450927309252006	1.3053920141084505
0.08857715989151227	1.2755195568479392
0.1255186717430864	1.174518543118635
0.14802246493240534	1.305356555661065
0.06294966746370928	1.5605845774892384
0.15810827106274997	1.3558419588161605
0.28362345979914805	0.9282831379094376
0.08414088248544095	1.399697913023913
0.060323416897455635	1.6275581125627703
0.05359846339973332	1.6199296775910383
0.34813886798548926	1.0983511250284235
0.0936764168300709	1.3340206722097772
0.08910626850414123	1.338104202439939
0.06713552621999361	1.5496765561983032
0.11479619555419193	1.2941669825616788
0.09741158020300704	1.474441638346321
0.0785082852185155	1.5654791853855925
0.07979281465343992	1.5612090380849357
0.1142814128530821	1.4003106958767297
0.3256509817971623	1.0674923632270645
0.08988146310513387	1.5727612132423805
0.10204738552345753	1.195790242390642
0.23952054283117868	0.9999865860801459
0.07109855607232814	1.5933093898154937
0.1879305709575382	1.3874638805522719
0.06628100974175082	1.594591528295957
0.055678179636742084	1.6191241037739745
0.10913062704370319	1.2445460446795946
0.10558754242896742	1.267721419392065
0.21023572017891448	0.9969848221689548
0.19822066259821222	1.1830597232999933
0.08815740465770991	1.561278437730385
0.22969044210372797	1.2239625569284467
0.10153061417052638	1.414743088182428
0.07294798545411348	1.5507555502175252
0.16403188904713092	1.4374180661868312
0.050663104249405476	1.203152551730367
0.1420161891295614	1.3854858380186807
0.256865242933314	1.272742244392089
0.09830296976754857	1.3534764061570965
0.1260116513704154	1.2523963709517592
0.10726099110728035	1.245480312947068
0.10776871966446684	1.4328225198557067
0.14354863619890598	1.3444459826433133
0.10577404874656086	1.472152733115141
0.09628644893606525	1.433041173253991
0.12473730260393634	1.319518331834543
0.2087408296165837	1.0293663096395487
0.10048225564517377	1.3411750886081708
0.06673470020115153	1.543552655516449
0.06494882982335883	1.6193534741706133
0.11047874402855043	1.3637667938295348
0.04400305408576233	1.4941319454328421
0.07403117252573986	1.5888028439603201
0.1049121582397528	1.1988569222381784
0.08848311672261423	1.2229521639961412
0.24425927033589354	1.2608450631331227
0.1150244789160021	1.528651445244181
0.14075746660571928	1.3894789566287384
0.28774264421817536	1.0321169072100904
0.05620705612816096	1.449383987206439
0.3508151708522913	1.0679781129282693
0.49141773047566617	0.7399304960303433
0.09861858183631793	1.413348097200726
0.07590137370340465	1.575609036685869
0.09950236710173402	1.4619574306724337
0.050685163477358366	1.5496948530782806
0.12700366043229022	1.3112244393374626
0.13506391195826942	1.452709850495077
0.1441500158305717	1.435415151707713
0.18972328393476015	1.397270717292439
0.07653948180233594	1.5531763689268445
0.1064380124705993	1.388823794323409
0.12696716095465171	1.4148597181728402
0.08661541348291157	1.3229773808703915
0.05810467957560975	1.589603502213433
0.075747526650482	1.5968497382814755
0.06795193993345257	1.606058883356129
0.13052270224780063	1.2400388847489423
0.06965725474074774	1.5855250569999775
0.06590739382762184	1.59994252331436
0.06375553141644116	1.5501533395984013
0.1277993154275847	1.2821006154389387
0.1042059733276317	1.2475404663786493
0.08940663869069652	1.308823944365845
0.1651804715020537	1.3116148335095514
0.2628894466770931	1.2689832816827458
0.062151561498195895	1.36156506134884
0.1465843943602072	1.2776327423269813
0.1259250487102164	1.5022231833411632
0.08424466910619272	1.583705939636395
0.06287448880541381	1.6057326649037806
0.06176717351453972	1.579617359420777
0.08516653822926228	1.5480281816266044
0.06764570123189448	1.6043125619271807
0.1296635907870403	1.2704466322053714
0.14857576125268748	1.1345460054757985
0.1136402587279569	1.3959779961216146
0.08120204796922487	1.4338143469809317
0.05941145407807156	1.5949676942959936
0.142223956580246	1.2374132669159437
0.08759681076536235	1.517149908307554
0.14393324454896117	1.1399534440280574
0.06823052798211035	1.5408489199876656
0.08570120142886793	1.333512904096093
0.16846430137240584	1.2616118164247898
0.12202257263923148	1.2894143494188737
0.13566143899477226	1.4857579649509725
0.1284420828699844	1.1173191978885137
0.11178906046742235	1.3565711002032121
0.11096367418864597	1.2276474320910074
0.13790177265853576	1.4471701129106616
0.08698390653399869	1.4279817521767675
0.06765439802735573	1.5876301860116446
0.13101099751442755	1.467781582419718
0.09447396822453488	1.383367365334048
0.05865524143242693	1.3590368657308178
0.34905448304651776	1.0723318599453975
0.13478011284087996	1.2121880035943264
0.10918449840029083	1.3166486884879323
0.060880462686204874	1.5471519297380087
0.08349925419566841	1.4795384345714817
0.09653658140816965	1.5158240588255385
0.12174811841885509	1.3288411419566042
0.06538715339220551	1.6019915718369182
0.08333893751927329	1.3304963245941477
0.20525401100260818	1.3240198012050728
0.06394269969582203	1.5520576450169483
0.08357671855875917	1.5118508234130916
0.10545544394287602	1.1626306357231826
0.0829639749471446	1.5054825439570731
0.122193882471387	1.2396105881448602
0.10258636255074377	1.327048328711597
0.074041292073863	1.4496785631670317
0.1231538239653464	1.3080252716481364
0.05950436904943967	1.3578330571514006
0.14013069526360952	1.334477998506415
0.044424049921683945	1.648774027413323
0.061786649894675534	1.6045167696506217
0.0848917249603853	1.4666512939524652
0.08224692258449512	1.2895400783090256
0.0525128830644071	1.4107435789162546
0.07930596195287339	1.5719403420954667
0.10960093469540318	1.4574058558234608
0.0984601473329699	1.3893262931776589
0.1434987524932585	1.3409637405427792
0.04438034209006726	1.5641684814977999
0.06774228719697303	1.603732959541031
0.09106018190068235	1.3472367085952615
0.12073409849483287	1.3523278123746372
0.16091547874726428	1.4420791519327294
0.07235121540937102	1.5549139647911998
0.05247170864404627	1.632948097681934
0.0897166425268186	1.4706188306361476
0.42243312801033805	0.8112296933564721
0.08530697638781717	1.3551019467391563
0.1255909666218202	1.261390916286429
0.06909528583162669	1.5321276611958439
0.05786718499522433	1.6242132805524352
0.3144916310063256	1.1523362389942364
0.05508235195186355	1.578658378325908
0.11210265573333492	1.3228372200832004
0.08317942615995745	1.4994592626810377
0.11024611749897985	1.3421173285909087
0.06693879860186384	1.58466723825571
0.089565161463936	1.5695565628129642
0.20401814476037575	1.1373169635842064
0.22685147751185708	1.1874128158900736
0.3547722557494623	0.9861042447223494
0.0791557890298398	1.5791733613140513
0.11833836524139353	1.493309573524072
0.13588099946656373	1.4335955772033577
0.15349547938105088	1.1633984046269696
0.11745869681344746	1.5140299347375406
0.10612799608138553	1.2674503180910266
0.05488335835871531	1.4931980141172794
0.1296644782644757	1.4507324242765498
0.04493498475698616	1.4231725825535246
0.0563273168488523	1.4649180079670638
0.09124026159799298	1.411349489146929
0.1365806009065459	1.0928186868935257
0.07175677700563154	1.561054546050038
0.27483080376327296	1.1346519371822352
0.07108273673995955	1.5830598834793694
0.2671103784073554	1.2439869118868458
0.12544949279615691	1.0716858421053155
0.05281917930824676	1.6218891802408386
0.0722230487978478	1.495939446018118
0.11673662041234253	1.3872035397838816
0.12817901434059853	1.1782562041638285
0.4270895734176864	0.9271715750900058
0.10999616431543906	1.5004451424500114
0.06144681089701814	1.3941459231757674
0.06976559566975375	1.6028825704067697
0.10135991905323054	1.3950886946962986
0.07402859001836037	1.5953985698278332
0.09941458163999473	1.5536938957807656
0.11556310067941059	1.2565488798435545
0.09438231332140724	1.2534520191763279
0.07331255726498499	1.5573946918202222
0.1744368872002763	1.2184357409354891
0.09925386739137303	1.5498984907220943
0.05216425016690338	1.4906056690587317
0.07804626357467355	1.4063846699417635
0.08723467331721389	1.5224742564052676
0.06572413951832458	1.6039457587639
0.12114975582067244	1.1850881483443974
0.17735019589671905	1.4155433643674182
0.0761131263821345	1.5902978054895223
0.0687632398304463	1.598061058830769
0.1184438808330129	1.5170903417170045
0.06319026806894892	1.5874438732440805
0.1164266785943689	1.4865507476933342
0.1041737171772833	1.5116109718368747
0.08741794499505125	1.2578693317648932
0.10282836597283612	1.5426241395865303
0.08197906831440713	1.3554398455939791
0.070214298531386	1.5088813987604985
0.12973190381554192	1.4840887067945487
0.055239419196447544	1.5282665985094885
0.08865492503912008	1.572919748835404
0.11626155770770351	1.49527133734458
0.06315696419288759	1.5634156210698071
0.10528024339385614	1.5254113167905359
0.05479615774254405	1.5924207716366028
0.11279626456722086	1.181293147367228
0.08360296909194802	1.570760064303633
0.07450188252436499	1.5665992074002928
0.18471708440628562	1.314232859642047
0.06524581671668155	1.5879777949070013
0.05441855558775291	1.637273090233267
0.11152456972558049	1.3317184995214655
0.05203514703144553	1.4856687414788452
0.0676359063510365	1.3815661621145776
0.2793318080163671	1.2361204125050458
0.11015535954652785	1.464968293789189
0.393515954861024	0.9857173095603908
0.10962092727142755	1.380068400533343
0.14224960876857812	1.1998025724955195
0.10538911121470243	1.5480782718882238
0.08663766734909362	1.5565219523343514
0.16823617439056351	1.1642037139195482
0.1468409445964998	1.4165809011597617
0.06987326636602377	1.5000376296814082
0.1132664696661069	1.1043259555980842
0.10748629125729434	1.2305531408677468
0.1268104981202007	1.2578799229039948
0.1371592548558395	1.3891012006245953
0.1364386058452808	1.2736211163901494
0.04706506641303754	1.412133991825796
0.14396121798133846	1.1471348832371584
0.15241018726325767	1.3629367400089412
0.16684102481290336	1.3148031766833335
0.19044615811229915	1.2104688815917695
0.11772593225225912	1.4641670124185153
0.16346849893094179	1.4123773813338474
0.12125729498049231	1.5119912769970685
0.12468969001231092	1.507969161338706
0.32296695599298975	1.077994073605081
0.16136726355196984	1.0275831570381362
0.1660310075007158	1.41816456457149
0.12232382377431132	1.4975699837276406
0.20343790256704958	1.1259848949668887
0.27109681202541036	1.1659408692750615
0.09220779504420598	1.5524174688075354
0.1450173290601168	1.227644481875168
0.08892731472297552	1.5147895155844289
0.04421678451450754	1.5939436137246248
0.062418729828157146	1.448601761582342
0.1094012188368014	1.1876536194526945
0.06819661387011547	1.497872387744016
0.08682656658326758	1.4405981299991988
0.07933545782638432	1.5746252138679038
0.10112371288145845	1.4531395046961078
0.06882198978383	1.3899079484440913
0.13871306961456392	1.2620440738363723
0.06024915056111828	1.6115698579012816
0.08607310662841049	1.568969356745085
0.11636609344927994	1.2951270725712363
0.11608986830166897	1.3635707809710396
0.4349118865699338	0.8366736784135277
0.1698337909871016	1.1863231819337545
0.10802141036457313	1.4120286039791976
0.1119751236366625	1.3933077891946521
0.09400472276309793	1.4993230991123228
0.08795599600178408	1.458922509418192
0.19457657943473702	1.1876513637584163
0.09826175837006078	1.425649789249588
0.056163829613669364	1.5729495036409467
0.12849680286615311	1.4410389980108294
0.03930693861161927	1.361784783960482
0.11946809249737714	1.4938651730456698
0.1901250207741525	1.1792139253498142
0.08457177868238189	1.5033946170907604
0.0996419904243915	1.436344212016793
0.06144268243512393	1.4144205151610163
0.23690269771748443	1.1050045933098989
0.09455750518674809	1.1417061110545117
0.04945224662992598	1.6261351616020232
0.11329673263770022	1.4827410834693433
0.09135274070107076	1.4752702772789381
0.08100636194550703	1.4681852722268571
0.0856396718781763	1.4966143615944756
0.06090370153712438	1.6042293053130654
0.11404801454879093	1.493861692722076
0.06648475651325823	1.4588922548525223
0.3213887131347259	1.0562309285163334
0.0980622519487842	1.5465820144309432
0.07708730670499782	1.5743948410940167
0.11979030386620237	1.191619713737917
0.111933792655649	1.3670632335119999
0.09941264186681133	1.5346866819241733
0.10579708131535742	1.3447365705998213
0.27905352028879493	1.2021385748049178
0.12747114588382788	1.1339427654219385
0.13702400678620574	1.43161186773365
0.16288356835269513	1.345372148617785
0.07602223750744344	1.5727232732425174
0.13900781585750657	1.4815641327262288
0.09588300044835185	1.4514322183699995
0.42911468339900305	0.9009996680090406
0.10001389513115126	1.5429062329745116
0.11169003875372645	1.5055561205412085
0.11559690161622559	1.453281094789792
0.05043405133353371	1.4118293782709612
0.08175040795081265	1.556790736281601
0.15259003598810952	1.4458020376174987
0.0937000637910473	1.3010180477992614
0.12075095471173437	1.5137233997864497
0.10266885567848585	1.4624074458949006
0.06075941206097094	1.5513158901573538
0.09542371862384333	1.5008191358704872
0.12315580584551056	1.296039866443722
0.04241038811060897	1.5195076577418312
0.17584997734825084	1.3882296692173752
0.07571956281209209	1.574225617072547
0.1145158344148786	1.5186737479360373
0.09210528216980804	1.4380725003772068
0.09805404150172438	1.4093949915266881
0.21503493036113203	1.2599540013947643
0.08574813195877032	1.5826508248874134
0.1623790315814729	1.3425105569545261
0.4298753330423574	0.8905682973056317
0.05761698889110859	1.5400779530323114
0.10519614428538648	1.382201333889838
0.08570391744684923	1.4435914466556057
0.07350363626051368	1.572818446394569
0.10348379775887553	1.5360088830095269
0.2421962130480819	1.3041961108656506
0.09727194846878218	1.562909456188084
0.4492284046385948	0.8324146028395568
0.16701208377112092	1.359582921747078
0.18932981543443722	1.2048896363044586
0.426718934732158	0.8835628386090716
0.18200780982025383	1.3815733127987153
0.06479404935117354	1.3709039361301205
0.0620334736156622	1.5193644653778025
0.06873074677085432	1.5934917840362612
0.06918508093835217	1.5488684248724018
0.05103341838360933	1.1651741002508604
0.10721828103822442	1.214694031822265
0.07789706984058209	1.575142161868924
0.147125455893859	1.4053523971668536
0.0774467268022099	1.5763285890132037
0.10706964983045762	1.4027149751806873
0.12165271051858279	1.4555207059346489
0.05808300142003461	1.586616093992874
0.09190491491372968	1.4709274235009082
0.04266810402702931	1.6198989812140725
0.13150041226615533	1.0173718536402492
0.10770646501620634	1.4219018779474468
0.20146666607824487	1.3158040971204206
0.08841889269504963	1.509716701926633
0.11302020645049492	1.484493311560696
0.06629219945517303	1.4267073193144406
0.05845836032005528	1.6153306846158986
0.08637429620720277	1.29148626854795
0.09929447377807217	1.4288853042826353
0.06680292168812058	1.526495698541424
0.08282688754711945	1.5316110812175772
0.1356751479008648	1.4187380638077007
0.08314530891401704	1.4950780326012427
0.07527592445938225	1.4942361309998278
0.44796907287935994	0.8359041503655544
0.09372568044149908	1.4186073602375784
0.12249406823187328	1.246359388505628
0.10663440468443731	1.4587024865242597
0.10121891010265241	1.191017747567145
0.10434363439088398	1.5016292328663665
0.11076325362577859	1.0455457637147216
0.20058569159626305	1.046827480651637
0.09327473535810943	1.4190223271076214
0.1068534659965906	1.5241061735616774
0.07425687665328656	1.5885858147502976
0.10025629736207856	1.3311827767130082
0.09783908584600455	1.5399734970641088
0.09927922259692253	1.2704268379677077
0.11571762963484519	1.3622034414673205
0.07361899677136627	1.5933261684245945
0.13974611022369798	1.2319870172686362
0.08931104609047509	1.52156628365884
0.15081851972000904	1.3655535150155207
0.28852519500605445	1.1602217224748275
0.08479545649661285	1.3984770939597346
0.09185431909181564	1.5620524337616963
0.24190731240474206	1.2881391976195142
0.05041646694377399	1.6183899050302115
0.1407391896829944	1.4118336038262074
0.09697075288295783	1.395597689523655
0.08354863191860962	1.4908564348694453
0.3161812510424285	1.183675254621941
0.12503931262678103	1.064847182054408
0.058263290186971926	1.5545746417015596
0.3264128440668348	0.9543399432946781
0.33012719703367915	0.9288215997732368
0.0691430395480648	1.5535806007568165
0.12178838757560102	1.501692664191299
0.10582431028519523	1.5243094494465814
0.09659686390653087	1.5287687938695549
0.08764887136710738	1.5656092404661754
0.11541184108713408	1.4213118692825604
0.10177831887257396	1.382220525531269
0.08248485381433374	1.4823620668947708
0.12008810802234156	1.4873243324617058
0.04041093038233787	1.3684308451595824
0.09050462032418442	1.423638644629711
0.06769579588950961	1.3022868986345015
0.0894795776169672	1.3270960448758131
0.18294954508866737	1.3697743656049615
0.12939979443465438	1.4736985774436149
0.11830323329893097	1.3455768815415503
0.0806534184616252	1.5777449964884216
0.1222834108649591	1.3275329832049305
0.08724339315790704	1.504592584137549
0.19616843928739966	1.3868815848269465
0.06633642476057863	1.5856160193817517
0.06353415004442656	1.5923624507279546
0.08865338077358473	1.4114100971539987
0.11767392969890748	1.2809723363895942
0.06748872638158947	1.4116496930672802
0.09579765265455617	1.5483753498065296
0.108922657219009	1.4237154701527475
0.07510377218922455	1.583254674582211
0.11866118913619557	1.5264699142651585
0.06798757479920658	1.5056486565758371
0.1111842485533755	1.2005963466202214
0.11426059527004412	1.3097886613138292
0.12072351097158884	1.2999036142129863
0.07947124571537627	1.5690896029368138
0.07895819085501306	1.5049164416413916
0.12396193744593194	1.3588205692025392
0.12526897938479709	1.242262135402758
0.0721943275206551	1.4877473255316458
0.10740221952940919	1.3858221408132523
0.07195566258639985	1.5553633104206992
0.08063836646458865	1.4078096864898586
0.13886309083333198	1.4813914354222129
0.11981185298943478	1.5004380459947633
0.11859799554769451	1.5181372553438313
0.3770215953021197	0.9357359397823032
0.08560236570218406	1.476997960964678
0.0805345084298136	1.4826335241861281
0.1145354723178767	1.3819039250739418
0.12532013832683744	1.1790781467297187
0.11393679195471294	1.4660273493133544
0.11242280179606007	1.4123980748593365
0.06545704986199449	1.4942662847036439
0.27339509170017634	1.2134816161219557
0.08209916088258987	1.3621627599037103
0.07469122199699846	1.5128373836899882
0.1700187262186668	1.4000961547182023
0.13603944438714488	1.2554527264454236
0.10416832518762474	1.5159007665691688
0.11506803448977267	1.5308948807538418
0.05692105247320323	1.5205923447731893
0.11523360333007944	1.4344244318525554
0.08309083612010223	1.3650309995661127
0.13414649316282928	1.4601397892296286
0.1490300625207477	1.329124370277609
0.12378099632505617	1.3000728820149243
0.2503779271304208	1.2806678091575714
0.16255387976583094	1.4300763085801884
0.06871522912191003	1.534445541889413
0.1854445126268711	1.4009497558177149
0.10918956831200663	1.475441037214248
0.07397332721751418	1.5900988059792702
0.22006520879784439	1.338415645244568
0.08052860739299988	1.530793801932897
0.07607642203235644	1.3710176357321233
0.26208271250128445	1.0709985172232073
0.2235687638063325	1.3008498446802683
0.12306525514109821	1.3584894585248495
0.051654861233786445	1.5458949646407745
0.10165771275394793	1.335541671980343
0.0629872867779758	1.6030743633029596
0.09618505808438627	1.452951621179603
0.052887926346845894	1.6029218125029496
0.0817890384367383	1.50802281855745
0.102115021071082	1.0901514710508426
0.04365599903532788	1.5142533246260332
0.11413306094667551	1.3446557231612364
0.12998767225676455	1.0949196933946943
0.0715407651806735	1.5688181090262103
0.10834946283598697	1.4048601808162076
0.12153728434266568	1.2372663202562135
0.17245013834813885	1.3844379458117406
0.11855790841221403	1.511964470630823
0.09693935860001279	1.2560753665285493
0.05884934980282833	1.4776924720410718
0.06268319259009135	1.6192393202757769
0.06954357369135422	1.3836211574695967
0.06954642928429113	1.359742936912908
0.06253918955538591	1.608666435917986
0.10270984249925473	1.4469579388441638
0.06716131850185197	1.599956259763882
0.23193298890239544	1.3040284796197337
0.09277283546740168	1.5652029497686395
0.06559479500150099	1.5914739637624828
0.1973843257694099	1.3368062868792498
0.15087400399019033	1.4516751257186304
0.08141910259591996	1.2459549595310615
0.11157334648706624	1.0318058727334014
0.08742475559292093	1.2940581982973507
0.07755040373593061	1.5286453347725018
0.08941983149846545	1.5233571150441378
0.07039784437555809	1.4287363885550923
0.14626660960415588	1.4744663785442818
0.15023012196982197	1.354853239949383
0.06314318539597658	1.5060665628565544
0.05812943605894404	1.5209858956936755
0.27761890257715605	1.081691106735851
0.0870280839629538	1.565761030988327
0.07660136731613323	1.5097971661473584
0.14152478821898243	1.1984952432737466
0.03721163380971806	1.1143612856433947
0.07567296521009545	1.598381020112571
0.2925437226693822	1.0039756793619734
0.06803378443433525	1.482410184988928
0.11903638710330426	1.0264755956271978
0.27017563377557247	0.8962048883917468
0.31948711930729284	1.1639209083308555
0.13744583286709885	1.4287142937725874
0.10860206719143481	1.3851367046317282
0.07187629056433997	1.5875726893979496
0.10101926887674066	1.4193253304119933
0.042898384849885354	1.4958365229945216
0.1396629962457526	1.4594489492816096
0.08894635585408593	1.4577032176878553
0.15360128506138887	1.0080765461433694
0.08343611944317202	1.5727665571221712
0.1139772132224605	1.532675120059948
0.05219607499392211	1.6196769424020645
0.09175310881939515	1.5327701246966159
0.0500697221807391	1.504386510356908
0.09138016675829412	1.4194657231444194
0.10975241034161949	1.428181255452287
0.08932400991730001	1.5620902740326623
0.1384642940928135	1.443857701518301
0.0978896615967501	1.4002764840206146
0.4102094223743911	0.9471948092612649
0.37953415888702585	0.971466363818892
0.04467810544475499	1.5861394266645332
0.05501235075461539	1.589263131253968
0.12618129257880845	1.3535188607955568
0.1071732981101042	1.3206064005898126
0.10470839609835378	1.2601306038784386
0.07477601141065383	1.5784687605274281
0.11642878673991973	1.0943102448910624
0.12165790686239471	1.2179033389613818
0.07129127198467292	1.575354774821906
0.12348376683220218	1.235967701422872
0.08753314031121244	1.3328278716949673
0.18168991173143745	1.3823886785373314
0.2984163791292524	1.1340768406267916
0.31878407790939506	1.1373702676509327
0.07243251802884301	1.3652347247718377
0.06988932493195792	1.6014723112450988
0.08432621970344772	1.512907881720999
0.17031622324894855	1.3706021939765116
0.10326653780216256	1.4636612311443729
0.09954918026665732	1.2767359579590603
0.09027633381713326	1.3942394475556257
0.06572725166378147	1.6046129559389912
0.063051689614046	1.616852670428778
0.25069009318795793	1.2738945647996254
0.06357550964431853	1.5334083219291865
0.42334429204055946	0.8927532548381625
0.1484742212529762	1.4197431728558003
0.07901500662480297	1.5254288479707558
0.09794333958453176	1.4943925854295728
0.07216060537324899	1.5558058727157742
0.3978813183879633	0.9512966018095942
0.12038536055071125	1.1437728651543004
0.04869332335631583	1.5902489790349026
0.08706710992396585	1.389038460528405
0.20183312890906085	1.0617332639171757
0.21272243165683574	1.346537829585864
0.123032263976122	1.280500089546071
0.09734192993897144	1.4976495805279462
0.0805699839168309	1.5654594574899279
0.07550755364117527	1.5591429033307338
0.10910002640262388	1.4453508733085525
0.1971209508905961	1.3256473285383708
0.1172404466662751	1.1736839371344059
0.13647630267125593	1.489947937965987
0.09533574601939665	1.3960813238480723
0.14661852769036254	1.1198650981714025
0.05250222395996618	1.6285287694971715
0.08122144788061693	1.3875161900567674
0.08727259102698606	1.5547441638715978
0.07582091386023046	1.5499229305484905
0.13794439269610698	1.4577781482932874
0.10161368969985016	1.4977582589432887
0.0581714512189477	1.5407418403683897
0.13747166673923225	1.2750456459895694
0.129980091836396	1.3589847613804071
0.1800727372631919	1.1693298906774114
0.055041800258164596	1.5127781801084452
0.2942455225365012	0.8390795403436421
0.07494694811666863	1.567670192230372
0.43348079791847455	0.8816771363282357
0.07189248653759915	1.5757805585519522
0.1534163571813043	1.4222959395901729
0.11387657913198465	1.3299182853912144
0.41881879586781384	0.6182712691512208
0.134843498723307	1.405036935392651
0.05047496339504612	1.5725690576484772
0.11792383640720008	1.298619383451009
