0.17482166198152996	1.3405542236953436
0.2069051207279685	1.2158846335463285
0.2859496335353443	1.2060718666364347
0.11661501479981475	1.4646175184851629
0.40032587470619574	1.0302058738639155
0.1222967604604569	1.4037344878941003
0.1862008743389397	1.2663921667173939
0.36498840812498773	1.078122315767044
0.10304144068611484	1.459127200187617
0.2771330259187801	1.053731713701918
0.19426413946606694	1.346795095811625
0.09506549530454451	1.3209387712436182
0.1612279058509455	1.4428448120913326
0.09469496167791931	1.5109554648879246
0.18515341459525417	1.3727421884499824
0.26204496984897757	1.0527652126853426
0.18711294104345452	1.3502122114686912
0.1829423395363584	1.2735462033295988
0.22386266412632916	0.9367204717977073
0.14671326878980795	1.333079583750604
0.22457510043921297	1.1231557677209048
0.13398626496912547	1.3424539368937132
0.22348783411133094	1.1199252164916695
0.18929774081960124	1.385544639463645
0.10415456103244289	1.5077410012546848
0.1461544066096591	1.4755159986075228
0.14592468542144765	1.3031191420962525
0.1079665706606269	1.4180700696683037
0.14516763133753866	1.4664257537367746
0.21803772196378468	1.2326321740401993
0.1846254435459599	1.3976117672560209
0.20622822943284994	1.1978717332703592
0.0653431092669478	1.061880770255025
0.1435806667844783	1.2880292178218133
0.1655397307262165	1.1372182450355146
0.13941796933304787	1.4722895265711768
0.22787830888207322	0.9412681328655271
0.542778644603721	0.7578968239025887
0.21909921435895863	1.3199469591033133
0.4260348474500011	0.809080891293042
0.10381476514216308	1.5166568757113692
0.16574877674403066	1.2718810512521754
0.4620205812739903	0.9088615450298865
0.10329652814451665	1.4747042618682502
0.21789319427336823	1.1471007922695806
0.44158649498792524	0.8893700708914816
0.1932031858964302	1.2875923232838355
0.06660837575010171	1.1294802440604546
0.7543581398848419	0.33688589219411236
0.19681409488696408	1.230843813179653
0.22078623701852113	1.3355096713448082
0.09642341321757844	1.516285024603747
0.6561443305309241	0.5392370898184057
0.12233935580915234	1.438495228858724
0.16948193733568953	1.3042669388800694
0.25504512783616146	1.2205668483812018
0.31632003310066015	1.1823739904172057
0.21815950072484885	1.0210689327462124
0.24786845124697604	1.3017773616165935
0.11004141778988197	1.5241073305803248
0.2921120505165641	1.1007158115496325
0.12136383461890245	1.4897062025527816
0.199102736664203	1.2124704469130543
0.08893085228068745	1.4108460371123321
0.14354943921545246	1.2887028479952432
0.12650918594256402	1.4739544745114803
0.12919631084376618	1.4264884727165956
0.20335617324719818	1.1067817712132006
0.07635276793898627	1.397786855483844
0.09511102042920068	1.5164396050445204
0.7636801953433259	0.36337812271142766
0.6852019179306457	0.4788570480104541
0.1654766604276742	1.3184333744530967
0.19228104710220129	1.2607780127846469
0.4218720550966257	0.8035976674598196
0.7479971179149102	0.33064441787679466
0.2630010375808841	1.2310553748865405
0.11371182734539587	1.5314570739866582
0.1205902968039872	1.4907014362613844
0.11112051200649463	1.4326631746614624
0.419146437679035	0.9949148711458257
0.10751541467356068	1.3766801512309268
0.18530173042659823	1.120724826607947
0.15210811028451945	1.4190318989223614
0.10106448235273575	1.4548213045034686
0.35814884417015475	1.0947703461565756
0.14450024460324354	1.4435717498997536
0.32798706452507187	0.9332504884803237
0.2252480460421999	1.1148002343396266
0.1372908531372468	1.370637240893924
0.11264506435681229	1.4910092559813681
0.10800145210693948	1.5297593010535155
0.13394106057856273	1.4876219838025906
0.29140384373494777	0.9087725362842658
0.18285394623799134	1.3770663066464852
0.14110977279543702	1.447884635824174
0.17392530271365134	1.3205322750139812
0.2902591456284058	1.0231610980165189
0.23650897246017158	1.2017990358085973
0.13540735845173424	1.467561532419857
0.1351525037544629	1.3726921835969677
0.10686610699238613	1.4006707174620523
0.11288085643758969	1.4490987973643377
0.641943360601784	0.5896443596359373
0.15967496714404525	1.4464207569642182
0.16901254082562214	1.1567164421983218
0.21784394449213643	1.2199871403291835
0.22291296310573808	1.3338632620677626
0.11939343239710166	1.4864227206483083
0.21343522416172658	1.311898252290424
0.23582931730422232	1.163295276632212
0.21542698437050084	1.175706647656493
0.13275469753389363	1.467340469231038
0.48753818729529175	0.845408620430941
0.17871956751897922	1.4015516782888071
0.24597461388593778	1.2732449261520762
0.2513436989199003	1.27912346025279
0.09509283698126068	1.340347299306608
0.15574755980708352	1.3751796615695926
0.12190471610294731	1.3875323655926137
0.18783255597380724	1.3522535689609183
0.08608322232291245	1.5611973958010834
0.23742245159639455	0.9409262600437193
0.25367452491326253	1.1424781008273148
0.10614887799774836	1.517764641504241
0.21617701390043542	1.0869957157056325
0.11371290436091505	1.4779473919832085
0.1328665666794065	1.3804620358174895
0.2899277358380171	1.1353099294543223
0.11242236375657369	1.4946670262155086
0.2924658692358892	1.1961652022362619
0.19360217795879617	1.2547748956821672
0.16095907940561985	1.3763459305886587
0.19170024223500015	1.1083727748467878
0.11763180669314874	1.3885841910034378
0.2157005211765553	1.245314105077092
0.1963470461325651	1.2736089086842994
0.13958947898444493	1.3304459957029038
0.1853418087562747	1.374782433485448
0.20057144790627982	1.2985332883616527
0.2101699326714849	1.1821992800333105
0.19785053712171777	1.2406245281181212
0.13842476192287503	1.4357031100913855
0.1607977860292229	1.4417446649503354
0.5071179694681803	0.7691633953198262
0.19940443181012407	1.2524505732916333
0.13264140834827368	1.4219463962193963
0.10684701340480145	1.4197703323641298
0.25490159124889217	1.2884502230308612
0.3907973022472908	1.0380857013987606
0.11146992779163943	1.496827420923775
0.2802035135455417	1.1743793954899098
0.10642165105760956	1.5432633581307456
0.21716749758389775	1.255259996530203
0.23564753525941518	1.0850525357252232
0.5755372149866779	0.6850150742936377
0.21774835226779535	1.336613485159943
0.09048955401523842	1.4420212764592932
0.2492624982885086	1.0878735924761402
0.2877965675440259	1.1513811270076997
0.1819873395919448	1.2420206639933675
0.1935384133289913	1.2984155938894797
0.18008416617305104	1.3683634265701552
0.14475185223525464	1.2795271266721373
0.7944136678734752	0.31074048760091616
0.2919296944146462	1.178343789160462
0.1760383214806461	1.2136609291189489
0.14483248474960506	1.359508236015492
0.1484091003684304	1.4574011003167393
0.08633249340016899	1.517086815319973
0.11456465230069482	1.407840732503437
0.14013075210502982	1.4527109281407236
0.16881548671689503	1.3390910052082865
0.07491322935212784	1.2979773585049275
0.12524462937258923	1.4612080929477678
0.2037033165083601	1.2867870284896208
0.22220038139895978	1.2387170544262114
0.14795531810825988	1.302794455751508
0.19232459430119744	1.3618029596481982
0.10236904010145036	1.3929499434719947
0.74806516423105	0.36963189946577
0.20603046927161062	1.0837505743552223
0.13105327360658908	1.4744402793680909
0.18027812117078307	1.1162940636871699
0.18839886371086548	1.339408487465336
0.19376788586977867	1.0314617584330164
0.10567798139427102	1.3776498833736752
0.21591303938302553	1.2668062554129835
0.19354266673586912	1.3776369576846939
0.2688742532657943	1.2595020885122539
0.11074951358315183	1.4039009268115707
0.1714463814300986	1.341626785006166
0.100686474902001	1.4772702951710384
0.4192845294233416	0.8115349574510072
0.11721041984613653	1.4908912442972004
0.17185227830587374	1.3174813453303864
0.11774143692050588	1.4213994219570756
0.10455678810234645	1.540828375229317
0.21052469931756468	1.1609374145415348
0.28039533572769837	1.190177914793808
0.11106289183525213	1.3974188949751811
0.12011238592013512	1.5211860814682323
0.2596720862789427	1.1554724088485488
0.10961403894425072	1.4121549258730617
0.09973351702189734	1.415685991284576
0.21391651780238038	1.0076006074775954
0.12490925353018523	1.4933168705184232
0.30176671980829767	1.1897849184883507
0.2123694128763221	1.1329608900695005
0.310089252380097	1.0996002616070124
0.16973504146135543	1.362516616432786
0.1283817722650234	1.4619978337842672
0.3490296518246656	1.115257515782319
0.18775466003908417	1.2966840744326955
0.4870228774476025	0.6511454302234997
0.17817605592184382	1.4025531744820114
0.20297203449068799	1.157212625112197
0.09889230779901584	1.4967443888980148
0.18682799208287879	1.2821725495242986
0.21252723633154716	1.1651785770793008
0.09103643179269923	1.572181475264936
0.24459243099536074	1.1213613514207958
0.2828588282409444	0.9980055369396021
0.5746318244781248	0.7298479914670422
0.22490664384188644	1.2914622933904305
0.2194378899897799	1.2899119859988268
0.17191680349738964	1.205481082157545
0.24549670864767753	1.0056403742486915
0.6925069825950511	0.36062380264134974
0.23073693148049537	1.2318751040890936
0.18008271526483044	1.2774755805983793
0.2229777083709137	1.334886866456975
0.6936481051458746	0.49262028303680716
0.09748336323910688	1.522390528540422
0.1641428213243016	1.4160724878619881
0.2617956969593835	1.247611402506505
0.19727538091143357	1.2828768479709831
0.10301806029975986	1.4758038309554151
0.22667745671280137	1.2353641603106507
0.10790019056378818	1.4425538484688947
0.12882226383043668	1.4220561159822678
0.4225993821443675	0.9124376688068517
0.20644321453331527	1.3344064015455528
0.1604912577720941	1.37799010904412
0.18875808851743123	1.3054691395063835
0.18578467445769203	1.0375037755450154
0.17067410780534967	1.2978537149975211
0.11511077812239381	1.3971663298046413
0.16169597409101533	1.3454624755584885
0.4945978550052101	0.8270673356618442
0.2290887593095592	1.2557831767082566
0.07845005599456527	1.3506208426049704
0.11566751748838426	1.5168241975007568
0.1218169009690775	1.5127202444070174
0.1831255116929746	1.2256052455480446
0.16979572672995927	1.4309795097264821
0.1549785360235243	1.4593892995920548
0.09786884118911526	1.5512358320503044
0.14234732818603324	1.3800177463931353
0.24001372035742144	1.121981407794262
0.16999687821452206	1.385952245316966
0.19273762685047965	1.142375058161652
0.13693997599802124	1.3046751132675962
0.18565014416185538	1.2093892440726093
0.24373905899002174	1.1157366037122127
0.19941134937547755	1.201596730908631
0.11174832228328929	1.5153369632529456
0.44783714596545354	0.8761964189080196
0.1808066006871933	1.3611122404734424
0.2033262748082352	1.1490647352745653
0.22559465804213136	1.317851317006399
0.23896076846780215	1.2869362405948157
0.20706426823800372	1.1620689242674875
0.21770599898234744	1.0127156340624608
0.1117762498357717	1.5043818803525695
0.20291622610367216	1.1396867458670008
0.08467714820785663	1.4627948995552718
0.17752093818967396	1.0495925672217643
0.2723729235522473	0.9679014390024125
0.21835620977046064	1.2985669683972105
0.10415924125948327	1.3521890672700874
0.07327802300435482	1.2490355109764262
0.1746456820209056	1.1849788283761675
0.7093117163550801	0.44148474675139493
0.20129100145221462	1.109871753843356
0.6294106987376236	0.5542290879867943
0.1207722134668139	1.5224836312623422
0.13161341210979224	1.4047490959206115
0.16936304848542855	1.3669328251011035
0.12758332097098862	1.4690579778795279
0.14484441677555393	1.463649670033015
0.10473464313904408	1.4681073369331825
0.3240331788068715	1.028123333977834
0.15471348753195288	1.289416275332624
0.1376321602671148	1.4139249866451418
0.12450033793621501	1.5018104458019694
0.19852261856967385	1.3827641615012105
0.5114456849818582	0.7960012717840069
0.1022414621974604	1.5380062174075841
0.11027981709962412	1.345916067634441
0.25777282589041056	1.1806526515084022
0.20470850353677425	1.2626703786160542
0.14075987854650635	1.4496216004610947
0.2180265246316103	1.1389901931140294
0.12322300467262025	1.5038431252298468
0.20448664144351333	1.1783823065765706
0.1028097934800773	1.5373795470674458
0.14813084137384314	1.4731574643550003
0.18223024092570456	1.371841425164832
0.255976009291898	1.2093584782327635
0.4383948861177142	0.6761547455056273
0.1455472065484171	1.255800049835499
0.1129769844541529	1.344054076949086
0.6513353445129176	0.5023051674082112
0.21194171763089095	1.3149368410381936
0.28797752074937916	1.21059664705431
0.1216003525388999	1.491983443294918
0.3057851609103339	1.1745507258131382
0.3307494364967526	1.1576191407976442
0.37063814803128164	0.863729904688676
0.12234783884168698	1.478666175866524
0.20292596540265495	1.233743730719271
0.10785745895383485	1.5095483461624006
0.5888851563297465	0.6985064662084766
0.17028760517161207	1.2950304129949621
0.18694638469363853	1.3371467835618527
0.11114486322946183	1.489936148911636
0.0857254446387257	1.5126925645640674
0.20819308890956975	1.217488568971335
0.1244897780555804	1.4827381821978736
0.10059407116664701	1.319942431707866
0.25120747140043914	1.2866442254978692
0.12079083080332295	1.4951245771288513
0.24782345783644447	1.2188458061364174
0.2739889175357767	1.2418222048683256
0.09582193046733287	1.5521808699361896
0.17272356564557462	1.3629591164873087
0.3398251814767866	1.023704230430923
0.14084231212725193	1.3019069720522372
0.2225015849770946	1.2034833978576502
0.22448075790197017	1.260105384176533
0.13702006286781349	1.4719340965969647
0.19371320874427203	1.2776983459723028
0.16690440464934145	1.2880394409053608
0.41721017905854596	0.796026901319131
0.07244271836576448	1.2812298664307027
0.17477022948624488	1.424757884726584
0.27682384593791065	1.2004885429655177
0.2487172520732641	1.2668916309546565
0.42158303872760805	0.8941641715401206
0.1055857184503605	1.5395907469938994
0.20095951238776522	1.3541007788549557
0.21918303057098926	1.0256045380993868
0.2192148934667464	1.2491982051851225
0.2550108528962268	1.1313973620252902
0.1296554656581267	1.2900363313337717
0.23722166264961844	1.1541542710613024
0.10774173672592624	1.5213241305101126
0.2769702042125829	1.2426076210204386
0.17953816687054175	1.2775359090784009
0.15736703794638693	1.2376502537595202
0.25363795630622155	0.9346974581712987
0.1547268906129712	1.2551773824103072
0.1218287799108406	1.4690559973309993
0.21991175848658764	1.102842695731873
0.19967367449313364	1.0895099926706773
0.09264288826725527	1.5223580254386362
0.11965070196557291	1.5123183277763326
0.4506267635456469	0.7539736564674304
0.13140293120757496	1.4536601033383088
0.09652326646004564	1.5182873878269403
0.11894810422496722	1.5148834867994037
0.12846541853928442	1.4720643033079366
0.09631625496031185	1.4005693758844513
0.2242094373775069	1.1437528355023563
0.6702336088927509	0.42648714426840895
0.20090909450702252	1.270818418040988
0.09148812086699175	1.203320905362416
0.15904593797097902	1.3788337736610916
0.20263842165946164	1.1999580255953122
0.13006957585911327	1.4779818311777477
0.18701559802327228	1.1360110419975469
0.5710408993890538	0.6495079162809334
0.12917420908231161	1.4662475550869614
0.09253447376113215	1.477316667264124
0.25212790724527934	1.089731965884593
0.34529100443312194	1.0708783892899307
0.09436842512940231	1.5182195219247085
0.24659644620164536	1.1244778461346983
0.19339830894942342	1.386782094603538
0.09812274118231439	1.481367517893474
0.18245340855960993	1.215087670835648
0.2293991497584023	1.1645254816972916
0.6673782199048002	0.5039449919239873
0.22439490536862372	1.3269420379356742
0.26591510358131304	1.1837356339590444
0.07313170135337972	1.5157229675976431
0.2252056653057728	1.249707215499336
0.2432491628115477	1.2803700906260955
0.12776596330189105	1.4113145921079209
0.5434447426656938	0.7530167292466419
0.6418559295326297	0.5743893363608676
0.08704366663288775	1.556944089277949
0.229468967148231	1.3320920143881108
0.2229172965033786	1.134336860094891
0.17023199089641552	1.194209844350522
0.1764777715860181	1.3976867886032713
0.13207007047686495	1.4817509436048486
0.129406178609158	1.4396956676214117
0.21009415338665305	1.2776385367098029
0.13916828551358779	1.3693772956307826
0.1977621622012834	1.3181603609706625
0.08485803878042855	1.4834751093857546
0.2069467530593022	1.1836459106514106
0.20973372967608517	1.3151575933072528
0.37266936103177295	1.0518678547628446
0.16035845388078007	1.393880724287901
0.18307542846592983	1.284389828025719
0.06657695021971506	1.1061982344960017
0.18910917735993546	1.3753093032130703
0.09288140072466528	1.557538031810246
0.18159138042737788	1.2774564113156441
0.2097042400561561	1.321295551505242
0.17041455422004	1.3344697671942005
0.07536517736063147	1.3629307615471875
0.19668123986595842	1.3113434955852619
0.5875030533741208	0.6297096792440782
0.15846586232360163	1.3944792120101264
0.1742563397453514	1.36911419074901
0.09742186254551172	1.5486003846455896
0.22105291346274808	1.321278095203218
0.36725298734588274	1.0298627170690928
0.20959634080695574	1.3602837009620123
0.20137144253115985	1.1698760766875744
0.18493681195977654	1.0633751102977815
0.19077200876690031	1.195773288104016
0.15977206448990608	1.4408638518995007
0.1020091581322147	1.530434378519394
0.1875017985173451	1.3470540617186564
0.4022895993301317	0.9605831830699592
0.2277471605956944	1.00149008175912
0.2265789404511227	1.2553992727772139
0.13088065580554734	1.3909832840841947
0.11520468204537887	1.494364701835494
0.14017878139823342	1.4445587362571515
0.09687580756772857	1.409889546740039
0.09581267348445133	1.4353842933408907
0.19905045721656883	1.194523363887074
0.27513086268290193	1.2448890415938907
0.1928320116789133	0.9943162434669595
0.14747425601063502	1.3652025979683788
0.11710541635965294	1.5165554045198233
0.17404187989294653	1.1735808719976277
0.6181993291084544	0.5319696225430177
0.1026237600893251	1.4934429000482647
0.2147227423450019	1.197519934129991
0.17388546182257208	1.3624381418696436
0.1764756542046341	1.3967849215944506
0.5833347543755103	0.6558505857588224
0.22286143317448642	1.0474875551428051
0.1558718389986553	1.2692804336469186
0.19499962569881404	1.2339475180456017
0.3461138056901174	1.0573223382981753
0.435613433045627	0.9072743419460927
0.1470528273937653	1.4479348049379173
0.2442697727310424	1.2797136821545707
0.14712948113302587	1.4575411818153698
0.17625190562500745	1.2890380336711145
0.411165132518824	0.8518935755677493
0.29478391598039716	1.1812620557708708
0.14628572134869644	1.41974918369177
0.3325916273828436	1.0699369481829222
0.14383094448459047	1.4664947579354277
0.714135012297624	0.4565448257581747
0.10592895671419084	1.463675425492604
0.20122543662123113	1.022167319426831
0.24289233094871782	0.8290536315888506
0.1019872562198124	1.4742678792446302
0.12128007920027892	1.5209410901417995
0.20785876025987812	0.9490242316013221
0.2779568294713827	0.9872764212430867
0.2043472186774115	1.1343908963701996
0.23431295643738706	0.9524704668284912
0.10173881541098338	1.5018066921416304
0.11414522557521609	1.5076892122221406
0.20474382865560803	1.1749058493881759
0.10507990864075908	1.5170445196231546
0.18709887281656426	1.2664772644444529
0.17918585443709806	1.3551506403876703
0.22257085192591802	0.9225451658059849
0.2821967339287637	1.214051923008236
0.12690387698629235	1.4731009119418395
0.10413836506099935	1.5417559758850463
0.11757648541343275	1.3544444029566198
0.23487728609981917	1.2133299650965859
0.18387204975743798	1.1176830867759409
0.12484611900984446	1.4426619594872778
0.22063928565161686	1.2996481157550734
0.2563616360224647	1.1957719691271134
0.29523283076064993	1.0545423915368792
0.8694687241721344	0.18613740365518858
0.11890664661996697	1.4545979820191504
0.1978786867941165	1.2822526110531773
0.1855048499511363	1.3929163085166882
0.20188985589705952	1.2641044572873006
0.1763168005973635	1.2876478049292444
0.46758623618753936	0.8921381609896133
0.1463887316510084	1.4667019039174483
0.22414904935975	1.2340598169779171
0.16528698036706946	1.3519573084084944
0.12624910744958154	1.442697743870593
0.2273367671732763	1.0239448296758051
0.22276366023942887	0.9685523618920546
0.2213765910410411	1.078117664250311
0.37932288523626306	0.9092776941668438
0.41503456810678413	0.9932528726301247
0.08659015236721843	1.4965766793395952
0.12903665215993512	1.5080500191091084
0.13720836670712525	1.44894667188886
0.24289944753771878	1.2292111089101287
0.545451471567677	0.7626244709498928
0.2233169056711173	1.220356705205286
0.43859134725598764	0.9350073706700002
0.16087231522004633	1.1264754444371394
0.11816829331145848	1.4778140665966264
0.20143317175484823	1.3389520195931917
0.18871654897052562	1.140182186162041
0.09630803287344927	1.3938772239140973
0.21978388096150403	1.26281503265258
0.556705734618543	0.664436868187165
0.10757092749805831	1.5157109966193119
0.24640452632760682	1.2872599150176154
0.15451099615844158	1.3827281901740078
0.3827739389298004	1.0095722576803954
0.6155852156533921	0.6111915149854444
0.07517413104685376	1.5505323826719104
0.5067677972791212	0.813691916463499
0.18561378123962335	1.2067847158363632
0.1698212141820702	1.3453655378340645
0.3948866116229677	0.74452918753689
0.08293816741831486	1.4989603134489173
0.1818243962763173	1.3925031504327317
0.11410780913164836	1.5234151003018397
0.3650589555870304	0.9800380770793894
0.21699632154508347	1.0913812523122957
0.21595883099371663	0.9581794571905231
0.23585780070061657	1.1395803459057912
0.13318847209864987	1.4561724865579755
0.20561588278308965	1.1866760931310858
0.18217320774680867	1.2657907387798517
0.14629286996990165	1.373044557022682
0.1316400402963056	1.4207059894332459
0.09194273365395401	1.5698443255617758
0.08974728288221945	1.555437896539293
0.22256537346948918	1.168361594804086
0.17838984457402055	1.3670544121290344
0.21057002238725356	1.2065221078035764
0.14096931025766055	1.4203141560283747
0.10384808423398147	1.410708241460136
0.526185769462287	0.7660257463317581
0.10785804538414794	1.503532919766679
0.11144424009072186	1.4142766456773699
0.10801139081003415	1.3955642624798876
0.17697222066421667	1.425170775067627
0.20361066657393787	1.1551036396157475
0.19251171626407404	1.294078155496222
0.15978194736484436	1.451296524444567
0.10040863651526051	1.4049197314480382
0.43559927307548446	0.9668605038805774
0.12526144694334518	1.508627154874079
0.1192189421048908	1.4523288949304296
0.3377664957193125	1.128213021399827
0.15642559132150588	1.426065111762142
0.1400303687789948	1.2340025599244777
0.48956580636963676	0.6760846430623684
0.10127715287137407	1.370287084208015
0.3433447362902016	1.1346385978524804
0.19723597551865765	1.1875288257139995
0.16597207843156087	1.2619198465823491
0.5442875041723462	0.7232105125114721
0.13744972156837462	1.426024625332854
0.4105753567197907	0.7237908101762063
0.15006620719599217	1.4231816479774115
0.23374765089594893	1.1647596634276098
0.26144115553838676	1.274389855921876
0.6535317121757506	0.48329204871462095
0.1987315972735979	1.2858994670503536
0.07328818142115137	1.5056722228094224
0.2697348839035619	1.2605568523178317
0.2172100133831151	1.2661505309081516
0.14066459968157136	1.4789946050300524
0.1765415201761267	1.38685166594302
0.14519693912798787	1.4727507145804002
0.2975971362794402	1.167484346831943
0.22608599939413992	1.0179136326048457
0.12721557260076827	1.3230026099316823
0.7857622536661739	0.3270420558544018
0.20765018461465665	1.3494088739382295
0.2114163647944359	1.0071114223173663
0.24665315998319948	1.1614461277191142
0.143028483504309	1.4515580649982556
0.19167745061711886	1.3036102803596954
0.15948310454097678	1.3577413017050342
0.10880467688088902	1.538694409738131
0.21372409438722903	1.2237164547107193
0.14493835896068816	1.443128298216494
0.13461166817057316	1.4555955324603933
0.42207173283512056	0.7392748299734154
0.10382066347798354	1.506257399910497
0.5662718844728204	0.7212976957390442
0.27733269258485616	1.0937071553077389
0.11891008196550727	1.4370965203597144
0.1274293539836539	1.5080039679359682
0.1182995326293202	1.4633646429245621
0.22047779579383492	1.1371715777218543
0.10879866331035694	1.3215737678481807
0.198730177921644	1.1595513105291135
0.17388954431083734	1.041135095100902
0.1445252873260016	1.3674903143959096
0.16543919834467136	1.4108382454767883
0.06891099691551406	1.2940469394779903
0.3916295604884822	1.0160683661614578
0.30107279938505843	1.1088152794197406
0.4079986643575949	0.9802988591355757
0.13301206206962785	1.4287974454778072
0.08618290760542657	1.5801470055412876
0.24898340912790706	1.0596976827216906
0.11129709832153872	1.3696505618026564
0.24544310520063825	1.1223510740721694
0.1296486615001413	1.4808033134518879
0.335601610640732	1.0612333301021992
0.169847899410063	1.4215787713969819
0.22909277596481692	0.9077823601226016
0.19926925415945482	1.2307181812112806
0.2627891440954478	1.1145749063941284
0.8412074111763961	0.22769301707256437
0.14959563565318038	1.439105213110023
0.5678859720655153	0.6443682218196193
0.08083237685208765	1.430881232012
0.3028499996947742	1.111728993381796
0.24989583082228783	1.055640590056757
0.19039532836094247	1.28447868371265
0.17237557473758133	1.3331832696517896
0.6471946483224552	0.5468010973979746
0.07330995610624087	1.3264164390728346
0.17216253410545143	1.3167060021205206
0.19899029524805478	1.1125994858413204
0.20483036570445157	1.0671184517831516
0.18636617601155395	0.9992590561286027
0.19270947750469708	1.1689835670995552
0.2780507233137775	1.0078660092870206
0.17859821083979174	1.3110018397217513
0.2047615158484201	1.330509750564139
0.12850672732469992	1.4064482663035311
0.15833919964642104	1.4125942573819068
0.1777928019216672	1.3460022461756473
0.37719654292999677	0.9220352480252028
0.15309164567265637	1.45316240182439
0.15327531699306735	1.4334375786170472
0.22606012267590234	0.9366107831752857
0.20822223985888103	1.207513469207574
0.2708158412273002	1.1477523254081534
0.27147608777251664	1.1937803743735058
0.21663894439606485	1.2459174815443075
0.0820100373495992	1.5885610762513847
0.20475048036517593	1.0272841400911772
0.20558833136767787	1.2272473732694689
0.22214393124378418	1.0931241207887274
0.48342820815527854	0.8409015085327742
0.11938596687016766	1.3931351739558877
0.16517964733573373	1.4396929062471362
0.09322691633293886	1.53208095354257
0.6710419622675636	0.5254780177831834
0.21042711647516985	1.1805310211618933
0.12640341007753583	1.4249522899154803
0.1338213008502722	1.43909295915166
0.1095441392139946	1.5226645670612442
0.10022476592038841	1.4165698221624248
0.321104697541342	1.1590033428688522
0.197474482163004	1.2812237666561894
0.10510752750651213	1.4690412957937058
0.20940867629895257	1.3691090145946148
0.17619222978966115	1.3218457796689032
0.2153158549441824	0.9656979728545516
0.15975769525592123	1.3866711176405901
0.10932591583334984	1.4574051886652712
0.12436708407054564	1.468809844457108
0.2665346282362103	1.2109542414090528
0.07379843900035656	1.450521145563798
0.35213186571819055	0.9732088509039953
0.0845084195806905	1.473256422194309
0.15287530206739583	1.4350341593987324
0.24269034280897225	1.2731191579204593
0.22256167535568466	1.072585106012379
0.12531909730324564	1.5043024120737432
0.1983234856383787	1.3420142042112606
0.22826671434683038	0.9775066543399333
0.11267175576524764	1.4973899364523366
0.0830423539291504	1.3833902347736218
0.10795086778124868	1.470119959450871
0.20996051040291763	0.9567087658678483
0.09304899976909144	1.5473391363007578
0.11512218372112626	1.387210255598279
0.27158739211832555	1.1365654895120394
0.12270054856487028	1.5106622802918164
0.12953044113020865	1.487229931591465
0.3945495331873944	1.0314818655046905
0.24512250480680256	1.296910949175394
0.17756512195705265	1.3987033588977722
0.26190130301162223	1.0358122926092064
0.34278722973977366	1.0430477576285855
0.1995488589779733	1.2713784169182876
0.11159683239266824	1.3851518662208102
0.08238317488648644	1.4560573860323167
0.08005327866647617	1.433448893285357
0.21082142607743543	1.2002431488826453
0.7633168388422077	0.32282525000098317
0.18600396437984032	1.376825442567514
0.12798547235794758	1.4625853257186525
0.1890686239807243	1.2261644382006156
0.0742113315338248	1.3309104068430737
0.7502915045896773	0.312396735380046
0.1414268174990143	1.2747608400417358
0.12344603743392907	1.496816317124574
0.18141470591823017	1.3721340120553442
0.20190467090006986	1.215956071111718
0.20798083712758594	1.250006379118888
0.6857708242160921	0.46110419132211056
0.16101536941243258	1.3113355922319765
0.2202892538585371	1.3314604537879071
0.3790759228529806	0.9930664788675363
0.15616305299998742	1.4511974422116132
0.1300382703517271	1.4505013812207486
0.1497026543729223	1.3437701087933447
0.5903769062734441	0.579746266988287
0.1535668190783767	1.2373556082648567
0.12159572179597618	1.5200441189424998
0.1865589100814252	1.1926400204398147
0.21173855043887857	1.2923759144624285
0.20647615368623656	1.179497979115232
0.5194716955317347	0.8018709559268447
0.0873362241336788	1.566840456952252
0.20925791212398348	1.2746168650338587
0.20547477576165035	1.3200162415483225
0.3733341134495126	1.0645344904466723
0.19632620087680286	1.346619356441829
0.18147763840466283	1.4050113309380274
0.11835666653592836	1.5186563404974514
0.15408072364403647	1.3678108553524684
0.16745743447143654	1.2704887851912248
0.13569210155615474	1.4319350610410453
0.22408712227236968	1.2031272857220037
0.2009869355869674	1.0566201421122683
0.8078869105435937	0.29877698267685837
0.21236935818153294	1.168437295026955
0.19878137800167042	1.287863935627354
0.259490343593325	1.2655983024013817
0.14648898830069856	1.4097619779566082
0.10692430249993216	1.5069219788339492
0.11891872745998984	1.507308596565934
0.08255151677855364	1.3756344917081675
0.13314773172029076	1.4866183848094414
0.16671649327959556	1.2734640059303917
0.19040513792767932	1.3691552475218824
0.24910991644226807	1.2092851827780549
0.09627635490140697	1.2542242376296298
0.27991636664294334	1.2163813734618125
0.10607521705590077	1.4639963878756652
0.11285287266298236	1.3339184954425705
0.11421181838655027	1.4547197599830606
0.19247093652537653	1.3328150154631297
0.14216068266658588	1.4483931151690679
0.30138956385443677	1.1645806947587123
0.11975911013923361	1.424498081916563
0.1969241402156676	1.3522183865787971
0.11925820735444963	1.446311992336443
0.14950184400412805	1.381103783290898
0.20508370123154554	1.3308714333311367
0.4119184113953093	0.9750206011276249
0.3611468175146679	1.0984100544253945
0.11337529084948152	1.4729508280402857
0.16561946817766018	1.3417249762513965
0.16198091210065213	1.429298258448252
0.1778721165813036	1.3146310805819375
0.13392728741718798	1.4033068616757816
0.21269923354372192	1.177531756761431
0.12162379761402607	1.407764847004653
0.43546228194568304	0.859947554494678
0.07667775667762895	1.3326209504417375
0.18064154156877846	1.4059995273311956
0.29036859136518023	0.9743587874528491
0.169359411316709	1.325534742263053
0.16099587003595656	1.3898063949476478
0.16616519089604143	1.1391922358431028
0.2698077283508696	1.0404634030895745
0.22295301095347636	1.1769193106375466
0.23459596833631816	0.9370614118415705
0.18008585688152365	1.2340479245587828
0.13805235317891315	1.4706025830091822
0.1187909991373618	1.4590793002708398
0.48326976438426883	0.8699424588663556
0.1528124333909819	1.2877379310614019
0.1457521288272657	1.2108018969247738
0.2087768000397923	1.058582970630554
0.1894572159585954	1.2316989254140538
0.3287438323619708	1.142751536335389
0.1109749385303415	1.5021443249293238
0.1220401684557013	1.5179316724298006
0.14832398259630736	1.3339271301071576
0.17498842222545563	1.2847206022710433
0.11260259300691332	1.5362660941606587
0.10874520211690562	1.4616463641001285
0.8800996762622412	0.17122291988057034
0.1460087673747538	1.437568581989384
0.0970410382417975	1.5290471652809878
0.21114740563287449	1.091080959463228
0.13976634632999385	1.4555479689837878
0.12069562061593947	1.4773705500516687
0.21188856739611914	1.2300532116912817
0.22375557299330023	1.0152948836922264
0.16513354781881795	1.3772453181010538
0.1967981309429977	1.2017735958633722
0.16499245929711848	1.4418382897165753
0.10381848700117309	1.2533755168304048
0.2371037065597296	1.1343211142968697
0.1952111632399841	1.1847292228046111
0.11200332853781335	1.42600127638423
0.2683368776313997	1.252919280413778
0.14231942296934705	1.4850773205941459
0.21151928399959397	1.3446504886832134
0.10589319558766894	1.5168018556585656
0.1587379888137221	1.1874406028073416
0.222569090913725	1.0261007216486417
0.6095189039773439	0.5831275656290708
0.19096963732016203	1.2736973809580314
0.19716642475679078	1.3668205268523623
0.27094782726294336	1.2258428016509502
0.12819254904187719	1.4711026198644743
0.14021719628413765	1.3247485337098162
0.19090959611904376	1.2536611333270904
0.20457073658849903	1.3485387996856417
0.06915427605924063	1.2940990259306742
0.14373128075473635	1.3382757040253983
0.22960296112885298	1.0992438389555348
0.12032213219991926	1.4648663214417657
0.17096902915867634	1.3665931918167438
0.5476130232450496	0.7242757440882874
0.13844826550250447	1.4858240301421
0.07859471501888031	1.442753965350868
0.2345595258760678	1.1458194120686116
0.11303096469457266	1.4350312772845588
0.4261824190964696	0.8860393448539399
0.16715173031518785	1.427547529099076
0.11816647676526765	1.52318143951855
0.3980484383858701	1.0304972749054233
0.21047892608532404	1.1319522470387295
0.15729671696323608	1.0740131169748235
0.1359513819942813	1.4912546432895546
0.22544070668173743	1.161612433498389
0.18210857820723744	1.3809709724817048
0.5183543868528346	0.7483005910808316
0.13985941256494158	1.4412622373834578
0.12962202981332605	1.384386468302142
0.1692687387723063	1.3915095551106997
0.10116029055828187	1.4292528155897273
0.1612531415945164	1.446417426446616
0.3983671926203501	1.0381764440763488
0.11291675570889924	1.5214486621796386
0.5748629526878823	0.671432157773798
0.26150669717508873	1.1093601434356037
0.18532143961384384	1.3420347166002151
0.21498588454150813	1.212592276129151
0.09998614208844252	1.502953872526966
0.1863499842500125	1.2986296434644555
0.29298771992370193	1.167276802270778
0.28407226104509115	1.1671731276450799
0.4382289049185224	0.947808528747825
0.22480096203782926	1.1832602080459316
0.13793453540209893	1.4605791460930668
0.17522295814451955	1.3232099446932644
0.12503704504152435	1.41176916946747
0.07652536770570033	1.3301627395740692
0.18512912735390558	1.389843139286206
0.12223455642995273	1.516740402501862
0.18793337851126232	1.172351087021922
0.2547722875582043	1.254187612739759
0.19931756866863568	1.2874412560561577
0.07887494662973336	1.5429523857332788
0.19171708747918823	1.3835844761334424
0.08930362334615971	1.511720249014845
0.14037663804108405	1.4869326513553427
0.23307887331053276	1.015446992084381
0.4215765994165336	0.9120345929745762
0.3192156818027204	1.0571444821724008
0.1394660692426417	1.4487333861755083
0.5613121879798747	0.7518367438625448
0.18911612955102414	1.2666685753014506
0.2503518252624865	1.1016724039802872
0.09046976748259639	1.5452181602388386
0.22183672877048013	1.333763617697735
0.2342452165948231	1.2416931452612938
0.3228139410213387	1.0115739099536762
0.07827353974541984	1.4896959265197913
0.19708976672994563	1.3349097540389052
0.32835558631814876	1.1098757140898483
0.2545810055078539	1.0470302046955755
0.21000257491031515	1.1608980915745752
0.13887271653467473	1.4691128495840209
0.2050310062515129	1.2748804586777198
0.7135070344483329	0.3784070738325347
0.2810601789776892	1.101063088224991
0.10930205570036478	1.4643778504268314
0.13633136572930374	1.2498234244645996
0.31321583826035004	1.11541932333291
0.17607674356896827	1.217652681210121
0.5525187923472388	0.7098488293657356
0.13428290128895673	1.4220092801876771
0.2565326240273031	0.8774304901681788
0.21251221203470644	1.33597216575631
0.22687395384678238	1.3374758166924603
0.5473426608729773	0.7662915842362776
0.44959040215228274	0.7593840239717056
0.4625694789709617	0.7872152124313638
0.25238088566581407	1.2405128959266492
0.09802820146663493	1.3965306186832505
0.3205575143364205	0.870683771499318
0.2106269557896003	1.328962856425322
0.11539399556737738	1.4514640445834384
0.27403780181141146	1.2048819720540593
0.18546124192844968	1.1275755878260192
0.21003951261725692	1.0791568031185956
0.10432685388932761	1.3965212056342273
0.10615561972819225	1.2682913840767904
0.23136881632696782	1.1983580666752294
0.07744543093031002	1.5684645598249265
0.22337956159163924	1.2468098377181334
0.15625728020548516	1.356671887317214
0.27785275933578935	1.115487661798944
0.2695065116505303	1.0676610594956104
0.22140632959113504	1.1323907993504099
0.3261020333662386	1.1337433377230703
0.13008364753804205	1.4951755360466352
0.1351846850934123	1.4900559074565993
0.12575957774854493	1.5016683085465647
0.14684686361236243	1.4130486818911763
0.18966909012160788	1.3183197728789489
0.1591889685378673	1.2803048259090302
0.10436977167140363	1.5507597143725915
0.09558678535359202	1.2207813788177297
0.14652870060631493	1.3160428764798116
0.6942183868361709	0.4222083582373902
0.14160049185332613	1.4392539766354076
0.2169225183860525	1.335306201492671
0.24450347868979336	1.2012275489604711
0.10538167524209374	1.4646155929356306
0.0986991640238022	1.4539064370016093
0.165737113754805	1.4307617969959985
0.15889773193595952	1.406776905512293
0.21485395439819624	0.9616449397196805
0.1818467714457488	1.2831945231954984
0.10759216485236735	1.5216482761684929
0.1731713168124922	1.232617072380846
0.21339064019848145	1.18392286382477
0.13099859452704843	1.4054086105150563
0.12851748370858831	1.290912383358534
0.17204374966184136	1.4283103643005122
0.12122957618095972	1.4983972090923603
0.3741231364652217	0.9932364010283192
0.32663290929842226	1.105390609641678
0.7255580097146795	0.4118301833592926
0.2144871807268577	1.1060027810569166
0.343386537043955	0.937345537958637
0.43700527407022666	0.9643788914682097
0.17889986778021325	1.0252319282319087
0.07856621575845348	1.3475745699233113
0.18377226740500283	1.2958117886237166
0.2145521105673342	1.009888610140947
0.16775921512601166	1.375064998352026
0.12302871936837556	1.4703945964603014
0.08590770974284426	1.5757817704017079
0.12015875192035538	1.4891562392577327
0.1433750671389878	1.4312653994367466
0.36507298607992617	1.0706450383715607
0.27129320228884607	1.2433732859947022
0.19622670849478527	1.2105561577476711
0.08725680846300313	1.5293339426705448
0.20659393739757168	1.3542696614649987
0.12320646332242491	1.5177204970848928
0.1877326260742829	1.2863510024527631
0.4241131396034884	0.8935165557088779
0.18959540097310584	1.2935551195694073
0.1361998054759894	1.4208886924952635
0.0836326318881917	1.5774188047236573
0.2895692963346619	1.1433593643824924
0.1696074090457032	1.4314833449022977
0.1493339997733056	1.4471660657657455
0.12962732369823518	1.4906675193491012
0.20796766624012222	1.2692290847045713
0.13252245120018896	1.4501632152480908
0.19861343032072484	1.2695336204745709
0.2000719735437749	1.2618160416528321
0.23035505923652622	1.1595240978753485
0.13457316437809597	1.2542953681527922
0.26108844196633035	1.143779630539407
0.24427188537482494	1.198856158697514
0.10690117161893513	1.4219319122192777
0.1701687474301822	1.2207788026582147
0.1665969358786496	1.3783821526463305
0.13023039250250065	1.488259034682161
0.7470726522790602	0.324351164529976
0.34809565532193854	1.053133656317322
0.11457594723542674	1.5140615753215116
0.18977022733130242	1.3082378965355395
0.28958704883371594	1.1654427422292875
0.148819939792287	1.2366420774471987
0.21805272866057002	1.2511550598341352
0.20735266569166474	1.210635843873746
0.15918149791031927	1.3640387074446827
0.13579271811001506	1.4569112585476165
0.13074860461975898	1.465531357460935
0.1670224677693895	1.3445899870116949
0.18972601319923058	1.0966517523149888
0.21644347258869467	1.0302148192378657
0.2337088255290822	1.1457420004083831
0.1423538791753196	1.4279691053631163
0.24800378712834809	1.2795137075642258
0.19331459288973968	1.344456801585728
0.07325968934164316	1.4107811480773007
0.10363528816594382	1.5234653803588765
0.08795964525211343	1.490086155847568
0.15674006535811513	1.3618190216391575
0.19897442544719	1.1503925388316663
0.1731255956911	1.121877733871032
0.11374548420968815	1.5313950888100862
0.27838847217333895	1.227899981806058
0.12826656162536443	1.4205220389607458
0.11171940063924492	1.4883111141394987
0.1262553208266465	1.3990277847533616
0.14404312202739977	1.3514277316155963
0.13235261016769254	1.4825556987033277
0.18072028840368054	1.389042702672794
0.14858822586901643	1.3420587549508385
0.22115026415889752	1.3114405278018628
0.28437870387643516	1.2290669617811396
0.565448111215596	0.6949050662893894
0.12821814549649918	1.508972614245713
0.1065535077737349	1.542136555353702
0.15578690733543313	1.4600483315324184
0.21571919874068216	1.1318239020256107
0.2016762448976822	1.2930593663963803
0.14227709016078033	1.1540404542513123
0.5156846564477179	0.8140131901688503
0.14430970702092863	1.4316734647805638
0.19375425706338256	1.2249189385394224
0.42148928840966104	0.9206868655902795
0.07816484309756963	1.4331066548755516
0.10454400977729128	1.3429832205136774
0.7189008144451299	0.4007150748409264
0.1333177842264227	1.316810255288424
0.14434252279655735	1.2391311732596493
0.0908109072302225	1.4073209241140567
0.17014606872762209	1.4050808469754188
0.21917129435567248	1.0588369157116764
0.08134073230176982	1.5756922551021524
0.463809341386364	0.8656095175153119
0.25493321043758593	1.2632864249959355
0.13097003025521214	1.457405213918868
0.13601761393791925	1.4771141077364696
0.22646582428470055	1.172819864729255
0.12656041319248698	1.4365731796482972
0.1276164378859583	1.4412872668838421
0.09410992009235047	1.5595938024982048
0.2656560618271342	1.1248603187543795
0.1057530148449969	1.514620076376192
0.20175670761795217	1.3125464074444078
0.11257978450158147	1.3275156502531287
0.3139781734338161	1.1822067115235306
0.18533954679260017	1.1414667667247884
0.20101962755403058	1.2285287310212778
0.18632707977018625	1.3548133379258207
0.165410587810088	1.366415595527687
0.11408810326569514	1.5299368365994186
0.18423189540721258	1.0676846851109394
0.24599383665120764	1.005086708523451
0.23586500349797604	1.311353843176186
0.07624046043424396	1.3003437489494685
0.260775242409877	1.2497743807768054
0.14634506860164304	1.33102853664101
0.13744902003050669	1.4702899121235253
0.1285995586178181	1.4768547247897712
0.23722773459703372	1.2629224335662457
0.6044719554886848	0.6422239255110211
0.10441078737071371	1.4481239314195709
0.1618621224722709	1.3168771488842357
