8.602378793477709e-05	1.28697532438007
6.753066326370779e-05	1.273424639588002
6.909515008521581e-05	1.5842762987002272
6.230359180239381e-05	1.6672117465379994
9.249851758475501e-05	1.5846086631139564
7.918424007738119e-05	1.61520891294785
5.487054733748384e-05	1.5369177234407259
5.6062506662309505e-05	1.6802114334449632
7.856008368414927e-05	1.5880137627566526
9.483809235912975e-05	1.5676170798335836
9.460318795553865e-05	1.468743758489828
8.278712694728022e-05	1.4213914363972697
6.971285116878084e-05	1.693861479837464
8.423846826306983e-05	1.6437895047627475
0.00010817030192020656	1.2695073434345117
7.14779290991681e-05	1.6660112082302716
7.964124361254747e-05	1.7129035322685344
9.483402152083776e-05	1.4778864308814117
9.204375060882417e-05	1.6185867479970546
7.541665834505842e-05	1.6921756665542582
9.36438227153337e-05	1.526824191157329
9.446196713863963e-05	1.6259754675492473
5.806105843450595e-05	1.7168923577250434
7.340171853522874e-05	1.7074524434344163
6.803540706756776e-05	1.4850381925002802
7.699654468637439e-05	1.674612549443168
4.995686143081003e-05	1.585721233150649
0.00010207182085296446	1.4978556420956683
8.431740814833536e-05	1.4345032484683353
6.32159572774634e-05	1.6735193645719402
0.0001049013234085266	1.728503071928678
7.049426888848418e-05	1.6557724695372804
9.461442577192015e-05	1.3847151340020631
5.8079111771491325e-05	1.542884936130086
7.44161219072985e-05	1.642400729664248
5.7731813152958596e-05	1.4777541737715087
6.097269137628686e-05	1.6781284690232985
6.52522618263557e-05	1.6183654610743214
8.335856072074849e-05	1.6058296874895377
9.246396098062271e-05	1.3710858075489374
9.449641143462282e-05	1.6896714223098313
7.672125308500608e-05	1.6084378595229458
7.003194203414383e-05	1.5622801763461438
7.674146640695917e-05	1.720742167223096
6.951171219467387e-05	1.6676872006396282
5.672783643527434e-05	1.4892105972061858
6.638867687511588e-05	1.6931398385823497
8.139376024217478e-05	1.6932441169874244
8.623071416418309e-05	1.5979946637933389
8.209943355410096e-05	1.5805378606760478
9.36586441627176e-05	1.583903049786823
5.6091237504432634e-05	1.6987464579997393
7.29878852070055e-05	1.7205401029316225
7.136628905285416e-05	1.5761091089511787
8.73611733408729e-05	1.646306437052647
6.813726243994505e-05	1.6180470960493303
8.783527594613132e-05	1.6572010485321698
5.945015909771719e-05	1.610306561557743
8.363896245502669e-05	1.442052019868247
0.0001086176667653977	1.1964507454409148
6.592913505447514e-05	1.6280027202331713
8.09082340448751e-05	1.6559306391093305
9.908673939050984e-05	1.3853288870127372
9.541329067804468e-05	1.4691359045126537
9.412695481697764e-05	1.7062690259541478
8.104911248451693e-05	1.4760614069896265
8.911345268339495e-05	1.536911376024607
6.50684446940543e-05	1.5203905465493737
8.09229206014442e-05	1.5160407670694804
9.537306096855512e-05	1.6478238677450534
8.634375081339596e-05	1.6720744741915603
6.80198296985055e-05	1.6504319512756185
6.855528310958331e-05	1.628557931494925
7.927329530907264e-05	1.5749711690239931
9.482238110133694e-05	1.6096675643560652
7.240346750991285e-05	1.7174520846452892
0.0001013906630184841	1.48344039438097
8.462503702461559e-05	1.3472806803706656
7.285683864540939e-05	1.7149107308107112
5.7828637815093746e-05	1.5252820954948283
4.997094790637454e-05	1.459463395610877
6.817781598943742e-05	1.654013873117178
6.195217658066771e-05	1.6925663653651615
7.329187650549872e-05	1.6342360619554595
7.60917493617636e-05	1.6816336338034699
8.559109033085127e-05	1.539652354046142
9.25030734079769e-05	1.4981923742740757
5.548041774018753e-05	1.570546782639296
8.067271957278583e-05	1.5538501684504622
8.077031206868607e-05	1.524869774793678
7.793606149035549e-05	1.6878692150986412
7.931874837079454e-05	1.5458095951035933
8.711068136550357e-05	1.581584246522774
6.995633849169474e-05	1.706805617434108
7.857525010500352e-05	1.507421159388545
7.49889615507948e-05	1.6153998726976102
8.931405877782262e-05	1.5744431997281714
8.731592117201132e-05	1.4131488107937116
6.90424011589408e-05	1.6929134837684088
9.030870468113283e-05	1.6171159879581247
5.04216206780898e-05	1.5903721932994
8.936110590686809e-05	1.5939101953586905
9.404445683063457e-05	1.5076258986930517
5.7972545089640105e-05	1.726972568068524
9.225982175081321e-05	1.7270322864859868
7.403414164923724e-05	1.7167359643149296
5.6497999247467564e-05	1.2191721242320062
7.276464124089404e-05	1.7287993782943905
8.330071289849709e-05	1.6763175696902752
9.674814086255154e-05	1.6846662706643527
9.012669447122912e-05	1.4230382602538487
9.485687344973244e-05	1.6260472883369088
8.059898614413764e-05	1.4811178854066538
9.541182177248669e-05	1.5848092401803742
6.755137108424027e-05	1.6605611070163886
7.836339528219403e-05	1.5810236809637361
9.767958439339458e-05	1.6730540449712488
5.894890940591203e-05	1.5474322417340933
9.52314745768459e-05	1.395005625577402
8.288218102910483e-05	1.6837881847640879
7.564596178290829e-05	1.6279364836959171
8.159159746939175e-05	1.5071083791641744
8.062671386354897e-05	1.4950598890461366
6.505483335660535e-05	1.699060901960752
9.826086675160407e-05	1.6963799120400511
7.325200577218256e-05	1.728620896858092
8.015347261777897e-05	1.6322803511328468
9.126192150044226e-05	1.557968665985414
9.3532401474193e-05	1.4437278724778817
6.34629406706149e-05	1.728002058453911
6.441728998421678e-05	1.7007292015433888
8.566422775126202e-05	1.5663649403019901
5.5427298252755057e-05	1.693050763234102
5.421242282409998e-05	1.6859921850112105
5.679123906182554e-05	1.5184958653911405
8.341211782718501e-05	1.6088364523999445
7.542026317030275e-05	1.601766700525395
7.22638682770546e-05	1.6525592847467152
7.715385571234222e-05	1.6312017620923622
8.567681937355266e-05	1.5798660988573805
8.891992230202862e-05	1.3319301697279589
7.162406346256077e-05	1.700325549129226
5.312386886426886e-05	1.50982689283651
8.285570232974087e-05	1.5582597281158421
7.957078184502474e-05	1.5588690444123312
7.767051115521254e-05	1.7087802870292697
5.724451567844049e-05	1.566778444058437
9.767205354518698e-05	1.3738883270418194
6.795423695414709e-05	1.6461671285917494
7.573340094129994e-05	1.5296813704675194
