0.009059198707561228	1.5791534170254367
0.009301223932445686	1.6836421400841348
0.011890453161792656	1.701801526168292
0.012055808363889047	1.583944027921047
0.009395517312673702	1.7136407055215717
0.011681619683266885	1.5341281929192698
0.009634698651727638	1.6739396505451212
0.008263620770368423	1.6650166972337905
0.01244980806296918	1.2152659775393566
0.008814619107760746	1.6377210232340609
0.011806650546756442	1.3801393516148341
0.009322908602739774	1.6983929365352668
0.008338517874167043	1.710257058483734
0.008016167576172784	1.6745772907038903
0.005753323049056152	1.162898558755962
0.007471278306750843	1.6497305592063771
0.010708071418968672	1.3441653563814076
0.00909080234148591	1.699535279153546
0.01057186519139736	1.5579416004325417
0.010864614110984619	1.6297006792606337
0.008495798862180695	1.6122816377243216
0.012690104701257152	1.6982611071647153
0.011771473914474872	1.4927450263152087
0.010949454322311	1.5796807510131596
0.011705618473495332	1.4923221015799446
0.01139295844342866	1.6086405115247548
0.009299710877233034	1.4876179203538764
0.011718308230432168	1.5657084804997774
0.009375907175859418	1.6109466269254589
0.009149049317501382	1.672170639423638
0.010521279866943612	1.6233749482380169
0.009636195691840838	1.7116230364642249
0.009763091173172133	1.7121361121889045
0.01106797119026158	1.5836249361981871
0.010943430445823287	1.3493932874499364
0.009823986335247887	1.705553715875304
0.009513764346709707	1.465040725901784
0.008962407420630057	1.514484547024105
0.009140863839692873	1.6231898494274886
0.011645118140158613	1.6993236947565449
0.00913862397339392	1.6723078550126487
0.006543559787201964	1.4466580521470913
0.008289804871089905	1.6975818295778287
0.011428747850742616	1.5542754366077223
0.008129661879608388	1.6784316533313974
0.008714553504939899	1.5776166930249849
0.0090589666172456	1.5873148404758712
0.012321453735823594	1.60667543099354
0.011032632085201464	1.6099281996545085
0.009683282245988184	1.6753165678261572
0.01031228545631071	1.4975590007724098
0.009537022355073166	1.426598221941973
0.007655872893075804	1.1964141578644782
0.011903625126598791	1.4096050020916067
0.009936564247560052	1.5018554618675717
0.007505791966718686	1.7103513591143922
0.010279853866373216	1.4236793290691934
0.010223585936561691	1.5810501439954532
0.011586037515690824	1.3171117565225425
0.005846744710114674	1.4403503551952241
0.010423238745773122	1.6475127507195295
0.008946966041865581	1.7156089767368359
0.012540441947462063	1.3348582751744735
0.007230872712284918	1.6501191791640717
0.007971842260587905	1.7162742441870258
0.011293242544904188	1.506789084376289
0.00898977113111082	1.5621486109917675
0.009938739645635688	1.6265313096850704
0.009102331855375102	1.6157311204786764
0.009795266498485332	1.5738569866379117
0.008003492223496481	1.7155874822945192
0.00928667550379573	1.693938762251444
0.009146367660461178	1.646146712787431
0.009121068790829946	1.7114357584132955
0.010487368339952327	1.3701231483905403
0.008775433317422468	1.5797687143447292
0.008059818389986307	1.5319090105887674
0.010220501164040148	1.585721896824117
0.00908805805369076	1.7138073285774658
0.008716951547576606	1.6765092159886539
0.011183117730086135	1.5567643724912825
0.01312702699610486	1.172394770573687
0.014465259478427164	1.4529016539501414
0.009114511388463885	1.6607239085458887
0.006772884163350338	1.6034198678375908
0.008252337367013064	1.6800871380454367
0.008046937177605351	1.3805928272733181
0.011264815243224835	1.6743986851971038
0.009009577392073897	1.5578574259939415
0.012593392509398726	1.687614904762792
0.01059162554512285	1.6791943579958213
0.00901336987630326	1.5414874147226048
0.00779182995973568	1.7007138883545245
0.010347202333118607	1.625396672224066
0.011803234992228738	1.6055891376416347
0.009697837644390103	1.6968301750829315
0.01155029565661726	1.3934559287779442
0.009894360609354185	1.4475214832272374
0.010628261883975072	1.5772156734209237
0.008527869840235838	1.6724857609909503
0.008144565530112089	1.6993904837960196
0.008633072725550198	1.6179258756583739
0.009115113319081077	1.6432083590677364
0.011164444804035408	1.537067367487234
0.0106013134055112	1.6554678376045668
0.011828249730056832	1.2656487730506574
0.009656191222871131	1.6930188125605157
0.011591684098754822	1.6573670859530334
0.00905609820052068	1.661053124110912
0.008345748021535341	1.643378743540505
0.011665156439305085	1.571011855444243
0.010117869340572988	1.651741648767233
0.009505928866622965	1.6026211856564125
0.0062093546594172745	1.4450848453849479
0.01030313791201382	1.6311745661547823
0.010305354195545466	1.6882253828442142
0.013858164519911958	1.2238534824613712
0.008578446908534312	1.7025783671919343
0.009596747637403188	1.6657283348541256
0.008959323909471182	1.7086338872025095
0.008410524372109512	1.6655283514591694
0.009368598565074382	1.6222336637581916
0.011699907009578897	1.5141531021004877
0.010813305322576655	1.3402572753779949
0.011822223755372356	1.5128833775218216
0.01288730581414705	1.6886925641880577
0.007794150808467308	1.712686584912611
0.011282049088519673	1.4807052407448817
0.010792335986842117	1.5354378711893097
0.011882554964503892	1.4037200451620713
0.012315720859743185	1.6646147828613458
0.009770366069769597	1.7052923503231106
0.00878961749262861	1.5459517941865188
0.010883779226109634	1.6194551193485445
0.011981808556640564	1.2329141673007418
0.009012963758652352	1.507960071655405
0.009460364311072333	1.6180226422784423
0.009327660876770325	1.6789423506969565
0.00970693800923185	1.6499356822339943
0.009717627851508587	1.5694146049335789
0.009198533487762053	1.5505299485542077
0.010564746741850109	1.579300064346072
0.009622024410059006	1.6521640368102004
0.008400718507152988	1.6879547671628923
0.009170590861822042	1.6829351697706096
0.009706602851200572	1.6320929162217643
0.010365138648052148	1.6758178175346616
0.009739798357980375	1.5631914121791635
0.009527660235259377	1.5495575085275162
0.008984489018586502	1.5285009340058724
