0.14060524447004155	1.465608357094909
0.17061072727439847	1.280707114538865
0.17059593376145912	1.383165801089214
0.16866938806610474	1.4356625259738862
0.10951404529411614	1.3316020812236253
0.12854512140734306	1.4549957601048342
0.18896444536490545	1.3732551881457025
0.16745444022935208	1.2791707603885667
0.1986950731065139	1.29978093130683
0.19787665946419525	1.1103944423031449
0.18942630544600234	1.3767082875780403
0.14628270221176662	1.4094483035429264
0.17544613915396362	1.1176150343179592
0.19030479603654402	1.368679447673244
0.17390831222604736	1.4190189595839118
0.1644222134837876	1.3589326138681208
0.17372656792312902	1.3891271861553203
0.15875239098339053	1.4118284561317416
0.1482651452692078	1.4674341864412117
0.205390335043429	1.2554141694822394
0.15797787931286367	1.344168791797565
0.1800896109564983	1.3750660486108017
0.1116152360825442	1.3088557588180976
0.1350894005275713	1.3427682206420113
0.19005194231192887	1.3831444743848023
0.15403341083920474	1.3856979769330469
0.17893288787308925	1.1968795097004385
0.19721830418058608	1.1478707127057124
0.1803966293066858	1.3298176907077495
0.14361572812785373	1.4800387745332553
0.17219648117908384	1.322978491171014
0.19473205776719946	1.274626926051046
0.16546665816684072	1.3120291884886834
0.1460058242901186	1.454037698526052
0.14644982873945533	1.4461330873869493
0.19702845087259147	1.3738545428943458
0.16740237718126807	1.4150934479487507
0.2060591742017516	1.272190160714136
0.2061232732437633	1.0375861833644615
0.2043612660695263	1.1583846230893682
0.1602661675594351	1.215552193795944
0.18037014457966907	1.3889380933160593
0.20440054160914103	1.3710687752463033
0.16632320779479587	1.3739466004092415
0.1382435715528176	1.469045916871711
0.12703258646860072	1.4911480432979283
0.21621850510862545	1.1610561362651048
0.17844579700251903	1.3358821370480283
0.15199361643493886	1.442666572944395
0.17736243860075618	1.2029077405846826
0.14109004527986832	1.482857258243988
0.17402971513637955	1.2936923107873723
0.23736449518351693	1.145109775115702
0.20614573349119916	1.25412914205745
0.17499920593325255	1.2975066270480802
0.1345468568823576	1.4156103578841213
0.12222192636248141	1.4963148948293221
0.15524268001631056	1.3824011894379826
0.15119797867653015	1.4311553102275028
0.15281165579720415	1.4518533623847294
0.20665029407075017	1.2706647128414248
0.14084784119842667	1.3684362535725005
0.22058034721142786	1.2212359664527395
0.10867200411987281	1.2585251375444177
0.20061997389551853	1.272532999652346
0.2005440034414061	1.2574775210071694
0.21050240480981536	1.00496199106388
0.21352726472450384	1.0238241875373817
0.1820994057022941	1.301091303664585
0.14889736996296724	1.422451540939269
0.16192661744510828	1.4461070772540663
0.2218501579320324	1.1825529872643417
0.16191224070102833	1.2600361856971314
0.14416423571749426	1.4640282966305778
0.15112698861288232	1.3100851275715701
0.20341920020939475	1.3362534929620697
0.181098648784845	1.349788859049248
0.18799769142655812	1.2422785754119472
0.17401467445162067	1.2117293675529763
0.20469919761332903	1.1820454293679532
0.16394399245076882	1.2696839934587263
0.10334161037793545	1.2831633177988901
0.15745005618367044	1.4464329577482795
0.1809083994386069	1.3352512773626635
0.1660593219168249	1.292649422456754
0.1357683740496271	1.1279811262679909
0.17017081064394404	1.323517401960827
0.16237344300441112	1.3827858880615274
0.17667851738375087	1.2984607107791095
0.14386739785726882	1.439871937066808
0.19485063010547474	1.0878903946360943
0.16264239003465888	1.2825539265596217
0.11186470566833097	1.4023630493292707
0.16477268053326982	1.3835350668704018
0.1954540967331836	1.1725949330473195
0.16790129609756213	1.4307095216980539
0.20332471123160636	1.3140332740403668
0.1723703236016972	1.4156110613995405
0.19290141762018082	1.2363569113034714
0.1566962745963016	1.399271279989226
0.16658807173347034	1.3013458314442439
0.20063156387143818	1.1081881270178038
0.21801884127264265	1.0447180286924906
0.21797296732243995	1.040142136735282
0.20773414251885988	1.3016772915181825
0.14867968859237518	1.3926880960218346
0.16255149694385734	1.4443847076871936
0.19774101984640444	1.0683190115755983
0.15120295926813423	1.390966200500678
0.20425386417100128	1.232643215460946
0.15762223618761018	1.291562907226627
0.18792327534008307	1.279781709660717
0.21443857493005705	1.0652224983505123
0.21259094015249602	1.0219946560328121
0.1279999659853594	1.4897329725968356
0.16394695749174423	1.3004022515993645
0.1957081137177224	1.0497395942092969
0.1686698741680063	1.4153596756246651
0.17938717618771863	1.4083186823631502
0.20473226804948044	1.071650731080732
0.1663983873160857	1.3735540443557723
0.2184812535271087	1.165966105365333
0.20888153114457664	1.093436095515293
0.19514822726457273	1.0770349309015308
0.1947169427473582	1.2599560476340637
0.1925907242936705	1.0782773574665183
0.16987642872726097	1.342624907632914
0.1720597108528372	1.3876485981023334
0.16909382736418133	1.428181755816149
0.16528246192323667	1.4129265989828077
0.20445511672554756	1.2036401416253
0.18690409796775603	1.324671147435279
0.1132898010023858	1.4817693858944474
0.21849179358745602	1.2335562485411027
0.1622923584117086	1.4393855797809487
0.1409691572348583	1.453581804730368
0.17421864496932615	1.3925599492542833
0.11470576812245131	1.5257761527762512
0.16304670995196005	1.2914880272989255
0.20563078349247607	1.2504741429999227
0.2055553080387165	1.2075665297970848
0.20757603502939448	1.119756195563198
0.1146045957944668	1.4494077709202025
0.18222266602472403	1.4027183208486291
0.23119331547620658	0.9592152586752616
0.17402515709933059	1.4154535888097675
0.1833677724692262	1.2150587801808435
0.18544615684960616	1.217207321139495
0.15765498706300776	1.258114470642583
0.17346857044858152	1.316659314778137
0.1803698934496693	1.361208496913913
0.21171181806454603	1.0715026642470769
0.1604259258258996	1.446725299486178
0.183772546105095	1.3549883643820813
0.1593298225640485	1.4336983674575665
0.21738912842162825	0.9632995134167277
0.16359645038315254	1.3541617678238014
0.1817169993558348	1.3534114328433013
0.12566148349018455	1.443835402530818
0.22476052911589658	0.9958560351682793
0.2042270113976057	1.0539364207259916
0.20512214252862304	1.1901783592568536
0.2150637714547252	1.07817530345216
0.20245720811954945	1.338209637375853
0.19871106383195328	1.1917268467566255
0.16824333116922421	1.24518027371121
0.1598549000500577	1.3458393150373853
0.1599971585278903	1.4204970929666847
0.12166201501307004	1.47286717209674
0.1605526430478593	1.291697548106418
0.21351552895342604	0.9941449555886863
0.15809403201379707	1.3778976847287345
0.18839196363107588	1.1225836730823793
0.17291114791081238	1.397271660247697
0.16422043559817484	1.4021955176481926
0.19597249199293562	1.3123341801337465
0.1787024294520153	1.2470125695040402
0.1904166069429631	1.3730717945494302
0.1717612423188168	1.3962106654462467
0.14464761760394235	1.4035000953673833
0.19123159575897705	1.1519500081980851
0.11859782156952596	1.4974193917542031
0.16974341082202346	1.397425326120614
0.19895107390098815	1.1210800014482663
0.15829362342613787	1.4249789688506262
0.20589178301975908	1.099088677989874
0.2116102996423618	1.068771982071085
0.1887377938612601	1.342002249028305
0.20382207578685407	1.3718865095370407
0.1506814811723181	1.4304846997272982
0.15110726783290915	1.3405284069830723
0.1986339601250492	1.1095791755205306
0.173881556133382	1.2891149662015895
0.16898662541889695	1.386177658354184
0.17079060288850878	1.3617779870600732
0.16607153524170784	1.3637716535739424
0.18776677821142349	1.4036381516576706
0.11529638423947389	1.2854489587447144
0.16087172784711126	1.3562772944981436
0.18438314107323048	1.2404944835506866
0.2074057501708654	1.123069084509582
0.16527145443268307	1.3324196504104877
0.1560198975812994	1.3299089127518364
0.17539812423134002	1.4015051459470902
0.14726126616057797	1.4280196911000993
0.16724557497231532	1.1993541899018023
0.1970250284268524	1.2012255269240097
0.19000768150047975	1.366158483419456
0.18208030546498225	1.3755305816210504
0.16598775639425067	1.4351571336474405
0.2008741850351677	1.2057385140319885
0.15947671977626765	1.4208888150054797
0.1544745849730549	1.403676811945247
0.15881720625908452	1.4380049713712109
0.1653886051648402	1.3045850524698497
0.1455907543648435	1.4665351810461447
0.160824077622009	1.329970588956528
0.20802723944380466	1.3566583468928222
0.2080691205994501	1.1276028598509114
0.15984083861461382	1.3414701394405735
0.15898996508064758	1.3387504921556284
0.16960585838692335	1.186684782506894
0.12557589739024153	1.3262527750376334
0.1345124894219166	1.3835169822559739
0.23789320415584347	1.089221496565571
0.1448950838452688	1.4540584185173353
0.11201724735458195	1.3060692996474452
0.19936969211921693	1.249804117234452
0.15430074123254284	1.4107590754686257
0.1353862653361023	1.4315285533074835
0.14151071012416566	1.4794833190621235
0.17525318261203504	1.4186391198613992
0.15337232589386773	1.4258167463997538
0.139325827012228	1.450951731522084
0.17365710261324774	1.2638875248002013
0.18078194799405684	1.2955510949716076
0.18771025447940137	1.3648188291960177
0.18119690089316148	1.123939286269215
0.19978569164862892	1.2187811910692208
0.15261966307294786	1.459132095595769
0.1275254401896147	1.4058858443646831
0.19051797660511186	1.2430016494611371
0.1918742993577233	1.3314561025572313
0.1428893283034507	1.4479336011194486
0.14601890058368996	1.3999416803480447
0.15717224896790677	1.3600539838597154
0.16458165577367997	1.4351097073852608
0.18792714254591908	1.3637846362176438
0.210725582102328	1.1009939041346737
0.15324576066625054	1.456871877648138
0.23635405654979025	0.9658450617214372
0.16838270494535892	1.2951115669719493
0.17078346912834094	1.409794012805886
0.199567853618775	1.3213744186476268
0.18755103604553022	1.29088984462914
0.15953873398435003	1.3751401012577842
0.1392795525557411	1.4072467708567125
0.16459046499504904	1.4214001839023562
0.13038301641566316	1.491533893794068
0.1421656555880932	1.4354662745748017
0.20550506773396945	1.2256995687870291
0.19764326947277408	1.317588211625346
0.1873465604244156	1.200631314563101
0.18802592415095928	1.1870990793538372
0.1747954180490711	1.428431860538394
0.211858161910496	1.1177569294242042
0.17926630844042746	1.347027553017867
0.12684236065327112	1.5083804638521436
0.22202490938298058	1.0520054261721608
0.20676808250064319	1.2138545175251607
0.15741937616457918	1.32220844832464
0.17661500189132195	1.284350756591295
0.1629481617799071	1.358839164383263
0.17887975030813677	1.1851493845396126
0.1751481977837403	1.4118211224203878
0.1695536670222008	1.183982773184838
0.13192495185601258	1.4219288295845174
0.17253030851130707	1.4194294753989378
0.21526662290741058	1.3432727943419789
0.17666418987345328	1.3286632273675067
0.16717646189024007	1.4115885105885413
0.19074694613791274	1.2102178926368776
0.20622393125362432	1.2099196701637898
0.11771906714652629	1.4087417502895137
0.20126821883920462	1.2188585487336572
0.20690734995500126	1.1403629861749014
0.22942579737331573	1.0452426178576135
0.11059877667588679	1.367406522817636
0.2224408976661855	0.9004125562616857
0.15228498442429672	1.36429298106114
0.12956112991812926	1.412955360838867
0.17289112145516258	1.4067042475498672
0.21623464790278232	1.0577390515419338
0.1736762270251977	1.4155514654748493
0.15962322776781687	1.4526962070360814
0.21242289351965596	1.1156782067612907
0.1771625092783076	1.378659937014588
0.13725411744548896	1.4881439387619513
0.12507935876212897	1.4737201549857806
0.18825277934746312	1.0914180561353888
0.15941703163238619	1.3028233784892436
0.17291721757592807	1.4093241639463736
0.19487243708975924	1.3821703386051591
0.1666545678206716	1.2688341562043943
0.1624133644244873	1.3940971114035845
0.17739654136041	1.3843389104551147
0.20404409824208009	1.205293538029387
0.16446984430275055	1.3334871072427537
0.171860534928817	1.4230822380240498
0.16669156690094458	1.429747043058974
0.20853842295456534	0.961591952066964
0.15323845798740343	1.3575727583882486
0.16128645471542039	1.3000350971408623
0.18693397788103233	1.3647285513388079
0.20142123459313968	1.3642923011158659
0.1949103715126115	1.2931115800257058
0.19633727244186788	1.2519027345318776
0.14335175068224293	1.4668132794525437
0.1826434074593067	1.2145342873666916
0.16804847660951022	1.2387575009961949
0.11900345721411167	1.513151816148887
0.2395422535323944	1.082299206156933
0.1917453436635819	1.2874730782355892
0.1211927948628279	1.4852841381440207
0.1252675935371733	1.4880602002324026
0.1441981733546225	1.4519166830310348
0.18892188732916543	1.3263535580161525
0.17199714680284728	1.3530891017615567
0.1886352768413607	1.3404678438746263
0.14433977333907297	1.4037360728131802
0.16121055111831817	1.3951564977723216
0.1274122491387533	1.4053574148640235
0.20635356695040616	1.256959053308144
0.17749932436336596	1.2891266327916229
0.18784689416894174	1.4065998652103349
0.13234725743681378	1.4750431966575386
0.14074568978827354	1.4736321690741003
0.21815481774929216	1.3370880080184604
0.1700422272873848	1.4190013841693856
0.18193720965402627	1.4031277388557641
0.1668011612950434	1.3330371750984593
0.14096938777268958	1.4741754855699827
0.16452066023950565	1.4232855487193383
0.17563022798561512	1.1566443691957868
0.1737434802559642	1.3795310469172288
0.20960144166783673	1.247069060865189
0.16698654096823598	1.4416313464520907
0.20591822322274744	1.2629847108607128
0.14059372036190385	1.45334757795807
0.20548123204691388	1.2440810024216233
0.20798889488736513	1.162940144027743
0.15474279390084192	1.4197593104701034
0.21824849876478647	1.2053077310982003
0.14966727175459293	1.4675073215123275
0.23678224809749635	1.1039454175587136
0.21449070193196978	1.0784125453732258
0.15991978584747982	1.3862946011935846
0.1590247164459829	1.2993107914424475
0.19301944061364107	1.3539411054739712
0.17238111691032856	1.4140939642207333
0.1723883696240568	1.4039937330557541
0.10732963065794535	1.35705690991897
0.14530387536030484	1.479325831574049
0.18080094970555546	1.3694895915508825
0.21948262145830277	0.972486723382838
0.1413676238769229	1.4501100698434959
0.1662525262849879	1.3737380627355187
0.18118082504629804	1.3617639689667973
0.19755503197801866	1.3398475327991237
0.18273191305613362	1.1941272999606394
0.21705445492639724	1.0250065121000953
0.15479463833831825	1.2271674971275646
0.18705891237702924	1.2965175860029305
0.15870253041336155	1.3166963793565287
0.20742644639949467	1.2874861102384862
0.1863581197182402	1.3561074671857316
0.1335723375358681	1.4340893824768508
0.16961714961287477	1.2875301402110937
0.16174225338551443	1.3719055803360596
0.1612036936350251	1.3749853906600982
0.14910623821805122	1.4717732532784957
0.16671189197831282	1.4131358864619616
0.16131405721800626	1.2601487078691782
0.15188179693789491	1.4420535088824926
0.18461324475428392	1.403830363448865
0.13997216005296584	1.4717698178244778
0.20988649610039828	1.1208825936551845
0.20031786215099404	1.1898169485691732
0.20739549708690827	1.2850587628738654
0.21137465775312791	1.123734067572599
0.17485644160460337	1.3354138277620013
0.17140576777934013	1.3916188694651388
0.2009303769041024	1.0302814277305798
0.1746834477193458	1.3741574685572888
0.22972179978084825	1.3188454155367735
0.18113220634525695	1.362636810368418
0.15478112047288314	1.4086045204957884
0.19092332545919383	1.2206389200312673
0.1583991510959725	1.3473212363510718
0.2176583367015375	1.0625679834360664
0.14332230671364393	1.4387788892636144
0.1684404535761841	1.4041879368128425
0.23921783535631036	1.0176767483373634
0.12233232063690352	1.0448771158955679
0.17061321637986032	1.3692550040733642
0.1796929785543305	1.2896385341127898
0.20802116777817953	1.2862564227847
0.17245851747448593	1.2313430355472164
0.17506487948899346	1.090564659378167
0.1419403576867807	1.4640679753565538
0.1533179211405275	1.3490870185769883
0.13665092428074907	1.4814284448884778
0.12868955009834196	1.4916711753167333
0.17233643647990726	1.428719109941694
0.19151921378375839	1.1013203433204852
0.16901972177309268	1.3908394038243959
0.22084684925708295	1.0383294870656572
0.17573984506136386	1.3156257908957443
0.16469139681615177	1.3951042681408983
0.1844347497701888	1.2689664695963805
0.19308534256277607	1.3095753750922525
0.18987327017153577	1.2845125401460697
0.1599012330379734	1.4246170073162046
0.1593555940275057	1.4266345275815824
0.14113550503000263	1.421185794348562
0.16774404453119532	1.4106836658834487
0.17003995233405061	1.3816657763459204
0.18794525330000555	1.3825730958119966
0.15129246901878893	1.3908885569331573
0.1913961063791679	1.1712414231101773
0.24207491653968258	0.9454041665899355
0.19148439554964186	1.3773740733558881
0.20505492586039442	1.2226763651453996
0.20840117357698063	1.2328444308021294
0.21846899254746466	1.234793221273927
0.16342419238878494	1.348857098273048
0.18079143223222596	1.343892645033882
0.15749475300837742	1.4447954928004587
0.21649723071275437	1.1990151200029961
0.1547548205143729	1.4596472635025464
0.21054895616689984	1.357062450050541
0.15719385033406397	1.2400080870917838
0.15106317324205998	1.449357448162168
0.1439692658064402	1.433918704529606
0.20262634473240004	1.1977703241018152
0.1412336991257233	1.4856967273579942
0.1709433322087887	1.4067044029520228
0.17174438707863343	1.2761496376322063
0.2220315935797021	1.2596676688901203
0.2055234686216198	1.233470757394648
0.20791764292235138	1.2572499068458454
0.20721192277418335	1.2356099431511631
0.16746112138731997	1.2010436427386542
0.20755495417524247	1.299519950373075
0.1516273338834806	1.3738717386203607
0.20768410044329194	0.9972206067854805
0.10902053648666828	1.474258783904816
0.20342497019010913	1.260190787833485
0.21320474021891728	1.1013528039589975
0.17806926336785286	1.1911306194390132
0.14309424193898443	1.476100738760008
0.1905495258671845	1.2738142682304296
0.15580045345845073	1.4406491879328835
0.20859136876122283	1.2806733700243504
0.16522675374703444	1.3261687146294032
0.20515400955005664	1.2090775814911598
0.22876440062144665	0.9601954123390656
0.13675313447623721	1.4498473377864542
0.17062731040452733	1.3532945051806484
0.17646155586002613	1.3007301848688206
0.1706680838631409	1.37032163138189
0.14679758377139468	1.417096982008555
0.21518797737672618	1.0876204958707885
0.18885769852553574	1.231304140715609
0.18282512522986577	1.407088491786216
0.18234514932308515	1.2864944508363538
0.18315974530101423	1.4092726660756765
0.15983688582391128	1.422412744719241
0.20073486671379412	1.265954249074575
0.1417333926777948	1.416135743954023
0.20016612185996494	1.3677592061587878
0.16049375948051395	1.4358560489173295
0.15354306628456776	1.3703364807073766
0.16799510378905608	1.3381606498243086
0.21544972047149097	1.2021449303077463
0.1801573801133423	1.3942273414589343
0.13427231594080996	1.444369941867014
0.16677557983351102	1.2400030625327143
0.14143991688403187	1.4822722269618005
0.21858934345037612	1.2610497663908873
0.17134116483015102	1.3245423378153856
0.18888757722240404	1.3154552776924657
0.13326416456971987	1.3903647840783808
0.20963907233844575	1.3158056448986906
0.17803171980182192	1.4065843813037748
0.11309640907593703	1.4444062905395705
0.11484180923774781	1.4001684890047579
0.15717339045649636	1.4264896935281055
0.20670269401311603	1.257301995483198
0.20810659593855432	1.2040046726738547
0.22503121223714515	0.923670365172615
0.16563213295160006	1.2918228268931924
0.16231048481365076	1.2699221501557336
0.21778784804511864	1.0739835789426282
0.20679370385167672	1.228887494178839
0.18437651811055408	1.3718496164167382
0.15681050261423093	1.4522947780795783
0.13386284874446594	1.224493163108659
0.17037350627170977	1.2729876704088081
0.15543016558747863	1.4412015268315175
0.10971425391284843	1.4858119451007323
0.21597980203936795	1.3395323101072538
0.16842226838168622	1.3964997079405839
0.16293933915621955	1.3975625462369927
0.16535267697466297	1.4185624267211843
0.15511600153691604	1.371031859058776
0.2346462222230079	1.0075443372422914
0.11648727504550968	1.4128611441575267
0.16181294067618407	1.2418777792112854
0.18868708508239596	1.3898882642794166
0.17922871777091348	1.3912601407154073
0.18568606608376903	1.384631662090448
0.18990623461903836	1.1517139234357763
0.20145987237681365	1.3224876419375642
0.1511827462702038	1.3450448402408903
0.17330906115688421	1.4264250638429625
0.15137338181831675	1.4318604696699158
0.1852662768478828	1.3887683200465384
0.16787908126235349	1.2743772079241327
0.20496139480900954	1.1756393736286508
0.16308066478768848	1.4249061109467331
0.14475038016558991	1.1435874153861811
0.19390580311175346	1.3723757910500423
0.20597848539854383	1.3692936979317165
0.1682518475366355	1.4182877050691989
0.15981103519626827	1.3869034070478468
0.2047085211021105	1.1960819801306881
0.10594132652449433	1.2148852073049246
0.19621636454476826	1.3464438782950552
0.18376450849110088	1.410678728484219
0.16091280748331557	1.4463688156274324
0.11111194271627688	1.4537848465721297
0.12402992585808646	1.3661378614946642
0.17248646954097338	1.3419729787256682
0.13019915711668895	1.4830382585843553
0.1766396113117604	1.2567510967394253
0.1834980503540535	1.3053165801955244
0.2089226974408099	1.223728908838074
0.14304211550007476	1.4721041891868454
0.15573594992533207	1.4151805205304462
0.16947043951809965	1.3194913235944987
0.17657587587538573	1.4021407821499614
0.1654336837860577	1.4358057121532786
0.22023313493519722	1.010412137160046
0.1693422512051963	1.2666707121296872
0.21037869790397637	1.293759773403911
0.2226355276388525	0.9776848781332746
0.16177347010950482	1.44370674081352
0.1805710057550785	1.3943699925105455
0.18224636649799295	1.305207143238642
0.15246280038580468	1.3879846895899743
0.177244053241413	1.1303849833463206
0.1825406295260268	1.1918680075967423
0.21333123829392195	1.301022719946198
0.2221802694522311	1.2951357573393678
0.18113882955829821	1.3730334064025524
0.15323976178835824	1.213083978150293
0.157505900990057	1.4022399346523076
0.10871358788471133	1.3291155752514938
0.1888350328744292	1.3348142903705464
0.1677660074160269	1.411794501258297
0.1696017201588508	1.278953258229357
0.1503455328919367	1.450150737016053
0.13784093241268403	1.4911223827460942
0.17853223782312053	1.3671898542218255
0.200099118477778	1.3019875906157068
0.13473578720958188	1.446681107359593
0.13852115174204868	1.4619187769006703
0.14544280864145487	1.4701030529099663
0.11195755715159283	1.4125003527649036
0.2052931714099688	1.2245103670626933
0.17529512895564048	1.2975344169434706
0.17922442344456987	1.1884010404106125
0.20637418704035873	1.2318139543237778
0.12051550820537901	1.4543324733272227
0.2072358040704747	1.2799341241602962
0.1458513166810792	1.4145793120396761
0.16651366034101353	1.4236302710953812
0.17492063802115637	1.4025134183610002
0.22047457989575478	1.04898291270132
0.152927178820269	1.3587214276181956
0.21412160049492743	1.1047311178983186
0.17985963819082862	1.1607021786312997
0.2083232019006828	1.276022014671252
0.2376246902089391	0.9859194663499417
0.15867055423236243	1.3307121266765567
0.1807171296979981	1.3657925954908623
0.1501458246969683	1.3841495540396975
0.22009893224097507	1.0137879230883682
0.18868822598674584	1.3797587542474687
0.17005840323349522	1.3703950120007784
0.20220673268902298	1.335644750925832
0.17533372535322364	1.2129074838207157
0.1656239650115638	1.2895680576505035
0.21170705185631766	1.104907475278677
0.15918208318051327	1.4542051039933863
0.2100010610357165	1.1795302286524132
0.2123323726351701	1.2449509958246834
0.21845511358405828	1.1767347593088606
0.1799320517056141	1.3159837259078269
0.21774827945752545	1.2444876908584486
0.18785592844038576	1.091396693968052
0.19197798119279005	1.1685718230541349
0.22120087344177772	1.1060006835609177
