0.023565061173741225	1.594025651497279
0.02346720232624302	1.666201833453635
0.025126424994724072	1.4471003194788685
0.033027719091985465	1.5888494324631364
0.0230122887664828	1.6791573879462014
0.030190251517950413	1.4176103558121522
0.02630062133487516	1.6705151494076198
0.03299305460560994	1.2819142100218657
0.026192479803367627	1.6203562561359193
0.022435441606379884	1.6689061427882035
0.0239229450588782	1.6248734838608658
0.028274003261416547	1.6381460764219473
0.029039474723714792	1.3524044492381937
0.03464370990850162	1.2789737154918996
0.030470563951668736	1.3175941231528436
0.02002117426929436	1.670904350557002
0.025298402313595873	1.682581869059094
0.03312591698720974	1.3039309049848136
0.02394925393704203	1.5705719521888442
0.02945908685771525	1.429832687879058
0.025466885247921636	1.4321054026912852
0.027684550160086554	1.625724783577989
0.02532817852300182	1.5994022432031998
0.025668262681959934	1.5455039410604052
0.0214058697305768	1.6867998948475162
0.034831710324884746	1.171379810555372
0.03226816725935334	1.4516552591873053
0.020178381621550258	1.6904840769573268
0.025204851532919157	1.652882023464922
0.024369934192857927	1.5872387887233241
0.03072579637580955	1.5114684219786978
0.03746715748738872	1.3649481481993242
0.027788841733931806	1.5189657063145958
0.026842080894274326	1.4235653882986425
0.02282380437894367	1.6670758101860088
0.03023462203108666	1.4725116962508562
0.019993303471739925	1.6368630288627066
0.025690929137951526	1.6350858836055793
0.02435362493596676	1.570270398539399
0.026141593169973873	1.527794035354
0.03163153581210171	1.2523442985559807
0.02198670228774367	1.6842347454734294
0.028005259788542354	1.6523266531802359
0.029335315095228756	1.68082988593967
0.029914736380935055	1.439453475505696
0.023802756733122897	1.6871105878868482
0.031346461019492164	1.4947730383917406
0.0300067788951609	1.5754605688388847
0.022899257209120012	1.6857602804067375
0.026493482004466364	1.670802946214259
0.02443464504412163	1.6152704553660029
0.032228295997769184	1.5123180344750022
0.02108799703591396	1.5715924964983243
0.025658214413313403	1.6098850359181551
0.02357695297862769	1.4800723637183495
0.03348453624457766	1.600129399350681
0.02758481792398048	1.3949847457266815
0.030520323937648353	1.6690581826481319
0.032606118421303766	1.486324872988437
0.02603178391846332	1.4268284691522801
0.029265138911417837	1.389156526504637
0.02695396226146202	1.5851002792554416
0.02639523695335535	1.4151251033905088
0.035438379389658846	1.6514556594012122
0.02074332169565801	1.5660624939672387
0.03208391504797327	1.5922129653197383
0.025137363473527963	1.428054537139334
0.03358505091109044	1.4693006286112418
0.029746425584917968	1.5249558219429005
0.03479033888620139	1.6562951764568608
0.0245576353593687	1.6061938221265624
0.03312073816352099	1.6222186916385037
0.03241219035684906	1.5053559176064772
0.02363280679446223	1.6515810477791977
0.022876247618988304	1.6268759743231125
0.025002525485049512	1.684782563809938
0.025452514619606053	1.6488209542198347
0.027294584880834243	1.4285079618433607
0.017739855462739245	1.5532644413078682
0.027866050029856735	1.5674798380564976
0.03598672558448056	1.2604717105597592
0.026771920112327097	1.6128448695985904
0.0249508624866082	1.5535988427640435
0.03212135401335406	1.500747215357912
0.022555091579274742	1.6703680283894944
0.026553230775260235	1.5134617442606058
0.023813115779169593	1.6124963370294556
0.024568414809097976	1.4193337924909843
0.018218455114090086	1.540029897725754
0.0286124028153244	1.5609954818498064
0.029307109319915776	1.6644101070536417
0.03784971792462664	1.1147651007107362
0.02173152823683639	1.3148422131583781
0.031544468765943294	1.3345326628980767
0.021792523833337858	1.6697683676052062
0.02713318914789929	1.5269785901850272
0.02191734039726626	1.561607341842579
0.027558927451858103	1.5309068512169128
0.033052310888803914	1.3507652565649275
0.02977315114704616	1.640814738538662
0.02611843617370529	1.5154645826230195
0.025834572530717373	1.5652033757728419
0.032148246452245156	1.406158850746613
0.02972589330417909	1.6299734870913622
0.02521898956667165	1.6812368235444328
0.02827273727274606	1.5782361391917703
0.019778196839405963	1.6618485714945157
0.02505754177181188	1.6581876677720604
0.025846413435688897	1.6021392102671541
0.02472339453791922	1.6229952725706362
0.03711385520340138	1.1454580396245686
0.02401150994031577	1.4463572910131148
0.02464410427419919	1.6703476049082981
0.03558008292452421	1.670264301351818
0.02661622197684773	1.6173704142818301
0.027888678412131305	1.3508298379489
0.017031243322638626	1.4352733958132868
0.021300652931701216	1.635652210816956
0.02152495437744969	1.622823592957682
0.026538428569934845	1.601928008289383
0.018648722888973276	1.5639888325556353
0.027362174128898756	1.6541713331114005
0.023850757643146446	1.6485973082759344
0.02735582870067823	1.6411387084517655
0.028577513174248354	1.668159959482321
0.024406411139120017	1.5499201181743356
0.026654139176981256	1.5963041736224932
0.019862247365688614	1.6240158359400008
0.03198672371273003	1.4809681579463427
0.028482046435909007	1.3141903452180301
0.02797081085440811	1.4955912103051152
0.02675187154458824	1.4628210551779017
0.026454335966097836	1.5951099697472646
0.02609907908941732	1.3540396503418863
0.029880999513012395	1.614680710114461
0.02838536873354242	1.6538702890217842
0.03532358984992045	1.4413925366239833
0.027114849132207883	1.599803026954421
0.02638209471605475	1.594915439107521
0.024477087714914757	1.6712486773771809
0.028582395152153443	1.5983847311391652
0.02465361331368714	1.679245404256065
0.03122371794124344	1.3614824899983078
0.018760971731522743	1.620407972979403
0.016699917930957493	1.501246753104555
0.02902546345635685	1.4582979852625648
0.032887796026151016	1.3703915436723892
0.027829426055860675	1.501353184288801
0.025158483241297627	1.6879382339276803
0.018249706242260768	1.498781789515234
