0.3852385701987094	0.9823253467923116
0.4861898943853599	0.8314819036620298
0.4977655021319336	0.861463913301634
0.5170774305873359	0.8353813660487281
0.6885230513554389	0.4183124782090478
0.48867185695991344	0.8767022564786557
0.5198921051885129	0.8268969302196245
0.6554995131919591	0.4975411817420384
0.35316698786960227	1.0441286605187319
0.5117501213541538	0.8331674258456323
0.532120905941068	0.7154886000857879
0.337734052931187	1.0007405658413981
0.5716448831548309	0.6855438123384758
0.3794259613850825	1.0489440740079043
0.7218787283661927	0.42227329044203255
0.5092145651483599	0.8336652246657791
0.6512402126285909	0.504199911231505
0.5400294715811205	0.703542382773461
0.5686907940165403	0.7048793531011641
0.480262560536722	0.8689619606516659
0.4913200094050007	0.8746521933685343
0.49216624703853823	0.8405583467149758
0.6430225500371584	0.5698775589984171
0.6420257600311453	0.5305574267781785
0.6461169786654906	0.5301362259377514
0.46090944800119604	0.9016710191105121
0.5938755979840348	0.7025704251985891
0.6522211132368203	0.5814423006773957
0.5509394480351184	0.6495936498966266
0.5595910351685888	0.7170210595076155
0.5069150815871782	0.8517465833865716
0.5232617194751525	0.76668070837933
0.6328311813228592	0.6330600517208627
0.35421326988047896	1.0894511468346337
0.5149365836179312	0.8082508444061574
0.5271652155955253	0.8029432073353427
0.6553192278950756	0.5799403355920005
0.622588898542174	0.555940132348376
0.36508035092702684	1.0902960346516986
0.6056482372391472	0.5431643350722786
0.4027327307720484	1.0009800626964598
0.5090339624958966	0.6973710863601581
0.4047358026938583	1.0021545373006817
0.4989695007325017	0.763121798803613
0.4609820057991344	0.8011340542677505
0.41713593319768094	0.8599540577211375
0.47229644771833046	0.8525702856957891
0.5334273591640492	0.7878646681523366
0.5789803472433767	0.5591185782924284
0.3987921734186005	1.0329952944847607
0.402127260004885	1.0093131027488504
0.6156083972941654	0.5716020583864476
0.5081729003641551	0.8066111411390057
0.597996259459388	0.6328212225680985
0.5196788132602593	0.7127799905040699
0.6529188464661582	0.5561294554790521
0.45625731448575163	0.9243800494808656
0.648994634168757	0.5381241889970314
0.5151161002758703	0.8046207027423598
0.7179802308042877	0.37418189616646524
0.6398467866695234	0.5883371997342088
0.6673693563899764	0.5652569674946107
0.39575133138773727	1.0152152719344762
0.4971199243280263	0.7732041304757848
0.6033375879836865	0.6160486973871213
0.40378312943813865	1.030299013007554
0.5036711264236289	0.7727733215143802
0.675287278415429	0.41045597662251887
0.35419530827701645	1.0264185976924245
0.48028667313620976	0.8200886890109036
0.567897533975203	0.6634859164716926
0.544011853468991	0.7494754969945667
0.5472646674373814	0.734505557808891
0.5243830715722589	0.7244362361749817
0.5552939211793436	0.7504462332430373
0.5638324679049308	0.6758304842852242
0.5203659278333915	0.8272798689107819
0.6416621200590082	0.5837800824132362
0.3381011143383166	1.1045304207598976
0.49407403800463795	0.8589044805485089
0.551126069976634	0.7682398611246287
0.4915864363706164	0.7947897714517786
0.5050153676216773	0.832649977004211
0.4544408548088483	0.9337977784193674
0.42073716272099176	0.7809053902804275
0.5160777365934371	0.7431562856131037
0.561658172365527	0.694666476966286
0.5249598512383855	0.7893182026458221
0.5962521009057933	0.6546401401591931
0.5444736461153411	0.753167100879384
0.6086511291784915	0.6154004236036937
0.5972044615030446	0.6516935445318718
0.6513334653243802	0.5169886777692931
0.7475541158380817	0.30064360328259454
0.5753998665221629	0.6180417106758362
0.499317799000735	0.8336710634253609
0.5078008039475204	0.8480030051490834
0.47788295931824876	0.8491126655139418
0.35260757563494144	0.9154064576021776
0.5580065067048721	0.7433561438241454
0.3576953940061099	0.9414453300371304
0.5467826307148245	0.7185384526550626
0.7014314462114944	0.46246838431040976
0.4943709600646032	0.8564427966367087
0.3610267632662774	0.9225833695045931
0.5602657225021973	0.7568378335420256
0.5387951642303134	0.7519524952315251
0.5348410729097408	0.6968461957505964
0.6632840374422398	0.5464108311267248
0.757401260182633	0.27572970087479265
0.6453098528321437	0.4854854690595856
0.43929338334085294	0.9498986819898347
0.6228696166771013	0.5523374832806968
0.5348976263894459	0.7535213241224441
0.4163249731032039	0.9886823308122225
0.5730075952491813	0.7288206097302736
0.5137245815002439	0.7279175435780875
0.5520586244998874	0.719210786364511
0.7277412403069687	0.3297067481130981
0.5743769715431399	0.7316504380464873
0.4389946534058655	0.9584143570539136
0.3464705182202762	1.0865069057647894
0.45285749462024216	0.9447711824758418
0.5311836305345876	0.7068311156592734
0.6166702747494635	0.540173874627402
0.5855864385631306	0.6414130334934728
0.7772550289580781	0.24153251206945425
0.6345861125064608	0.6173137906012137
0.3892245544395888	0.9752108650547644
0.614019602472818	0.5460633745238236
0.6459834639693576	0.5317214691027742
0.49131418848300035	0.7824403756073388
0.7230702832685039	0.3724996803081035
0.566912176892682	0.6240742315304975
0.5688814985918402	0.6207904437969524
0.5741870572678932	0.5866521761919439
0.5629382276627571	0.6636207586270506
0.5590482474812586	0.6051719580122982
0.5519320961957299	0.7151629876365113
0.584180326528512	0.6224951319420094
0.5149476163978788	0.8111629252924459
0.4680856847484041	0.7623803599134253
0.42310294807630283	0.8904608439038351
0.5839052655627999	0.5795899813826527
0.6298435229532396	0.5826607280073403
0.33453521120664653	1.021584586483709
0.5123658712043987	0.7543095008864396
0.7215111152727669	0.33149700018514106
0.5723296179866862	0.7130960397809878
0.594531922703802	0.6804766621433731
0.44553876253485186	0.9091347663752347
0.412101977273935	1.0021774677270812
0.5758901150151333	0.6951890049999235
0.5169794801178637	0.831937232376435
0.5103746043262651	0.8086702504759786
0.48190380209139694	0.8780381798955863
0.7310081683369625	0.32817895522749196
0.477301715078199	0.8819209553762464
0.5015733043996797	0.8606077550438542
0.5292771872230906	0.7833347946249947
0.5045229426100374	0.7364896736552632
0.33550925280773475	0.9659212963573631
0.3773507962074526	1.0446504802123062
0.5027800148552252	0.76523506569586
0.5039914677647301	0.8568334320768356
0.5195676492253717	0.757690774627681
0.5720134632693813	0.7282222379738967
0.5185327548669526	0.7136399336683978
0.3356044281683369	0.9341537319077517
0.5752090996628756	0.6717036005958915
0.49641423478682173	0.8589446520816773
0.559239936892045	0.7319177932456825
0.3296586134999793	0.8663768403823369
0.6253328665117672	0.4977786133071676
0.5016421680410184	0.8479631747202314
0.49446097059327415	0.8457973275535815
0.7636064185064302	0.27316371945640144
0.4445791281428534	0.8417559106841519
0.554002438476381	0.7557863480790818
0.6431144213464898	0.5515046820995422
0.5144293296630964	0.7626850943182266
0.6214212392259533	0.6108233725015559
0.5111835497950686	0.8342125786744292
0.5418096531791766	0.7394493490017645
0.54422896614523	0.7456625586398904
0.5435804765138018	0.7630267993468769
0.5409857312742552	0.669425363527234
0.5282787570240962	0.7692949649565259
0.5657111312302339	0.6603819534330138
0.6059141916137174	0.6275528248332305
0.5300531888496917	0.8037607619046838
0.5155449682688397	0.7707615335988998
0.37132453787340225	0.7816740638823286
0.5179067414264862	0.7347167109144268
0.5407120124644781	0.7641037241555313
0.5349305073336681	0.8040821887297895
0.56738128863967	0.5857146822808926
0.6255698158755115	0.5937502299217439
0.5668147816775848	0.6868678591876398
0.5046062321490375	0.8422945542579527
0.563836596525431	0.7409441139854132
0.5178505406468884	0.8104777196969913
0.5607084814018225	0.720688549318571
0.5546603498869871	0.698276585026637
0.419313604523376	0.8913025336807479
0.46910584153394597	0.7992829425099771
0.5458500676847575	0.6598609162085564
0.5509024716778623	0.7589829964277888
0.61423311787434	0.6272643009348525
0.6432277672464488	0.536220528467342
0.5903525152926248	0.6180730849599899
0.4761587412522532	0.8686401084363511
0.5389780515980024	0.7469984158181104
0.6405914450539655	0.5029625962964703
0.6372314687305445	0.5401075674566859
0.5541968447237114	0.6982775596717338
0.5571571834614575	0.7409310760014511
0.7589750463311872	0.3476468893929067
0.5609675195990504	0.6057865831854404
0.4144676890215062	0.8670893861515623
0.5125548449215969	0.8148503477495608
0.5333636082967812	0.7041032765485623
0.4803945502516486	0.8996257036517401
0.43229335763561794	0.9784867723268975
0.4995702001466231	0.7820096905536328
0.3850549047417772	0.9366641103346973
0.6082918278866247	0.6395514395045606
0.5262380613057887	0.6902316685559597
0.6162713450846242	0.5171823271535558
0.675946899726637	0.43702716002532355
0.5881187944500051	0.550281742530779
0.6036546287660207	0.6367788410440662
0.6188330427794528	0.49195859823109833
0.43247688371362686	0.9487281615928195
0.6454483928542059	0.5643501209006723
0.563069435094922	0.5952010870287776
0.5143872360788324	0.7632982897979202
0.45562354555142354	0.865062291914976
0.40849241068919895	0.9772767045962459
0.6610933325921126	0.4390550070079655
0.5537130885008503	0.7452984472814055
0.5132763542767136	0.8270449366722339
0.5253156503953976	0.7973108962953181
0.6297577471470983	0.5309833464537418
0.4738660651262127	0.8777401511966996
0.5813444825971193	0.6699634225143395
0.6503130528835107	0.53645872782432
0.4979863525979222	0.8542536423593917
0.5189717076664287	0.7636149282340773
0.6647155696203473	0.5598103722224477
0.5516461327008555	0.7385334014596636
0.4613971299146416	0.842268844154507
0.42486310563337676	0.9676743288970132
0.6202741455109644	0.5881267549177749
0.5391733534288294	0.6972505612396944
0.5484636835450789	0.7055725747083431
0.5923623738400178	0.6510197689655837
0.5841031443021897	0.5724808290493172
0.6990714647569186	0.3909963290415052
0.43516910156342736	0.7918430885579544
0.5207565459013664	0.8160902707426152
0.657023256894864	0.5649755565256525
0.5622649327361006	0.6566960258956835
0.5272461375357383	0.7087897941636534
0.43180720123861793	0.9657080387236594
0.4796928640544034	0.8668144555384685
0.3763300750418854	1.0419939388955477
0.6407864108843223	0.5313854071166114
0.6439182085785845	0.544961328536872
0.6011531850418086	0.6655673649512044
0.6531028581966922	0.575663402868882
0.42609659597603033	0.9596144085615654
0.4701545111838453	0.9056186010426962
0.6756516727067817	0.41808295670015383
0.5350778612527953	0.7923959067046671
0.41234398256316823	1.012959272185956
0.5052028549584113	0.8544780797759555
0.629496756992963	0.6177471729439317
0.5106257415342903	0.7367747722416864
0.4759877506788565	0.8244249255532653
0.6325368537936585	0.5236903433596239
0.6648532826571594	0.5445464526997004
0.45368641411169985	0.9411882313322865
0.49792650747542955	0.8275860245772346
0.7244375114328516	0.33742322835241945
0.5302598008658789	0.7878837904249154
0.6458694352869591	0.5128194928187418
0.40058612120722403	0.9815578077025578
0.6661776619867951	0.4183642861638808
0.5889518286870477	0.7029635949502866
0.5292201294212604	0.8020836015374048
0.6295372530907793	0.572672938842457
0.6430777684931774	0.5677338996900974
0.6733668948638327	0.4044584043974905
0.498912949402973	0.8471044167534705
0.5179830470158064	0.7676963242592979
0.6633090207238261	0.48722842880203276
0.6427895667110639	0.5266357769804194
0.5573070555055676	0.6351969115058718
0.4647207084527985	0.8663816702357539
0.4990837631486692	0.8165195876480635
0.5711640307935456	0.5649659927107176
0.5050458721825942	0.8170923894659703
0.5482631098587549	0.7110187114927086
0.5697184185631895	0.6445809103954614
0.6246687485786501	0.5259761242225719
0.6799500648732258	0.3943055992124298
0.682221529027612	0.4833383394722066
0.5557469040805131	0.7567758511309463
0.502004138728985	0.8604058506394656
0.5847230767235879	0.7141908743812733
0.629547843448652	0.5822123759693516
0.5196336455937661	0.7661229816016308
0.5814526925273499	0.7234730851251866
0.49663355053198605	0.8694071655483151
0.4983102052948063	0.8532037560377177
0.47202141749349474	0.906224110078858
0.5971059346802647	0.6580285559543149
0.45622457836830016	0.9337215510844955
0.6278716575070578	0.6382738372899036
0.4684681229436445	0.9071245858133052
0.5346097224026093	0.7162914365582107
0.5829121561164406	0.6111854447310836
0.420992279452937	0.9903435586191561
0.5836845033838696	0.7013754349882373
0.5341121452836071	0.7977244113143271
0.5251384658510291	0.8005382844964686
0.5201762940132117	0.822945277080868
0.47205178914117946	0.8128671184510978
0.6735700165417267	0.49997175224542517
0.7353848420947507	0.35586161445576714
0.5013346882486887	0.8542980688593689
0.4465078925226049	0.9512108532172061
0.43926517333314774	0.9706664768228711
0.4404009752110124	0.9480799447301392
0.5272352519351554	0.7635806291839908
0.555309521608484	0.7142436220161228
0.5422212483745159	0.6962298989253536
0.6928522451906437	0.4042902534429516
0.34226205692040995	1.0347349331953448
0.6320286949760033	0.5262388013502455
0.5112365093140215	0.7111802288725986
0.55423383202609	0.6595470249448143
0.5028566775303449	0.8172105685837181
0.5319508503892036	0.7635134712742092
0.5632371697253794	0.6609781002613792
0.5109183760284187	0.8159807464852711
0.6140161082866269	0.5875807817754668
0.5314537828563343	0.7514892385172138
0.5413037046192203	0.6803855296227794
0.5442768955430571	0.7680320020910676
0.5484100354296033	0.6335732813356658
0.5623152395221673	0.7313068073258426
0.49570682025160834	0.8728858768276182
0.5082794535903936	0.8292253169424348
0.5167173080503155	0.8297472401041038
0.5742720291667281	0.6386162811542786
0.372975029858858	1.0566751568795503
0.4922743250221694	0.7937162035411593
0.5165651082311377	0.8084584610761484
0.4933291146237416	0.7825013171667929
0.5939547595558495	0.5989238859151724
0.4298990338480714	0.973021664984979
0.6720946737205811	0.557468517935014
0.6000009822378545	0.6347811017187052
0.5134925980348997	0.8322846948075914
0.4149769826283988	0.9912690958630279
0.6449033164582056	0.44918115684212984
0.5290831897782835	0.7711604480866578
0.5064356140550834	0.8334350814197524
0.6437082869732561	0.4882443919309609
0.38768583131414935	0.9962976259934011
0.7505568472222505	0.38252458527498534
0.5828129702212838	0.6469545018211404
0.6887245938842739	0.5258364539416893
0.3869243752821685	0.9500908902523076
0.5781358021043127	0.6477694669531562
0.4945544036685956	0.8503420819022045
0.5830169809628318	0.7065426252976572
0.6325476551570705	0.451450328621391
0.5911465944787136	0.7012555745271931
0.483380679965416	0.8273722944662744
0.5604659997115168	0.7333021880499528
0.6393194390293097	0.5512718052258051
0.3447621222608489	0.9944118029895903
0.523195565474063	0.8184408415638648
0.6562611000194939	0.4032526930978671
0.3910824645915907	0.9682987833133847
0.5026228358548275	0.811977131241786
0.3986680281331131	1.0271520745502811
0.6654113108005902	0.5556781053171178
0.461212761145688	0.9120815518077383
0.5585625544239982	0.659686165407511
0.5972567842732582	0.5906271121753117
0.6496928210646241	0.5833232625713424
0.457543280077123	0.752026642937567
0.5468977539989	0.783468685460458
0.655099610765284	0.5111375166695823
0.5664426182291334	0.7235666845790096
0.44842359767508766	0.849362938126585
0.7023758750697602	0.37569669145327456
0.48794389545921557	0.8517467182277922
0.548012891311657	0.7039438713154863
0.4837699897746679	0.8453642533168518
0.6249418099216081	0.6317297058272653
0.5103419350601022	0.7903654691998281
0.7579481764385619	0.28307503851803034
0.6068718277298514	0.6643416243736756
0.490545939711307	0.7892110902548334
0.5161114128480428	0.7672816589616
0.598387573002394	0.6272209087845618
0.5412786798813106	0.7656305819749145
0.5410391560865155	0.7931649259452634
0.5352817844546727	0.7469956400207085
0.5159542943364912	0.7171714623812155
0.6152656863949061	0.5172374627534428
0.5329805381666611	0.8011185757113676
0.6061898066147612	0.6677609872043143
0.4091207620995268	0.9273717726492112
0.4883929229078628	0.8753230905390056
0.3543435530090079	0.9142541001536397
0.5780683204208762	0.5730675411809902
0.3151810914003428	0.913872256801874
0.665497459303591	0.5118983290729636
0.4737055884947862	0.9020690441974759
0.4998469859767185	0.746329328731024
0.5635061381534056	0.6291942521313998
0.7183289325240917	0.3651304366180366
0.5409773623373055	0.7611552842354096
0.650647373875008	0.5428046171141236
0.4846391346257737	0.8745331749026258
0.6288723643838489	0.6171087528116742
0.5669613365988396	0.6741968953685705
0.4758847168070277	0.8820181583330595
0.35435321260061703	0.9399030604728587
0.6640672786727251	0.4681796250036517
0.5127485605809515	0.7776697753312691
0.4084793088392923	0.8701351207921875
0.6025913501742733	0.6227563403641347
0.6652067846529388	0.47222337995355057
0.5262612719179339	0.8125458239501999
0.6779907514100818	0.5462989720238769
0.463115112250749	0.9182851270694596
0.42600684250449045	0.7560294051324874
0.5842443101358162	0.6936003941122457
0.3617790907967117	1.0485797230884537
0.5341978770735352	0.7561145662674615
0.6633591950081481	0.5212247939070969
0.41683354399464434	0.9925270708473287
0.6779945140295851	0.5063149453556705
0.6083489979924764	0.6569835826710683
0.5096626356821184	0.8125372151745273
0.4373384657887322	0.9701917715749321
0.512838439136338	0.7398103490991632
0.49142131820285284	0.7860104074828853
0.4754152466386795	0.8302948920545835
0.48269714443983636	0.8883423168611605
0.46670969766976134	0.8384921002069896
0.45666122899958866	0.9236656973642459
0.5450227153638799	0.7329952469074856
0.5386731504257727	0.7879325982857328
0.4626459608333967	0.9102611121843238
0.412542922476601	0.855041421675515
0.42737845380443823	0.9897615060646272
0.5195850733291394	0.8188324461394487
0.5682939915487402	0.70742871352962
0.5147307439032546	0.8251364777491292
0.49481088070886015	0.8692406226113745
0.6432641463771398	0.5667033676752051
0.5064505438081349	0.753295448037037
0.6454312423515499	0.5668344958336216
0.6390309637040291	0.5125879113129639
0.619285809475407	0.5022251241179148
0.34065766196752595	0.8985327577734933
0.5497291107861918	0.6404196246265155
0.5081345280101444	0.7703074393041723
0.5593493246528636	0.7185171536558714
0.38987390702341074	0.9648983496359046
0.5247727920246287	0.7831851482505184
0.5089506095186878	0.8503131993037549
0.5358770870893456	0.6801529507681634
0.5766358968192072	0.6666040523103748
0.5049077600289997	0.8316417736668931
0.4693992150245118	0.8866874184412068
0.573315095402201	0.6665054432612286
0.6194734850261487	0.6377487131417039
0.6007553669369409	0.6705223996025129
0.5344354080555093	0.8043437030832958
0.5958265299871021	0.6016983345395007
0.6251270969482142	0.624463094116735
0.5233605977045274	0.8091605043037153
0.5499134879813813	0.7746445562567768
0.5335501176093533	0.801896124693469
0.4849379674492324	0.8549071334915734
0.4149855740020781	0.9639583698483825
0.5566143362092807	0.7487113781752986
0.6468916854924617	0.5738395098956277
0.5943258347988345	0.6206344917793871
0.5079498086363609	0.8306116291328983
0.3729928830895445	1.0319623460821155
0.39090414476350444	0.8790807493779026
0.5423220267123618	0.7859186093667678
0.44369420624207023	0.9505988598338727
0.57361949919813	0.6846587557118332
0.5766117370996071	0.703347956048548
0.5422493569330821	0.7312695270140597
0.5772783418376236	0.5872181338322409
0.6751397102060448	0.4118434852280757
0.5036936891110472	0.7229813421538072
0.49868816534214333	0.8209061357818757
0.4960833468622878	0.844129613250151
0.5108143713808552	0.8257085818243803
0.5772704606938592	0.7164969183053891
0.4672991094595242	0.9049430787478852
0.4591644269818426	0.9224006252982777
0.6791579688692009	0.4278930822594422
0.47717422826561945	0.8737912834914237
0.3358896516126767	0.8834660254667167
0.49492872095728585	0.8533301355881083
0.5216416952165691	0.746998573812352
0.5271469615775893	0.8072621025872598
0.49634167657062295	0.809951006887677
0.6256988058184184	0.6192000289838497
0.605936191928711	0.5123956416255859
0.7035106326083825	0.3681865480337203
0.32683458112996044	0.9257751067419608
0.48871924838051267	0.8519902686300904
0.6588636757630759	0.439266696947713
0.5854681671860804	0.6255699071231765
0.5666085890948477	0.7324721855669871
0.5701906427616477	0.6986821279021348
0.5254959649680127	0.777168031449724
0.5413204875864442	0.741469277293812
0.4871951335952116	0.8727574701857813
0.7004257099710168	0.3968271742814729
0.5374718886384141	0.8004437470997013
0.4413274234443295	0.9539513799619135
0.6468051803643579	0.569464862565638
0.3483392383608713	1.0757526723453572
0.41402905984221455	0.9963831746354054
0.6437803828965445	0.519526035819609
0.48552586874541354	0.8662896177277232
0.6693161376231275	0.44748489101010863
0.6680187024800517	0.5726751654248396
0.35278498608341485	0.9425968939595745
0.717685793157583	0.42645298986199753
0.673724671372401	0.440240340607815
0.6471478099027697	0.5388086599344146
0.6442382926393784	0.612049981562685
0.3456338771337797	1.0448176227899983
0.39476847880991567	0.7845949215449265
0.6249791042342185	0.6204102402915334
0.5015224861456943	0.8374426601960214
0.46069145629899216	0.9211082694098284
0.5190077933206255	0.7401809969031059
0.5252082253518734	0.7359732617639372
0.6695018321621308	0.4680216087197311
0.3998187390148117	1.021287112484103
0.5818495887406316	0.705253263859368
0.5823824758070048	0.7089030208696478
0.5681234866126845	0.6086666627340954
0.5589365720229911	0.5913053868908547
0.6141578068275677	0.6178939433020438
0.5713065409938425	0.6637798561149271
0.5293611356380804	0.661262863645072
0.7573884527988689	0.28446078460607394
0.5574478909113951	0.7485755923269815
0.4743185139031646	0.8459464930309896
0.5366914225120666	0.7714057270223119
0.5319580475098054	0.8027263761036232
0.7039502364296403	0.5043749324807636
0.5717154847810533	0.7307577325973098
0.5146942162739028	0.7977492362407792
0.5887511494053917	0.6482168061278175
0.6059462575625566	0.5548261765057521
0.6459220815323009	0.5559590309841498
0.6428431096405164	0.5453193514337481
0.319451438768327	1.0257287426803399
0.6314872925717181	0.49774929927187606
0.5466410747464832	0.7812830282960872
0.46759453436428894	0.9145820426336477
0.5028148362077589	0.8501434694723629
0.5781467547096591	0.6195001744853263
0.6179878309886321	0.4905386998629052
0.494902929031903	0.813954755429884
0.5843432579415477	0.6221551306566249
0.502943408691019	0.8525296332756468
0.5598009308504912	0.6685013524733681
0.4970520867421943	0.8554956121066439
0.6706925466795066	0.526289089099419
0.6458935169798201	0.5309881574437351
0.3381604825155774	0.8897804891400268
0.6125608786173857	0.5528812602417325
0.6847388677084612	0.5385558582749153
0.5832670851110526	0.7175475458895186
0.5337498920753977	0.7183709068852133
0.7044199717491372	0.3864860274897485
0.47854846150120545	0.8846016353958814
0.6166630011169917	0.5110686163329514
0.518312045041877	0.8089959573167206
0.5395484828333658	0.6467469145392508
0.5601231035921337	0.7019794442262153
0.3107406013501885	0.887151682349087
0.46077196172033275	0.9319333342921897
0.4654226978810943	0.9092760024884575
0.5073244987677784	0.8206511027234418
0.5336875861600987	0.7469449433141798
0.5129888488923243	0.7034855173705625
0.6436806797510112	0.5555454504831037
0.6242211337273504	0.6273884760068262
0.7325988277141727	0.2980322096953133
0.614126955042206	0.6163066986424556
0.604849285666302	0.5946904390902469
0.6363878870917536	0.5536896914930125
0.38519616071709034	1.0604480575945252
0.43226975198229256	0.968228266407807
0.4783478601449967	0.8899087751413897
0.5838406470191595	0.6685045722025464
0.5158413191048884	0.7625619957739693
0.5409107259348983	0.7815819518070873
0.4531654004582406	0.8847551762523684
0.5006033187063245	0.7997665207034504
0.5149888089447393	0.7636511923689796
0.47230574281093846	0.8537603489053087
0.5688753140680458	0.7348372369125094
0.6813717076663848	0.4287386014617204
0.5379275940699996	0.783238655402428
0.6083523729119467	0.6081690966821467
0.38866247478851323	0.9379561220262302
0.5249238867686215	0.7272919673915041
0.3563155955985171	0.9871101931251172
0.48659303987689184	0.8607525333157581
0.648987642347162	0.5366948640886586
0.37541738673129305	0.919618398064683
0.473250060527719	0.7976374917798656
0.7868777886131084	0.24545785335943993
0.5116149831978622	0.7331622423303655
0.6184869740885796	0.5906390760910377
0.5388803519085174	0.7422799813637259
0.6288001473390781	0.5946518882902652
0.5164459169563018	0.7409957539484533
0.5018620090474405	0.7970281900722922
0.5108883620305262	0.8432132940081791
0.48217115427504065	0.8491501136563792
0.4977000491602037	0.8165238673936175
0.4775827558783171	0.8703261953115841
0.6468352890473099	0.5737016424936118
0.51102438088918	0.8324903371705996
0.5154786455937576	0.7426541394125776
0.4956719672698877	0.7973467041657321
0.40311418476918615	1.024320394450136
0.5458390922565736	0.76285977897056
0.6468410736025304	0.5447151713914715
0.4708413037322371	0.8713315173037561
0.5672461293941318	0.7372912766719253
0.509856759571893	0.8461968051626914
0.455129254700815	0.80744587949435
0.486175432993535	0.8148898642205339
0.4799631118051731	0.8413430146054082
0.6952061873316449	0.5226157680370707
0.722678955991663	0.4028317825508426
0.47849058207070516	0.8989673504740773
0.6687852887234715	0.44479028327736225
0.635453599270165	0.5394674564149676
0.5680973247730953	0.625661646151398
0.41916685681094107	1.004906687413348
0.4818309848017216	0.8818867435833444
0.4525800633984175	0.9389009601830695
0.564307055547645	0.711821685255692
0.6380678959618361	0.4799201715894839
0.49262313636324084	0.8496994419805539
0.570833011489266	0.6126033649646054
0.458437053222632	0.8984594995600528
0.3295482114752877	0.9488694882446029
0.3851577465425514	1.0496555613256944
0.6981525211631286	0.4756198655172828
0.7016062886129589	0.377982370436176
0.36700275660525045	1.0500974706363078
0.4012539424565384	0.9376163236108439
0.6105037855071048	0.6387737405792426
0.5313560493586181	0.7686973412040012
0.44275032989057095	0.8269139489245905
0.5033853643988254	0.850771103085916
0.41402148753601153	1.0006122165779434
0.6751332297465539	0.5048452207330811
0.4825714876154681	0.8627045061156757
0.5343255948183813	0.6967583117616131
0.4979201418085015	0.8503960722775923
0.5309693031983189	0.7450173937184702
0.5426208863081682	0.7302843077622538
0.523459479803927	0.7451889058632665
0.49937981379949864	0.7394416270966974
0.5016555578079888	0.8543382353765162
0.6636381062772174	0.4666738612794926
0.6105809385421267	0.5197449430202059
0.49193676748592136	0.8246812212842092
0.3599412578839724	1.0228439702904044
0.5411415780888587	0.7074047436633167
0.6662680867284048	0.4535347849439736
0.5024718069560674	0.7589495130110446
0.39370549921517994	0.9286426468738133
0.5174646216977107	0.8113223216766755
0.4736876149771074	0.8533897734847521
0.4406043224501117	0.9566679135234573
0.6017559363585262	0.6513376259250315
0.49337905284294215	0.7876312324893087
0.3200461195042905	0.9098438536050705
0.6422276203378375	0.5657647072048106
0.521638571610163	0.8192445834005326
0.4869626119661797	0.8843363864521429
0.6469362876775245	0.5726822025030053
0.5863488975098695	0.5691918162880429
0.5728843880610092	0.6583448873058849
0.33910106963032155	1.0308042939471964
0.5235562257730004	0.7422772986884627
0.409326840432726	0.8928483108395218
0.5892847074186591	0.6143849636543507
0.5104453151990813	0.7763202759748007
0.6434971267145457	0.5426381858211682
0.6914283998363592	0.44906319952539864
0.5808027753710467	0.5987728189758567
0.5261622403075222	0.7952436971786784
0.6448435500799655	0.5920181056023865
0.6473489534250851	0.5602906609189969
0.5625828886465043	0.7463068564989139
0.5438641627778907	0.7677007197777503
0.5511035269033193	0.7620097432434091
0.6512830198193358	0.5672640133485061
0.6142970021728101	0.616583652699648
0.5758341300814414	0.6644155735701449
0.36098201516478456	0.9140697011767648
0.5586120015581517	0.7372539810739583
0.5436966787440125	0.6628723547211732
0.3947827857757283	0.9786467249184057
0.4486522660599213	0.93988350479
0.6515468805490785	0.5078648775910398
0.530637997374077	0.7572160262531678
0.4629566944260547	0.9094067262196601
0.4607300329542195	0.9308706866319918
0.4711159756766309	0.8878178725402537
0.5598424951955495	0.74961363276796
0.5035281660358228	0.786775847567114
0.5008987568105118	0.8293180625696133
0.345387784495051	1.014378183735131
0.42523106913844294	0.8889889941449598
0.3472672791583419	1.0032993897418363
0.5365689192211118	0.7859521357802397
0.5472943341716751	0.6762400062754176
0.6285176912447723	0.5458315774708966
0.5230686096173799	0.783513030536835
0.6948946560506297	0.4093462169270553
0.5390061618709633	0.6679147448654285
0.5128794562684511	0.8325699054013171
0.5018845592580489	0.8494879517319482
0.5695379811554365	0.7288773481916793
0.7369500285809686	0.33799635402567396
0.5279259770980256	0.7206547480938097
0.4191535361353207	0.9682432555098128
0.6462660921434059	0.5419513827650371
0.5867108193476379	0.5718796062339099
0.5640995906779163	0.7286341885673435
0.7254186659898628	0.36908654192269325
0.5061394125448697	0.8376335612982977
0.34773574678875574	1.0587927328680427
0.5916725756333606	0.6666595182679964
0.5234269749568179	0.734075270573884
0.5373752031703111	0.7333147773100954
0.35577458463966827	0.9763847459830097
0.442484008226177	0.9618909898503141
0.6444061506433376	0.46295905420757166
0.5328344905914412	0.7611001358141933
0.5072738247692082	0.8462675039077138
0.6970272852897066	0.4303091319988296
0.5036670466991962	0.7991042018542946
0.5964701140926354	0.6548231617920637
0.44775271745451395	0.9055487010304578
0.4936741263210125	0.8368643324962204
0.7265222210193436	0.36551578720757183
0.5628316197289512	0.6925538841139193
0.5887884925150292	0.5971081177684918
0.4990951703028003	0.8664267373029944
0.6520734277754306	0.5917804867212266
0.5154250346160649	0.7166341937227161
0.3404861378441789	0.9508549679233689
0.37203583041521016	0.8235126813000734
0.3942851955954835	1.0263830361566888
0.5166417042692103	0.8008680070195056
0.5731663979117219	0.7099822209922078
0.5335728517741385	0.7746870508908792
0.3648515747377914	1.058703892192898
0.5466217932986893	0.6949473106104755
0.7516246544334019	0.30715167726058673
0.5446938355800192	0.7373340215938307
0.6532520581790101	0.4349535617209469
0.6138821273897953	0.6274558327082718
0.3844345454301126	0.9349589070098981
0.5192471781815574	0.7502129959710777
0.5372562044603989	0.761096354209772
0.49443737282894734	0.8162031411994987
0.3726585173429441	1.0460309724253283
0.5936668736446737	0.6411546247999994
0.6908000187396959	0.4678477288604716
0.5224795921193272	0.8263452474725299
0.7680828651216024	0.34317980487539024
0.5530065740013924	0.7331072423266992
0.6395359960037404	0.5668627463706276
0.6053529379691112	0.6740531470687151
0.6818346781047744	0.5404040448874314
0.4944457205312032	0.8629628937838622
0.5561131444350366	0.6372968273993752
0.5212443093238373	0.8136366355358122
0.470517043392301	0.8950607183298892
0.4785315531842308	0.9020178841376643
0.42727019073696226	0.9680995728530377
0.5933366990705544	0.6631037343982642
0.4581748734280379	0.9330792838778456
0.6106126922783294	0.6131853179143993
0.38808084019315564	0.9885776926200279
0.6519435645682069	0.5681641268887161
0.4747308326424837	0.86087417288172
0.566549493546457	0.687294352670567
0.4351122252744926	0.9728442104751701
0.6348682185698551	0.5238799369744376
0.5303998689739944	0.7053528177596541
0.6197479692562436	0.6311730354080852
0.3784610013966225	0.9968988175055589
0.5320533881334655	0.7481399154101045
0.35891558828302333	1.028541933344253
0.45110831486252906	0.9191623932870756
0.6534813854921592	0.5434691738654054
0.6602854118734183	0.5614083315591152
0.4885561378494962	0.8752070219697468
0.5290041353612522	0.8154325348105498
0.5246266239362516	0.798052423153022
0.500753622480247	0.8546871252759922
0.5898212231391792	0.6466369691988778
0.6110710072752441	0.65986095836625
0.5963395710587421	0.6783753040106901
0.685624206267415	0.46921821686306947
0.4121807973090547	0.9310032640305989
0.5800055007666176	0.6056718064996417
0.5488917101857359	0.7048281536264456
0.5191648222834656	0.8194973207565176
0.6591149847048284	0.43384863531451306
0.5432360503870214	0.7897085449312793
0.5134665557283424	0.7806059721511102
0.597067814206096	0.5791253287885896
0.5711503405636361	0.6805987794983154
0.6548836197270188	0.5057300494834202
0.43274433751611535	0.9597704789161616
0.478062590484617	0.8784152593052033
0.5321500705942949	0.8049743952063684
0.47409013237636766	0.8510518935146619
0.6482950892006645	0.5474983136211657
0.5004690706993516	0.8554851289270229
0.594620833844662	0.6846187655992739
0.5584513464100425	0.7268408548016881
0.43220523720661125	0.9163730694872269
0.5384611045377398	0.7678119523026604
0.5162016302874771	0.8297540200761941
0.5571597365840586	0.7517247409071276
0.3388209653590204	1.0253658936433259
0.7182937577227674	0.43843951737818343
0.4634087255399918	0.8185308350514591
0.4687331618955777	0.9146434604740414
0.5378508450129664	0.7982270014071311
0.5008394261736387	0.8241444202095953
0.4621143867264779	0.9006060794981435
0.5436290921412008	0.7531696392026144
0.6693010216066644	0.5591746368294657
0.6380708526414419	0.5009917429181162
0.5691440872196988	0.6960288036840581
0.39332673339010255	0.9816228620654648
0.4439588597031954	0.9547046680720905
0.5310726815003196	0.7655013918042657
0.49670723946782597	0.8581626037627477
0.5814257109120226	0.7146749914015849
0.7219529890364585	0.34196159575229546
0.5174941886592537	0.7449304680805284
0.5460103497935307	0.763576524870305
0.46045606107039677	0.923982389198539
0.5465433621063931	0.7616504771687275
0.42488118392519286	0.9734981727838732
0.5428500417245596	0.7365778051358339
0.4420593244467336	0.9387966679655784
0.6780919833255241	0.5483223939710533
0.5037201180836519	0.7977538533670058
0.6701903819011439	0.45041684346278354
0.4858170073061508	0.7508147251172099
0.5905593930213103	0.5900112923989316
0.4082961021495171	0.9661762351778378
0.5803855356557658	0.5968037835230393
0.5942720277314132	0.6508371089909292
0.530649923442824	0.8092053111786632
0.5359521175698525	0.7398805420311416
0.5451998481061687	0.7260079842235645
0.648181517860804	0.5240431002252293
0.7222244669722789	0.3463189545989357
0.7632762922305659	0.2729050454959254
0.5744105823373032	0.6652025408980202
0.516031259969398	0.7921845618501226
0.5470112913149471	0.7630719721914843
0.5424464713884503	0.6822394549211646
0.49512177487400755	0.8653859180563847
0.626047578677548	0.5782336129214233
0.670713621682787	0.4644784407379714
0.6497538319945705	0.5712694126763759
0.4950235876904532	0.8511119964838254
0.6813295380169796	0.38322456619441625
0.6085283789262232	0.5463126524710872
0.6381941710177165	0.618006232921726
0.5869505793279985	0.5656287331424606
0.4727137111805349	0.9074047782669048
0.7235461361939972	0.40123518836890626
0.48780055816213447	0.8339568277265579
0.5025029705825106	0.8066186830033891
0.4932396262908774	0.7886631304111316
0.5100927160429348	0.7587763095697087
0.49795922120516994	0.8590710350888667
0.5087884537733188	0.8472062187135112
0.494373541667153	0.8667849675843555
0.5496167051656677	0.6673688699048055
0.4592980352770571	0.917441317420824
0.5595375070019034	0.707981049884459
0.5599899725626772	0.732433178121675
0.5031892318312161	0.8332002589654837
0.49018212245097953	0.8803198430110569
0.5045613055624967	0.7817802733982849
0.4784130943752583	0.8823802203905489
0.6780917114975737	0.4039321497954897
0.5071300760724808	0.8411918715336075
0.6031833824389513	0.599923354251009
0.6360606473665092	0.5976142882944222
0.6432742793780046	0.5654499264809227
0.6530784537280557	0.4826296240492273
0.7269004643788327	0.3436716604054822
0.4600225122184027	0.9037981924544305
0.7080127723520364	0.4998363122215105
0.3616392458756707	1.0669366576528414
0.7071831794659277	0.4369736018416087
0.5314019534067024	0.7633788977461262
0.5011459245724611	0.8071011527088824
0.5080625018592155	0.812038919342245
0.5461417843416599	0.7583020600362662
0.7117675509710706	0.4199162073666094
0.5394132769714085	0.7731946653928898
0.5651858215417863	0.7278081142430908
0.7457400245200372	0.28992929578330195
0.5510435978535999	0.724833847847933
0.4697574307220709	0.876673930480756
0.548708309210589	0.7693998234927095
0.508878701819323	0.8061919507186206
0.49171639921989607	0.8785530010644402
0.5368847897396712	0.7607711361630969
0.656351191404185	0.47780783416220773
0.6742404879169036	0.5532457544264653
0.49060143123456906	0.8012474629561501
0.5451542871737116	0.7383948308860722
0.6113232332638512	0.5973422826673713
0.42606823034974833	0.963626208281072
0.503255199437034	0.8228380358023875
0.6969653233133063	0.5179727972055483
0.48004809086984274	0.8781985409337423
0.5087590864852105	0.7583786327703773
0.5182912722332725	0.7030048540540528
0.6950793648333911	0.3764377696995232
0.5564387011776782	0.7411874807265025
0.5525404976369115	0.7551088500268115
0.6429523622565362	0.5938711348315607
0.6713722342568864	0.43276021739370724
0.6343118702093938	0.6330210433101874
0.49360357726771315	0.8441013921454426
0.5894910387470212	0.5610396861842963
0.46535351124631036	0.7952837819763916
0.6991938822757816	0.37436783698866255
0.5502756295140576	0.7176981750302653
0.3399710454839621	1.0882622372993045
0.7277856932180287	0.39165361518808073
0.5091783122511041	0.839997967525073
0.6252860717864899	0.6242794584515348
0.6871127806670585	0.4173325810952119
0.6498059973079957	0.550143627592965
0.5488869974208243	0.7512272475957955
0.5544538422608243	0.7158756721655993
0.556926760977767	0.7055807015179285
0.5187922926223502	0.7135575353084135
0.650998800039136	0.5452133000077115
0.5072688383579398	0.735374349637707
0.6281945520604458	0.5913532778503497
0.42938069967088005	0.9830551108929185
0.6273293843551772	0.5235537249865123
0.598986987694592	0.6030697079862818
0.46773946963907637	0.8556381072414827
0.46892689302329416	0.9150851081904758
0.7109704685502021	0.4096711982712406
0.5364469825517028	0.7831497140086086
0.5057128065589908	0.8320878540459427
0.6494621956809337	0.5483311251756503
0.5673204316170438	0.7224260006591261
0.6915117613864019	0.5009277486061965
0.5215999687485924	0.8280789861965195
0.49505100640087035	0.843495939275575
0.4112194573984695	1.0036871567655026
0.46726093027317916	0.9056425770642644
0.6058129543329545	0.6715889583658349
0.5313169195496851	0.7035903854879679
0.5832064850040354	0.644180242844513
0.5123544064993766	0.8261751232451208
0.4061820290894758	0.9575243759585395
0.5650958284018641	0.7374767620540801
0.548156335586015	0.7530079676025037
0.6337894213797165	0.5829264961794998
0.6150422823444017	0.5776628052510268
0.5835072702688261	0.6930025604064195
0.5159560591704684	0.7542219338271017
0.5291699004073197	0.7173196522860295
0.62360373804904	0.5829480151534306
0.5242501890352824	0.8079812518067427
0.4681897147322342	0.9155476970813594
0.562819957665987	0.6524614531774608
0.5569284172174266	0.7580942406446001
0.5417694387245225	0.7636269015435262
0.47691492919584316	0.8520305700665065
0.45377717465118855	0.9072399015733865
0.6843871797476735	0.5402738471321131
0.5254981182774445	0.7708652836636121
0.46106402584871176	0.9274344097195142
0.562126009344001	0.6965210332975431
0.5161471577865234	0.711023914701906
0.7066422295061849	0.41724968619974473
0.6445613540026829	0.5070042002420341
0.7308174369588437	0.3865118915662805
0.39866136204635877	1.027790142333382
0.5858636040183958	0.6699976226595891
0.5509929639031929	0.751759371784634
0.772463959175523	0.3419744852378049
0.6611604866546907	0.522357327735661
0.3960956828838355	0.9600027186380865
0.4802090614265688	0.8607588834752408
0.6068466407090172	0.5928970930043507
0.6678837724761058	0.4185386664248306
0.424136470172008	0.9834238550976293
0.5633062758660918	0.731119477188445
0.5533338383784784	0.6816212795361518
0.6880266848190583	0.4043835518578288
0.716325681200544	0.3613859828643646
0.6462218038908821	0.5725310104377807
0.6450307618432304	0.5297617406691516
0.4533656900118167	0.8759935345279928
0.5617539030983888	0.7316670392164134
0.5668655252849407	0.7212745242117214
0.31515796400551377	0.8695912018509313
0.4027868509869154	0.9733513463718546
0.48958957603007286	0.8051338461858889
0.5719317599537346	0.6045607328165731
0.5182612218107695	0.7899779001415728
0.5781270245390545	0.7252017685142201
0.6187918155145165	0.4898552726177988
0.6477572861915949	0.5812139230578116
0.4637935818409067	0.8001957669864707
0.41778653764871343	0.9748069263078869
0.6281483991591282	0.511500296940015
0.49560867074491827	0.8708007256890701
0.6194523324220133	0.5119945130512172
0.5604859247808539	0.7306204059990821
0.5378877856171687	0.7691450926482716
0.5631730852293116	0.7077005780210869
0.5204836618784439	0.818374082742711
0.6511271103655564	0.5676648229839903
0.6404319991798116	0.48783948404222793
0.7101604456634383	0.44998624926401526
0.46124389456373677	0.9088837266052922
0.6394130717027016	0.5531699705379503
0.6066622403181634	0.6150073078858928
0.5435245217966057	0.7057431555749614
0.5237348880767572	0.7224266984770924
0.3693163671070042	1.0794744985040539
0.513178252434815	0.7810472050911164
0.6039278195954187	0.5889993399019025
