0.2609323367679961	1.258208146688121
0.24385293753161866	1.307535875296997
0.2608773643903539	1.0343885791987368
0.3094678871018078	0.9274557900904004
0.3179088104762845	1.0450653557817342
0.22519573072782248	1.290376355692879
0.27495541781401356	1.167663053040117
0.30205754263230117	0.9043961911760295
0.24780133968888945	1.1495773475227056
0.2553320048378292	1.2897952960479138
0.25967565278996857	1.2671929775144495
0.27280473028240565	1.2252851157750655
0.32053755599753353	1.0001030130090969
0.2666847594172215	1.077241143734375
0.21484340944633867	1.3043038892834264
0.31963264306155204	0.9946963229713488
0.23664600055266735	1.2469924241178387
0.21603706173609621	1.3318379777911502
0.28143879133951616	1.2190996454298402
0.2668082282480763	1.159167590035825
0.29499680438011777	1.1160178291362686
0.2620841953811989	1.2751804397947977
0.29892500744022094	0.9336112193133949
0.31254917896676426	0.9039581452762511
0.269719694323089	1.252622090146037
0.2562363482894358	1.2707598211557725
0.29697398294366956	1.2006174691377074
0.21176191514013012	1.3515045985258598
0.27641341887854826	1.010851697067077
0.29815623524658275	0.9947786014306578
0.3673101537817419	0.7986967629922525
0.31447701901544267	1.0115184943871625
0.22974622398890468	1.3188467156605062
0.2752540367074339	1.1515655144896813
0.3087812724884683	1.0884031582961393
0.23756602016359965	1.2753855310749787
0.3398870426030488	1.135041251280327
0.15539623731779245	1.070417864112105
0.2623064600642013	1.191239204550977
0.24365716369729018	1.2953632835119926
0.3203070501091702	1.02024110123924
0.2525375059434214	1.0710890098785046
0.2994452965991529	0.9773596566710335
0.30390681263460195	1.1178469268643054
0.2514776441516219	1.1750204585730337
0.2657513334665333	1.20878417776654
0.24346152573057486	1.1996619741979955
0.2788742427320335	1.087146360862869
0.30781858476486135	0.900473897391189
0.25442611949490246	1.1116457918988214
0.2488197361912494	1.2423973024856414
0.2257956890001747	1.3407934033156637
0.3365306963206234	1.0171959343399668
0.19838356160703413	1.252849952822415
0.2239116000995639	1.3316338739931317
0.2853010882138014	0.9572487723943761
0.3060366520491705	0.9310677549482196
0.2451875356967826	1.2592963854562211
0.23787705843100615	1.3164435719715364
0.24460454520747069	1.221548104958139
0.26550140209554124	1.0643462156837495
0.16615444356414769	1.280537648801793
0.31866122478669284	1.1208747751737762
0.3152614561342916	0.9962182340479524
0.34512036715038313	1.0268382111416476
0.2804547064531662	1.2268409827213644
0.30935080889071687	1.121268596431941
0.1994192796020727	1.3068960624474342
0.28795169292201245	1.0694834559006887
0.26653494284363966	1.2318967011048887
0.3256452611412734	1.1310148129792899
0.23999152124948442	1.310586335750719
0.29778633932482834	1.1810593330259058
0.3183576500505175	1.0594464939649377
0.24144871008991003	1.2293279430764763
0.2537110107064207	1.0809504200118873
0.21889457015144376	1.3182440765559216
0.20778047247291315	1.3687337406937146
0.2681847764490532	1.2610276133993898
0.326607744314931	0.9603845711636652
0.25738102475052715	1.2655991558611803
0.2205115434758284	1.3351317843485375
0.2742317152041862	1.2016649157382182
0.2776864631520353	1.0617724183358668
0.288216015716799	0.9912762278758606
0.27536607941804975	1.0415387004289798
0.30032759185358693	1.099280356765676
0.2475692610301689	1.2953579677737022
0.19377439771330285	1.1704754911061053
0.29715906152423116	1.0522101889281341
0.24487417369717845	1.2977920496839324
0.21002449339813314	1.366182494129239
0.22426887044714441	1.3291888856145797
0.21173706277978185	1.3271266835603108
0.3220855694798809	1.1471275232381961
0.2954199109183238	1.2123789092741124
0.3700643126841139	0.9195291199872384
0.33918807735834916	0.8805498987284235
0.29539874661807064	1.109716292336643
0.2539665531409025	1.1642096688069044
0.22021807105866473	1.3222859141221956
0.3020213502558638	1.0068922393474076
0.252600216721634	1.2427811805667137
0.33691014889604226	0.8829820275730116
0.2222283882767374	1.2861856756537382
0.3002602344116928	1.0205766521616906
0.30896103781487155	1.0484491787202646
0.25989488825894	1.0869324442951216
0.25147290447477094	1.286683418202257
0.3531321469520554	0.829271189558342
0.2842408231595309	1.0931842547650117
0.28038982919350075	0.9936912054644556
0.2615137383895668	1.2396676071280681
0.26836384472417024	1.1442986453836872
0.2979313044343751	1.1955067427523616
0.2854218624793963	1.2069711198329478
0.2505472763663381	1.1449349917668659
0.1822571289223854	1.180590531118643
0.2907325109304674	1.1684082706526753
0.329761477547044	0.9390157444622442
0.2928899681276251	1.045127183361237
0.25194667909973406	1.2323800038152735
0.2413677409983882	1.2246859481970342
0.25826406990066203	1.2444789075050224
0.36115361864422013	0.9666080685273393
0.22159191241848053	1.334245725683445
0.2997391465563171	1.016400204937879
0.32400820565985033	1.1261793498167125
0.23304246596762987	1.2716767485403626
0.30925983241434074	1.139534658576692
0.3036451239317021	0.9050454857393635
0.23804881208455048	1.2508823878407047
0.2744927805291254	1.0245388054068898
0.33466140524214466	0.9838678992112606
0.2785895654030747	1.1294383143957663
0.3349299648565447	0.9921106314424017
0.2618985475201143	1.0656280781397238
0.2995820602852238	1.0870167421490962
0.2146799208178361	1.3550103993885627
0.22111680570181846	1.3320330036981267
0.239456290681105	1.2189294379746254
0.30070490887732737	0.9825835170250028
0.16074447405896122	1.249594134979449
0.2513821545911906	1.2781472925650204
0.2672418900572936	1.1993790222222485
0.2587354761493327	1.1423325215617646
0.2985059293236498	1.0982799099487877
0.19037591836218185	1.3252013600570303
0.22307074613781575	1.336526407385879
0.27072600679277364	1.080934815164266
0.32206391434997206	1.0426786960207646
0.2793974728049192	1.2384519735230133
0.2755010045709665	1.214396681354935
0.20328055692962305	1.3730476554807614
0.32825026248138156	1.085253075714831
0.3299313565713105	0.9411543606440131
0.2495221237586555	1.111820036697357
0.322658074014619	0.977109018827338
0.20206876277156777	1.3132735302367191
0.1789083747151378	1.4155413133882795
0.27544796862048176	1.2179684458428723
0.2254263364692855	1.2940674841762156
0.24697122780950392	1.1219027673406008
0.25520172070138014	1.2181169474039981
0.2707877098871864	1.0999541221791143
0.20719946224691577	1.346455127237415
0.34556604347233283	1.128220349132616
0.31906168998526285	0.9729401317835064
0.3146141577435628	1.0526256071806523
0.2767089456878657	1.1054087261163261
0.24681597962079263	1.291649691642366
0.23640459211384238	1.293335547267655
0.25415481658754935	1.237376282153794
0.34666053869739594	0.8979208834035819
0.25829267351032265	1.272424407860431
0.3297723663074118	0.950337658851671
0.16740619208167676	1.3154222090418393
0.2929021307452213	1.178637181232383
0.23622194208583536	1.1381298381061897
0.17210705349967084	1.2851863868173368
0.2528919359253958	1.1602963247726967
0.33441276091591204	0.8424250988484361
0.19407510753530108	1.355348130739371
0.3179611897025991	1.0671670299200307
0.25432433369258534	1.2707797347583183
0.261530637094013	1.2534578130444154
0.36639000949835326	0.7764341231796148
0.24715968226919982	1.289113481927254
0.21643695198361196	1.263410209157611
0.24613407543115254	1.1839792107905152
0.33853156432014775	0.8939671113890953
0.31622843605802686	1.1065840810818866
0.30104504857245235	1.1783584739895319
0.2568746607910416	1.1038534353678497
0.23241204649828204	1.3226272283575033
0.31192312900310826	1.0682010341653472
0.2022700420175659	1.3744454962159462
0.27094955633204526	1.2577610085069808
0.25208964953647434	1.0625810770901492
0.3034668999757403	0.9640611413526995
0.21827483791812283	1.3137704923414488
0.29914033102443766	1.0343878703156195
0.31294455826594575	1.182204567564535
0.24321348748289753	1.1901537434347846
0.23454157080686083	1.1676605427827131
0.24360397665487482	1.2616533949371718
0.20474344850137163	1.3652802420131098
0.33472062772231254	0.897097889709881
0.2556848275033958	1.2807520261601266
0.25548634340780485	1.2815404873099976
0.1924537187116662	1.3858003898981797
0.2502782321585433	1.2902135533266816
0.24116415110344921	1.285863370191226
0.2581836298310131	1.2480545224832724
0.22805933205338855	1.3025672562300712
0.2924689148750475	0.9752346634124727
0.3105791352389232	1.1854111610074123
0.2638873012146541	1.0868559183605757
0.20876504833747406	1.2840374924318498
0.260660306903893	1.2608134134981694
0.16661839783913174	1.348097382843292
0.23295315743166087	1.3238707928600753
0.2881982425309494	1.2043572112289527
0.18540200036261764	1.3594115437151144
0.27795701184877203	1.2310139987441666
0.2210343095888587	1.3123530505762333
0.3270441427183187	0.8960265956271104
0.22222606868243325	1.333151668070661
0.2927529153762182	1.1971636692572234
0.2625357898551207	1.1887894119264972
0.187645224443436	1.3800434041807281
0.2075535780502959	1.3721199900621512
0.2885636790767983	1.0663580303084617
0.20022920248640835	1.2534161688513197
0.2788710284726513	1.0685604393917987
0.24726407003260556	1.2911243462786228
0.25888187542980595	1.2201169789532598
0.2857986338345327	1.1607900566941822
0.26238639701511507	1.1432852101559945
0.32636827834844634	0.9422613860779244
0.27063365005456425	1.262131070336138
0.2563032286512296	1.2673835006145122
0.26823399758364813	1.0242386979368452
0.24715810348006628	1.250014807260834
0.21114074772887192	1.2722121837159062
0.32597191632816863	0.8394254667696628
0.3453876204600095	0.9025467192303547
0.24763798297241377	1.0838209505922691
0.3197731403710283	1.0951081676721623
0.36233231790000986	0.9404624044791449
0.22228756321573873	1.1524755039830976
0.33193347729057127	0.8952426322505648
0.24264796701524938	1.217833078411463
0.24796747563156243	1.1867780117075082
0.3185040474842806	1.0189929326102227
0.3025780666863678	1.1573979399642345
0.24665957233552482	1.2719198011287274
0.25618310441032155	1.2798338482817506
0.3594289257957398	1.1035645467939474
0.31781887122294367	1.0861910219248871
0.3624810584652355	0.7811568737329908
0.244247559533233	1.285157290376493
0.25743964764327837	1.2670232198597304
0.3092087694454614	0.976471882966379
0.31956483420766557	1.0884122634910078
0.270718158429074	1.2471464993400827
0.39353968689546304	0.8707985344786154
0.2731418605925545	1.2085063098525615
0.20689751249400487	1.3226436962979762
0.19618460962509787	1.2419279560380558
0.3002277909385044	0.9331777838263172
0.20324462885485212	1.2807829290917583
0.2474356228723704	1.1872255529134734
0.35585098542731514	1.1016969084522867
0.2662866337823424	1.1861341686877052
0.2124834345843919	1.1754739929355122
0.2747917917279617	1.062647869436074
0.22477217028877594	1.3294308849146608
0.28934928027494083	1.2199982413080381
0.28829666102131574	1.0431313863324798
0.2837454670548381	1.1049355786719368
0.31840106393095646	1.0091804720188997
0.2673198401929123	1.047013777585072
0.25727991218527524	1.1757479618126019
0.2587270542602323	1.163054545778177
0.21627118193302494	1.2969854809304444
0.26247589630991214	1.1797572391189681
0.31733256412775385	1.0066393532958489
0.32858715925229526	1.0615049143099948
0.17073139800664436	1.3820170033921904
0.2580225091368746	1.226866985108462
0.18990544227650438	1.1483110335810691
0.23762137349167228	1.293412389842094
0.29509900225908653	1.026367147832654
0.33330181219603044	1.0949088562355909
0.3235724527558985	1.0791071795881977
0.19030177248343563	1.2202278567923104
0.32796773931351375	0.9731376754835858
0.32361045919720766	0.852884723890842
0.20086867862383373	1.3671017955910525
0.27302830370702574	1.2156386925464928
0.29786417009643507	1.1399804598194845
0.23066776265810576	1.229086049720543
0.26070783552236004	1.210064825367279
0.20436383509967987	1.3591607742349634
0.31462882542322723	1.1556492448907794
0.2125080879829976	1.230687832058873
0.31533632225940345	1.0656512292948774
0.3324898145000558	1.1446014423659197
0.2420775445979196	1.2929383379419264
0.2947195634665848	0.9548021063371143
0.32576737971009806	1.0378940425951615
0.24621965890405406	1.2845135345605478
0.26047387402236616	1.1121276901880157
0.26537159178969427	1.2249524375386365
0.31101381930145655	0.8954098095359789
0.258134665849816	1.2306984492979705
0.2451995906177609	1.2130779066776423
0.26499466331710014	1.2510690688488937
0.2460553992242379	1.2973605325865532
0.31549129002000403	1.0988821091877943
0.3050771343973251	1.096761911705494
0.28940673318092347	1.2182174530846162
0.2579135450242793	1.2577285553479003
0.25837880418318754	1.2186570415069742
0.23790010450088261	1.1331019432130156
0.23730321073832508	1.2930681444296193
0.3037926841054822	1.1878287944114743
0.27184439673405664	1.0452870441742326
0.31957745925648007	1.1714218254600763
0.24550561485621059	1.2296221007178505
0.22905588761430606	1.2733455808074807
0.24778086535954766	1.2480372245874443
0.277687662382704	1.0676304773607659
0.2458170982261301	1.1967409424192028
0.25137782670504166	1.2610076848122578
0.26875068058298124	1.245456860036414
0.344275120672664	1.1246188230197363
0.27417195009522327	1.1496854625006165
0.24598081191785012	1.1782422851224887
0.3011524023908827	1.1217261264604015
0.2690451707425721	1.2653474429953655
0.26090945654693354	1.1845893244581873
0.318043095381031	1.065256836935736
0.17467987140061098	1.3487693636943587
0.2918526495822423	1.0938734853307968
0.24342854576197692	1.1945584159913647
0.2857108862686353	1.2125758266347724
0.2734782712617028	1.2447558964933476
0.23999578436507513	1.3079830944886246
0.2601636004101718	1.2808921834097913
0.3147451158577609	1.0356673746997098
0.24522137266772104	1.2319315939977074
0.3104530390051879	1.0248656023943006
0.31924201440538325	1.0492104041090804
0.2603280446434262	1.249291919916411
0.27621468358244955	1.0609856989271829
0.18702089897033355	1.3169036660196654
0.22015787611737067	1.3343853165380823
0.2738407862862325	1.2083230022626386
0.15669921310873863	1.035433970639095
0.2866265852588555	0.9705960717412926
0.2451471039018676	1.289444576916668
0.29293876434477084	1.1650836683292614
0.25082773930573227	1.2800796300191994
0.33753970888758383	1.0406668007527213
0.25556210883524266	1.2336177020735861
0.30716420726893184	1.1670501975212968
0.31034286295196023	1.1171028368694595
0.20039349181767052	1.3530122347592644
0.36621823506415646	0.7424203052054423
0.26876246243505225	1.1652533467119097
0.23509792598777232	1.2603873127478167
0.28948698890251223	1.176717410216379
0.23806880434830646	1.2752057848894554
0.2543463511180495	1.1393602130266496
0.20965339504886443	1.3559369746977352
0.24556024122892173	1.0664636347845677
0.32443975176217865	1.071713321126774
0.2018648648503703	1.305565436257739
0.2885148170035406	1.1881274926225838
0.25193015020117515	1.2279123615605274
0.2938839680258052	1.1514349854301746
0.22222729234073746	1.2567814683645997
0.316515340899819	1.0349558968246217
0.24944931400286185	1.1748503785317448
0.3426993621033251	0.9335923455953877
0.2722593039903807	1.1882673436054545
0.30854304542674077	0.9162826341501518
0.3119363430072818	1.15358584060365
0.35896083140638074	0.7537202998313819
0.33235914533437844	0.8742710588521792
0.25312663172784733	1.1688545874133558
0.3619641278355345	1.08877364989694
0.2505530113530911	1.2860596260955552
0.29276469586697923	1.0463640403206353
0.2885761418102925	1.2143885526437628
0.27993856714285814	1.0156148189727208
0.2558550276983834	1.1463270966278325
0.24114481370262308	1.3051906528289647
0.40380198239940107	0.8538272551098328
0.2325262746291735	1.2822842959774232
0.2858211999609645	1.148458125136357
0.2834223971924692	1.1685429965764023
0.2574486518536874	1.134654606823092
0.3079013515321937	1.1904415788898262
0.2467014806542844	1.2799930221672646
0.19797360641142894	1.3669059895909919
0.26634949330273855	1.205445920938934
0.2875484017497932	1.1010671111591972
0.25800086734989236	1.207062611401672
0.24704142320003356	1.3033547800087661
0.31932986546551523	0.8283911324560784
0.27454766380714124	1.1975425762392544
0.24646575171098606	1.0676091808586738
0.249518490937995	1.040590740153172
0.23209126358146315	1.281623457456136
0.2803440005910112	1.2305714474332003
0.25877789392258643	1.2635680811148653
0.22862298454870872	1.305349807207397
0.2418696580761275	1.3009638850037417
0.30408575647508734	1.1181600888037462
0.26234777750013505	1.13512962787014
0.23584973834286985	1.2345816480494625
0.23521400478403787	1.2927258174157308
0.24762410767534573	1.0729325820913584
0.2839843473810864	1.1207836521295889
0.27749048901094525	1.0092356831079519
0.2627544013615613	1.0745456049129656
0.26979365200848554	1.2241813599985565
0.25809076115801305	1.2558584099618029
0.25974913896082114	1.1297131653123762
0.24789864609186604	1.2907255781547646
0.3021361068977918	1.0555085176115395
0.2587047662838949	1.2219547938026794
0.24211660690442158	1.3076054396254597
0.19253433150626711	1.371297470543542
0.2001597892055521	1.3600448092280493
0.3032139965529843	1.07911828504449
0.3256669528054608	0.9790053904615248
0.27700635876514074	1.0944787270812562
0.38580096288480303	1.0517675072798225
0.2725031119729713	1.1623554143342494
0.2936643482810387	1.2091185895039818
0.24466935772044376	1.3082250396215627
0.23233996453090378	1.2401404421856193
0.3201055299208322	0.9183892336918742
0.2654880075924277	1.0861608664094367
0.2668550800327862	1.0838658182028091
0.24258203503129436	1.2910586968394593
0.23190493076009588	1.2550124076515785
0.2517765087234615	1.1605676896537238
0.34950151315866274	0.92381500174928
0.22558690695091016	1.2417805174241616
0.3114359403484297	1.0690451400521304
0.21983940415972347	1.307516374042728
0.29305205986757005	1.0825426270348637
0.2491449035937372	1.2916765002393786
0.2723806834597649	1.2403572000437053
0.35779147803642125	1.1061475671342866
0.31791920876893803	1.0245098471745189
0.2851010942169959	1.1547538910117874
0.22610800118462993	1.2478969923967984
0.26151608163998724	1.152518021311459
0.2828443381423909	0.9667337796965988
0.2666799986405525	1.213307547396222
0.25827874787471905	1.1802980864130932
0.21358386461036719	1.257422269020523
0.29483378028831425	1.177677489039529
0.30264952309521154	1.0348665234407655
0.28715192899548964	1.1654738789297645
0.26590687093131204	1.2383423574504733
0.32267970637883714	0.9842389259314126
0.31018100501638934	1.1672919954618026
0.2603921721155612	1.279490267730271
0.17147915054643248	1.3358822869156275
0.2570774290386435	1.2044606246040015
0.2492659896116546	1.1176409146925013
0.3114856710792154	1.1610822837506123
0.31707517486802567	1.0666558102384451
0.3116618701612887	1.0213082945096223
0.2466356062721691	1.2870612573071911
0.26766036474195315	1.250589783524247
0.2145571791654984	1.2941468308368962
0.2527521182249214	1.2851877542242376
0.32706918155413395	1.1145690591653823
0.25458136107323975	1.2799731611948326
0.259438626733026	1.2708484599290175
0.2610782318656997	1.2302034319590347
0.27804437282830924	1.071315767528877
0.2758206483429871	1.0510595495835622
0.3016358133312905	1.1700546054945837
0.31937826543707915	1.054374293032948
0.22813756987753472	1.258210956481598
0.30094711122824896	1.0392634045258955
0.22617244225868868	1.3238914498468535
0.31565447764793036	1.100137749483317
0.2212152487160191	1.3180394377856273
0.2670504850619165	1.2037588742084446
0.3431568840226945	0.7974946746369048
0.21403641286264746	1.2444768552500243
0.34585015673037095	0.9929327890907841
0.3243567409780309	0.8503041697483329
0.22304358869471877	1.3128237000269969
0.30296569329892964	1.0982281749773004
0.33548631144384544	0.93593090696458
0.26933061100228667	1.2223631165284914
0.23359176959801334	1.3146433843197536
0.2768985742581998	1.0057684354041616
0.1794207951591746	1.2883842915613006
0.2343458979418231	1.3226875032881615
0.21829378161338517	1.1624244103253587
0.28195194937749635	1.0493385118045222
0.20091190890419916	1.371221257641611
0.29624968809074975	1.13485820865062
0.2222263072272649	1.3339968776089801
0.2594819200713409	1.2572557497559025
0.23004963251593802	1.3283647508310463
0.18831348970777484	1.382460137162208
0.2706070146761564	1.2148493478167564
0.2670504773323718	1.25305855133853
0.30269178398583063	0.9458226624567218
0.3576719297542857	0.7459905356063189
0.2586721752643126	1.0512243840763507
0.24475082446433327	1.2515677099856144
0.3208777584215214	1.1361390621934646
0.22346749621374912	1.193478563213909
0.3446941097270569	1.1317660920131984
0.27425520962243016	1.157110537853774
0.2334518473610825	1.2322828029989745
0.22938236969379924	1.2444369656953906
0.266383348433128	1.0985151889830251
0.24889090175225578	1.2881637818193075
0.233782150712444	1.252799708121223
0.33559718382147896	0.9275557452097479
0.1984420571681064	0.927748164662897
0.24949054717691202	1.297809129947345
0.3097682114238752	0.9795318114466264
0.21427771954435934	1.2497907023520218
0.34454045599214267	0.7637241947289053
0.3602935790593124	0.7855424511906964
0.24796635986838514	1.2862470385958844
0.268231517456934	1.212083983336053
0.2832056022732804	1.1138215531165003
0.2020162865116219	1.364965830782206
0.32577976225183697	1.064469825194906
0.20256692042035662	1.2462935034250675
0.33085218128708815	1.1351215589624912
0.2744563765117573	1.1608836442591763
0.36851231807711626	0.752113525327177
0.3670915324821679	1.0860315276953285
0.26491294290944145	1.2715808896726064
0.21171414029514332	1.347080759321985
0.33446351222836734	1.1231686618005956
0.21819428033259863	1.2381308458632914
0.2439728212825305	1.1810821497548734
0.26600128666399053	1.1775187218589924
0.32609615754618104	1.1559529946921594
0.25873986278586886	1.2422864782117773
0.31015295382896774	1.070796503711701
0.3199186727046447	1.0922003971019103
0.30130739418583763	1.0939463870886006
0.22285201117251022	1.2903138433838606
0.221774196218541	1.3088060767016405
0.26123242392262147	1.1443287257101113
0.27469407528454526	1.0728214608024387
0.28537012497322706	1.005847672470758
0.2263125212603991	1.3199414743490052
0.3461906302650209	0.8097483041201792
0.31548327341241994	0.9491463672290614
0.24283608197171053	1.2843658701666008
0.2696828714938709	1.0298136514451441
0.26278692344669224	1.076837065779429
0.2662630532748168	1.239517467423125
0.24953484671829532	1.2130915328067675
0.2645986735750845	1.2278391862888816
0.2907052418298492	1.0439713042707173
0.20018496402367583	1.377128194061296
0.2532265115383837	1.2338449793636554
0.2821883428530621	1.1857942263257155
0.3215715146039541	1.1073407138665654
0.295112809495459	0.9994491677940075
0.2805328788111721	1.1026529031499466
0.24543834790732363	1.2959592422649928
0.2341134964018399	1.3216584360752472
0.24341432798907828	1.286264023227104
0.1991906176158729	1.3113366682244454
0.3165616104056312	1.0580695523690766
0.24822081418329606	1.2534363529532677
0.2812165754735879	1.1905220813615534
0.26106909008719	1.2241502350970228
0.2256083689884769	1.2985038728543532
0.307019359701966	1.0948508132270514
0.3443673161213501	0.8525265948257976
0.19625063869581896	1.3435852313403558
0.24560910658252322	1.1478148904701935
0.3616120626060316	0.8491929857828355
0.26046378230370937	1.2648823407640168
0.30947811801869013	1.0082621006327566
0.2922566238063538	1.1742559066758789
0.24966964760514687	1.2775433973780772
0.22013366118868677	1.3152331016799246
0.25392541630650123	1.2103935156047583
0.2541136931056549	1.2315456371973479
0.31396533899620244	0.9121259111802763
0.24721259309569946	1.2988804454509673
0.2525469838820415	1.1534723425455102
0.34177238746725125	0.8637709557170444
0.24864352751762508	1.2914073916873843
0.2381717585749642	1.1504937904584036
0.29601835338871724	1.1991656498769283
0.22708990899079892	1.2962326147318861
0.26678662435497935	1.2398996398788849
0.26132696733930977	1.231489864261849
0.26396379468058456	1.2040851586303256
0.3220952752141183	1.0021229847213289
0.3435448336933033	1.0253932802793195
0.3225032259076102	0.9662042778519622
0.2656513848357166	1.1756145001089822
0.3580162687441702	0.7632617735083517
0.24744542971491854	1.275340225580329
0.31735883040617946	1.062398431219678
0.2068035599317451	1.3467227786027511
0.26892130082276877	1.2282428017373457
0.2616328504631249	1.1081616289290461
0.4021092785977823	0.6360471613789812
0.2921534182989884	1.1495614844409245
0.2099399746205218	1.3084688678026335
0.3426757251527177	0.967732810115498
