0.4324755271639115	0.9629656865032364
0.4359289404862142	0.9385736962675177
0.4667233730224071	0.8790882549296941
0.37177908565359963	1.022516695837622
0.28534747396320126	1.2312872307243545
0.3580186844441619	1.088866973476695
0.3509981033466616	1.1122906379172104
0.3246354259151647	0.9984591551130069
0.3760695534410551	1.0063373246589236
0.34320241484133185	1.0789744908264445
0.36393078673339124	1.0206540484461541
0.399876664419655	0.9469923143274258
0.3611317549541841	0.98128696011958
0.37476935404464584	1.0785903784438313
0.4771072418332346	0.7393742092293556
0.4544290414661368	0.8466565128595404
0.46204310408931076	0.8581896747538247
0.2832928486740184	1.2294778821190895
0.42831852379243407	0.9247937336405174
0.3804523075388622	0.9211700145247701
0.4322924444297131	0.9585474075444494
0.3827756370804384	1.0462542610652812
0.3458194368016397	1.0726831961220094
0.33217726770684786	1.1543785892355274
0.4910084084024588	0.8762445564876546
0.4352661376444474	0.9044918426842071
0.337541208165482	1.1265368404022305
0.33743784863464404	1.0818259093724916
0.24854232200110674	1.1725485913200493
0.36000524192039174	0.985357312418494
0.3611772749323973	1.063823911693554
0.29041941026683027	1.2252527881065718
0.39357650333429534	1.0086175816236669
0.3657824592027557	1.0043870312739749
0.4394177759759517	0.7902935119565634
0.3610319687584205	1.011835899718097
0.4441475120360565	0.9116593818407273
0.3069846104196481	1.183180332706893
0.28635975311913453	1.118733374815296
0.4097439524323562	0.9607199621172486
0.3731846925537933	0.9737127440612623
0.4126362299228639	1.0088857209558069
0.44030686682419623	0.8822515540662151
0.3921180783989036	0.8997751652928383
0.40491238035035443	1.0194674354076652
0.3024677239542865	1.2034591707845106
0.38597802357188443	0.956688516203001
0.3158071877164407	1.1713054262785467
0.36167236512852563	1.026882028884078
0.30434092098017423	1.1279440456674903
0.3498704208408151	1.0894477529076427
0.43252810886936177	0.9166825446017509
0.3654729471246613	1.012402563047738
0.4525109445669355	0.8426664352201644
0.31645345094476063	1.1032179793818042
0.46969937057518535	0.7667299645348724
0.41175070895725296	0.9214175957234472
0.36938072998623867	1.0568254881993386
0.36916650011192365	0.9813247230436806
0.3239710139077601	1.1216401602022148
0.46026152089017	0.9213237167195839
0.36818117675805145	1.0569026816085818
0.5096414845156246	0.8440849441286236
0.4444805366835805	0.7518051392369409
0.2734142487226025	1.2091953949265084
0.3639738984327464	1.0343484544764379
0.40048432852377036	1.0155040344919903
0.3103437863004429	1.1664522604285128
0.5853944816231739	0.4309544608668193
0.3495094180816708	1.1231997918263072
0.3593994199970144	1.0583450604621758
0.32122651770189814	1.1541203837687575
0.29088115795315594	1.1101743331661083
0.48325819492805455	0.7121848358089516
0.472568432790331	0.6779430042741489
0.3425338068456059	0.9722691551576875
0.40651285420223715	0.9441342847694154
0.3849280021003592	1.0495815243116526
0.3652657808405629	1.0893830106072802
0.3330991958285447	1.1295204708508977
0.5015096292712905	0.6393457629217448
0.4604336923471282	0.6980839817865336
0.3084486978573506	1.1284745502514297
0.35996726352264424	0.9713112565558792
0.46009637359150485	0.8196225425789259
0.344694495388394	1.127460259749583
0.4930272514891121	0.8569223550562357
0.4398864654446349	0.7768714740014424
0.29270602897915526	0.8868770472559813
0.38364788836240915	1.0120128852665267
0.44641168604006026	0.7942462419882681
0.508458886399205	0.7144586286908456
0.3506147458748463	0.9433248155632399
0.48296570399332894	0.8781153265911437
0.38503677343374776	0.9724231656301028
0.39099409239056215	0.9852076610144562
0.39860202295326497	1.0180961942735225
0.3691199424797759	1.0882139448376034
0.38555675529979566	1.052707350970723
0.35167452391484644	1.1183224411863302
0.4358112642321415	0.9289914354680028
0.48221414204459506	0.7023712713487311
0.482888065678788	0.7310547592474583
0.3818631440508097	0.9379722097133405
0.3237937803940341	1.1703943087268147
0.45663217123786815	0.8472420187602953
0.45942671540317986	0.7210371622281785
0.3182460742351994	1.1130157703338845
0.3754281876216638	1.0772405747272722
0.3121725254723678	1.1894539278336582
0.507583879390297	0.6026788467458796
0.4141582844167893	0.9574041567525312
0.5019313211840623	0.6309727781601259
0.41595325859294824	0.858805097285104
0.5130880809604322	0.6721789729087895
0.298240676010108	1.1404300062202382
0.4841626676248685	0.8573361606305381
0.2835343467893145	1.227957756053428
0.5077566908809474	0.7400661827123571
0.39768140846742944	0.8628632306901977
0.42255507420660354	0.8278742497741423
0.33398157621315727	1.1509091119179455
0.4064285425456931	0.9799224429012235
0.46793793891669583	0.7799402647463738
0.39462323431302987	0.9813405822523118
0.38404138297308915	1.0373379162720457
0.39177852732798296	1.0517764846143887
0.37633135133527934	1.0701643319579675
0.42099545167802477	0.9210140891367433
0.37696458452092585	0.9332312505624982
0.4432458711725977	0.9505640437699062
0.3872567082002465	1.0463718404585673
0.4874361895562701	0.8784725033779852
0.3834381566038326	0.8861733341198244
0.3241961935564692	1.130926662139565
0.27133639131888493	1.0089715439239102
0.33305870308976177	1.1357602347072497
0.48070985162682806	0.7157175329022034
0.2915936954731296	1.2026386511904834
0.37311526754488283	1.0641361098475128
0.46521925942096165	0.749172589271637
0.37115138646679535	1.0426886505292554
0.3082368564349316	1.180729862163742
0.3641884350251229	1.013273666722486
0.27651322037134296	1.1779412991795928
0.45338199034895527	0.9164249088167012
0.3472590938033466	1.104203903664262
0.3853654992226152	1.0466355030143264
0.37119340711678256	1.056531540435167
0.40316862759851224	0.8526680163624206
0.3525461018868887	1.066386705060327
0.40537916534714946	1.0070698966375728
0.3677877236866667	1.086411813329546
0.43817363605258425	0.9635091285453727
0.331385288415266	1.132417540866411
0.3911413466245101	1.0217980713014725
0.3714801163472253	0.9583354883756634
0.3433660141234482	1.110210959054537
0.4656559146762393	0.8367394610285042
0.3655392238392402	1.0767115174041166
0.36827374875364005	1.088171009873665
0.3781248946080449	1.0770124629889901
0.3747140032081937	1.07210697793017
0.5225642715259412	0.5856535067916185
0.39026743174368694	1.0238941367600138
0.4087373759439191	1.0022478792496696
0.3648230885597244	0.9709522027882347
0.373036117875985	1.0634069449593073
0.28630381896887	1.0922221652492086
0.3826783790350272	0.9664250571139246
0.2910624916346236	1.2226401350310478
0.3765191235979013	1.036956429332753
0.40455648822258816	0.9867194358754359
0.23971658245587846	1.1576894402102076
0.3889069314001496	0.8723135605138876
0.509207819374918	0.84517288409724
0.4156365606556553	0.9725112690159233
0.33917818807388705	1.140528335063915
0.3864673539069312	1.0065914871234831
0.35419317867951017	1.108975918575538
0.38275122200777467	0.9109727313222871
0.3119869512345407	1.1723371586494247
0.418395968944645	0.8672198318492224
0.34588011342913166	1.117324758793255
0.27219187384140653	1.1395447043619886
0.44815610126605754	0.8676334632977553
0.3453422234752445	1.1080769996780822
0.47039683322519166	0.8821617267563886
0.46017027504883184	0.7962998114432301
0.3072987213812967	0.866602940939387
0.38026060444215987	1.0343794289517945
0.4479777613516618	0.9006643373058931
0.35475566465952724	1.0997638026067835
0.3055075865241151	1.162635405658203
0.4333558928353771	0.7641012956500193
0.2504104245134506	1.1346341798023443
0.45790700657108313	0.7971463787656359
0.2936152171654546	1.093310266493536
0.42318679493884587	0.783315107889554
0.2796578878240411	1.113441901914849
0.27867544119288384	1.1527811927584737
0.3700506175116451	1.0383900714241645
0.2731336557313896	1.2384662153641943
0.4174314609718369	1.0048343305742007
0.41361402657016944	0.9733232339745725
0.36932979248817677	0.967922019099986
0.4324634146064524	0.9584768467544177
0.33651943156176967	1.1459223921457293
0.37477695905677477	0.9689672929841615
0.4110826609156151	0.9520851372555827
0.45710033288257623	0.8614231327481912
0.36524312291273486	0.9947835409784154
0.32790847453308464	1.1616759766568552
0.23764548487076606	1.0917469322262754
0.2611649354728864	1.12863939978244
0.39617430628940004	0.8713840604740491
0.3799929427623449	1.0061943496809225
0.3708463187343342	1.0143081797674243
0.332468244273041	1.1369486807327929
0.3127677306637578	1.1589909852086622
0.3801608730536304	0.9848406737719263
0.36028837320718216	1.023426892875407
0.38965857752696237	0.910081646826809
0.40376029659435203	0.8837558350411637
0.3459731194582546	1.0709067385642808
0.35733186365409014	0.9826522917158558
0.45805902819791594	0.780683760903896
0.4692090740710193	0.7544318890364865
0.4221561140937297	0.9266699476467026
0.46160630638055805	0.8220303507646828
0.36894590415815404	0.9429214350201276
0.36457952907945035	1.099004482987528
0.3533175695841138	1.1162035223983662
0.3569193959415747	1.0406536889802436
0.42558482984544815	0.837328973565307
0.4665445721588481	0.7823286262698551
0.47643671637672536	0.6760765462863473
0.4918021627894072	0.7243776207481782
0.44715814208000226	0.9550672657221098
0.2620383349707001	1.2600354162885308
0.34101231260780474	1.0940147519609429
0.4671423032520991	0.7736871697764958
0.3926423770033925	1.0238336619844766
0.3806036191988172	1.0537185024019555
0.4467189227969792	0.9538972819273248
0.46431081632629667	0.8329657440072468
0.428070186914734	0.9593650450430036
0.4440127407618383	0.9354995196661287
0.2958240318992591	1.0751602505199394
0.36867299477266346	1.0254180152052559
0.39896548184006203	0.9272855193613889
0.4025116102205631	0.8598740479061431
0.3599798633889588	1.0989908370787087
0.3588845771219439	0.9429317080339152
0.5012621795620575	0.6112824925771069
0.40275450764391	0.9845460380917773
0.5265251657032197	0.705429043736015
0.3201157858355039	1.1569682367657745
0.3711297726373662	1.0881495040708975
0.40119564211612124	0.9241311050543823
0.34333231507500356	1.0997314975634551
0.30672281152314695	1.149415544816656
0.3662591803455023	1.021203243311807
0.4005974313466864	0.9793545191937193
0.29327376098493324	0.8823990167528017
0.3747197483854801	1.070306248140083
0.3803093364896303	1.0646949436790196
0.3860272546895119	1.0320131852871497
0.39044727140332935	1.0112193298992465
0.40520952055334764	0.8466200623195506
0.3743907400995436	1.05737466374628
0.419281676596809	0.8863390138306952
0.35763732336809406	0.9867498353054389
0.3628475711034512	1.0780254652874433
0.3362504031676971	1.091420920928492
0.35704565701770763	1.0115080584984864
0.3618463597012846	1.067765103952883
0.4406275705910296	0.9315417879371013
0.4596775534619699	0.9081279729850719
0.38838921837157925	0.9470716946503465
0.34870089304299506	1.0986945591427557
0.29900746033921816	0.9587918248652849
0.2871174224511775	1.1320756211638612
0.4689053472128853	0.802266144093569
0.24453495760162205	1.0792246197537025
0.4642253781428753	0.8940119014178375
0.34597515322187	0.9668992095033189
0.4253435982130755	0.8082003793162155
0.3548270600986439	1.0861697824851055
0.34379623094625467	1.0309517986745895
0.4493137279643893	0.9369049469928987
0.39815495900695697	1.011457033403608
0.4395284990913773	0.7535396318616846
0.3718005828547828	0.919212349593368
0.3662751360213982	1.0919253736275563
0.4097272740876806	0.9739427166785071
0.23974403313754283	1.1611869842180362
0.35424384508299406	1.1019020178609997
0.42413539057392347	0.9269555335862164
0.3430141273731373	1.1118783143542297
0.2867245818455442	1.2298350675210523
0.370080041340203	0.9547588693104183
0.3497577731822931	1.1036594398456263
0.2861640911835923	0.921435561431093
0.4399094409854183	0.8768175588084888
0.43217230968867415	0.8583731536981467
0.3538424431687311	0.9792020547431298
0.38022281832388577	1.003238548990009
0.3676564488150159	1.0588841367322936
0.44914647830752863	0.6838526175607998
0.2800524261517762	1.1415954469301015
0.37427416951862946	1.0691425518656557
0.3177799604951235	1.17298717148246
0.3442078802776188	1.1265763202820989
0.37309367203556787	1.0588492532404712
0.46685372305665657	0.8858627225379516
0.41759816037436154	0.9837864552568326
0.33885748944012317	1.1287052165857545
0.3917674185916937	1.0013682754340785
0.36388883801229915	1.066166514465317
0.3956863306339234	1.015237919049511
0.37148521189426653	1.0538999065963508
0.39798299814137494	0.9798278074795067
0.37878022750246615	1.0512877623708574
0.352534399111042	1.0718887950811282
0.34705696294284977	1.0944303868746008
0.400943188660403	0.946619380316446
0.371800509887673	0.9487602971089677
0.3535103255213324	0.9919601698849732
0.4578615948640719	0.7824042193633862
0.49018421167143117	0.8733056956452501
0.33118857644686994	1.0629323784260705
0.3610320126353822	0.9954013537357935
0.3897752533899763	0.9651574176634075
0.44756234224607794	0.793624703371901
0.36001293451261895	1.0233180890782996
0.35972724500894565	1.088445462010894
0.408704256938126	1.0135777993313553
0.38862789474687714	1.0129089965902307
0.48961976985396016	0.8799331079603696
0.35331028100160483	1.0957713906814124
0.2895910193305621	0.8569886643359353
0.3537760538721122	1.109316889461386
0.45419570616423904	0.9167732890584063
0.2314532383726711	1.0556263152055458
0.4296455529240762	0.7593672810478559
0.3287841934035559	1.0694230413641246
0.4271274135998859	0.9736643916247236
0.4032562056716873	0.8889124645726403
0.36746419815234244	1.0953151177589544
0.3386050585343122	1.1025063152856578
0.41936045735260596	0.8228401136054766
0.3990828350747579	1.0075585519031456
0.3697080239580331	1.0808399501091337
0.34438306143947134	1.1059904600125212
0.405151686761599	1.0110291994525
0.3238007037314428	1.0301969316917101
0.39614989536858625	0.911484398056878
0.3624071138113589	1.0411198146946075
0.2385079530457012	1.1049361292300466
0.31833817276575493	1.1653497760972877
0.43667470738165737	0.906942338915179
0.3826825262113726	1.0424886552103214
0.35500492755915564	1.0298091389088935
0.5110243026898861	0.6230104147595977
0.4007596469174468	0.8603347416313016
0.37913081540720917	1.0451871011074507
0.3955084631671809	0.9406269804132126
0.3426277714590376	1.0366627604488117
0.5022709843473149	0.8612920574180809
0.4638395979331218	0.7304780383174602
0.37700754007414383	1.0568907078317018
0.3416937548842095	1.0737626961267561
0.3594392977810625	0.9680328829866562
0.3626995446803565	1.0074452920252068
0.3725273646413873	0.9423558520752553
0.4116014615930753	0.8363704507413712
0.28765232685183795	0.9524535023312545
0.3533517547791508	1.0164130131630764
0.3842375927826445	1.0171987508006086
0.348624640039696	1.0442519256287914
0.2607009891367376	1.1984448757497819
0.36767623368560454	1.0926449553911588
0.33758163858971085	1.0087204060423465
0.4369236167430321	0.7132586933945819
0.35539134098513336	1.109371648625301
0.44415614695010747	0.9031854958332056
0.3675192964987617	1.049852447331301
0.47957423250102343	0.8571205699759177
0.2726803366349375	1.1473907024831893
0.3838593367812851	0.9888986036020757
0.32275953502169796	1.1407877505841182
0.38443210916998904	1.058473220018501
0.4299756074018296	0.9762443217171017
0.36165654408173104	1.096186144676565
0.46249612999955025	0.8622718028478726
0.505346915887461	0.8561654114057323
0.3816351675137376	0.9694756900789998
0.4077624767345686	1.001723452933361
0.4571593112697222	0.8709185044440193
0.38058049754284884	0.9730923887190517
0.5023960445804818	0.8519733771447868
0.3622624053913304	0.9656765931367252
0.4605614251688183	0.8171866759137383
0.29036630229150573	1.193524089631174
0.36921230838505176	1.0668639697235205
0.3534223067947613	1.1032954445779857
0.2714900295033612	1.2605147443269744
0.37431768465288806	1.0698323885927006
0.4605278535914138	0.8466883846169496
0.3631149731802598	1.0723543797757085
0.26107379211479737	1.128225266799204
0.40100106688094417	0.9715625834706625
0.5051081556930591	0.7097227884641785
0.4130849635957764	0.9746487274370101
0.3813716341636077	1.0267042617557933
0.4533061083149253	0.8430709633920124
0.2992367502187216	1.2116213210653002
0.3447680290964403	0.9464317058122507
0.3989373359504756	0.8552112793620464
0.3486606980529173	1.1115488143732892
0.4584934952705097	0.8394677395545305
0.39096613500418037	1.0458587217452204
0.35381493583915824	1.113947898321967
0.4346565207177045	0.7572163016188351
0.3931800531366701	0.9660010536502891
0.415665008352476	0.9663131082328198
0.3811232328213408	1.0509339648776337
0.31605397952482145	1.1484086063251548
0.40349350858150024	0.9761128368895983
0.3056113097132055	1.197860049586007
0.37347804558522035	0.9432382272776482
0.3898590494642204	0.950115303717584
0.37105192757478367	1.064031692492841
0.4613503202444921	0.8613455893818599
0.3905620217831806	1.0247371529731728
0.38858999712098363	0.9471640355073717
0.35698034407444074	1.0939041725341037
0.40238294577124006	1.0316739795844385
0.373075121126349	1.010357479102777
0.35953364470685373	1.1015202341720718
0.425651148498344	0.8577706825643282
0.3056611055059978	1.1925526324898428
0.39801043240277206	1.0088198993622195
0.34308012053152476	1.1104666406477897
0.5264858193565053	0.6418818831563532
0.28600429636764296	1.0358301505592071
0.39812721047644284	0.9637019432822836
0.4673638647206622	0.8643439023713012
0.4045967831238647	1.013418235567587
0.36766966011320923	1.0898898800320476
0.47245695266397975	0.9025305489938513
0.36927717146851535	0.9965202811180773
0.4402660543421897	0.9478040516740762
0.3516260598798115	1.0457449002912742
0.3491323863546706	0.9917635485107048
0.36583169155758644	1.0241853753197603
0.5232367570920149	0.6924020158037505
0.42052299627845824	0.8714311248204483
0.37969180786644885	1.058837938014027
0.36682812290350936	0.9677068129349133
0.4773683805621116	0.7680284111194504
0.3670353065260267	1.0801890293243501
0.5017959568944982	0.6221110450067805
0.36787238648742693	1.0880470516608276
0.4264711389663699	0.9531187871659488
0.3533061389272373	1.116409893831989
0.3995312602048393	0.8253951096938358
0.37174330123559035	0.8883991939591481
0.33679629924764803	1.0180316124820072
0.4258218550501614	0.8918136008664956
0.3061333569210361	1.1263738184219638
0.3076969315434857	1.1429228616053988
0.2909174686801036	1.014121527590568
0.5210819971990349	0.5563036250155271
0.44531048504767856	0.8493691036541526
0.3641910075281492	1.0708303245168835
0.39228035875578476	0.8794489686341298
0.48889822679149153	0.6771924635221858
0.40801636659169416	1.0025327953858565
0.42130818530012004	0.8201456081210161
0.38929909606800095	1.0426770633125413
0.49239662384241106	0.8086262838590088
0.371177892675794	1.066278927208108
0.37709396241829907	1.0273580054600844
0.4666133298387539	0.8285858867568051
0.39491154328271955	0.9035721758538213
0.47539488422461906	0.7031913203853151
0.4255564757586403	0.8657231570419364
0.3501991052276375	1.0152642426601644
0.3567994291948113	1.016787199290452
0.3575116471940447	1.108831145773301
0.33851001774580763	1.075961428203008
0.3020673118568215	1.1543618702833816
0.4422784872412718	0.714019709513513
0.3918301358592206	0.9086242816402367
0.3950706335882089	1.0088657335169986
0.28233848765569397	1.1646743190710511
0.40595378758905554	0.9186234069172629
0.3501707275196617	1.1050232956273347
0.3295438424458788	1.1304599563454971
0.41249595165004166	0.9775807324032918
0.40811846130380236	0.9516684799811527
0.42050824031422507	0.8829023222872822
0.37539684621190866	1.0592882165967419
0.41930671578685363	0.8469744333957934
0.31463006467724597	1.162243194975038
0.340961205903231	1.1202652264040354
0.39507503456321424	0.9840391286771208
0.3820186129598783	0.9602603401019683
0.4057314793547548	0.9494445340874874
0.4096170563609664	0.9794826411921087
0.44100336256750794	0.7360243330660954
0.29071552100318204	1.1630363246596909
0.3410474155336125	1.1114262834568116
0.35913667521836085	1.0891898232781976
0.4192294503156243	0.8367077548443878
0.3426146428461253	1.106798184477309
0.27512900596296763	1.2169598143231901
0.28429054872625503	1.2246146263228452
0.28141246755584126	1.2081049017851573
0.34332391008972385	0.9918196339902786
0.48027703236462765	0.7445109155539763
0.41135258245941475	0.9001184522523693
0.4936877522405038	0.708247870338673
0.4623086689946217	0.8763193736435145
0.4477985011459605	0.8747370166609262
0.3646554754244852	1.0758335985992877
0.3958029927995327	1.0097814364911528
0.3416364655399099	0.9756491811317278
0.3105949042011427	1.1538843686353577
0.27096241330967136	1.221510901251647
0.4408020697486833	0.7332507860775556
0.28348204278423045	1.1871542133742827
0.2213775759707902	0.8909544048344729
0.47992649436007784	0.853287688944642
0.30633991528288546	1.1679466991645229
0.4240747156618418	0.913109627000368
0.5085249320127008	0.625133532504081
0.39890457131756607	0.8827026286632356
0.41030417880309955	0.9830146247280773
0.3662799897652214	1.0728344528489122
0.362575064773351	0.9422658206331125
0.3417290690535323	1.1121172213268542
0.39131247901864713	1.0340799431464371
0.37025137387028517	1.0856848256199212
0.34827025181743615	1.0725955087040215
0.446281907429839	0.8591768105767679
0.4594155951368443	0.7859248443241162
0.2684998002290615	1.131803234265835
0.3525344481581721	1.1032368766864633
0.40706519349850584	0.8456153688207454
0.3365996976095153	1.1051981670513464
0.4959044933676832	0.7477200806280418
0.3288820974125567	1.108885084118941
0.4659334768226147	0.8414687691535048
0.487481827694873	0.6259157361132326
0.36871404755278325	0.9526378013693545
0.33063758032036605	0.9932715764610045
0.3650834269983807	1.0562046688745852
0.4114959429306734	0.9461730708528415
0.3947158331100445	1.0426141814888548
0.24382320313220665	1.1806911844053833
0.36775583399055656	1.0779667576292837
0.40682079482748545	0.8185867322056485
0.45598684471448886	0.8169155385583166
0.37337260191350796	1.028907440743356
0.37682980430234914	1.0563420713840401
0.4355606104986321	0.7626695535561251
0.4676015059079018	0.8048907255673874
0.31032171875907827	1.1917190567809235
0.47013649193606	0.8631928307108785
0.2917010821398816	1.1522982728941016
0.25864568606277194	1.1942556854361246
0.4674482505267072	0.7674384303716635
0.3725548237954153	1.0185564297142946
0.4149569100064643	0.9050309658257392
0.24051089136997247	1.1740181126411153
0.3897974618374531	0.9085714401037847
0.3560111461531501	0.9754010045001502
0.37550457055246533	0.9579451177709808
0.43781334648046155	0.921488471403206
0.422509273090592	0.9766712867078275
0.3981151593680088	1.0073287756079694
0.3707995017986018	0.9947718503370366
0.3830673829368155	0.9535843654995267
0.3195931517598833	0.9537583137054306
0.38785059127270355	1.0253944517787008
0.40795614198980645	0.9817650191850562
0.48763820032096367	0.6762827992625031
0.4058753531606824	1.000534035520185
0.40322022465467844	1.0224905400044442
0.40992023403977457	0.8106315860870608
0.36788259270305224	1.0782253380350935
0.3660904272527817	1.0473866363099622
0.4973786320237942	0.6684531095219469
0.36757498467617256	1.0212854820343162
0.4127533518189828	0.9298593108102062
0.3212225466219197	0.9749106983150971
0.49325531462263494	0.663014960088969
0.45615276138165695	0.8556085256777846
0.3823427046287565	1.0515544149737455
0.46490217495428865	0.8508333789875657
0.4387373300843333	0.9642878599352105
0.42556286444563834	0.8239450424121361
0.4249963141551717	0.9152462075835679
0.33079199343275184	1.099228665582347
0.4208804667192029	0.9723186731002395
0.3664750962494138	0.9734983076412423
0.4131409005692589	0.9644692347170828
0.38630990658942804	1.0599244605553335
0.39646751799711066	0.9270314542168234
0.4263291069058745	0.8578110768775623
0.4497821764449213	0.935545486873032
0.38714603388075763	0.9231269151902343
0.3702476500705567	1.0851596359978144
0.3673749008976247	1.0522229005183354
0.37756491553172017	0.931616919451676
0.3729415061766308	0.9973774799532696
0.5130740884753686	0.7435777772570892
0.4113794477743611	0.8647051579375066
0.4333868575413804	0.7810638564791106
0.47531839945688786	0.8858784463322147
0.34469334690981884	0.9690205968052015
0.4146788182892253	0.799699652181118
0.5353893129116951	0.5558256172892734
0.3495841751084517	1.0055986971947464
0.28927996716987664	1.186784490541383
0.3091593483072742	1.041353215067532
0.32104390725085014	1.1602936035375
0.530728678838637	0.6094488218622938
0.4850965587611194	0.8399520399984741
0.40950594698527054	0.808552955927162
0.354075568704311	1.07825880787049
0.29874676736056227	1.1526197769141515
0.29859368203507475	1.0626699870486636
0.42340230448822613	0.9331492957974853
0.2806318775287811	1.2291350207504412
0.29675577844971307	1.1919347612000104
0.35075457361000106	1.0564072337610815
0.32933259263114745	1.1190517310953207
0.4551748150889214	0.8402398461065075
0.33962128211546627	1.0735674802075987
0.4915771625767773	0.820169219452677
