0.002080327103779093	1.5557008070856488
0.0025146329723227828	1.6336527895619133
0.0020348711648298175	1.7188451886685425
0.0021738037389569765	1.5032338597376662
0.001766640891058323	1.7012011278015529
0.002158118102577968	1.6257562762231514
0.0019362373118401088	1.7267065962821353
0.00205884088108011	1.6183719379419579
0.0020219010756489285	1.7095220643459843
0.0020614335114960856	1.4194694891303319
0.0023854695873614796	1.4658505980869796
0.002107081359064548	1.722930533450791
0.0016876547451588231	1.7016639767954043
0.0018272006120775264	1.5844376772457922
0.0012176657237991477	1.1956201771119335
0.002040013954814385	1.5609778397310983
0.002377125923785415	1.7229473701518216
0.0025435790914850992	1.4269594669674488
0.0025741070516985876	1.3985044590386333
0.002236869359938546	1.4571573303474201
0.0020370256444466345	1.6677125743282741
0.002366027679505512	1.4490470780887026
0.00200676466147453	1.7007205967457921
0.0029979409777303127	1.1538220314011993
0.002148462827053304	1.709402079541321
0.0021328487199913297	1.6784963702049895
0.0019164939377841843	1.708064940545823
0.0019395105856769683	1.7239713514644635
0.0026434542028964626	1.4105366554509695
0.002695164147171978	1.3749773711547812
0.00204681970768574	1.5754897328523167
0.0018239130165377975	1.5413534232398898
0.0021528407670102596	1.5384069883403577
0.0025347503293142236	1.6134201322250408
0.0018059052194942505	1.6750319877244246
0.0019225543601161263	1.5931396489057321
0.001508967516589889	1.5557276801137725
0.0026244252245211956	1.4424988346690981
0.002004883093307122	1.6182610088337355
0.002806279141064682	1.7211748809362155
0.0019295468408828773	1.7219256402113343
0.002556324978178103	1.6800787063367733
0.0019783378754320005	1.5452165513652416
0.0023318285808236034	1.5561913653979738
0.002364640183893817	1.7007973214712204
0.0025123225084810723	1.3120016526832083
0.0019864949893062217	1.608980784577905
0.0019423018320884604	1.5615171660332887
0.0018472033782005813	1.6359683643024672
0.0021494230567656687	1.4730279100633192
0.002085455723855189	1.675364099870955
0.0023683592149439173	1.3649294724002856
0.002120604064420407	1.7278723861189045
0.001967410479380948	1.6950723593150416
0.0016545183110151561	1.5856725005350658
0.0018742631108489326	1.598726862607728
0.0025706700878077517	1.6272361833272175
0.0020443914650386742	1.529990687538532
0.0024299224332535087	1.3388321673296915
0.00253034729606007	1.4783305488322092
0.002013685068115952	1.6375965080925146
0.0020946004293336392	1.6593962518642615
0.0021919430192227523	1.6683662757707862
0.0024701877670096364	1.482033617588356
0.002396794717452604	1.6908601617495918
0.001971982337206333	1.6656327397071633
0.0021301214007236847	1.621167417861024
0.002538921114561006	1.33634953192353
0.0020895531670308445	1.6415271889706289
0.0020995676083277047	1.521212398054538
0.002168345825101521	1.5866955516579633
0.002208457307361727	1.4699978586532332
0.002388477795811506	1.7220797813551896
0.002405316060629264	1.608862379052852
0.0019861302658364557	1.5730319327611195
0.001941385723401825	1.5885791911511422
0.0026153425377254303	1.4017081276130425
0.0025760169952853164	1.4473986270948338
0.0024964558830628154	1.5790953878082528
0.0024714039665624478	1.466980679151129
0.002133312508599561	1.632061832345006
0.0020838738125807197	1.6087252048190908
0.0020743505973463074	1.6231218953147908
0.0018684465698436466	1.703799078857867
0.0022070196591890507	1.4240315383258282
0.0026386092564544537	1.5356088075733052
0.00207458743290831	1.549774443887552
0.0025581025242310844	1.6492466705835969
0.002109555541876608	1.4300595649312569
0.0027519556592040728	1.2758201932943218
0.0019113522498183226	1.561299096121831
0.0014802298976258693	1.5047801926202187
0.0012879721846194925	1.429628381378387
0.0017005006230036155	1.7286150227559458
0.0020793618206299113	1.5126920948091644
0.002116323409664033	1.6054630148349815
0.0021502735297578997	1.6465456770139517
0.002118045572646401	1.7047333811778156
0.002260620251259794	1.5652698001187628
0.001864459320073781	1.68150793842128
0.0020192794938416123	1.6957983671102816
0.0023326798427963833	1.6327015483963718
0.0021972444050020164	1.631889733165272
0.0029181666387606588	1.4194977675342975
0.0019040826831840366	1.6279774203644726
0.0021534241306011425	1.6292007323553874
0.0023924758579417986	1.7278151929849201
0.0015413277152605239	1.7031367872093215
0.0025546547621646386	1.6059956651532876
0.0027653123593748084	1.699176910485802
0.002418936145686803	1.621234937729543
0.0016499335422491864	1.6888546101971138
0.002681203648763777	1.2156078564229764
0.0025553353254695508	1.519114743266742
0.00250480103725942	1.3153023369614723
0.0021516759723111097	1.6751752815188532
0.0023871852754092653	1.617134305495893
0.0021126104978615515	1.3290324262865139
0.002685489320370931	1.7012967927442522
0.0020464398961713625	1.6093797517803685
0.0020886004339342517	1.651483054169951
0.002084573305384959	1.4490388651526689
0.0014963620090200427	1.586701002043152
0.0021041195007440103	1.4897877571181035
0.0025298681897471557	1.573389358245159
0.0019884835591217316	1.6957735733695105
0.002551572443725298	1.4453977686963293
0.0016964525964300885	1.6955728032513282
0.0020448605496530318	1.6968774609749144
0.001893775553573987	1.4581786260374296
0.002929584501199584	1.1577928072260306
0.0024720681806388815	1.323494406836657
0.00227170105719043	1.5821645293443611
0.001542014876340734	1.6886533463705615
0.003184487880417395	1.0453642056935728
0.002535493463336082	1.543603590731048
0.002566160529985064	1.6300138458354054
0.0020486744620743878	1.4104753757109056
0.0019282227705245516	1.6955999431227844
0.0019109509371456827	1.5663103281793391
0.0017483515587827442	1.6958882561326116
0.002094998178057136	1.6137264739638262
0.0022280877570339586	1.6766152795285485
0.0019265957495152993	1.6668839619592157
0.002176085306091774	1.6705127042690162
0.0023685799170806085	1.7044958078498191
0.0019907786671443006	1.6816995462505633
0.0018694671832849995	1.7264062437332721
0.0023322706275250888	1.3587017136046682
0.002111378085693751	1.633928985470505
