0.20542258825063678	1.352709396410936
0.19974514582448624	1.38380744057814
0.2692030291625234	1.022736963973259
0.25399500716667894	1.001961584575311
0.2632925865385057	1.1287455504208364
0.21652753776982073	1.304812558077379
0.23976094953323934	1.2243427128741942
0.25255432014228285	0.9685426339068015
0.2535997697021454	1.1407156675621495
0.2558093009739542	1.2889685997010978
0.2534714214957461	1.2778125908724884
0.2208706676261849	1.312791232253394
0.26198460839661614	1.0862872897607434
0.24816244073910232	1.1044504565281115
0.22953017391854652	1.2799062032007273
0.26704684017748764	1.0715767085980916
0.21911705246316993	1.2756271931583933
0.23026451548523955	1.3076676218909946
0.27985696211028127	1.2217833520219157
0.23599616095686024	1.2078811069655608
0.23027586928493546	1.2184708647158882
0.21823606420505814	1.3509536904114532
0.24741468782972387	1.0022067516161133
0.25945867983559023	0.9737690868855369
0.2594583339477006	1.2702230121224938
0.21330570322086814	1.3441091152816174
0.277232562220178	1.2343315764554788
0.2141148908950113	1.347470211436445
0.23053146587702758	1.0749488642428948
0.2473496836806464	1.0667907398130998
0.2794819466610537	0.9095695787107264
0.25796183410378415	1.09490906820826
0.20589712458626575	1.3596817071895573
0.2150242586126784	1.2472659928810148
0.26790021220886945	1.1527750761158362
0.2335280440018906	1.2821401832909967
0.2431208368995163	1.3014273734926474
0.23646801123785133	0.9676706601407428
0.20752286872427633	1.279704614965033
0.1973099693597837	1.374740585651962
0.2573109999793745	1.1148002099787193
0.2248968790983768	1.1106971131282166
0.24228056165349382	1.0571114668422537
0.26588354609679654	1.178907992279267
0.2051933562682365	1.2476769193300778
0.24455829752129388	1.2436740014694405
0.21691794483225682	1.2417527940912065
0.21730088128272304	1.1799724111752516
0.24860771779504154	0.9775026054360467
0.22107794575116074	1.1613677013957389
0.2341329855917024	1.266688115498539
0.21428806013049298	1.3607227070628218
0.2733602412906035	1.1140455243218952
0.2517575279038391	1.1694315397831923
0.23565840785682643	1.3114783773733347
0.23245893918729407	1.0280241457059351
0.26379492592595316	0.9877420868460309
0.19342230698902957	1.3456592484014753
0.20479252773247383	1.3735917240532887
0.2295796897414011	1.2458447612398307
0.23292165244373997	1.1115568343952762
0.25141958168976103	1.149595871085988
0.252193959446987	1.230220498335858
0.28840424851356344	1.0352924765995024
0.284459754540232	1.1219528426172454
0.25797295884873356	1.265172870333829
0.23562675111175763	1.2409595652381271
0.26016570121600674	1.207731472054148
0.23545667817366345	1.1483300021708596
0.22010265442065616	1.3098823970489921
0.24921785099294044	1.2591973970324546
0.20066262565383128	1.3784065175104887
0.25980610371767215	1.2449386253928822
0.25376544515148747	1.1598392952966246
0.2172616041201191	1.2685261958859075
0.26097869494622145	1.0704236583361548
0.22911416388305345	1.3009968287623517
0.22866908227730465	1.332644065998739
0.2356101415814066	1.3171586048608466
0.26108760124860175	1.0538286729781752
0.22434198929648785	1.3219055212715913
0.210401780115795	1.3524480977348934
0.2770148749637616	1.197056798370676
0.22035207930844042	1.1460517018905705
0.2539480129673943	1.0390000559646317
0.2715693556417113	1.0469958487014772
0.23956407956731535	1.1947480852149766
0.19687505060323457	1.3826313153331498
0.29143185204347044	1.0286967427097544
0.24497439538166996	1.1303348888639364
0.19602058155717078	1.3817539554609137
0.23106486505863844	1.329795305928677
0.24143536161435522	1.2997746873244977
0.24294620882652346	1.2745826801141737
0.24454482699171493	1.278337475226186
0.2455211098282555	1.2982403393331299
0.2861116577717704	1.0420764092527028
0.2760130696079809	0.9647323185225063
0.24780907017296527	1.1846679604534511
0.219998325309326	1.2172182027275218
0.22575310289894715	1.3129000917980433
0.24440145381885167	1.0900137310659477
0.19952180338233733	1.331040308637468
0.2607680841000519	0.9843741309889018
0.23357272373981752	1.2674257703647085
0.26719242518775665	1.068806345101485
0.24863694596340086	1.139973315591979
0.2274627335273085	1.1345629236107946
0.19963032383661236	1.3757984138553179
0.2794875558741652	0.923682029979521
0.24196868498367974	1.1577468022870032
0.24145485527017568	1.0474555111151556
0.22234575216854444	1.3054173526260489
0.26097643012092253	1.1558527607215183
0.2412483832110405	1.29202837225872
0.2155041884540804	1.3250668309713478
0.21446014345660622	1.2000651152796205
0.27260932440062324	1.050147392792256
0.23811146890581616	1.255093282526866
0.27228115085103544	1.0195466748045448
0.24707679271474564	1.112840258868471
0.2694580496755396	1.2035309066532554
0.21532155249022839	1.266733199274939
0.19915245830416836	1.343655920287204
0.28872538394549857	1.076195784905103
0.2574987917407025	1.2726988314224208
0.27260801950822994	1.0557799345861514
0.24908376622181613	1.2510009189513955
0.2227131926923351	1.2888035072859871
0.26043238939960217	1.220086747793471
0.2654010465945892	0.954750931539712
0.2034291840647809	1.3077168460715534
0.23784583012331625	1.076290492754624
0.27578977667600557	1.0709241829994929
0.268168785714195	1.1457530601799353
0.27063309998110235	1.0880247455064678
0.2862681002827061	1.0304447309341676
0.22849889341457136	1.1973345796745636
0.26624803065247865	1.2660335261937248
0.20977401588064606	1.3514312530202535
0.21638917696864496	1.2558992841632248
0.2754028300591979	1.0181356121401721
0.24636771396852075	1.1221069810653264
0.24925438102698202	1.281780131452
0.24063499288944215	1.2429292114000123
0.22567850509419987	1.1932752712625598
0.24311826746993548	1.1849964750857251
0.23642198183846735	1.2498326706516882
0.22716381779456513	1.3294852278584441
0.2727861852828102	1.077881204757101
0.23486129722478155	1.1767979928664376
0.21717059456213691	1.3453971995770089
0.2555638419417709	1.2478151184888873
0.218105245300608	1.347499134244011
0.2627472570171554	1.1910772155368783
0.26287482389984873	1.0353395590594106
0.25426900271119973	1.1047876173572468
0.2370579115769103	1.1005927240612676
0.24590724034131017	1.2411220596435966
0.256173910832517	1.2823374721759166
0.21178963116855082	1.3249778019323823
0.2468462373396231	1.2582816079766108
0.21965854601055335	1.1625946697291392
0.21368044397527075	1.2860249599004188
0.2159976259408905	1.1826002589878395
0.2139569968916062	1.334978448379938
0.2389209307454853	1.3120726463947614
0.2768588782005696	1.0332404683272776
0.2463736276300216	1.1574304120313212
0.21498166591424658	1.1997467844876872
0.239713080741439	1.3038305888720545
0.22481418479479323	1.312966736295539
0.2239363188230306	1.287509544723187
0.265535975721319	1.0094148977219206
0.23058188481853578	1.3199632181609346
0.2713854588748986	1.033126362461659
0.25576232087998074	1.1758275915694565
0.22796069101210523	1.286885839304117
0.2720103439690275	1.0848004086739889
0.24463948036123845	1.1725900807377012
0.22458085288709426	1.2042648578126438
0.26520966158897313	0.9300145602559885
0.24644057838693828	1.2672835434588072
0.23557692127640964	1.1960713880314713
0.24970827505647455	1.278646417331282
0.22139463929502043	1.3215835641622518
0.28379269119286227	0.8776499773752329
0.28375278190703435	1.2264539019637009
0.2711234874367347	1.1752341174316827
0.2233865336027198	1.219705214239806
0.276020483488594	0.9784501303004294
0.25216716172084397	1.2102578665002999
0.22743463288683338	1.3024572544901674
0.27804048896555966	1.0724132853553097
0.2176100552219448	1.3481324705993636
0.24509857231913182	1.171942438020479
0.22379728808417101	1.3373552175995962
0.22388385726706894	1.3389589580263845
0.20383895875099525	1.1311324361579864
0.2590054296434867	1.0255996035352404
0.2135841690607339	1.3216536495341513
0.24541161634070432	1.1136852435511742
0.2322097918550491	1.3211235016338496
0.268538486289277	1.1503266037680875
0.2623025933011736	1.1253127818101354
0.22291125776628035	1.2961684349830151
0.2845089336235942	1.228340482602447
0.2668430487248813	0.9886276070205717
0.21556519063758298	1.3497863655144273
0.21664887371918992	1.3483919001617781
0.22779637186888588	1.325150166300873
0.23468349109005482	1.3170509043950833
0.2203073718874186	1.3212056230026317
0.22197956486898188	1.3089653473520309
0.2155232718784076	1.3237205160388954
0.2567511142890578	1.0244667578951636
0.2842776654817685	1.2306347064419385
0.2276329444308779	1.1403847629272055
0.25924549092367505	1.2021164640710076
0.20336263790173878	1.3585244796220117
0.23380959407958532	1.2394073474897351
0.2119348174069373	1.3601470212843543
0.21375613079116176	1.3303120759819005
0.24717756443305175	1.2563196935580507
0.25462530810327283	1.270792314435318
0.23837684285443766	1.2831354268529211
0.2701969609732495	0.971717424644903
0.2154069548213408	1.344840042613221
0.25265299610788033	1.2650411727943849
0.21083550768924647	1.2721300638346453
0.21969058994680343	1.3256041411540709
0.21993278381079298	1.3506854107460138
0.24760847159295946	1.127744992287951
0.2743399198203605	1.137268427923128
0.2754232580471492	1.0736693051096646
0.19401377234110842	1.3824614979395697
0.2066531545063035	1.3061021236624575
0.23537262454778657	1.2427473490655043
0.21068601188595143	1.2234196944420141
0.2564114664432128	1.0401154514859592
0.2594960041024054	1.2814041955737838
0.2160551050945761	1.3359730248555368
0.21592453428839922	1.097455240381263
0.2084888971987972	1.3142209581937876
0.26383786359613337	1.1872262845710346
0.27623178742709736	0.9013711511282517
0.27378763902579134	1.0012651827977843
0.19961379200078105	1.153002572115287
0.23793049289510215	1.226867962872966
0.28633813445731754	1.0525422142188663
0.2851585271287733	1.0593083609691774
0.2734613131282308	0.9735982635816808
0.20196254012401996	1.2832558362829318
0.2090608094824304	1.2481763879724328
0.25884617951414823	1.108195143733782
0.22824795359434197	1.2807515594313823
0.19980607066634212	1.3510259984557533
0.20411012422841335	1.3694321929992068
0.23694946431400557	1.3145700024642086
0.24764569795910682	1.1979230349692824
0.2808002697827141	0.881240973787632
0.19974719163382457	1.3608301816145802
0.2195316889341967	1.3317051864493201
0.2617948972034487	1.0434940324365125
0.23471421172959736	1.2241378442852262
0.21702878176901036	1.3389608217824422
0.3006552748979741	1.0041685309904527
0.23142845876714713	1.2778608462859262
0.2569598355255155	1.239155601098727
0.2703550460411553	1.1273315703509363
0.2555610338643593	0.9927429177905112
0.26193323131684215	1.1864410986030176
0.21474912032973015	1.2387909102880925
0.23810964854620614	1.303071534360878
0.21755207744194244	1.2649193253070747
0.28372292297306734	1.069139511162747
0.23416379528468767	1.1221800884146307
0.21371661078948165	1.348389959505479
0.2357375278228617	1.3120353586844686
0.23249978077954744	1.1249119174216657
0.23592581972454615	1.178704926389036
0.2677614705302313	1.08415783196863
0.21647811808679698	1.1196675581040763
0.2275775273222434	1.2227677193721884
0.23309278721054452	1.203274617198804
0.25183187272861624	1.2381364267799335
0.23973383906741577	1.216135855804244
0.2601995160807907	1.0908859007590777
0.25979238968010115	1.170269569299885
0.25105962942386134	1.248146046015808
0.2217563220250972	1.2868334776114168
0.26729172227378106	1.0386157908202818
0.2049032432918605	1.3489202877572264
0.23459782773461685	1.1144595439793736
0.2745089737559305	1.1914634902047179
0.25123573772001123	1.1945061884858712
0.28316112329966464	1.0802873668925943
0.26091298968679305	1.0702364414196492
0.27975733871554276	0.9081807542069397
0.2202041884017906	1.3340238653072147
0.22714868002025734	1.2923583860882237
0.23371642058432057	1.2441300814037433
0.22629846828992992	1.2360664393290706
0.2336510240753071	1.2543510999848466
0.2243377097286569	1.3250400189163631
0.24665542580998193	1.2702636477859888
0.27478128702429105	1.1333676346652535
0.26896455339945746	1.1378270056603486
0.2420884281893256	1.299615642015362
0.2129328637407924	1.3426561883086503
0.24636696803154037	1.0202614010754827
0.2707963735454605	1.1225148071455444
0.211625233909694	1.3434657315109053
0.21741589355828345	1.1768799290550487
0.20203731064564473	1.3305588654960903
0.24067082186090868	0.9868279129826553
0.2175785414845222	1.2979779905681912
0.21701486504802964	1.2583750043864224
0.25666355106195515	1.2652496418751547
0.22350868390810041	1.3361581028065974
0.24315884418957456	1.215001640580133
0.25381553992226547	1.1776655157404237
0.22648659857048553	1.3260856383208666
0.23425645972160875	1.2978238724392792
0.20783914772333253	1.3017055149966121
0.2951728813608201	1.047947890395965
0.22820824616734894	1.3084876520596778
0.2282628646794767	1.316693418931575
0.24782473893196721	1.0797679119906767
0.23465023381644332	1.3176333330146557
0.20127075234075545	1.3017129812362693
0.2319453418728648	1.268573154697767
0.20385644672065292	1.3209140061065756
0.2332718416579484	1.1332803097299073
0.26102622578461027	1.1726070279471332
0.21952030715934354	1.314669703383479
0.23360566905509017	1.305315508162566
0.23947842682631015	1.3043532485470126
0.2537602547103046	1.1820168520798944
0.21766633802691115	1.2224869289546358
0.2388391801222128	1.2217456009235517
0.22798354814935984	1.3364287425147143
0.22530987282837753	1.2416471331417243
0.2606154915191735	1.1549621353619668
0.2709717971756923	1.1914054573069353
0.2503265795045045	1.1580187045160804
0.20549226675299725	1.2544563953662462
0.25028443975276643	1.272715694151874
0.25178359887383867	1.281925564390523
0.2065764881516926	1.3654983997692574
0.20270134909871165	1.3803776217942567
0.2740764890870519	1.0971323432755982
0.20252820083300424	1.3016143663054662
0.24521536817002876	1.1218275913541491
0.2575730513557161	1.1442569830865317
0.21460918154748462	1.3265102135665876
0.28042807920231644	1.054809347466051
0.25307299433845787	1.209909222462145
0.21120880036031756	1.3496980508994239
0.26942204613545817	1.215675749792883
0.24333195290277343	0.9290632863628097
0.2464107489386492	1.0253126226353875
0.23120032414262484	1.3132685558918649
0.22291700232967418	1.2804643556551993
0.2239733394843093	1.3259646313617897
0.2784769826466038	1.1334491443671886
0.20460812581274568	1.3180542093950531
0.25531494106878616	1.2543879144739554
0.27372464736668994	1.176416821042074
0.2457266924030746	1.2763040359074442
0.28332278372932973	0.8395251284822309
0.245154216570372	1.2028739365894823
0.19659498728112196	1.3238315327311883
0.2197027040830111	1.2922907799140928
0.2025932762368157	1.3345793857184485
0.2519311518700574	1.1430506421338105
0.22111302679866598	1.3362765645578853
0.2650126030060385	1.0389660961079714
0.2469770743044681	1.1946006336028023
0.26931251911558224	1.195236593074041
0.24388800283120782	1.26265096281349
0.20367781223882628	1.3071157170681686
0.25291875269384795	1.2182353128310672
0.24196237438387913	1.2248920935585357
0.27099868587483367	1.1038787759187227
0.2196820559747187	1.2214455985677555
0.27237802309967607	1.0334727656660294
0.23602750894738322	1.2474272326784022
0.2510363846498651	0.9924874568354353
0.24704795650345515	1.2623756642336215
0.29169576157097077	0.832809146642036
0.25853248825590275	0.9709465531759075
0.22799618975393918	1.208183653936214
0.2360012352690778	1.3037225019511087
0.2734733207550735	1.246728112344693
0.2504045282859093	1.1090364717444634
0.23429246094119732	1.3070498822912382
0.24580759704592045	1.0637550434516523
0.22930129363975651	1.1872321164842725
0.2114442781115652	1.3562739980276772
0.31014167165475487	0.9879600829203673
0.21100856371394688	1.3182357844517
0.22528090444574322	1.2458118890380707
0.23099530311678035	1.2540373148093065
0.26603679583020984	1.1215315047624066
0.2330984741653711	1.3191059761332036
0.2095486266240657	1.3431225686763728
0.22477226835284356	1.3212326154806442
0.2171136978464269	1.2863442345844622
0.2510676486376882	1.1574467410747018
0.21787034666777386	1.2723457754378082
0.20154291995263296	1.3821116911030904
0.2511856979262409	0.9113241439899759
0.25476689111065765	1.230195744908149
0.20955310830974633	1.1199071050398333
0.22946716703544795	1.0683931866210148
0.21170939078565534	1.3156403725440233
0.21063548378146085	1.3497691064525026
0.24804211487769623	1.2818694615186612
0.21349064374376206	1.330957256945547
0.23361170132795	1.3151346718713914
0.259650770981847	1.1895559939564477
0.22637097554700383	1.190492212794811
0.2208927342870149	1.2587465847689974
0.22234286229744887	1.3144820450351353
0.2587935342871123	1.0570043182311024
0.2575297861360856	1.162193137605512
0.27406652817366495	1.014018434617781
0.27263570134609905	1.0601434742134792
0.2041407981060762	1.3342475080115153
0.21524451102398892	1.32838591164129
0.22579689222731925	1.1815284378713633
0.1993910883553486	1.3739722644943162
0.2236589211735348	1.1742040666847486
0.21445611416692972	1.2948944946322387
0.20726466483692843	1.367736839051992
0.24458085341899743	1.2829082465377037
0.24607072661515195	1.2819780513081147
0.2555143300914608	1.1529911556453771
0.26791473742559985	1.0628507994967233
0.27705856947758	1.0943996897137869
0.2356690394057407	1.308856609310575
0.2345334700693808	1.2230212667568803
0.24712147067672968	1.2887915585569
0.20378784232347083	1.3790314111710955
0.21667505002274132	1.2654468188463301
0.2770392304312341	0.97656241721783
0.2103722211991852	1.1676634299080921
0.21064973068146797	1.1669586083223469
0.20104043888834447	1.3618685290080985
0.21050638375507588	1.2899761029967278
0.21034175050136272	1.2248370452431048
0.2718058389818637	1.0341556571504698
0.24052801332841353	1.217822277339022
0.24266336126255963	1.1758195068086574
0.21246669188538536	1.3198727299920074
0.27203381144649	1.1147276700483282
0.19998636875528053	1.3762426496081916
0.20922336557081878	1.3480201388885473
0.2385035756722534	1.311610463492681
0.25559971327056624	1.1181159677834827
0.24781946010812061	1.2149737510538854
0.2171732468425282	1.262304239258609
0.2052579641350537	1.240317488107542
0.22633637544167584	1.042907139637891
0.21471370251765548	1.299287882283108
0.2263899429349492	1.2310426152243732
0.24985759498354537	1.199423209363537
0.24019153241579236	1.2689339098254138
0.27447638984909994	1.07667538917245
0.27278527266287184	1.188962702655751
0.21696939046225963	1.3208950371201702
0.2544833159624549	1.0833375985800167
0.2294579218277162	1.3038892906078718
0.2050629137082987	1.37520754516272
0.2550299412354539	1.2011674859388366
0.22559607316642993	1.2554996629093806
0.2537571808086424	1.1109547396051827
0.2278710479447018	1.302086549756436
0.26046381092934134	1.1550767286887997
0.228352952505173	1.1449162786100322
0.21218976720468363	1.3459091472636353
0.2239505417264915	1.32523145996928
0.2355289419329492	1.2595923863851375
0.2078373352011898	1.3624364564736386
0.24329071836013028	1.2533305489662538
0.27112237750469254	1.2515702531033346
0.2204903196119386	1.337686129173524
0.2372000289288673	1.2699573659594832
0.2617121785846317	1.0955512420553968
0.21493194581799951	1.1394322049267531
0.24658575653656054	1.2622866725378348
0.262291616565526	1.142809163665188
0.26064509994698226	1.2052205155619053
0.2738483374020106	1.079550433443861
0.21141594911367825	1.3491373782309806
0.26645091188885284	1.1792362433475037
0.24610993782337637	1.2759068947680412
0.26030343406403034	1.2148398864035725
0.28399353098273544	0.8693268333904183
0.27367711556041924	1.1500431240277442
0.273564785138889	1.1026546156160995
0.26195453133108026	0.9288380089538323
0.2134821651796921	1.3289796429008507
0.23006775663665235	1.2130841686788543
0.263317103726098	1.0375772585708927
0.22861213004995704	1.2904825287095187
0.20199280766211292	1.368846046311802
0.22944624946765996	1.0717703111602703
0.275926411261552	1.1368616608386926
0.22834453658255327	1.3330550121296678
0.28968581688690387	1.0562619639321018
0.272525956375124	1.0631134360046772
0.29907415860772113	1.2027765454863475
0.25153377735316723	1.206966479864257
0.2137316869758011	1.3485664072770893
0.2104791179444204	1.340452982069469
0.20812078556543773	1.366197718442452
0.2202984428904194	1.327983535415941
0.22696184102022604	1.287543097027566
0.2117843051340127	1.34754220612127
0.27195666330221424	0.9875115067988565
0.2872400547680622	0.8277890970869506
0.26488838466914805	1.0424096186178664
0.2128645984239428	1.3044082455309194
0.23856788943122437	1.2738395403084883
0.27572595320829624	1.1131608072081698
0.240434025793176	1.3118316606252338
0.23799660225461805	1.2149204143137482
0.2304387801155061	1.237126531260812
0.24136534542128785	1.2250861782648053
0.19381546492467197	1.2071781018219405
0.21948918685768715	1.3385881800044945
0.21434672434818358	1.2845774805902268
0.2677226788922877	1.0223136021412604
0.2908498490005193	0.8207925040774816
0.20598951994999218	1.3730327398363638
0.24924803075062374	1.0654180936855786
0.259304083301004	1.1781705737346406
0.28965011104123856	0.8276809787581564
0.2827861157210739	0.8807195523471226
0.20199251186046532	1.364878794806544
0.20855049807328546	1.3109382103624663
0.24931355294741536	1.1664861597849627
0.2272356947952313	1.32182756868762
0.27381571669804683	1.146511501475355
0.25963497206989655	1.1571028944006219
0.24555460107563884	1.2798177225270462
0.23878818500817336	1.2179534313765141
0.28750963808635543	0.8485892174947508
0.23583490743014635	1.3112597247274147
0.24076667311915542	1.3133500038558044
0.23424835481345435	1.30857263891067
0.23599700221176784	1.289342117831262
0.2610026895515878	1.1703359825321322
0.22048528233150297	1.2177748954360403
0.22995552153088464	1.2353452037271337
0.23414050722143423	1.3136853040743333
0.21603258172874146	1.3138601068407953
0.2571877705376496	1.1530102834206777
0.2550795679473917	1.1963310254860797
0.24313334812783324	1.1850297719389813
0.2713810499177984	1.2097401413356461
0.24016805063103758	1.2778716251426403
0.2283114375460108	1.1953223421185295
0.2336724101615355	1.133497819842359
0.24789484520095117	1.0585944498605264
0.21463182412770612	1.3398692061766775
0.2821841536708294	0.889020854000983
0.25897700209220276	1.0274975894360219
0.274408513772589	1.230810024625514
0.23567207486313962	1.077771971604627
0.22176278935292001	1.1367604577927901
0.21317448306607376	1.3292011209285852
0.1958418099972781	1.2998837948220276
0.21392805629873793	1.3124397536930763
0.273202499352583	1.069732612502353
0.2246691584551545	1.3349711040544685
0.2702115886217734	1.2057816477011767
0.2259381781774401	1.2787170979984
0.23609969079907528	1.2468490517753423
0.26284344387453595	1.0452034261343068
0.26261652409972924	1.1301114484463488
0.2444115695636035	1.2977227335325539
0.22535670793074694	1.3367696611737123
0.1948586743139113	1.3688130229730846
0.2501730291205624	1.2278522496958173
0.2642540200387649	1.1390498858821423
0.21683892218373005	1.3057591692786183
0.26128289124538934	1.2235382729246747
0.23997807570684274	1.2590906738657592
0.21412007736580302	1.3177674993801674
0.24511857911686652	1.1926488122453351
0.27884565795336524	0.9377251480688877
0.22451311692199347	1.296340343600538
0.20774270219676177	1.2054290838304107
0.2746150455822223	0.9649176922085646
0.21078604441795162	1.349849772888621
0.24699716556426127	1.099493353421562
0.2677321472661637	1.2149458126561525
0.24795876569660338	1.2804564154626814
0.22191723475617936	1.3122251311104787
0.20495554158801882	1.2898397534403818
0.19906326105263597	1.3224403470131252
0.24580148650808947	1.002754008555553
0.22418111995865678	1.3386195933342375
0.22808653903419276	1.191219794238048
0.2755151676946874	0.9507181772501646
0.28991631823780545	1.2204690435614771
0.2555733355993811	1.1242143678508527
0.24255947096247651	1.2902277617870055
0.23119559586500318	1.2893470464178938
0.23220838068487812	1.2983731392698172
0.22332675349191633	1.2948424927235727
0.2763277104715129	1.1838589694852293
0.2659418877774392	1.0851325849834224
0.25728554939845116	1.1601316371656214
0.2726085963022242	1.0373609333668834
0.26924353576746163	1.1698638462169004
0.2755845280312425	0.8612658093533814
0.21377434014930163	1.3324019944642536
0.2624231196543552	1.1478951980721688
0.23016517727451333	1.3070584273383918
0.21101489998151135	1.3255279778583753
0.22628401084875807	1.1612141350059741
0.30513094811392427	0.7392144954945996
0.2302555137067427	1.2500853111094863
0.2414503201008135	1.2562825721412811
0.26917829344070526	1.0759379667612972
