0.13340460354483555	1.4778883011467747
0.14556811032117337	1.3193768426790236
0.1173023204328697	1.4720415449794895
0.14755501055503892	1.4721259018158626
0.13795660460168202	1.289070055907414
0.14955284010636147	1.4199209187247377
0.13000275621520735	1.4730898317244132
0.12318330923336057	1.3471914658440192
0.14059437288983878	1.3940249321891622
0.13518258284769427	1.1971830329378326
0.13524917215389423	1.4687247308719644
0.13019181551664777	1.436013623249688
0.15327230592392002	1.1476698440315722
0.14829930544610712	1.4396840076349915
0.14789462458349983	1.4637039703639299
0.12640262097554245	1.420765354109867
0.1287186332582736	1.4647943239434769
0.1178100312769368	1.4805401979247752
0.1198432112054947	1.5164016760986012
0.14141660745224263	1.3564870957682984
0.11358971234314455	1.4150281995256035
0.12299310263485264	1.4708222082307683
0.141951321610586	1.264161655704135
0.15032025865101806	1.3191224099955106
0.13987042289974264	1.4688392181802365
0.12369098770112646	1.435399034748333
0.13792941115583127	1.2566507761225436
0.15420184430445263	1.2093785107948243
0.15434604464290397	1.3720851210013716
0.1318815913884198	1.5003181957352272
0.12785468298597022	1.393844637467289
0.1554724110900645	1.3367694753039094
0.15094501894752183	1.3348596897585256
0.11907574410634623	1.499889711250829
0.15573735608235242	1.4303976320583796
0.13834994647527862	1.4742512878651035
0.12032403051279954	1.4951084012526872
0.15438303127718433	1.3549946701134268
0.14523352363777506	1.1171682655321051
0.14798719252305537	1.2404606422074096
0.11303725478644068	1.2839181525247416
0.15741841492608552	1.4278319078989028
0.1345046105414669	1.4915215075765658
0.14182504572668336	1.4143209598786006
0.12421532860454887	1.492960021070703
0.1629546579020458	1.4297882196677385
0.15168520650795947	1.256652654965914
0.13607990273296688	1.4047708861631465
0.1263932279961534	1.4862191043531348
0.13804390514688752	1.2604015512972016
0.1319670460120188	1.4986075771300857
0.11381844660030745	1.3879994021626103
0.1573924130777462	1.2651891739599823
0.15250485073469666	1.3388708851061668
0.12523574013682212	1.3757713113006291
0.1438971081943558	1.4003162744189
0.1352152616768426	1.4741656503354104
0.124724279319464	1.4323429566473878
0.12851794563166852	1.4693958526777653
0.11896119140468718	1.5098639699230172
0.14721175042517648	1.36586416830054
0.14133967805533854	1.3676528680232165
0.1540258426035651	1.3255170869840356
0.14490694794526682	1.2073626161465163
0.1401561215846286	1.3687854013125038
0.14913667905204167	1.3383369493096893
0.15340551896425245	1.0776413765774864
0.1421297009841439	1.1167689895755806
0.15474378728640226	1.3446077865663795
0.12855467523889003	1.456450375434542
0.11247232891715342	1.5314411281015223
0.1506517952441756	1.2907530175581203
0.12528928622361904	1.3150975409748575
0.12180101822174466	1.5022837477157809
0.14311354582885935	1.3224524570439031
0.13883455180900073	1.4445933651249625
0.139592409348858	1.4182032773288005
0.13185970856208862	1.328163815691489
0.15231306619294857	1.243565860571416
0.15768705634698782	1.2519189747509363
0.12072205848247822	1.3353233731537966
0.14019475760597647	1.2304246079225456
0.12035914929395496	1.5101081268605723
0.12785478465941438	1.4217372172185614
0.10738830541022255	1.3835924086851399
0.15472448570862007	1.1032399162304174
0.1383423704428696	1.3742814568093675
0.13013685501836386	1.4360032778088714
0.13640996724389035	1.3619682607952919
0.13811565543418797	1.4495454064376778
0.13567101479823443	1.167851874404053
0.1145830533744115	1.3561648786879512
0.14816167561822152	1.3450502392369255
0.12198735635271887	1.4544079837057857
0.1480451442003119	1.2416916710897148
0.11193101715058722	1.5269447527421358
0.1549765574930335	1.393778539955576
0.13824734977463565	1.473976367254249
0.13759878465847578	1.3210724515958054
0.11671190765642551	1.4656162688966754
0.12483365293573588	1.3665440089647318
0.1524767353711383	1.1749465913137698
0.15341807079666725	1.1310239311179502
0.15588331753726903	1.1227250377068332
0.14534223175220118	1.4041859792932665
0.12407046911374651	1.432946699700159
0.12172626696836668	1.5147977989390369
0.13971752921117114	1.1455853304290526
0.11963992058526175	1.4426901320015655
0.14471916991228712	1.324864884732504
0.11373666758090416	1.358849788492873
0.13066741982165583	1.3700133274849369
0.14958733876421831	1.1531608741478516
0.14341244188199234	1.1117828730473744
0.135618438684474	1.4767175029430568
0.12506792368258093	1.360874949544177
0.13477402480256562	1.1292690869995057
0.1341432639690957	1.474142065788429
0.1333237457024971	1.4873717849270456
0.1396004291150571	1.1594181331850713
0.11316298350080936	1.4612718499607287
0.1606331043209636	1.252271112810005
0.15346134254626684	1.1700345280127429
0.13947418025792976	1.1515367154562364
0.14299952399704055	1.340873774557059
0.12680023350335826	1.1661391131959695
0.12899136837768252	1.4087515691024317
0.12878140746960476	1.4601841152226052
0.11739762115987505	1.5170384534522845
0.11153404376000131	1.503906560720597
0.13703138482633118	1.305650615098648
0.130832541002884	1.4160212249814788
0.14159401488626477	1.4344705980014538
0.1480607920189513	1.3447266769037904
0.1114417111759846	1.5267593659563425
0.1198636774156683	1.4892947732502493
0.14021222122546023	1.4499068285881156
0.13934126785332873	1.4833176608448395
0.11692430513949517	1.362658705894517
0.1406347001009813	1.3527891874260334
0.15290578155227924	1.2875945124093542
0.15048185694319496	1.2004346738383345
0.13532889850888546	1.4154817247057045
0.14059051357185817	1.4741291811840709
0.15939586492651017	1.0487946178140162
0.12533406398011074	1.4988943655973925
0.1223386632431023	1.3058633706830274
0.13247483446764455	1.2963636371472738
0.15553982607137937	1.2612736448650672
0.12862447620835785	1.3880956719245592
0.1468289882065508	1.4169118743841214
0.1546415718308936	1.1490769857831868
0.11200580647453452	1.5301611913563145
0.12873062498548657	1.4463613785026086
0.11500074279363125	1.509298205543396
0.14387602347980422	1.0537852717826854
0.10837608486664392	1.4435651518983508
0.12422572117068491	1.4484999940419372
0.1394247410634444	1.421107502337482
0.156971176567075	1.0829367868473527
0.13438867661100973	1.1464315991860183
0.15631992016830776	1.2632504022021753
0.14526056971308982	1.1740558163942085
0.13622564320743616	1.449340625413369
0.13877361393462861	1.2808695578869673
0.1272236943412305	1.3065886693719477
0.12453842476880927	1.4024132341197926
0.11116638097390232	1.5030729774020055
0.1390357147423182	1.4437335670079787
0.1189318563314012	1.355741430914158
0.15590378864872478	1.066968289189154
0.13244769108266427	1.4198715335129348
0.15379343368809414	1.1704389715592267
0.1214541742149624	1.4842023097005503
0.11419431369650337	1.4861248297342655
0.14147265395409012	1.4012888484229102
0.12586766848011752	1.327233933113758
0.13955788874388325	1.459329334001195
0.12851817877792057	1.469108034667899
0.13913475773932604	1.4125458401445938
0.14208383375070088	1.221952452101022
0.15173598155229856	1.4411207750959063
0.11777448347113792	1.4848955084691238
0.1392496042002721	1.2046331048329306
0.12643650163714407	1.4789119433662865
0.14066382498025987	1.18936769618494
0.14427806737248144	1.1600501955075369
0.13210469125902824	1.4356855865319482
0.13179374062953012	1.4959978398083185
0.12882752215644555	1.4672927444215582
0.13941710060254175	1.358988926976795
0.15339276611538746	1.172220570652093
0.12491276384813627	1.3655282256807773
0.12658755281665515	1.4569017272728129
0.15591304188033456	1.3862108204947217
0.11595682053742352	1.4457271572279127
0.1437107870970414	1.479772281952294
0.1484304292047194	1.23730614250568
0.13384386508425497	1.3999622444641986
0.13937892727223206	1.3089426505370219
0.14019318849089404	1.2183061495396912
0.12436678408137843	1.3977129566704303
0.12177195330252313	1.383875405811613
0.15414656919057537	1.4376245929484037
0.15531391364619	1.4145345065780277
0.12780892546824044	1.2561518596551953
0.15448078519745229	1.264870388594717
0.13619664981197563	1.456917859482411
0.1495399896400768	1.4302550244384153
0.12430391423168986	1.5068861327072076
0.1300827089946936	1.3125502419586232
0.12584795407083854	1.4777376116748195
0.124225289400554	1.4538943855606106
0.11055663883381127	1.5205065826679758
0.12337601177771605	1.3702551375987033
0.13090620658055294	1.4917402055158835
0.1493059763846035	1.3482250877783795
0.13414209071237213	1.483224447054534
0.1557922053467859	1.2020381428742166
0.13900077536652125	1.3747451709302778
0.1253023970777623	1.3923755933682598
0.16517240584419116	1.1930204614366695
0.1652203490275932	1.26612341236115
0.14777959679456334	1.3623089715901537
0.15763991085002796	1.2039214476952074
0.1346150994130702	1.471538961107457
0.14174595777494212	1.262343499926136
0.14012985836110797	1.3422789928498113
0.11992958240562226	1.468095562105876
0.1397995131918483	1.424221602162671
0.14548948654720642	1.4726264678263752
0.13648499248647367	1.4853239132534846
0.11510267164321904	1.4902671719863188
0.13258984898517476	1.4623074562418337
0.12350732232837372	1.3405913748290061
0.12468072662831818	1.3842722829284133
0.13582101872463448	1.452003736282716
0.14727621248862688	1.1705009008463207
0.1419410659363428	1.3068825172849672
0.11914923028356282	1.5167659355708367
0.15592642026719006	1.3601211450870059
0.14541977473504608	1.3122522784956479
0.12917259872966735	1.4347625088200036
0.1438925887926037	1.4462387738108058
0.14575056701956574	1.4003815628476777
0.1161036083986217	1.4263256130859239
0.12242891460258294	1.507521102784487
0.13585267836812137	1.4512378167211706
0.14788573879396916	1.1886519896501682
0.11667899138727691	1.5197863519363337
0.15663724037710341	1.0666693951666983
0.1362764526546584	1.3451119445026603
0.11997031908229289	1.496184083480697
0.13562596884666933	1.4269313621061652
0.14057786966708857	1.3655249123543378
0.12814784618532676	1.4265010269446516
0.13644810896570755	1.411876078619493
0.12161581459913144	1.494519023724472
0.12586969899167189	1.4992749637575238
0.15247758947264514	1.418210689725181
0.1435980645874694	1.3212060144293352
0.13236951112038828	1.424777359870013
0.15212917563140343	1.2526622209007394
0.12449797547818571	1.2799763911126287
0.1417351078452727	1.4856593668408165
0.1421553089954636	1.216610769026587
0.13154349297085113	1.42535252981144
0.1283395079551557	1.5057941407875473
0.15783873995068223	1.1388002340553023
0.1457732828329149	1.3071926844456474
0.11774520997636172	1.384466606452595
0.12875928159999467	1.358998133826209
0.12131392977771882	1.4264266451585166
0.16037160481067195	1.2118627888839342
0.12620948595827744	1.4955849050460537
0.11887419815720342	1.2562374339708693
0.14270684752180596	1.4042678124667656
0.1445801120788422	1.4673748358966834
0.13419768503596352	1.482043110334365
0.1301392719923769	1.4037430997410627
0.12383670509052014	1.4850469323918474
0.15381324037131175	1.2654513345705456
0.14750024065675332	1.2994297362331633
0.13994995372600247	1.3732455983221696
0.12979920166859935	1.3279197187066194
0.15704396478673407	1.212059979972604
0.15394708653503644	1.147625444897515
0.14283670461482453	1.3178424433113465
0.1609114518046812	0.971663584597973
0.12969759974198183	1.4006445966588448
0.1435952860353016	1.3901741675785952
0.1325516851401269	1.4753114864274888
0.14628253377746817	1.1521436876364968
0.12892779170740876	1.492208721702343
0.11663398694511826	1.5270084788051075
0.1489396275712943	1.2056083173877217
0.1498895971923507	1.4243555593976325
0.12688687752619837	1.5060263135834877
0.13767217805869456	1.452508755081964
0.1349074417898517	1.1631424342912413
0.13011637877836232	1.3482365940547298
0.1277266701429453	1.4863274964212736
0.16986451491739504	1.4251016824680498
0.1293698704942924	1.3256030489644282
0.11408690129040978	1.4745327102993067
0.13951836037753595	1.4480831595719206
0.1464743031908023	1.2924698524555085
0.12395866787694779	1.398142022561717
0.12474006746631627	1.5040544692985383
0.12056109928480414	1.5088952876336972
0.1418412436467437	1.042626171172571
0.12104716031106452	1.4091835444410639
0.11423033311246399	1.3729737183937412
0.12790820825341065	1.4638031047995772
0.1375018957048909	1.473492126750135
0.1327038832336856	1.3930258349110223
0.15510054378921076	1.316139100849704
0.11732632637545973	1.5113758382472195
0.14123145902342402	1.2760695239342414
0.1455923330051823	1.2721942043992196
0.1405701301155069	1.476110070030518
0.15850496910552772	1.1976331468153276
0.14506754870637079	1.3618263824667198
0.14092389007575715	1.4519363428862155
0.12695523051619967	1.4851892588995161
0.11956564014704706	1.493707182648898
0.1401368463538643	1.4061315863770538
0.13512162375800388	1.4133496046826182
0.12358907218229773	1.4479316554292148
0.1465593312755075	1.4000948219474785
0.11381392371718171	1.4739911955374718
0.1389495163924377	1.3867759208352237
0.14493805499209553	1.3542275352852517
0.13854092587199177	1.3501871407690373
0.13976637601950723	1.4898724031870632
0.1369074938304686	1.4672906185376955
0.1414987772807626	1.4723406143598945
0.13726013045632574	1.4754316580752356
0.1153046853379584	1.5125876488517371
0.1605757380597776	1.4397665808742708
0.11486939091115014	1.416122961197257
0.12559192047831425	1.5005646328167337
0.12580044604051735	1.4892475883414507
0.13096683643964965	1.2193100103856604
0.13878210126363064	1.4379031221873866
0.15440045277829093	1.334163659719773
0.12895152928522058	1.50745557115146
0.13345581785491412	1.378235951687804
0.12221122675111645	1.484434333080824
0.14773289322464836	1.334505060540825
0.14008933518863173	1.2626396598877316
0.12160182208204358	1.4754254473078035
0.1427714378821295	1.3216785789426784
0.14897728788232095	1.4686980981937978
0.16217674346456787	1.2118574842773884
0.1532828315168271	1.1624438044475838
0.11391766413535266	1.4622069865808605
0.15381765395593391	1.3073557276222476
0.14975358848598366	1.4265319690054776
0.11636896867251466	1.5097979680376092
0.1196763274233502	1.4934165664114725
0.1417654091187271	1.3047068905685053
0.15862774527232446	1.4562646003725135
0.1356499699181072	1.4449703881228628
0.1505588864862315	1.0583623477174713
0.12357850910393012	1.4801533982611803
0.12656254212059215	1.4391339333977122
0.15464464718649323	1.405895826144691
0.14005362504679542	1.435858002400756
0.13279506559549706	1.2670910602974756
0.1560170539427885	1.1049146664839062
0.12389118087190765	1.2720367327853808
0.1362133472416855	1.3776085412663486
0.12338357434535814	1.371973309644031
0.1434148144320553	1.39146899823341
0.12823460405683157	1.4529826840568447
0.13935498987966813	1.4245180810421447
0.12647216626454238	1.3544275555827927
0.11713458545447722	1.4449111789213738
0.1118990294361362	1.4558073881467875
0.11762906776774062	1.5262186607294035
0.14223224661119913	1.4546498178659033
0.11444949894035605	1.330563996293539
0.12331000609404051	1.4906340617967957
0.13991101307651585	1.4807930437223082
0.15472632039229828	1.4465209516062492
0.1541355134181095	1.1999728835430663
0.14584286021396847	1.270868253219236
0.13786241857270057	1.3977935398349741
0.15275197303888535	1.2072671528248202
0.11246621932128566	1.4363862763821038
0.12170675357745304	1.4750880553074965
0.15565646427584945	1.0886554041568968
0.15020816076988505	1.4149089817357627
0.13332939972501956	1.4838853645708387
0.12792432477484345	1.4511773764907907
0.12046606718404124	1.465792475420269
0.1370628825705332	1.3018971677459406
0.1213233153592825	1.4066760491564003
0.1532389642556367	1.1500616781799367
0.12756902480449342	1.4652363184988284
0.11423562637003389	1.4957192827125252
0.15686296969908461	1.127840518976014
0.16088508810521188	0.998979442517284
0.14195371366794005	1.416569680744805
0.14393223344574743	1.3458594778508213
0.14822853450219184	1.3833659103838944
0.13173453419423098	1.291938418679976
0.153452101002107	1.1191367638052043
0.12003460052268902	1.5014447682487426
0.13995278058782926	1.3703827777188335
0.13523817937877772	1.4838525865734946
0.13330692824787976	1.4837662891855388
0.15554867888711602	1.4576982642056322
0.14262357420434418	1.1679264562752287
0.12695382496982446	1.4612464981492226
0.1592111602541582	1.1204675792832464
0.1123729732039747	1.4167675122375627
0.11402174004776142	1.4797310206409668
0.1369909765576569	1.34278589407636
0.12999153513069	1.4119729406492967
0.12288660421993525	1.390724579903883
0.1572329935198255	1.429141736486907
0.13523121602086324	1.4675753467629247
0.1540850572027363	1.3997578278895597
0.14963705574182037	1.4413752255599261
0.12309837783270276	1.459811184861307
0.16171045729148079	1.4272394477825943
0.13133125596454148	1.4236016198036734
0.1487701261910413	1.2329840316863585
0.1573486956262372	1.0510881240403176
0.15512069276690604	1.439322687765386
0.14923916666179346	1.3085245725182666
0.14044112468460082	1.3386861336916898
0.15894324852343408	1.3288419340073432
0.12874334753406766	1.4047749282303474
0.14816469916762795	1.3974160434969538
0.11893066017820478	1.5109282886541613
0.1537524595427212	1.2950351116137924
0.15634892994703917	1.4568944084403732
0.13268860244269537	1.4909040140235568
0.14219793125271568	1.2620713586301082
0.11948228861053957	1.5032742873397609
0.12602022699505427	1.4639847540905722
0.14202462909599284	1.2888028483135459
0.12771369295169058	1.5090868265108996
0.13685991103797268	1.46453555067851
0.1539326720482423	1.3035933558841937
0.15703961655827853	1.3649011096256412
0.1463334511109174	1.3253666823786892
0.13640650673485108	1.3707575093152187
0.1370911893902041	1.3448975042021
0.1203332696286044	1.269031586851314
0.14431054867249923	1.403233598572825
0.12166067091740934	1.4224003546332833
0.15450729459309484	1.0641497276405838
0.13102682553140152	1.4378460872558787
0.14188987532963	1.357540010153626
0.14639674545473005	1.1948703632550273
0.1334274055496519	1.2558249803942734
0.12257467336369539	1.5114476249818458
0.13410428711343733	1.3626408892478863
0.16033909297104268	1.4329038777690442
0.13983685618807343	1.3919333055946874
0.11429954065312611	1.407074609771064
0.15306870431019567	1.2883069864919725
0.1563457823274358	1.0503572579668763
0.14026570068995595	1.4439478842498523
0.12243120588285594	1.4319365007979608
0.13853366555652208	1.3606350406982082
0.14980205592662074	1.404798984641884
0.1542501492863443	1.4047189016156993
0.152373924522761	1.174670450947072
0.14789113673438384	1.2934908828847984
0.1452743034623235	1.4717470254704335
0.15237323353870263	1.3336521278263744
0.15869266244513602	1.4514850703848852
0.11053996262168132	1.505873409267773
0.14982690968287568	1.3465872478518541
0.1305795793605955	1.4345394818894375
0.13722427709027757	1.4753931661462785
0.12378187853487668	1.4986465009448506
0.1396088803361614	1.392894655345096
0.13506311810189847	1.3911270296711395
0.1631155064193069	1.2823352147880338
0.1300960579000886	1.4793618081068731
0.141975160469426	1.4315186061538774
0.15348196962817845	1.2597865889966062
0.13257599984137655	1.497575451876167
0.1578460391644474	1.3590780298110696
0.15320853108341614	1.3535258471619096
0.12922483595927234	1.4122158076414764
0.1420337738714694	1.3762971115017342
0.14164260400300077	1.4290072642318643
0.12016338202219527	1.505610952101872
0.1384096695717103	1.4031812542804967
0.15337456522346932	1.3392162758424384
0.11583563237043072	1.496454126539148
0.14444852423823754	1.355969029008187
0.1392828084932708	1.3086452230942018
0.15946305192180354	1.0018197920121164
0.1272428466552093	1.351259627259496
0.15681789659905787	1.278248814521159
0.15507401634322712	1.1600901745152807
0.1474964269407376	1.3207547453451332
0.12956449852666288	1.4640414790970473
0.13075887047998355	1.4971656516214327
0.15354044884561932	1.1966741430431656
0.1274198995089713	1.3388961391256513
0.11266838724255859	1.5141716208718694
0.1422650590465761	1.4314873922221456
0.13696281912482497	1.4745362321191378
0.12523359380779697	1.4690280707568935
0.12110841528947376	1.4674037599092764
0.12871877973234644	1.480825215732414
0.14765550690530552	1.3831383444968797
0.1547956803116836	1.1126629943451023
0.13912456686589061	1.3766609298101407
0.11277625003175308	1.3145317003139352
0.12673248232407086	1.496024840819251
0.1190592264875117	1.4932513003992227
0.1409268580280276	1.4607386941118974
0.13649743437247727	1.2276454532248375
0.15575111855860982	1.3981873594118486
0.11233690513727716	1.4066003728965604
0.11723126907629293	1.523185248804626
0.12930617444134737	1.4690937607806593
0.1555956362353422	1.4393439186099073
0.11491195827679512	1.3554953396549272
0.16121389440365608	1.240329671230411
0.13977891207678428	1.4645787632999183
0.15393635098782546	1.1313044977598192
0.15518826262353203	1.438292423945005
0.1360092867926739	1.4899558978072964
0.11594431749036196	1.5074819239291384
0.15140011929939085	1.4007873407847002
0.1617582997617669	1.2606771469982132
0.1390859447695111	1.1698468808479934
0.1393886376480517	1.4416378355023918
0.1531304823148063	1.4636227250933782
0.11215041475030475	1.5304225407389658
0.14652312903704812	1.3958695155577956
0.15267200414900267	1.3214684957935066
0.12001335696184588	1.4270682630912956
0.1359677262852913	1.473202663638315
0.12595385546324375	1.334116221570332
0.12870526085897604	1.3929121292742497
0.13678028843755785	1.3353270436409563
0.11795171217786089	1.5152051262423152
0.12286965119085046	1.4702719883560156
0.1312278010362312	1.380248739187158
0.12116847340630707	1.496489461474214
0.12406129047150244	1.5069836610980318
0.15714568572468676	1.0921600636758297
0.12262299816112582	1.3379129410854258
0.13841092884681735	1.4116757976304726
0.15104781842241782	1.0677201489098305
0.10955433319700272	1.533645578671457
0.1269400326307373	1.4856303947161442
0.12497491684684815	1.3966174435123087
0.12218638360822834	1.4375674134657528
0.12667954062592196	1.199855603371645
0.12529074844655327	1.2753391918071246
0.13595124998384403	1.4289966878488367
0.13513913659446575	1.4400666186895021
0.13171815134555298	1.45590000772957
0.15592712970654557	1.2092340064371163
0.11398966005269427	1.4746679919170758
0.14901546488185707	1.2690160924133704
0.13320639923532915	1.4263541104374653
0.1405557667710268	1.4579537166506558
0.15188014781223075	1.3062474654115266
0.12323861780257762	1.496415559266517
0.12393298184976663	1.5151764780541945
0.15664684881985017	1.4036142681533943
0.15200563911447096	1.380268681144582
0.1549409977795097	1.4128989446748892
0.12667186001140737	1.4820268760246667
0.12928818593318903	1.497894007573009
0.14502178039567107	1.35990914231965
0.14880934263261325	1.311542504476158
0.13298272791602472	1.3641058639423138
0.13031507510302467	1.2592168908271588
0.14169188863633783	1.3322095771358298
0.13657404388364364	1.4277777698288925
0.14063117514816428	1.387468669517434
0.12371079803316766	1.4512468387230473
0.11630351656241114	1.5093913414309945
0.12039049001515276	1.4952066401381234
0.15373547733126106	1.1387916301512289
0.11807669469134711	1.4146222880458572
0.15242320160529224	1.191462272770126
0.13741200696415395	1.2207761127245584
0.1508328325855673	1.3686847996030047
0.15445604780422073	1.0934748691595908
0.1256387792492585	1.3829577526400652
0.1282358541466216	1.4532819598462545
0.11932268557251847	1.4343509127116079
0.14897556811431126	1.106240684831868
0.14585701187857777	1.4525997316788666
0.14015713238239044	1.419767826409029
0.14825482704329015	1.425969628974821
0.13789577795223862	1.2679706869339882
0.12314296887879655	1.3552244683967096
0.15358916402279874	1.186368166847571
0.14872794106212486	1.4722856735463545
0.14694399543217612	1.2736793614436457
0.1517207219310691	1.340750965610249
0.1545009192568218	1.2730275311976926
0.1394316418601396	1.3809757553611113
0.15433274274736877	1.3453757461640203
0.139656160660231	1.1561697669331314
0.14158312225601022	1.2414535153961839
0.14744121930715443	1.2107494244238368
