0.6505680505617468	0.5583562082338157
0.65726054265834	0.5546439303867459
0.6162913174886546	0.6581610474931366
0.5706844706212421	0.7426494765704252
0.7114854349904675	0.38747407541309753
0.5528679292145489	0.7666343046775095
0.5677967422996583	0.744390064994996
0.6591899532139622	0.4922113028013486
0.676974799546754	0.5214326781996398
0.647528357629372	0.6014704842774404
0.5530906590673462	0.6834213000098076
0.6680321142069711	0.501631906849602
0.5991373242975	0.6415446346229254
0.7244741370709376	0.46571593906894393
0.749362633593266	0.38054430284516083
0.5255479084250669	0.8059208391861334
0.7019907056904342	0.43083023094354966
0.6574230571261256	0.5239844376578124
0.6047754234146399	0.6459070198558523
0.5584322527949902	0.738268106619468
0.6148812099704166	0.662194308081208
0.5226723142406352	0.7900651897268142
0.6751479166555835	0.518592735510708
0.6673284705623401	0.4930560104999818
0.6622966749485101	0.5058981511865145
0.5306357323428741	0.7850483670754427
0.6269117278015969	0.6454199371766215
0.6385756068166328	0.6042558610999553
0.5547663047756634	0.6440578667447892
0.6026336403557294	0.6469442517226812
0.5412919614026331	0.7923645401787724
0.6699043123910883	0.5308531031540937
0.6167624485869514	0.6607652169185234
0.6540062448333072	0.5836962510738091
0.5757919153286583	0.7068489007001623
0.5698495296918714	0.7304589460376124
0.6338892263024655	0.6159972419272641
0.669241730960115	0.4872188315475439
0.6333635481628187	0.6295950521936096
0.6998252395309399	0.4134487013172872
0.6350246380698125	0.61167433658264
0.5239010163820392	0.6762538343965374
0.6442152467275677	0.5989799259017052
0.5606525561366043	0.6691720606848753
0.7004167384964698	0.445265938171333
0.7665902348370514	0.34437133132053416
0.6794181781860195	0.5179395405451688
0.6015645027381167	0.6728068115350945
0.6283169402579607	0.49359905785319524
0.6112632907379729	0.667927418284858
0.5845959309588666	0.7012742708788304
0.6427553087686	0.5312337715446122
0.5189319509892497	0.7889659765909236
0.622603766224248	0.5940848852037985
0.5306006237572068	0.696572402337613
0.6182502148197336	0.6116791361327711
0.5508717416808113	0.7635324809118149
0.6569399693257704	0.5259432440489302
0.501635501200291	0.8269905300510245
0.7064320650075765	0.38950392336824974
0.5990036707675495	0.6550574830713413
0.6343016326528828	0.6214507115186605
0.6653903023360581	0.5621872133967307
0.6273675834771532	0.5729416167853483
0.5811245550795755	0.6505473278876391
0.5810936802613571	0.7238955975241383
0.5170982984213396	0.7518675051179875
0.6996283081388935	0.37968748354227255
0.6814145310094123	0.5063482110265759
0.6788364072782427	0.5067844446141112
0.6259023164341263	0.5744205690702866
0.5805406717309154	0.6894356594905477
0.5776059413856925	0.6852806956363444
0.49613677734192935	0.7674595977398331
0.7152910779909354	0.4804493310705428
0.6004458391689685	0.6190989978450636
0.5603782311453799	0.7582660624286042
0.6456367861112642	0.5773048225943936
0.6176992599938868	0.6379566522364609
0.576050360676928	0.7197342538133049
0.6183022205460903	0.6532690572250125
0.6196513800990079	0.5945891579388971
0.552167069324093	0.7533326391111462
0.5854455645865416	0.7095656158185141
0.7030974093021433	0.40025497674470245
0.6292727607301918	0.5693234201954573
0.5304746088226523	0.7440849327465243
0.5290610968416233	0.782503646409688
0.6614612425677296	0.548909505441338
0.5346901090195656	0.7693431974058124
0.6403299625809795	0.5655851080407814
0.5484233623137799	0.7306177738206057
0.6780199321767411	0.4774190608424205
0.7510363600571524	0.2964965186390597
0.5826006799171703	0.6075603125838114
0.5956404200878402	0.6732871276806129
0.5528185809179856	0.7704425165049401
0.5505304538196207	0.7309669186936033
0.6888056735990377	0.440025686485295
0.6169560388949795	0.644213288569901
0.6586963827452986	0.500259057136932
0.6011886649018781	0.6322822094719696
0.6987311364693057	0.466651034719375
0.5958503251964569	0.6845553763937046
0.6740446070316042	0.47063164380747724
0.5809693060709952	0.7212043700241761
0.5465810885761123	0.7392582544399326
0.6143936202436309	0.5776699599667047
0.673984110532936	0.5290471285383712
0.7613112566170157	0.2712857282964913
0.7083172897594745	0.39924344819952673
0.5829675647823943	0.7064988155847445
0.6071844131537645	0.5753097131034994
0.5705403463942249	0.6957758661390041
0.5621746288275972	0.7416287977247944
0.6247005703712899	0.6405874111344976
0.5799270889659063	0.6288173941981345
0.6148961173091994	0.6183194530597848
0.7248721730140726	0.3331812032539537
0.7081167896606352	0.5017502917487415
0.585217133470948	0.7086097427677831
0.6666844094756378	0.5541443821594163
0.5329745030802832	0.8064301834217025
0.6610673224266065	0.5110063944562405
0.6479986454776481	0.4960271093564674
0.6405508295080067	0.5563413080223343
0.7684779333693676	0.25104991637394736
0.6147865914398993	0.6507622112004553
0.6622106749292103	0.5393403128809426
0.6763764313885513	0.4578444373952038
0.6474758964609405	0.5294798834247187
0.5260497863343503	0.7290114542291228
0.6979656712120528	0.4062680316271996
0.6359816111655768	0.5245460254340129
0.6848897138416381	0.45374404891065934
0.6307232209054893	0.5087610176500311
0.7094984914988848	0.4410882938191605
0.6756963599469923	0.4450815031811285
0.6162127577277394	0.6125643646193967
0.6134603804525903	0.5786619701327765
0.5310333086526776	0.7842624963370035
0.7127661790546189	0.4116855243650846
0.6783649273847292	0.49645502128159114
0.6927578493232667	0.4279661760958191
0.6649104051815795	0.5274621933467376
0.6414879801526344	0.5503677425357227
0.6846633963361344	0.4877866049047984
0.7368402158470025	0.313250128821185
0.7008631393181973	0.498779713714358
0.5553648554301147	0.7462087794090998
0.6044893935696188	0.6485078098874566
0.710113590583159	0.49416330126565916
0.6607432109487108	0.556100194713571
0.5557603520808422	0.7651424483827916
0.6003646798948612	0.6600417324427734
0.5590198166746336	0.7473466107260098
0.7489673087913454	0.30626820829267154
0.5273042715212097	0.7975543071174479
0.5325055155886492	0.8071986959688409
0.5918981348899474	0.6791266155259957
0.652889427511571	0.515953964853497
0.650142872419256	0.5085615588186316
0.588395729482265	0.6905695795237056
0.5623365710208202	0.673575907714248
0.5033629859180216	0.8579191074689226
0.5359362125606145	0.7318758822437159
0.5484420062946928	0.7683292452679531
0.5817967526356376	0.6198688295535996
0.6401368050936169	0.5059749955456042
0.5767356763347138	0.6692896904903637
0.5303463954909133	0.8010680201677121
0.5841636049769682	0.6905300231839543
0.6451833465936678	0.4585796689329178
0.681871200660691	0.42266240733171423
0.5773519781587632	0.7191418202076509
0.5120434342897194	0.8163808039199609
0.7584498840545716	0.2791223335671389
0.6946564614028696	0.46275669753630594
0.7003873912821391	0.5077227745545128
0.6814142018198844	0.49231902283543294
0.571249149562514	0.6734382918516263
0.6226631703973113	0.6088195607056883
0.5195363994463922	0.8199576323771245
0.6528364942634587	0.5602689582948446
0.668688286798442	0.5420413352814342
0.5789781841835362	0.7038501029138406
0.5486344737873134	0.6582704548758217
0.6519548251461609	0.5676008968842411
0.5728212218019414	0.6495703120613833
0.601159626892239	0.6351241213841845
0.615358476747163	0.6578611801474614
0.5711299590971076	0.6823265500199659
0.7150582398322898	0.3542870639274703
0.5881470445842383	0.6276695294989094
0.6111432813804736	0.6469293230472306
0.5659279796761272	0.7504890896354532
0.5956963622927175	0.5473794139881584
0.6400780937869399	0.570743822556855
0.5750858760292327	0.6737530329420545
0.7006806020858288	0.5089185920536723
0.557724541418918	0.7513271292027566
0.6393965823103578	0.6061627365011726
0.5318157888453341	0.7680890380666585
0.5588166024744734	0.6917597301663932
0.6882859674166499	0.4784536183206787
0.7438513692342256	0.38564227549597635
0.7025123993947976	0.43223708015390544
0.6092148513864143	0.6604340134365372
0.6499510665422762	0.5691862358128139
0.6998530751727688	0.45111398218000315
0.6584903083510901	0.5152672884393682
0.5635389680509593	0.7237451265804612
0.6562306459622596	0.5570128792416831
0.6837294290785709	0.4425945495557101
0.6928192998126365	0.45734568036333373
0.6325609848454178	0.5755329808541003
0.5943769393346776	0.6786577981300553
0.7301950581247767	0.3891582483805375
0.6810375033899186	0.4401114031682949
0.7630439127688434	0.35089798525172433
0.5582295816379308	0.738496988384058
0.7101803739446646	0.437306116586439
0.5669865686454766	0.7497034780170792
0.5598155449369998	0.7586923148709882
0.6265927308168067	0.5835146170551462
0.718467995680441	0.42882027418397795
0.6100102046951192	0.6367458039837259
0.5375917516850756	0.6736902877173836
0.5794628538589609	0.5667921253983588
0.6518770284393314	0.4694884680084713
0.6374375457277975	0.48439087878926845
0.6131187141541639	0.6215735938975152
0.6081788344386059	0.5057096049784979
0.5596945726432424	0.7360584029932797
0.6653587081242839	0.5326582921136207
0.6094346244366718	0.5320409116757445
0.5258094865717181	0.7453445107488209
0.719107385373181	0.44636318673481995
0.645876066439759	0.5850762983644004
0.7120919797297939	0.3729860460527565
0.545240347718982	0.7594479111940532
0.6598818466742674	0.5779316436544771
0.542313600616527	0.7687600267811219
0.6849023150169398	0.45189770195837087
0.5283295895525768	0.7868795946044536
0.6535509762618589	0.5544132682407585
0.6681621999946648	0.5090761479740927
0.506855050027288	0.8391621859393809
0.5677967888635753	0.6861068866727136
0.5965063018080877	0.673696530192158
0.6587942076468319	0.5620379187143199
0.7203817977336551	0.4372678147632427
0.7002832618158754	0.504276801440326
0.6611006480271617	0.5248938774203932
0.5889861769528233	0.6218816141150745
0.5735149122275925	0.6664274178804239
0.6747059126646443	0.5195125964643438
0.6587750559831933	0.46969515678422746
0.7133367266990982	0.37246147973682886
0.704085448882261	0.41484609421136975
0.5279886761987548	0.8037748783841693
0.6092655688592707	0.6436453990695858
0.7071376268435245	0.43935606481875
0.7589946351233187	0.36133420903820224
0.5540146722876998	0.7580025953575072
0.5405947665773441	0.7653539030501006
0.7150608512291764	0.4760609003122826
0.7282947757831132	0.401934101495556
0.6699363652170901	0.5051421365720173
0.5853765049827269	0.6918943731678853
0.6435903319099712	0.5914491001035951
0.5895014591379338	0.6863878341594307
0.5355801191226811	0.7937923256764181
0.6930228233828729	0.39569165258413586
0.5559451055355056	0.7568305559162928
0.5853054177696998	0.714820762029579
0.5838584238662018	0.7186457287659977
0.6208380449328141	0.6321840098608782
0.6767010933231551	0.4867409231528055
0.6364720231500444	0.5719361057671998
0.7026360746119475	0.42378839292305437
0.6275478007953816	0.6051604070154301
0.5871022127287552	0.7113396923690908
0.5485423682890658	0.7441540576341439
0.7131853477860698	0.3512013786492495
0.6110939886006301	0.6523025769248323
0.7187927765966451	0.40721857995942545
0.6557056323936991	0.563792125321829
0.6787195645915529	0.40264609258341133
0.5810711957125182	0.716440842808034
0.6567538187712293	0.5848001379402361
0.6213830533142461	0.5852779567258841
0.67272748328965	0.5205719503347839
0.6514776779653458	0.43156305974643816
0.499374001654673	0.8463249925031251
0.5577451633817121	0.7043681977486165
0.6949854204583642	0.4413892367157276
0.7020011509147476	0.4393400662526047
0.5514512519319693	0.6435990972433988
0.6341544276761899	0.5921430232843372
0.5583006349607098	0.7199929985765945
0.624541835548409	0.4946438961108125
0.5888679945858042	0.6787150845093017
0.7251139011824399	0.43266149843863044
0.6267468493057241	0.5591497894915651
0.6675715836463267	0.465853587605644
0.687495876495245	0.38500906312037997
0.7164575813197039	0.4312655964248779
0.5806910001125823	0.7142841055950133
0.5308395847899506	0.8105857850001015
0.6551405844830789	0.5930872478139368
0.6238194959461721	0.5912151979284522
0.5270662018747868	0.754269003639381
0.7334859459234301	0.4606784979607035
0.5225956444725025	0.8245658168084878
0.50602984688533	0.8400752705277235
0.5416693132753783	0.7866802413215968
0.6517623768058708	0.5687606744406677
0.7292162184903371	0.46496520883758374
0.6975671849070589	0.5187321990004582
0.721814174055754	0.47475835981150594
0.5924979911474864	0.6271944502756415
0.7002865831466483	0.4391892035638626
0.5975935271882105	0.6882821146482736
0.5862871506342409	0.6969907006648988
0.5255420880050953	0.812398637800855
0.5521641002083539	0.7549775190733115
0.5205913254789142	0.8222334569263443
0.6660553911805892	0.5141651895206498
0.6917793094567595	0.47208175271343256
0.6993192884468513	0.40436354552050546
0.5517980094977035	0.7678458595812488
0.5496031046225238	0.7740352741269874
0.5956706293025782	0.6999190117435891
0.5458656977769121	0.7694002403132827
0.5424001817288524	0.7390871645574497
0.6952087425174712	0.48954322676436124
0.7027489576033277	0.45208534137601014
0.7072739977717454	0.3853072919372614
0.6388205580715931	0.5681973947945088
0.6890210680677152	0.444733538052794
0.5744409505791981	0.6192139714468522
0.561649491491389	0.6485749582207461
0.5919187657382888	0.6708091659014781
0.5995071067653185	0.6533111306548339
0.6272103132729132	0.5641638936513287
0.5507761277791627	0.7494823207977714
0.6912236548342618	0.47004823305161425
0.5434244848596309	0.7322897371578514
0.6147923868789936	0.5713795565985393
0.5523365316700801	0.7544490645348931
0.5588530061675971	0.6189219654153536
0.7005239083266029	0.5003804661441613
0.524944232802013	0.8222785604586678
0.5223548332364482	0.8054889462877859
0.6048474554225014	0.678436738465753
0.5784147893805172	0.6324019041278712
0.6650084070047823	0.5645346053792264
0.5574425159075543	0.6918402267876657
0.5659745185753047	0.7258300523086987
0.535967840565524	0.7166501696571395
0.6891697908430933	0.4584800366689338
0.714386491110645	0.4874717786176516
0.6317791367773384	0.6260085532083439
0.5621475538280507	0.694852851705085
0.5591571713558474	0.7541647621684776
0.5705779817692679	0.7276171417455038
0.6993795576118927	0.3802711890616396
0.6908691630117739	0.5062241771683765
0.522688472835857	0.8059904296843465
0.6135030877875822	0.5296360902791507
0.5921348918401872	0.6636381448714188
0.7480624039751783	0.3863498490994391
0.6160481268807134	0.5954149459750402
0.6075697110273368	0.6629311134718416
0.6235321206679398	0.5834169361905677
0.6843311984594849	0.484707193280719
0.7143325768558002	0.4805958011924255
0.6633053442015188	0.5705007522388944
0.6704995555764036	0.40482279131873183
0.572439368516854	0.7333417607067425
0.5982729636247941	0.6433708669908824
0.5898761587812117	0.6842353718706594
0.703086677004835	0.45380860871096945
0.6612600490740113	0.5140835363596239
0.5433409425130102	0.7838610471167544
0.7405496292180719	0.30437073240470186
0.65010227234634	0.5564062853665658
0.5175786600967586	0.7875614802253372
0.7264844007178841	0.4671996972858099
0.6236462720346878	0.6250406341744574
0.5407918212514695	0.7773667935535833
0.6992819666226393	0.4493944233678413
0.6433647843184652	0.5230092508396731
0.6403207875135805	0.5989293520740975
0.7129590124518941	0.39793491779763734
0.6347938452093016	0.631485693441568
0.6839749982690235	0.46834459928760086
0.5814850366523862	0.69846229636145
0.7169694477480203	0.4358338399305337
0.723090271803628	0.3495485076654572
0.5647950815433471	0.7239135668238548
0.6071404166903538	0.6118561583778934
0.5445398518243177	0.7458491766297242
0.5882221514949908	0.6935785059056778
0.5550184477136701	0.7182523449322158
0.7612056812350071	0.27926544814949794
0.6339420588251784	0.6185960315452815
0.5154879884286071	0.7505725887769671
0.5367682769285175	0.7345269435964423
0.6398933444555398	0.5623989910832905
0.5337029791163352	0.7782748344462296
0.5725078422544361	0.7387815107476943
0.5461035227920622	0.7296006012960288
0.5460442095574651	0.6725896630811421
0.6626852686383625	0.4534864960808688
0.5987771843916723	0.6882519399111315
0.5855033327601723	0.7028378349724551
0.651778163105785	0.5465263990374747
0.5452852726914724	0.7779843521390934
0.67598092647989	0.45881330214283
0.5757646671021829	0.5761963627579672
0.6097819843998615	0.5207353565783628
0.6601923696559603	0.5200168519414325
0.5578835453988177	0.7577879584269804
0.6971227409536024	0.4519540522482352
0.6049157568018367	0.5695033920438844
0.7084408435717977	0.37794837446597696
0.5775723017365488	0.7004732410973171
0.6521351434964744	0.5404930036916376
0.5738993206206597	0.7230645650503382
0.7003591982997798	0.4982408844917153
0.6702427686363857	0.5133982722571144
0.530191044905903	0.7906276398124137
0.6599341936190117	0.4950522459301664
0.6997038756189394	0.41851394037261935
0.5653769153685289	0.6936731412884682
0.7246726168071302	0.4050103900201642
0.6206479533161621	0.5944608714633413
0.6677560190503865	0.46862770349335453
0.5269105144335741	0.8114322580465856
0.6221925896975863	0.640962335010623
0.5418046239139005	0.783694994500144
0.7209393233141026	0.36756200772715275
0.6199598608418223	0.6340165552146618
0.6305954258286105	0.6069217421531754
0.6508004935087867	0.566839051167436
0.6812287525517526	0.49355715436440434
0.5961500341482846	0.6873372422931598
0.7278201920652432	0.42797005201974814
0.6554437193158607	0.5779835071412266
0.5601860314906923	0.728814981629125
0.5683593639236034	0.7442737204094154
0.548990484602132	0.6849093480241145
0.536872259449795	0.7157657941543252
0.6707388303289288	0.5211433721206701
0.5390060074032327	0.7916454878236412
0.7220056729887377	0.43709035413315145
0.5745795679076059	0.7232067377745114
0.5957015146950285	0.6513487113921577
0.5462490058236461	0.7749932616020065
0.5519833806080111	0.7589262879223891
0.7729208075073821	0.33051285448863055
0.6639075484278902	0.5809270944397196
0.6108543902929744	0.6632705059956204
0.5513062945259792	0.7352661408884733
0.5624572380885801	0.7439838582237179
0.6105540518488657	0.6700901217337554
0.668742032169144	0.5262297131968521
0.5249339708578759	0.7250845336372407
0.6901280687972462	0.4953795169693279
0.6513198634400668	0.49513726925051194
0.6759869180951248	0.42742696312758754
0.6527186210052465	0.47326506610010766
0.6096238507576035	0.5552314239045711
0.6011410522005277	0.6246505034801537
0.6204470749061212	0.6188922487986067
0.6742285259864055	0.5151990076356792
0.6659940781517146	0.5504492862135473
0.5554276605465831	0.7698323948881396
0.6534707853565087	0.5078242450669868
0.6220370465976371	0.595118089767802
0.5165114290311228	0.8121502626092074
0.7069760754499571	0.48967252698804664
0.6279102611375499	0.5812247718658844
0.7035589446868746	0.49682451579308556
0.6957628367348712	0.5109594866578326
0.6018867417443718	0.6878098075595722
0.606922751199222	0.5851792447961748
0.6801176239820813	0.5328599017303953
0.5551823147780913	0.7551387920595115
0.5367156297770374	0.7973594093777714
0.5237224806565567	0.8187912816757204
0.5257563338459406	0.7871562405802828
0.6280709693163835	0.6128466003304022
0.56305311395292	0.7378387078300569
0.6423818712944559	0.581168449665038
0.6424648223505226	0.5469874157840442
0.5185106511332971	0.8127842636621412
0.6151038910861073	0.6334829076738888
0.6923152210682951	0.44406765160211803
0.5683336499084813	0.7412517913793982
0.5699462233031994	0.7348631532914036
0.6616330351462496	0.5433313781823511
0.7000530699038501	0.498282731696311
0.5748886980614654	0.679127261545927
0.5423495650149609	0.6357389766771757
0.6839043615152574	0.40073204854160216
0.5668601523984523	0.630965235558588
0.5988858834536138	0.656830772100932
0.5797411952748353	0.703991225709058
0.5647917274162196	0.7345988609022841
0.6897750480431234	0.5258095339714803
0.5729699549436665	0.725431270255713
0.5541975095042031	0.7603207268672922
0.6993067615814339	0.4010215125120037
0.5279912596221382	0.7888615010422224
0.6489466018376487	0.46700635090871456
0.5082434204987646	0.8308346288418522
0.7322028747155374	0.41818876908410324
0.5560197698938867	0.7579699926607261
0.5169025725680421	0.7768862928922224
0.6064863089939652	0.6509829320989816
0.7068452848433869	0.3811849636824923
0.6594632958406591	0.4228854298764748
0.6385668484005402	0.4970632850744704
0.5826628243169174	0.6954441591890392
0.6832728868108809	0.4078359968132343
0.5625583652184549	0.6601430847530124
0.7244755890724611	0.4656621298231454
0.6392291802953769	0.5864556453954048
0.6691763430039399	0.5418406405064495
0.6276327633514005	0.601942878139266
0.5104652783226715	0.8331533361891988
0.7078351854712324	0.38701230924290875
0.6247957537997106	0.649322463605877
0.5648564247793936	0.7430216400140301
0.6699669116755081	0.5321206224901661
0.6528969625413804	0.5729929467996369
0.5851351385577279	0.7054349275020728
0.7209786448707487	0.4069367647914256
0.509646350392493	0.8256747032819722
0.6897397885391815	0.41984739113784936
0.6218630219625202	0.652294746928775
0.6743635558574523	0.4742533689868394
0.7088748580550958	0.43976244977179757
0.6750891120834852	0.43839931313597474
0.6796861552418421	0.4891222962369095
0.6015894129620621	0.6854228192799008
0.6059208615658633	0.6292208814331645
0.7078597148318093	0.37871752560234045
0.579699377923754	0.6953180819552383
0.5011385382431315	0.8380876930088612
0.5539096901498648	0.76189683643201
0.5545364561927312	0.6855072605345677
0.5368534263829309	0.717922071654175
0.7061341716928159	0.41614620320544254
0.5704875223639639	0.7308717991973784
0.6313064403399141	0.6218392456701871
0.611445966172145	0.6595679357180538
0.6188637643977432	0.5371556761712799
0.7068684929822812	0.3929825693370521
0.609607735207752	0.6251805017583867
0.6010471172285651	0.617730178894226
0.5470549002102236	0.6364025507478438
0.7413338745280372	0.30328469461417606
0.7097041961660451	0.4910344993102989
0.5604393820875403	0.707357540701144
0.6669781531330692	0.5544791794911006
0.5449865012258771	0.7803816196515714
0.6125119601117351	0.6601567641829889
0.6553423981142936	0.5880698431220872
0.5967672635601908	0.6628369541618526
0.6102018735025194	0.614405842660648
0.6122271702487644	0.5459826752383885
0.6634404104263033	0.5284524493861793
0.6609797056272461	0.51762777658902
0.6033559671664404	0.5978253548192081
0.6571203544898276	0.4631267792047268
0.6619859490971522	0.582506765800032
0.5359818501624211	0.7971042648685266
0.6275531896384405	0.6368517136344056
0.7108540809631967	0.4246167341245326
0.6944017339982732	0.39241623237500733
0.5383090083756356	0.744006646982767
0.6267410930731834	0.5586940388787094
0.5044725958388826	0.8499068386458735
0.6552129426920922	0.5236054100954164
0.5502970044859855	0.7649279960651703
0.7044061289930486	0.4724090740947037
0.6907426111007499	0.4637362459645106
0.651067273227103	0.4691069724652066
0.6384897553523105	0.5158803760906951
0.6309962188033393	0.6303636183901206
0.6330319554702776	0.6318603843479647
0.6859161528438343	0.4839220287238153
0.7118578476019647	0.37676062382045394
0.5438951407374343	0.7737461194902713
0.5694996279876205	0.5739472842336776
0.6537915002280262	0.5814579206751462
0.5930825798078657	0.5715533040285199
0.5990217637405006	0.6399028494900907
0.5947085100943702	0.5216541520012333
0.6941164342551316	0.5286503503030997
0.565973758059999	0.7382461707259511
0.5245841590916018	0.79190163326139
0.5358371630643665	0.7435017246666499
0.5757385330767807	0.6128438679074246
0.6442008475700217	0.554734445160302
0.7029313958323848	0.49597631896352085
0.7382091520729722	0.2917792177900567
0.6399145962443926	0.575119328281216
0.5661750685659153	0.652894021456736
0.6271234827139965	0.5677970466104181
0.7231081850173424	0.477598493374177
0.5519201665446913	0.7641720022379377
0.5184956236281995	0.821418982238529
0.5940509979537125	0.6521030033452002
0.5295450453376527	0.7409782852303991
0.5838435829420293	0.7084904027949225
0.6229482044558603	0.6100538043906478
0.661646415825759	0.5418615680055787
0.5816833620584232	0.6586404710720808
0.5500324212441285	0.7280057946453109
0.5790025752961262	0.7175756675773025
0.6917966149490469	0.4147110958186931
0.5583713718728498	0.7485853049055013
0.681682235630758	0.49429899180979275
0.6573341389521515	0.5257415567088435
0.5843130046126851	0.6363734236982344
0.6763342032042142	0.4963516359855852
0.5704799322030637	0.7201119485749032
0.6510918774284288	0.5334775068181081
0.7274464521284664	0.40130040727315897
0.7471916624520516	0.38281809479618306
0.7505010765104727	0.28735376653934397
0.5539243973186951	0.6696474663619596
0.7061112874472353	0.4549835677066816
0.7275074724509001	0.43864048974719144
0.6310266076339514	0.5910851605314607
0.5279903221639184	0.7233051676403822
0.5888245331115863	0.657886858919405
0.5146606565998537	0.8367099751687892
0.5304460611593943	0.7699875814683346
0.6271724331906264	0.6060574089509225
0.5076625014048086	0.820214544567693
0.6585570636073461	0.5546600986771522
0.5112603742409486	0.8320885539787479
0.6097714657050494	0.5981260344369962
0.6767553308009235	0.5110524398768702
0.5877822287724814	0.7074101264407626
0.5662177999422059	0.7286294078053916
0.634394484808631	0.5639128901558543
0.544441575132507	0.750138694421914
0.6360035779311427	0.6201478599265524
0.5702620089469417	0.7419115170669567
0.7432168313897156	0.3805278833680585
0.518363586294197	0.7638417019547616
0.6084884761163399	0.6334079240040967
0.6145538455681562	0.6609065855759995
0.6984971840952541	0.437957808825195
0.545613778927935	0.7832617460121558
0.6654879642334265	0.4492182807184548
0.5984573927492691	0.5942156294565151
0.7246470218194208	0.39888106159713677
0.5973471881364074	0.6966346671023347
0.5726316462581916	0.7273504874615488
0.5319400391314926	0.8027876175115193
0.5997536916719525	0.6539100651940797
0.6563964994869393	0.4556165343862039
0.5727965022457862	0.7154338316730411
0.5796749315341574	0.5999821939117124
0.5633886181979756	0.7243435798744493
0.6498342338457227	0.49557867846501874
0.6353542197101767	0.6225214175551932
0.6602564978521138	0.5353324779276243
0.6838779756573402	0.40043924368478034
0.5829002662272236	0.6919388354503906
0.7123380149381164	0.4504690585904064
0.6052527924482841	0.6473853685056027
0.6436763692671661	0.584462953544205
0.7140475177788345	0.4243306168882219
0.7329928142703402	0.45742106988067355
0.6657514211749253	0.5707601972294832
0.6788774703901931	0.4990266447280898
0.5512295378716121	0.7482314766644629
0.5700836738763613	0.6432558247899284
0.5479968201544407	0.7655788666412462
0.5285731120449799	0.7488235499041638
0.5376917215137584	0.7381545659178492
0.5756915871114192	0.6635110941225397
0.5231678178240569	0.7043055281415165
0.5154548906456572	0.8306813092271209
0.6754152515703383	0.45033406188081254
0.6506002416149553	0.46633248211644474
0.5633046821626676	0.7088378079655812
0.7019072654537687	0.4763662083732749
0.5619206198992678	0.6753704776597864
0.6847438629859355	0.4284265861820136
0.5632342828621283	0.666259988793108
0.6736324932833142	0.4998870761629357
0.5229679313022244	0.8020692013335652
0.612259353908046	0.6287024807992154
0.7231350903416456	0.47348913493722383
0.5983050620661203	0.6569816128018946
0.5625498250370997	0.6800931197025275
0.6234551897408949	0.5038532627703655
0.6869236381698386	0.4950844901745821
0.539756605133132	0.7882155330953624
0.5248102729273131	0.8190973522010392
0.6583852196126778	0.5541116178518666
0.6944146461454849	0.4204912824948297
0.5531466663938904	0.688768097751464
0.6286411459700982	0.5792085351314032
0.5407670314249585	0.7154636618678036
0.7066731980831673	0.443386220236024
0.590505029886907	0.6125594952852784
0.5683297343562204	0.6845290018845824
0.6813744115840739	0.4849846220335422
0.6944714476970042	0.4446346623305118
0.6716002550369489	0.4690795393899112
0.531656313038619	0.7860229742162834
0.5906506727735729	0.6823534059110155
0.714065204087819	0.4542921319456239
0.7025450807707071	0.5075079139753863
0.5692582613854663	0.7249611098013249
0.560185515137803	0.7465929067622546
0.6420768506518785	0.582239849818512
0.6428446755382856	0.5709474278869785
0.6190965476972983	0.596649102826542
0.6936432145784505	0.4382215554949715
0.5675762285109617	0.7222809595338626
0.6027630285290579	0.5770666010855785
0.6582053015194755	0.5526879513682954
0.5635410383926828	0.7440324014772726
0.6930003292935596	0.4474471355845506
0.6968781854047188	0.48902274712130905
0.5953332292069865	0.6852458254618086
0.57536791721654	0.7329864124123489
0.554777309857932	0.747378713271362
0.5765795395030351	0.7211094803948078
0.544352114359622	0.7220807443484067
0.5569491058784352	0.736183518166739
0.6623524224039212	0.5232140928508046
0.7084634517312486	0.45091647945103874
0.6510565884015173	0.5363523242097719
0.5680220223356375	0.7326095038440553
0.5549536659966798	0.6647986946410034
0.6069673996705067	0.5774961530582334
0.5036073533311731	0.8154843962266192
0.7067768089284542	0.39340446295275305
0.6024273419346042	0.576026442251252
0.5369866999992794	0.7913666223726235
0.6248219858895718	0.6398300005854161
0.6890741191152967	0.5264734671637505
0.7098359141710755	0.37283563480468646
0.703567942899728	0.45252472932804977
0.658289221384125	0.5696155134154495
0.6784965414513646	0.4925715065879754
0.6369246623927998	0.5023973305478351
0.7004596245009999	0.5007000539052135
0.7140022563407072	0.384432243311209
0.5051757640837952	0.8392679988557645
0.6131784972693953	0.6279108413375176
0.6937986349322813	0.4999224699288307
0.6054203593703135	0.6077791675933364
0.5198274793421676	0.7611299858322433
0.6529082724130053	0.5260504478595882
0.5731354800597309	0.7364759785830478
0.6890633941684924	0.40481835446451864
0.514432426000482	0.79108054656235
0.5213805892105201	0.8220388411491917
0.7021278079102016	0.42306491047332384
0.5178679617363711	0.7762404955440168
0.6436611562723682	0.578244478211019
0.6578995995541309	0.5609598870597254
0.6003104287780442	0.6606139713856052
0.7055109513632355	0.39359832757779356
0.5924968631063671	0.6455587663254903
0.6050490659346306	0.5734966180616898
0.5203525792531812	0.8296573024953323
0.6093317907540493	0.6644787764725776
0.5820875839072855	0.6180474616884537
0.6572254771734648	0.494195613784031
0.7087019439998355	0.38200848833908535
0.6264319484658942	0.6330106316646185
0.522692061038744	0.7908432754475567
0.6147333097128812	0.6408410657129878
0.5222291717303119	0.793527725308798
0.6277299626815598	0.6205222618526085
0.7392600090490249	0.3996675464362521
0.7174361648354022	0.3494306397682259
0.612478954137951	0.6275611303477722
0.6779115099208125	0.4040212472885807
0.6292401960025963	0.602498402830469
0.7055032613221452	0.44729987179774944
0.5399473073599109	0.7179105211376675
0.5695275543302328	0.7080181563644343
0.5616282452473929	0.7077271618045364
0.6955741002820411	0.5076006110176372
0.6419507264964385	0.5649673450752286
0.6846628669467965	0.4771337984012146
0.505840572222036	0.8551389383552935
0.7590387162017546	0.3565629007954499
0.5833196703440611	0.6833911857280821
0.6472026018406518	0.5548063046958089
0.7136810429926008	0.48902985123747034
0.6203630999105204	0.6448135679112237
0.7028014810773071	0.5073071366091257
0.5975016727555795	0.5778745276427403
0.5311854990064397	0.7967417635079681
0.5784952037017898	0.7125298010936656
0.5592903786454532	0.7623240919000127
0.5540787768779981	0.7537518366400391
0.5721384619737827	0.6976695045314476
0.5498938970031464	0.7751295753124732
0.6042320244918916	0.6232332360862188
0.6450136487540152	0.5734933812778997
0.6410985887162117	0.5858673658144276
0.5470806296074638	0.7422986396294625
0.6035759180300913	0.6285839530556283
0.6373685486497681	0.6245203450432397
0.6899840332393444	0.4448014481004929
0.5448508528042593	0.6836470270440376
0.6251769454375299	0.622161582217951
0.6472199477565664	0.5658309739393348
0.5901018286950694	0.6553336971147723
0.6767088008195492	0.5186813919678364
0.6002416714162484	0.6694268322637377
0.6593098814463743	0.5343279394598194
0.6147019546524412	0.636739016668202
0.5114305786138957	0.8360631927790811
0.670526575435361	0.5704155172392464
0.6439522250044499	0.597729708689736
0.6314089986748306	0.6310110548829045
0.6220774198231896	0.5957858514953694
0.6211174054552682	0.6428161351332051
0.707187656822386	0.492088518169072
0.7127244369361402	0.42877005843464594
0.670976398287645	0.521116094430077
0.7152538057148727	0.4106309539800359
0.6023023933510895	0.6213773413727776
0.7191418202707106	0.4786723943404812
0.694561511370988	0.38873539615544683
0.5253714021432875	0.8205951010665025
0.618608550354487	0.6119136244916097
0.5985501846063056	0.5769947512976988
0.5684589255804188	0.6848701452611073
0.6966796510892437	0.4444825682937152
0.6340330766258728	0.6191991945505442
0.5478996224505551	0.7608802571668732
0.5287232646967638	0.8108704974209373
0.5975224912232694	0.651307889485415
0.589256151987811	0.6394041061463979
0.5324294413963291	0.8007505364473552
0.6703652850403855	0.5566988402355162
0.5630314171201817	0.7193015214055969
0.657601034163362	0.5526031796583271
0.5333905058345826	0.7762473546661268
0.5422059738345135	0.7851544307670837
0.5492258024853492	0.765192654842326
0.6419152676430904	0.5553229191432937
0.7293804765548202	0.4211844661065488
0.715374403874829	0.4341755782514479
0.5465721387793829	0.7806337574954235
0.5810783292461139	0.7235642118175503
0.6235107029489024	0.6216066927217494
0.5523940068585815	0.749446850213441
0.5781691390355927	0.696166630883031
0.6382645823600387	0.6116537516078906
0.662360698502013	0.4673691062730363
0.7029276004456038	0.4799074139080772
0.6556036013668857	0.5572478583083166
0.5697077467448203	0.7387978929017726
0.6849985851280933	0.5142247252223626
0.563796206965047	0.743769456183409
0.6493045919381366	0.598778387194316
0.7207179176462585	0.3434805726404035
0.5940898406067805	0.626676068823337
0.5718633774915917	0.7200936722588342
0.5788239436713493	0.7212744518487479
0.5711485863534406	0.7203222018221335
0.5711611421142129	0.7258914730347388
0.5866539412807809	0.6659992573148323
0.6178686119292166	0.6429781687635068
0.633589076160006	0.6241264725639242
0.5233511406058049	0.7661976198116441
0.6535725583004586	0.47311159595237984
0.5735819814843477	0.6226595043128584
0.7072176271754994	0.4219046749088031
0.6617395396430633	0.552335753211093
0.5836363025307436	0.5921803252412325
0.6264223561968935	0.5992640643359513
0.5669080406713211	0.7466927805536376
0.6034304015301766	0.6322927882621954
0.5645523405421706	0.6951151536810551
0.6242268699748704	0.5597241931189836
0.739761469240224	0.3244545512584499
0.750816521549778	0.28726919311996196
0.6635783490228118	0.5258320055798413
0.5279953303750163	0.7726011650554877
0.5835768136196988	0.7014763414741234
0.5061958331457403	0.7362913070624766
0.529708819366367	0.806102035802583
0.6238852144948072	0.5815772245215709
0.7020309107279289	0.4203035020169381
0.6691469197764013	0.5396382946824337
0.6778442131449935	0.5429771534771608
0.6966453504017992	0.3648061802525142
0.6456170806756274	0.49455404229687094
0.5903037338896308	0.6998086425892383
0.5939446243653608	0.5560511072312841
0.5280810995232917	0.8121232702746152
0.7073854214550883	0.42469026811773686
0.5510734996774188	0.7309366030311171
0.558990252028793	0.7150328164103931
0.5197754575615312	0.7473658371662026
0.519834933632406	0.7436874057063976
0.5543241906795887	0.7626216733749058
0.5273953147335124	0.8151144479941415
0.5162342548477038	0.8293095996456361
0.6088866237796878	0.5795439015756865
0.5599884635918025	0.7465938538794596
0.6036328277172213	0.6371040695483428
0.6678973113962406	0.5528124645101478
0.536948951765263	0.7765819060756487
0.5322739625066029	0.807638433312455
0.55528871446962	0.7017346733080003
0.5224655500635466	0.807855696979789
0.6857381055256614	0.39433741586578086
0.5086934960405087	0.8385235485034284
0.6565525106915072	0.5192377553677934
0.6224453356276659	0.6199715980380307
0.6846669182260563	0.49983799204381035
0.6477481916805921	0.49004496736155706
0.7215795239857852	0.35036759423647296
0.5317260021405217	0.7837830324696557
0.6141844788761985	0.6604556261921628
0.6011796310533967	0.6665761776528122
0.7003991271190547	0.4470975140666258
0.5525849286305627	0.7288703538139983
0.6621125852895539	0.5466715324815242
0.654356669077777	0.5705518241254335
0.6567852629040676	0.5734399713292231
0.7301048238800465	0.39320124824480857
0.6159071907850346	0.6447830479089703
0.6105298955418127	0.6519095197973495
0.7521589697170761	0.2826098572553312
0.6620773794279963	0.5455713565349516
0.7010665599157334	0.49424012528395017
0.5891970652075624	0.7003712055205529
0.5504729290865585	0.7379136428068567
0.5608567775515251	0.7590459251234578
0.7013574142732486	0.49058777214920585
0.6850877025927842	0.4378527118717891
0.6302079864435309	0.6280272837243916
0.5997513988812079	0.6295623817228592
0.5969830464787966	0.6542562166638721
0.705105526976395	0.45321190443444515
0.6014820486553842	0.6691080067238162
0.5298999800223207	0.7787020148589656
0.6137969210604262	0.6601313462701481
0.5658617874172498	0.73325924601676
0.5498324112085734	0.6949695579354489
0.5470774020719444	0.6609944277538338
0.7285575181013403	0.3351075352174794
0.5849280862046908	0.6935819399101985
0.5955210874459738	0.682577093358786
0.6368387378923233	0.6040398200581425
0.702662307715518	0.39155524202711606
0.600948871340534	0.6907737528772337
0.6676957966240861	0.5539107862807302
0.6414539249456008	0.49002237811604593
0.6997008327078684	0.4466933993060879
0.727483272510176	0.33916031557286475
0.6471648539393288	0.5630763130329324
0.5952197651041017	0.667405635810852
0.7109040389517023	0.41594242278939186
0.49619385539329147	0.862219718605395
0.5774507859717212	0.7039738174674696
0.6689987989745882	0.44149321875163855
0.6482353371233808	0.5526110847311646
0.5993909645914701	0.6671242489383494
0.5910611183857603	0.6570573927418282
0.6808097354558518	0.5083008201347354
0.6583305242366957	0.50664364946351
0.6328961802590661	0.5734934006783762
0.5189028214269901	0.7180112652640922
0.7101728562545766	0.4609675097921698
0.616836102784737	0.6601095112798638
0.6545163697926477	0.4853595478783619
0.6652811471128216	0.5033721965970243
0.5964580324244781	0.6487159307016169
0.5527646096564178	0.7706254377838727
0.7158963353961708	0.4026892619853945
0.5408447867264817	0.7757198430939435
0.533494513249522	0.7853198596317492
0.6449409828366627	0.5554034628679488
0.6152787842592858	0.6423520534953717
0.7137374319865673	0.4648373771060054
0.6991626543587264	0.5207296570132591
0.5806439087869621	0.7005166156039343
0.6031126083030948	0.6765691949809136
0.5444130810604696	0.7744859252705791
0.5897602723702962	0.6989384212078595
0.6562327096398001	0.516065909847429
0.602808496217006	0.6138841180510777
0.7130451435078952	0.4861624242849789
0.6799057785788484	0.5161481036760431
0.6080728371039801	0.664599684090124
0.6465545430764404	0.5890250680432253
0.639467201389139	0.57388872228602
0.6231555928118272	0.565488071586697
0.6035827998299254	0.6595988719523095
0.5320243440779723	0.7291848413361723
0.5743616033156655	0.6484691335012862
0.6180492721875552	0.59155055767712
0.6250670239242534	0.6367607687305556
0.5643961568979224	0.7499217417186576
0.5788837854585137	0.6284872837045163
0.5488313753981714	0.7719482565823538
0.6289254717117304	0.6183840979304436
0.5076298290014756	0.8020004027923835
0.5626055384442485	0.726483203987639
0.6081300843374788	0.6708126328362244
0.6727658056921131	0.5316174492371567
0.5446267688342694	0.7836344651390867
0.6234648826652126	0.59895000524221
0.5799303636505069	0.617294208541292
0.7044205983901365	0.42040956461190443
0.6315196991760055	0.5256070557550563
0.7061702633954637	0.42190209503309256
0.685652150672903	0.5372740090368083
0.5965901805273544	0.6526439661589479
0.6019292717283491	0.666478198677555
0.7624598773947294	0.3570100844548211
0.6971496168638632	0.4668762367082499
0.667101718461996	0.529195182495865
0.533016163837448	0.7733118367154419
0.6512348268375175	0.5259572439673603
0.6813181325830784	0.40160845134511286
0.5863714367689198	0.706369087746705
0.6060616518094986	0.6595377566845944
0.7246511219545275	0.4201877614611708
0.7018405780890815	0.3864778177655488
0.715324760001242	0.3626611031957079
0.6602207622525289	0.5498760309507104
0.6846854833979924	0.47058040308146015
0.6483411819962719	0.5635410095968563
0.5427559857341688	0.7633847203262523
0.6065454654827425	0.6551977474653145
0.613770050382736	0.49042282515672714
0.6133835636272196	0.6301161143132995
0.6754191522333933	0.512001742299844
0.6413235585449567	0.5065587025719687
0.6474188282897997	0.5781791839636202
0.6621541702127366	0.5807586821108447
0.7137563080336243	0.3678252132822592
0.6553032930278292	0.5687627237433113
0.6730089783468919	0.4879778057631615
0.5592940330132418	0.7378792433774054
0.6350288054610381	0.5020359572449953
0.5104665644536772	0.8451494825503219
0.699316013422686	0.4045447243699143
0.6087583905740837	0.6503753113707904
0.5566811667027576	0.7378651645564442
0.6995530563553718	0.48675223181609834
0.6944226925777982	0.5215183066509773
0.6359711017663887	0.5923257616645629
0.6972470101637297	0.4107564132989292
0.7361044014006202	0.4097073323302348
0.5443010335845252	0.768765997501768
0.6736880878795456	0.5005892800002709
0.6734535988491869	0.5105749909035924
0.5302655016107093	0.7262425321957039
0.5566297825637375	0.6725298040247194
0.6022920608324804	0.6807146337612001
0.6954305119012836	0.488645276480373
0.6930223503572956	0.456506773132089
