5.395511233793287e-06	1.2870790999197637
5.301304711183937e-06	1.2735038893347852
4.023810126133843e-06	1.5843793968176891
4.797813935412205e-06	1.6673076268170668
4.792917755466188e-06	1.584747655027506
3.991147775459895e-06	1.6153303751255648
5.0164351308441515e-06	1.536994349314913
4.596055612629431e-06	1.6802979128150677
4.486761948014275e-06	1.5881314014528685
5.2224556555819414e-06	1.5677575761343978
5.013904533173823e-06	1.468875354635111
4.713901539013091e-06	1.421502418171032
4.152517770007399e-06	1.693972537709565
4.638335940622568e-06	1.6439203616484022
5.481737427856356e-06	1.2696377214576713
4.378862555810168e-06	1.6661230040431836
4.4015623233246475e-06	1.713032420862986
4.820875201359208e-06	1.4780194727065754
4.648836628440655e-06	1.6187282172859478
3.995335427705599e-06	1.6922965330902806
5.339761922703476e-06	1.5269590285608743
4.689718187877432e-06	1.6261214488117346
4.79357843341689e-06	1.7169838175674164
3.865419173589094e-06	1.7075711820744255
5.503108079483992e-06	1.48513106166785
5.369450014959624e-06	1.6747325063146519
4.906679107404288e-06	1.5857926737808097
5.507215469974269e-06	1.4980002966778667
5.420213402675478e-06	1.4346164363042382
4.2982866443266534e-06	1.673617970671728
4.729695747434678e-06	1.7286762370604225
4.266880749196254e-06	1.6558821347637012
4.7980778313307244e-06	1.384839515826284
5.100090573465134e-06	1.5429666814103156
4.307784127999026e-06	1.6425158842176015
5.6568559910350664e-06	1.4778311322173294
4.6401801537339925e-06	1.6782230079782992
4.829829537383264e-06	1.6184632530451042
5.392111414339096e-06	1.6059548985302725
5.113460565282172e-06	1.3712055836584658
4.602002291323886e-06	1.6898233287156808
4.441262587203022e-06	1.6085541262990541
5.495860421272391e-06	1.5623810069493098
4.413805504305572e-06	1.7208666340191026
4.2037974635125186e-06	1.6677961213851988
5.114438176331345e-06	1.4892874647862446
4.723532109840824e-06	1.6932442532273264
4.2829175416183714e-06	1.6933746950987891
4.684370530680194e-06	1.5981249856536568
5.089806572676359e-06	1.5806595872759188
5.030684213070326e-06	1.584043441023944
5.055795692021737e-06	1.6988331591364647
3.9106150003227234e-06	1.7206589618208898
4.428987374040032e-06	1.5762146169613134
4.972298891096046e-06	1.6464420862704363
5.371409830723423e-06	1.6181486610578744
5.061075656712215e-06	1.65733823377952
4.958738220683195e-06	1.6103943146237043
4.863919322331383e-06	1.4421656270810979
5.778781727641912e-06	1.1965738005159905
4.284935794223059e-06	1.628103083771122
5.3793929267876005e-06	1.6560557195960157
5.313709450749524e-06	1.3854588063746966
4.8666588041061455e-06	1.469268942509607
4.590024195381466e-06	1.7064218144271477
4.329512908519716e-06	1.476174658989898
4.753065627559377e-06	1.5370410420161926
5.463281309595675e-06	1.5204811757614316
4.21878071325076e-06	1.516157063083185
4.596436513663414e-06	1.6479734657802654
4.483139805528111e-06	1.6722113630438695
4.478357181710037e-06	1.6505368292918385
4.253182488071515e-06	1.6286626583671924
4.495321745916514e-06	1.5750889515106143
5.029075757037468e-06	1.6098121155108727
4.237003633311822e-06	1.7175691657567134
5.388972753129096e-06	1.483582821610351
4.463128380475925e-06	1.3473886901133738
4.828856837522688e-06	1.7150274012188733
5.180736890573109e-06	1.5253624030373014
4.9547283336703244e-06	1.459529098419436
4.97605703977103e-06	1.6541184168386476
4.514115905067949e-06	1.6926635891177049
4.2454403832119e-06	1.6343489084142009
4.346306252172266e-06	1.681754292532451
5.342415146353641e-06	1.539775919514215
4.505180986412123e-06	1.4983242242442776
4.668490937263383e-06	1.570626589575446
4.9326084989153116e-06	1.5539678667258021
5.460632947691005e-06	1.524984621528637
4.1189887694218555e-06	1.687993818372074
4.293656966899676e-06	1.545925578798895
5.0159252583169416e-06	1.5817140975870447
4.0710097301916116e-06	1.7069180787460687
4.684595818556948e-06	1.5075325524764094
5.225553824883328e-06	1.6155125769304612
4.8849695300430505e-06	1.5745761404016339
4.9684208523362174e-06	1.4132651902291833
4.129817608973542e-06	1.6930233827244012
4.950077734936238e-06	1.6172540352265363
4.863928309963479e-06	1.5904446506361263
4.590497952019203e-06	1.5940453241808572
4.933877867455453e-06	1.507760256715374
4.35714192590159e-06	1.727065165785108
5.407129101675464e-06	1.727182297729338
4.283369251336587e-06	1.716855716836538
5.678598932963047e-06	1.2192340853309547
4.061119252421953e-06	1.7289181615418514
4.302744915169849e-06	1.676450006462629
4.889919310338505e-06	1.6848210361228597
4.620929071127337e-06	1.4231599491967226
5.037875237504926e-06	1.6261933521486922
4.353160861032395e-06	1.4812308235788518
4.840855974199157e-06	1.5849527915258337
4.151762132850168e-06	1.6606663930497019
4.4498461212256005e-06	1.581140549195117
5.120512918118338e-06	1.6732089164861708
5.114265643777558e-06	1.5475155520921422
5.468099955008152e-06	1.3951308578795865
4.517890128837604e-06	1.6839201445761491
4.34775049852065e-06	1.6280525614462906
4.579776642644212e-06	1.5072244537535164
4.508012292434965e-06	1.4951737002416023
4.926601980059955e-06	1.699163070135196
4.808994879661212e-06	1.696538457490791
4.072523265420465e-06	1.7287404907333686
4.931279466478586e-06	1.6324031446833955
5.0971230782569245e-06	1.558102920223055
5.654174570142695e-06	1.443854756551217
4.560410410598072e-06	1.7281038486140856
4.658113385950528e-06	1.7008308422700924
4.7722712610638196e-06	1.566491657479179
4.819778437994001e-06	1.6931364490739989
4.496978873860151e-06	1.6860760093999556
5.4155232357071156e-06	1.5185738836470608
4.642035540029024e-06	1.6089631911452116
4.360757306607602e-06	1.6018805298663432
4.097836983616848e-06	1.652671941294301
4.33727199317899e-06	1.6313205498152747
4.80493429232137e-06	1.579993876556275
4.891293557643686e-06	1.3320420999465936
4.405031580697885e-06	1.700439851553671
5.135877718364794e-06	1.5098993500829194
4.762859668376752e-06	1.5583814271414291
4.784069716890218e-06	1.5589856363533063
4.825821419689314e-06	1.7089047722679274
5.150253521111025e-06	1.5668600688718337
5.154730216381973e-06	1.3740154479025046
4.805707378051596e-06	1.6462710886649932
4.375487335064664e-06	1.5297905336137632
