0.011421557820479433	1.6138498661730263
0.01055880261856608	1.688226694585916
0.013770413564343904	1.4639571593709981
0.011602337411083984	1.6240538599283223
0.010937090236136714	1.6999111380599525
0.011853020276621279	1.4444146325738951
0.00972365557331975	1.6989552131918542
0.013445130473225984	1.3078279450174977
0.010319165448594405	1.646768482050132
0.010576790685743097	1.689151327820828
0.00934558749210166	1.6491403812898267
0.01143886347549985	1.666526935099061
0.01214241863121121	1.3759395500416387
0.013064308729428773	1.3075636642883208
0.01198225428779286	1.3427198050087767
0.01080104357046596	1.6866250539976142
0.009719545355250844	1.7094749226059431
0.012104682074963905	1.3322802405856229
0.009879657126310134	1.593211465778314
0.01258458675988343	1.4546927545747144
0.010578124577534672	1.4539848794096146
0.010006263196898485	1.6552831221315807
0.010677028785590988	1.6234442655938877
0.009354034459335232	1.5713818869875567
0.010666522922863478	1.705311276129804
0.01285866956232448	1.1980474669642291
0.011828305340092994	1.4823162667601668
0.010679292351012426	1.706872834723277
0.009590464493096232	1.6793580883962416
0.00964292068360773	1.6111979592154686
0.010912060908060139	1.542365597792276
0.013232218809102936	1.3993152193366643
0.010810778313744981	1.5454919355968137
0.009897834161975294	1.448351954492387
0.010282592940808629	1.6884712865725935
0.010583441081911487	1.5023504535938206
0.01124813195921585	1.651469712654388
0.01134002481824487	1.6591695771396706
0.010257530328937087	1.5929575940868355
0.011499559951565715	1.5507645317420222
0.012460431926603408	1.277137363939793
0.010228683342467074	1.704483206401092
0.010009775414230804	1.6829177842207967
0.012366021769019945	1.7102143848397935
0.011085590880195026	1.4673929566506385
0.00972932186455114	1.7114329685722447
0.012187914063695612	1.524337457755145
0.011715469780731883	1.6051692674516205
0.012033651337961795	1.7045063584701143
0.009827676492147204	1.6994060181365191
0.011848983330247283	1.6361088824631564
0.012234066321536516	1.5435626286298958
0.012017727322442554	1.5861543445293356
0.009650637449177199	1.6363340284554937
0.013796335397569809	1.4948979271111753
0.012142237049135585	1.6354629678997994
0.010493222659816571	1.4195036087730575
0.013216905540851758	1.6988477829623823
0.01316714246395562	1.5161913358853107
0.010695944728459248	1.4492949229782597
0.01131283665230971	1.4148469172061091
0.012197070969196288	1.6091393807979255
0.012152344493582927	1.4358270097798076
0.011311985224125432	1.6927632019515597
0.011744860600854319	1.5804531565342739
0.011871268516879791	1.6254625810360286
0.009512171525497343	1.4509435323874333
0.012502495038068046	1.5013537468149292
0.013253044966051413	1.550878608997285
0.011546303423168215	1.6961818304864438
0.010396792275214603	1.6295115080322773
0.011590038902249	1.6583426464737359
0.011988276389527052	1.5371310799690916
0.010525029586927269	1.6737536039293077
0.010884099736678834	1.646842470095082
0.01101956799387662	1.7089449268799928
0.009438704412400037	1.6759144578434515
0.01158295662906453	1.451581942621476
0.012235432029398849	1.5619686784047997
0.011755554702812053	1.5934565839684212
0.013199733640504318	1.2902662782035987
0.012684742157538263	1.6361903044056625
0.010039447643861157	1.5773580113559738
0.01259773493147016	1.531019623053035
0.011196950147394285	1.6897781006564698
0.010933993960431874	1.5377456785660801
0.011886381220798171	1.6321972939859624
0.01400682883379681	1.43470177534563
0.012948156554067142	1.5482969275906489
0.011355072430716805	1.5887275785303028
0.012077388286816653	1.6939532530935721
0.01375696617260982	1.142679408208848
0.013148416629742579	1.3263783484699427
0.011103672460159357	1.3627001000657493
0.010769862711039687	1.6885836918766706
0.0116069628228892	1.5513480258777768
0.012108617719898825	1.577267954160677
0.010794261938071032	1.5572993412278096
0.012134749714208103	1.3799857771834572
0.013090053296115201	1.669028627765293
0.011356050348047058	1.5384364446079006
0.011267704838786804	1.588608138293575
0.012520246735604807	1.4346757030670383
0.010752482528024796	1.6618471156994057
0.01102455200904698	1.7057184361900872
0.01281911589991624	1.603335222718041
0.010932627522973496	1.6768451739830383
0.009371954245257207	1.6848658040854223
0.009171045596305674	1.6295643114314617
0.010148578877718474	1.6472497833244606
0.0138021255666872	1.1731898833884653
0.013341330826947832	1.462169866175684
0.009781493472540146	1.695800597466215
0.011358160945618593	1.7122138825199156
0.01106266997286207	1.6432141312372108
0.010420437087769623	1.375103417603218
0.012180828272502173	1.442355687730462
0.011341564623661971	1.6522963465850653
0.011900562173155325	1.638785871001236
0.01038194087708449	1.6285151185671092
0.012204575227811237	1.5742589317672446
0.009900036602079415	1.6838693014027806
0.009685949366012988	1.6725199461110536
0.012627785854485932	1.6659892775785263
0.010571946918391292	1.6990797344342559
0.011339236933795058	1.570679865286024
0.010877643174602242	1.6221779019932523
0.012916242552457295	1.6355248526908577
0.013050566817626025	1.5099386752751338
0.011472495949332891	1.3371994794743276
0.011113675694092561	1.52152806843467
0.010396372622377418	1.4874038593896546
0.009737461060282119	1.6224998034349842
0.009809134171358171	1.3766879822689204
0.010803439171468202	1.6464336895572658
0.011474803089434401	1.6826552426335861
0.012216101299299996	1.475919100336505
0.010626490019355193	1.6269163268076303
0.010013676661884187	1.6217290818380423
0.00986637818386669	1.6962794876962421
0.0102435637381423	1.628559712499212
0.009824282769983336	1.7047769338784275
0.012936069810770869	1.3871832768301424
0.011772008700942799	1.6319494741746805
0.011829759789080614	1.5086822341249686
0.010805073059585337	1.4856630268847617
0.012749736648913372	1.398927039515693
0.01177492335488189	1.52614665098929
0.009592668901652482	1.7148904438145443
0.012198722152514193	1.5080194794044366
