0.025757915250383137	1.6599859909686117
0.03211007150503652	1.6601943224282323
0.03375555839620369	1.4552037517818444
0.026938101622358983	1.6465966579247928
0.028090700098347826	1.596321845501536
0.03130474094522974	1.5879226464132095
0.032735909059219484	1.31158328808934
0.026192213077426807	1.6078375858882676
0.03480402290397404	1.616596922694551
0.03553571733453031	1.3311255731725895
0.04002576197291325	0.9983720853870341
0.024712630457038257	1.5722912447607202
0.029531844202612494	1.5967065017088633
0.030224315352912118	1.4875401885308084
0.03276272962081657	1.6710686520143463
0.034250815992809575	1.3872785013875886
0.026709376369938188	1.6571648499985543
0.02913946370732858	1.6538251497291478
0.029479920549457386	1.5526378776179937
0.028355900381627712	1.6566856695788392
0.027407906680780473	1.6767303252162258
0.03578843724162702	1.6677968976079451
0.031275497279220535	1.669247988228563
0.030595209565053686	1.6186124195165137
0.03509042792253291	1.5233568838621745
0.02711507626952367	1.667450882774062
0.03335153036721165	1.4819590401729574
0.035639910590966536	1.620346026123407
0.03285667644148716	1.4997301818243247
0.033344655815107156	1.6058233076189312
0.030874724130602823	1.277429882937038
0.03239764901203796	1.6265372983951063
0.026051710878547997	1.485452415662276
0.032858402130386925	1.574165503263988
0.031504556866049166	1.6533010378304431
0.03226108565931447	1.5602009604879103
0.03145316677700496	1.2729879597307499
0.031486910598847374	1.6665122308982152
0.027326696431263744	1.558664206967638
0.03320593302398283	1.4000506440341853
0.03514019401319436	1.3674065769181691
0.03060695930604521	1.6647984592993055
0.034285615244573506	1.3741251953653657
0.02865677773064161	1.626836732620251
0.030435611703797404	1.5457519693481543
0.030459182762353362	1.6448544974663784
0.03263454436486991	1.5819195651606686
0.0305984154909219	1.6062997572595121
0.03399713748114615	1.5169401356630103
0.03244989952005087	1.4242942659651736
0.031706290442296746	1.6240226171349863
0.030091937092976796	1.6329742031350274
0.02961341065732227	1.6715673608396846
0.030915829998020963	1.60965580617199
0.028396094284497655	1.5022439328171884
0.03537625287981009	1.153696804693081
0.03295982267138191	1.2249440752577032
0.026959583398097127	1.6312357660866827
0.029030014892033825	1.6204531698447613
0.028168415104476225	1.5331309989758166
0.0333328270847626	1.3223098256880843
0.03512195673140695	1.4660959115799188
0.029453809128977815	1.6784819701376616
0.030281019347775485	1.5912982266417646
0.028121901892658122	1.6521363993088611
0.03375617826896295	1.6591902007161488
0.032618284087268724	1.568438102002335
0.026907386690692335	1.5693382864669418
0.032294898420449046	1.6340917446886363
0.030368967162022264	1.6589543749069615
0.035200005216306895	1.5381999427285171
0.034688577095404814	1.4102240629348533
0.03574138446154238	1.3206258371491364
0.03406335977794623	1.5356576494284122
0.029158837455835654	1.4239500503152895
0.031738039142127396	1.3395549950668393
0.026462580881298586	1.490565915539788
0.029056703253204398	1.668520341327691
0.03510002709787904	1.5119562843149519
0.035328193552305605	1.401413104081697
0.02885221340788787	1.5683908519318774
0.02910787159658331	1.5901277590367282
0.029727298344983815	1.6247020338143048
0.027585584444617863	1.6197826839949547
0.026145814720408264	1.5220740245994326
0.03357169294503332	1.5713549814009666
0.028850251689750663	1.6642079174817543
0.02843284607172518	1.643190582560542
0.03138618400742597	1.4278725614743466
0.02783402885645553	1.6617438576164405
0.03527945926881118	1.54022106290887
0.03397774501999118	1.4773721567554294
0.02712408530043941	1.6641292447022233
0.02952563492202384	1.555768774567619
0.03136896264202187	1.3791318127303493
0.026770272679953824	1.6243768582379872
0.029702687975677225	1.6590608339435717
0.035873661006676195	1.2760478776472226
0.02494963728746548	1.6551016954844135
0.027830530540483733	1.407220545701413
0.033346910895316106	1.6384081669024133
0.031069054274814708	1.5583902774633858
0.033337724708031535	1.360454361341781
0.03534648425183753	1.6401320272570026
0.028853694762645196	1.4303394705361872
0.03108084849328869	1.5361455516547642
0.035389403510316685	1.5597168974475846
0.031756727588724554	1.4396634842842215
0.03200667024684634	1.626231836113904
0.03672835370082989	1.4581053239347295
0.03179875096518973	1.6469887454035659
0.02674892202957363	1.6838275071003093
0.033142918105364426	1.6466874711507486
0.0308176235619443	1.5336042475613918
0.02803200422321818	1.6428195424458887
0.03186123256422674	1.5284742464703314
0.03213802173184119	1.384906103141133
0.026187927581602634	1.6844730104887893
0.03084398275525909	1.6407303684732937
0.031391739059336954	1.5782103113945851
0.03311168521358608	1.4773680687183908
0.029781145969183614	1.513908272504613
0.026883720284433105	1.677573102447374
0.030850503239382	1.6506670816860876
0.03483899122109187	1.4667008475509717
0.029812511135848062	1.6304776917732913
0.030964775143162482	1.6737545505603353
0.029718758316756782	1.6530357848674289
0.02832121893402052	1.5853707400757115
0.0337723895058886	1.489478006151613
0.029035772809211022	1.667147425660061
0.03159571826044199	1.5990865616566872
0.030822807152131742	1.647793044082171
0.035124520802469736	1.6051823063031
0.035268448507812813	1.4658215945005135
0.03372458445854538	1.3527855820383115
0.0330188569118464	1.4545145154850383
0.036770987054350904	1.115558423572597
0.025858034705836523	1.635537819661748
0.0343993316769866	1.562754663003271
0.027521380362111048	1.6374919545041
0.03254231470449023	1.5474315230942093
0.03045171514066864	1.4606507289535262
0.0351384359032391	1.4983500953401439
0.033256561371839216	1.6563516116195593
0.03357409359498905	1.358554527970126
0.028940609105145707	1.602352604276383
0.03242265193117135	1.449142263605292
0.0332805563333019	1.517543736074924
0.03330396576713998	1.4334003133541404
