0.7266262733659992	0.44411285052218985
0.7477134487575485	0.38677760873662087
0.662910477659829	0.5693634630359343
0.6760437472594507	0.5371067099120943
0.665262058837107	0.5750606515199758
0.8536384589480183	0.23407996418443977
0.8118195208595121	0.2928367421371422
0.6729953839333698	0.555188249240115
0.8100943171342403	0.30892904077039507
0.7985801328355094	0.2936121159368442
0.6534760988295548	0.5792179714684709
0.9670900285101862	0.04803889903175655
0.671600544448062	0.5649084584978223
0.8274280606815309	0.2880228251936236
0.6539878746611715	0.5829139505222583
0.7774712046264296	0.31745914726284363
0.7318255270240313	0.4454400451166357
0.6923131521987629	0.4795908976722145
0.8878823919289793	0.1353147875702903
0.7642087961598755	0.3683737580466583
0.7200451196513339	0.40549760362779147
0.8233968094615557	0.27376199570076387
0.8410366670454794	0.22926497857195485
0.7468833871170344	0.43259330064498847
0.8235483976879338	0.29697457169575747
0.7226467454457522	0.47928942601401975
0.863283356840396	0.20859761627971096
0.8025516632818949	0.31388462292617747
0.699959892862637	0.5147050537506068
0.7306501132118894	0.42458485000441065
0.6973964052356044	0.5186847461808564
0.7969855736831815	0.3063667060838696
0.9367977918840616	0.07180518337946887
0.6944180902791404	0.4595861079880649
0.7805633304227766	0.2990524455888416
0.6352592095008316	0.6240009977306151
0.8841343930680761	0.14124794673523336
0.6745836110446569	0.5394149785968441
0.7433415808688012	0.4338265578544531
0.8581622214101912	0.19993937926479094
0.7814741899459127	0.36982161661199586
0.7536115623082688	0.37563838854760395
0.6259402706064069	0.6319358915164492
0.7879245869911915	0.3487758497850027
0.7104367296444116	0.4246967989601727
0.6480728831318976	0.5605047909270232
0.7467330580494157	0.40419665087482914
0.8913995799548275	0.1314153949434295
0.8329280231569824	0.2291311096284976
0.7325587537608123	0.4098408615328395
0.6380319612582072	0.620384083833055
0.7580588006729727	0.40599969359606625
0.7882394398569909	0.3320845294368515
0.85673599426915	0.23481124518351237
0.815037315252281	0.29047016011794385
0.6324804329925172	0.6021602333008036
0.7412932448108893	0.4474142190652683
0.7357721086704481	0.34507663807615047
0.6373404871167812	0.6276853359348961
0.6939872037232385	0.5240652266070054
0.6636260793588457	0.5230377114243038
0.7192628487010313	0.4759829973487111
0.8723369334056393	0.1932678540606494
0.9043395808975304	0.14813598236433023
0.8667906136070008	0.2004404264352423
0.7170360823070568	0.4774817615670857
0.8432145815192101	0.25683468609280047
0.8693375612956665	0.18153006460827403
0.8210171821282048	0.27086080214890285
0.8248773240683519	0.2934757384824044
0.8305610845754396	0.26053844742585086
0.7490812427273401	0.38168661831797907
0.8895832019679729	0.1744435232935209
0.6651141179996745	0.5227273116512183
0.8492260299850936	0.20957577243197625
0.8613880213620974	0.18186806677871578
0.6831898970624286	0.5291876921501889
0.7889615705171213	0.36466276509879597
0.79524817582651	0.34707808802119655
0.8435032445521615	0.2522356984412234
0.6901424349430095	0.5307394486493413
0.9052960685716177	0.14608322069035973
0.8471131759144296	0.21031597318067297
0.8405773461202952	0.2668097596051699
0.7611017692781613	0.3866286611657611
0.641483676276547	0.6115016484126383
0.7535659897652368	0.4158331701970227
0.7106363758529947	0.4018505140719936
0.70538183245227	0.42392975008980777
0.6899239198714494	0.4926362778001384
0.808395557638698	0.32195008510408046
0.7650979167230716	0.4028522777066337
0.7687189183643632	0.3972695226823911
0.873472755126367	0.1622708283360503
0.6860441604326203	0.5290829056234596
0.7692719481198499	0.38895261674848153
0.8398784953380551	0.2559642796523093
0.784833486360984	0.31018364660182596
0.7068460797783296	0.46144890503973224
0.6759357709789882	0.5500673654738546
0.6574936394466344	0.5436285657354432
0.8086735177537492	0.3000506455475678
0.7903160301072346	0.3425163246708881
0.7116938484738927	0.47477990180947144
0.6785434480712164	0.5533114104570998
0.7689401314280504	0.3216303039938798
0.7420413610030392	0.40235733022455655
0.6930945566783547	0.5268005723161557
0.6800461757054043	0.5400670986186255
0.722118612679321	0.46347372469294645
0.7751675830900311	0.342261872311705
0.7605877154103784	0.3587666270892465
0.6402959486750597	0.6086032521070596
0.6888313403926826	0.5133351612123944
0.7056833543764984	0.5022644791083375
0.6423093068431751	0.6039953940288869
0.714791565484659	0.48729543733783065
0.8048734690651331	0.2890211608991323
0.7565875194102969	0.3964879184745664
0.7328676967544357	0.42211218240864196
0.7715571668443023	0.38035584744316986
0.8590570569550635	0.24076563754259117
0.8470299739704156	0.18874606889767412
0.7008414575654626	0.45795312476390565
0.6743514582807976	0.5529532044124675
0.7460286902602354	0.35220417172635266
0.6786122982061008	0.5359370772957721
0.8592403179652612	0.2240870779005481
0.6874148359076483	0.49978158351668767
0.7647944535375767	0.39608250627888353
0.7291016146330003	0.45798387360909915
0.7770178000779778	0.34696580149212547
0.8221001872282995	0.29182329175001387
0.8398663931295616	0.2195815704361673
0.8490224247989822	0.23759364368572639
0.6424486616447334	0.5677215616807001
0.7777536579320854	0.3522103910872796
0.7674630962747061	0.35956997835092247
0.7813676671416401	0.36895460431906785
0.6398281273750412	0.5850368552763829
0.8437463094809734	0.2338768908341756
0.6978157630049985	0.4673657389003887
0.7948663317886742	0.34182858608233513
0.7504611832432669	0.4287062781385454
0.6240486628547368	0.5866880694385781
0.8157706611133173	0.2882081168990921
0.6818010094414966	0.5216549559319893
0.7930738092160317	0.3289331962983746
0.6354789301051259	0.6303425806434462
0.657283116599364	0.5839919908407272
0.8806641906184357	0.20103440206193696
0.6814895611088105	0.519663687891494
0.8459424972451094	0.26606653946813213
0.6979179722009962	0.48438393142401726
0.7986301618656774	0.2858587674736949
0.6870467323555621	0.5050565407734456
0.6390318812139608	0.6167770393082075
0.8307373063332466	0.26836459840106086
0.6779528809327696	0.4666698487388171
0.7018478880658251	0.4820065433758176
0.7181880613735201	0.4278861050384203
0.7286325671914855	0.43690575255640696
0.7643749858620201	0.3932362791758663
0.6970516826948258	0.45323756734785153
0.8577532157561066	0.2150037633260875
0.6789914145982888	0.5342103317870256
0.7968421737266882	0.29924294129276297
0.8018627221196766	0.31499005321912654
0.6974498894448432	0.5177801503219477
0.8427817504264985	0.2610509094750027
0.8742183919333708	0.19999254795520144
0.7349548193549588	0.44778206839781565
0.7968842991942967	0.3272322855140273
0.8668709291938346	0.1867916882479952
0.8390114559455165	0.26891834145078397
0.6841778638949783	0.5103573033455839
0.873462202801207	0.20152301913131945
0.7588677041233892	0.36869641328340086
0.681280114871474	0.5373862814248165
0.8499696137707735	0.23281819294725267
0.8112059581703623	0.27699345378860196
0.8009533329112747	0.2716942293528565
0.7204888180205349	0.47427826439353155
0.8741565476784934	0.17137312350505776
0.7394365937247204	0.43001521595166453
0.8785431112686937	0.15538718171720092
0.8031887159544627	0.3031760784942668
0.7073593685665728	0.47280340205653126
0.7118550126372496	0.4922258963854045
0.7666595528850789	0.4019729599024339
0.8072060411362546	0.30437275173511313
0.778941058145708	0.3579473806037307
0.8285186003981051	0.28168638715694955
0.8412773166284514	0.2218108740387621
0.8734908029499224	0.2136539198527409
0.6671163346828226	0.529577040100303
0.7817949598717749	0.3515483225504639
0.6741452476570602	0.560712552110687
0.7497822294097852	0.36794966404933593
0.6405409270233701	0.5945212297389332
0.779108072356935	0.3472445357503314
0.7799733169351214	0.3803912255088698
0.7359214064506147	0.4121626686749712
0.8082199772067419	0.3041637174404962
0.7747401774202178	0.35422531134395585
0.8619458451009667	0.17695760500167598
0.7441086565009122	0.43667112446148315
0.716982893277213	0.4822592889879577
0.7075374470546696	0.42069040958272186
0.7039239638830802	0.4718947891345189
0.7215108683607817	0.4570180464104355
0.7669144230108274	0.39096315083963495
0.6298402368881715	0.6341663011346232
0.7083774176608802	0.46555189628083327
0.823821031397686	0.22363205933256522
0.6747147216546033	0.5551431094738377
0.7920249419410035	0.30196100175797586
0.8051291689851414	0.323681426100098
0.879343678693882	0.1902453867067387
0.8130580337533364	0.27660737523539347
0.7162184534294002	0.4908404540572072
0.7249872123697434	0.4082414895596193
0.6690620311132733	0.46054799018493
0.6238697700403895	0.6453653767803793
0.7147566492170113	0.47527311265125105
0.6864100608004715	0.5182206720959321
0.6684187790500578	0.48269894950415954
0.7840298640015932	0.28785598536317103
0.8401109663501019	0.18751577451120785
0.7534665880306551	0.39479130736857554
0.8217790584720377	0.27767788896749646
0.6928795096405387	0.5276182078909676
0.7442231726759296	0.41129451192275934
0.7436840274455198	0.43236101478531286
0.6479328904960395	0.5964566200646153
0.7267667599022137	0.46178125010338844
0.7841942133434421	0.34489068950470747
0.8202933138790044	0.2956712995963981
0.6335443438008038	0.5854040955372501
0.7980291569639492	0.3265932957482542
0.7908609597834207	0.3413855047975647
0.6857222371133179	0.4966376211912126
0.6544670914487244	0.5810312929834218
0.775878433207746	0.36787860176845616
0.7159631379482888	0.45707865020569344
0.7941838723049832	0.262258646887308
0.7211875726094704	0.4363275620379931
0.7628823139163283	0.37438906363255053
0.8674173938772739	0.21279263362293027
0.7506161368505224	0.40810520749614715
0.6831396532451507	0.5161526668936767
0.8575181299260264	0.208821002775849
0.876324438265329	0.21213071824056134
0.6682941157392861	0.5713822172891128
0.8016553189543333	0.29758828926087283
0.6687659828205198	0.5709306814830755
0.7162180647702463	0.4901039054593262
0.900912105411299	0.17038397477703343
0.8199862016347986	0.28965366109592183
0.7447370612465717	0.3768492656406441
0.7015781940801511	0.49830941729042877
0.7828813596911309	0.307249449002725
0.874556715445262	0.18963076371700463
0.8169260347066827	0.2718827576479196
0.7068990988126386	0.4324213856649001
0.7907870408299158	0.314005959997551
0.8883175464469195	0.19052770094484123
0.6040782240879056	0.628266171270145
0.7519881909226502	0.41207840468480395
0.6359863776078807	0.5250270009214295
0.6277636320234565	0.6334566165767163
0.6906463279919534	0.5231247420276974
0.6980791599837799	0.44247321909916754
0.7436693918059913	0.33183178455813617
0.8487884295093665	0.2561065797933283
0.7560555000906665	0.34879685470799865
0.8176741665077573	0.2913783904416072
0.8780018625816106	0.15568583346960693
0.8565797817781269	0.19077992022603374
0.6633807264978757	0.5592351336500201
0.8074421768529941	0.2906482884779377
0.8695886033336829	0.17576842841295198
0.7888946702868672	0.30308843222622905
0.8551846143283163	0.21993932148660292
0.8009135166857463	0.27664702013405057
0.8834144478971553	0.1743577161949669
0.6500711924658397	0.6059418159184855
0.7291492791985261	0.43814277014538827
0.765039195814369	0.3866618686633966
0.7825244688032625	0.3662059332172978
0.7474496066566538	0.43225502719623937
0.7484209812244464	0.412553664064323
0.7968798790875408	0.3089390327500011
0.7310208147830155	0.4103060134389618
0.6634616521005434	0.5517830757773935
0.6754151748087563	0.5567847734765907
0.6551275417641256	0.5949977960530207
0.7308835510274694	0.4384712795591122
0.7236834517841907	0.4733751351100932
0.9009103919920955	0.14989689805471185
0.8007116429210759	0.31700581089913604
0.7265388017539975	0.4341695545113203
0.6815732441872981	0.5372168871839945
0.8330369135842349	0.24319151995535054
0.7372070440069657	0.4507410462809766
0.7058673964189401	0.43569432507852524
0.8472307621637786	0.26177760296949093
0.7414894333629136	0.4470484310879926
0.7344637563537305	0.4454476518292465
0.7413319908296021	0.42044659022364567
0.89480512261861	0.12665129605500697
0.8525286549619404	0.21674049621864513
0.8904739088883573	0.16595847763917654
0.7685990581076857	0.3333687169789559
0.630522543951637	0.6165020148389307
0.673200841988054	0.5556312847956885
0.6814652069517755	0.54103919407865
0.691977641866139	0.521146861088735
0.6467257692608691	0.6110671156008634
0.8597601981427372	0.19246370003651325
0.7520445429169369	0.4177547367129568
0.7491005071116978	0.3883524778823841
0.8736200131945558	0.21384105262649106
0.6804242310953365	0.5429766024276614
0.7306076108084713	0.4204726109998153
0.7626426364488375	0.3903575720619209
0.8104548734061611	0.3177234672775472
0.7900094625972981	0.3474351579568575
0.8411647512017167	0.24422633479583536
0.6735948233389313	0.5527901401625588
0.8053104129395814	0.2857208727832938
0.6978931396045096	0.5191078069891153
0.8384348513019181	0.2747469351879927
0.7135607073142017	0.46415344142286724
0.6878538455315301	0.5339175050434661
0.8294778592509009	0.2927312812487475
0.6828349516985502	0.5225375413369964
0.7271528460017397	0.42309215373266335
0.8064006593431856	0.29336678812697203
0.7696515174285026	0.35655452042089897
0.7264989665944562	0.44439919226221714
0.7694583841998508	0.3932212678182092
0.7536211085087057	0.39042919412166444
0.733943212546097	0.4113473143702753
0.7930087652515888	0.2827272976916865
0.8690796878918399	0.18083952044435556
0.8731201788141036	0.21905780923870805
0.633321156781091	0.6086950568814748
0.6582543143090823	0.576287356939096
0.8528118945640711	0.2275353925793655
0.6918762640083757	0.5303855971977434
0.6649134311417106	0.5678573125008399
0.7222715372081343	0.36479685118395855
0.7221692489647791	0.44450857557905027
0.7035839101988193	0.45016009074316465
0.8400273474299248	0.23711360925737124
0.6880898632922408	0.4719489251871771
0.7777666919764836	0.37891371592197326
0.6536408234961978	0.5952570071683876
0.8663422782517345	0.20811758958698004
0.8316528765178076	0.24726644871526865
0.826570138817415	0.21719278437057338
0.7316808264493687	0.39843708993890603
0.7485700247596657	0.42060671607764233
0.8306697044673884	0.23938917375804364
0.7831750593440839	0.2951707721912553
0.8132269302259726	0.31336667562269577
0.6875845399997136	0.5366865482757848
0.7761044098176153	0.307279943024258
0.7632447913477458	0.39622698883130286
0.74860122294947	0.4224741803979803
0.6888560323660012	0.5349819469730152
0.8492295132592228	0.2546586862353512
0.7317140110300517	0.415801592307805
0.7688024186941508	0.34085602728390946
0.7165866412093603	0.3665387295299798
0.7910439324676996	0.33230914950488954
0.7576806149810064	0.3209512043432843
0.8084504871107514	0.3140658326363042
0.793690471839361	0.31047743056339117
0.7668779097207435	0.39606640291858497
0.7010718444566081	0.4177025840047718
0.6330265602861312	0.5556524009387558
0.7849778249369789	0.36204226122355904
0.8715337286761782	0.20913782212152085
0.7670259537857053	0.33946883142283074
0.7245019572610635	0.4506198971733302
0.7964298327031754	0.34126924308671347
0.8943561365868425	0.15767669715554855
0.764674937021528	0.40459199053369166
0.8065678728413691	0.3177195868820111
0.7165882795339078	0.42122380658690173
0.8300644776113393	0.25680512291816526
0.7885308852131794	0.32039032835707776
0.6280745020093301	0.6363078088064109
0.6813676596680442	0.5138049525644767
0.8275637020058493	0.281987913168335
0.8572379874735986	0.23026848437638653
0.6443261571153478	0.6017755489237048
0.7820818939928018	0.35260146927621794
0.6154318552425296	0.6342852083853545
0.808333840027253	0.3073930507516588
0.6937314039495655	0.5223065582923505
0.7270155487362465	0.4719347983100919
0.6825283586709624	0.4634252997447097
0.6859767536828094	0.451945179848556
0.7231459740635129	0.4698782875214996
0.7076768118690251	0.49906120887965716
0.8266666630908858	0.28664027709700796
0.6976877654255164	0.488976961833122
0.8239964428586178	0.2799795488987729
0.6959832516450938	0.4995311961999279
0.8340660252777138	0.2689844108709769
0.9236555506983852	0.11394543249823524
0.6793319876891054	0.533654272184182
0.6219730036825748	0.6338514667685333
0.7790159434288785	0.3668534724765721
0.7376694624679748	0.41244281997043447
0.907629660421465	0.10946794873516677
0.6915392697872565	0.5231640315724656
0.7269470957314593	0.46883647125551625
0.7862334733280473	0.3336687975798247
0.6967813747624736	0.5069512465666616
0.7294745648494556	0.4351667646796495
0.8481927602451734	0.22376699624703528
0.6629680469460466	0.5501734571317031
0.7134849868396855	0.43738815162535144
0.8404700791041104	0.2643519120890152
0.6929344036385114	0.5091263617327358
0.6847917638510261	0.5408192105344138
0.6781876365578188	0.5458697181498428
0.7571386286819505	0.39528258013831824
0.641275753099594	0.6173639766504573
0.6849064733067015	0.46156673881773913
0.8834293864270856	0.15208426890635213
0.748207735751944	0.3720662989922757
0.6519190162058228	0.5969062511331138
0.6918554142307051	0.5251669010733425
0.7201171937398142	0.46402228372938537
0.7375549406786669	0.4217766834596405
0.8790823157673122	0.15681115729109038
0.7948946094421953	0.332922351893474
0.7682672010070574	0.3708770860139865
0.7598644539162026	0.4055741214286385
0.7839062902916291	0.36305228279557417
0.892737879400142	0.1674495532974553
0.8336254184592947	0.26411724003586246
0.828314186706837	0.25604948161146523
0.7248080034774109	0.4726142736236413
0.8810116734227483	0.1465767072165512
0.7976058357901087	0.324106387098651
0.8636456898052588	0.23421693811142896
0.7733275623925295	0.3220725488487538
0.6745533526512298	0.45345056556276836
0.748309430483029	0.4188716809480515
0.8474206746452199	0.2326780533465151
0.746669895535556	0.41779508876292387
0.6659833892452822	0.5665277145069416
0.6553485716303687	0.5424974690174925
0.8655215398024974	0.1812604849442209
0.7478116348725813	0.3792051636684205
0.6967803619628244	0.4647912370270151
0.6613911139409059	0.5475245421787778
0.8031713938876891	0.3164099830554429
0.7773900708829701	0.3778952256895662
0.7497562347424678	0.4237495851280411
0.9163436379355628	0.1429672970661005
0.6637061050447237	0.5262477983850847
0.7228611456657947	0.40094909895101155
0.6673693491162108	0.5571681862895026
0.7634586980054378	0.39337437455855934
0.8164416853240765	0.2942663458772878
0.6589981643184473	0.5840872211531998
0.7493198770345206	0.40035232709039215
0.7618506638673523	0.3898720728206245
0.8334038892246984	0.21318793535163774
0.916705497907987	0.0912097608749639
0.7859755912797972	0.35136395706624174
0.8871811956568455	0.19527354644470585
0.8811637620273374	0.14237166779171512
0.825463924940112	0.23864965225941545
0.670404085605185	0.4699167947968248
0.8325396453949868	0.2083110109631352
0.6844781782567957	0.5275222747462546
0.8321855792385048	0.2856133975252352
0.7729649519458426	0.33541997608647045
0.7782153752291517	0.37596334331288755
0.7135273046118026	0.44631646268021846
0.8023522589816624	0.32631316633620283
0.8961073723340421	0.12328537160402282
0.6573367720937731	0.579561239754067
0.7827050347057981	0.366623334015462
0.8372699985456397	0.2800543548392077
0.7958244973981274	0.3133918828642389
0.8086680427648814	0.3034138090223202
0.8619060764941888	0.18911892754451323
0.7768678070723867	0.36782597171304293
0.6847029316524155	0.5257838036186442
0.6531446401608799	0.5577441088685516
0.6696446638353944	0.4943103502281311
0.899340794090474	0.14353987673191507
0.7102618651434822	0.47832900413958995
0.6434371789285389	0.5699930930597474
0.7608346783276329	0.4090107558883189
0.7322636155902577	0.4240602120033764
0.7476324222370714	0.39452128898272676
0.6289359005448338	0.6217728875503031
0.7062587628934516	0.5047154925174909
0.6963254490871541	0.48302133342893194
0.7370782650240904	0.4258457131726988
0.7484381643561404	0.41536746436730976
0.7899613142652677	0.2783463961434559
0.8615579076999152	0.1725194881184166
0.7615855712424615	0.33011954700837653
0.6938530934493263	0.44849817504657485
0.7758543338410124	0.38059227889665986
0.8585484275897988	0.23176137751706183
0.6450177022978936	0.6146424670574766
0.8602863897365927	0.23463089209167598
0.675340806345585	0.5271092276341895
0.6950742287140798	0.511593021339054
0.6350095666650345	0.5734881136314488
0.6842964243079944	0.5257937667617243
0.8219190965937004	0.23906226483635024
0.7334392421800721	0.44671475806673344
0.7597651965211908	0.40280019644865306
0.7858775591758235	0.30092884598528674
0.8505146251362931	0.23057000273368983
0.6997593215347232	0.48595310059347085
0.6184605375486579	0.5718749492571
0.8127056819853685	0.318102655063911
0.760152574998431	0.4096972271079911
0.8742614908621915	0.20563505898402124
0.6742877567156983	0.5327546348845424
0.7848679281081946	0.3420443289271483
0.8357377157222453	0.2753966985294407
0.7132261809058105	0.47309469487814204
0.7168377491651924	0.4195992866006665
0.6985644851207619	0.48849833376341584
0.8979237750406924	0.12559419489894488
0.8179375272371797	0.29758562786499315
0.6973249806051343	0.5151411459183289
0.7879376131504529	0.36467083202977935
0.8217932633903875	0.27506394334760426
0.7175684616901074	0.39366416078834143
0.8616386638796657	0.1690918732085996
0.9155733420418001	0.12590714158685118
0.78272177117938	0.3650096572926903
0.7009538029471497	0.44672465762238545
0.6839457071881185	0.4891727693228218
0.7360804403453454	0.42447029212801657
0.6606881897632526	0.5551411205708688
0.7018010597112364	0.515524660889014
0.7205665876202877	0.4774952175379846
0.6742653748658408	0.4895277533534475
0.7089665642962557	0.48424248377212237
0.7856728063151438	0.3275660980929055
0.6593599846713935	0.5632113516527092
0.8012583743163815	0.312855939200233
0.6022396610547718	0.64306776973732
0.7685795828217663	0.3900144071617345
0.8000504642043381	0.318251224682521
0.8221286337508287	0.2782893408036215
0.7503983706117446	0.43221499510071865
0.7104121050361623	0.4200257555213062
0.7477371819347985	0.4042755899711029
0.7048983435066978	0.5097248352179056
0.7720599182919872	0.35598109472612394
0.6464166191120368	0.6057146801918556
0.759170735050068	0.4153487548047965
0.8553170851470584	0.23856913810776947
0.676603967154332	0.55095311996006
0.7900411024299907	0.35493615696294284
0.7868888211603887	0.3058011942389395
0.8112831461191014	0.24996085369687288
0.7934214575901746	0.31497130560673087
0.6561247512239131	0.5941841201472575
0.7808062985444316	0.32425324373699
0.840266335221302	0.2416838531886372
0.6443293387920039	0.5644452665498313
0.7277306637378252	0.4501335028711255
0.8932171381518036	0.1311252506511729
0.7616089675081738	0.3991766715916294
0.7693017885247196	0.35067816949010183
0.6834705945221481	0.5461743048192864
0.7126051867265212	0.40088987355562034
0.6908473777962886	0.4961373626818456
0.8295113016532781	0.27700099670386596
0.6895943425981602	0.5358108580178189
0.6456738006287742	0.5731170724187029
0.6879982973360821	0.5369833883593405
0.7442086136991269	0.43079853923067635
0.746399230644084	0.43693188686766626
0.7092535495046691	0.4832581804297551
0.8316452504847742	0.2214336405739616
0.8786758034149347	0.18390821798712442
0.8353306022482908	0.2513740892938092
0.6514734843545645	0.5935569919783457
0.8785574415419206	0.15509602573314074
0.7583228842504199	0.3725972358753889
0.6741266186302258	0.551971828456829
0.7902164436756062	0.33832533916526686
0.7672633052829998	0.3759546352331384
0.7629699389409361	0.40924455103174334
0.734895584500854	0.4125938912117017
0.8588511548649069	0.23822363546497322
0.7697345084534225	0.387309845126344
0.8048387639772779	0.24964653534924003
0.8467642001453967	0.2575517511461048
0.6989490861118085	0.5006531112785972
0.6610286849367821	0.5130097195828209
0.8190702021883447	0.2951044808735826
0.6440124785539616	0.6152288039108067
0.8255279035125075	0.28957260047519123
0.7043396545387192	0.43131105144128973
0.8888247260768405	0.16486322405657433
0.7133111565352986	0.4148795012537764
0.8882901411128368	0.14078632434105942
0.8630144689070888	0.21897361103332286
0.6838999309094808	0.5343721703513971
0.8510374595656592	0.2070312493299134
0.6800679775468131	0.5343336661750907
0.7334111542891	0.422930721807703
0.8092569423812808	0.31585266875919515
0.6718130147523977	0.5408526527833827
0.7425404852183402	0.445191805577094
0.8640980551083891	0.19176004608869937
0.7845099236007963	0.33210885622814423
0.6385251451908693	0.5376687885848369
0.8139788584302643	0.31649370848714087
0.7460062672661776	0.40570028334076413
0.6582562068151991	0.5852129041207694
0.9321059052360245	0.07994874047310947
0.752260570592971	0.3807739637299442
0.7337349688475343	0.40256097668102303
0.8796996107043181	0.17249897364017627
0.8012867227339934	0.33627451271059194
0.7438729721004788	0.3819364955969018
0.8340444535588444	0.2583453450391331
0.7335567211274429	0.42489093894376406
0.8037753902831365	0.27615186169707767
0.7310706777131796	0.4266699464608736
0.8685312948445431	0.21177707284371988
0.8163391885667926	0.2846496878892808
0.7972520409993279	0.2902029946032185
0.7438374912254205	0.40743591190000245
0.8259862898818794	0.24170439291583576
0.8714332916429732	0.17253665237650728
0.8488346880737107	0.18565268854530165
0.8648368977034545	0.1957206743545999
0.8596286518709664	0.1959632276472757
0.7345630446302333	0.42365178821400185
0.6398406310172253	0.6025809385971193
0.7908307167377651	0.3375651712204669
0.7246482228161756	0.4621343171101371
0.7970738467550065	0.3322022219143156
0.8717799856313246	0.1898245287628974
0.7445662998222	0.43828431655049344
0.7427651587511236	0.4354781375526652
0.8718683485086632	0.15506306105815004
0.7855243365778796	0.3270895766929375
0.7378257836551374	0.41266813445089595
0.6462376370441144	0.5796852498602194
0.6507262856293192	0.5555116934461996
0.8097068370796224	0.32929805770348863
0.853442777952946	0.18931908301421496
0.6505859105316154	0.5397925791065978
0.8141602876263221	0.2611612615183892
0.675623039100592	0.5280371093812681
0.7673070341588017	0.36812126908008747
0.9029524742422541	0.16736371358982888
0.7912886307150273	0.3526380738785844
0.7587001976478502	0.3854526331246372
0.8607742822746937	0.20816353011582042
0.7721041159083949	0.37172851364663395
0.785388895044352	0.3565607540344796
0.7048013606030898	0.5047847156147645
0.7874966925270745	0.3345566326725668
0.7150922365119747	0.48639171474016335
0.8041444902158554	0.3126813146606732
0.862496716444077	0.22572321039649001
0.7462358853116199	0.43945680478003774
0.6458670489448711	0.5682261854296355
0.7824907707671952	0.26768505910404733
0.6470494955050898	0.582482300375053
0.87492224683081	0.20466405130214244
0.8112131463584443	0.31667606834818957
0.6373157863626369	0.5987930769521219
0.7536619703335965	0.38578915868160346
0.6808378217349895	0.4794362314263711
0.7997514573574781	0.3222503164343946
0.6840279619120563	0.535258468059812
0.7794746042748842	0.37072695883345425
0.8037023683719261	0.27082008868819685
0.7559044383647713	0.4198028572617332
0.6582878456991457	0.5720294365721185
0.8836998068516888	0.14731023634321394
0.8308111608911666	0.28551065142765064
0.9172672589151344	0.12481674219445278
0.7882282269278894	0.3490053397252393
0.8468538589983959	0.18545434435156063
0.7568691326767344	0.4148029013212997
0.8138009901867138	0.2919015159419833
0.6968076736073526	0.4730806841261198
0.683738104026389	0.5445859063964501
0.7555095303337249	0.4177211492021022
0.7282625119776996	0.46294834414514596
0.7424999630069654	0.44239577880628966
0.7806644198729098	0.3730209173273075
0.8593586900523614	0.19736926550179187
0.8147150141329967	0.29406167648614046
0.804768895692251	0.3100908970047496
0.8452555784766617	0.24126942820070107
0.8804477544962016	0.1897032893452237
0.8215244737784365	0.27809821982948235
0.7377456876277769	0.39885642120914533
0.8617431504018271	0.188576161555163
0.6843204699554816	0.5339529796750326
0.6734264211150317	0.5477451454118913
0.771210820620829	0.34593945171653423
0.8628354837983239	0.19718720727577926
0.8874909863829474	0.14075391586914937
0.7660083754796397	0.3474175130504521
0.7181110741657124	0.48135763663686176
0.7730301928103164	0.38045270835698425
0.7172252709342102	0.4308277921539687
0.6329365704105762	0.5793188473672686
0.7188275850920456	0.4125962481834468
0.7456005705839135	0.3976271009913347
0.7417484429307015	0.4409990975095999
0.7938608230748601	0.32968588933817466
0.7033450753878053	0.5101754187787295
0.790372018981242	0.34951615185780577
0.7079828649955866	0.46149020609374175
0.8660725276365286	0.18954974301749464
0.7843358844573408	0.31526788987363497
0.8257699938507228	0.3014981857010157
0.864284128096794	0.1989820556727231
0.6459575507155398	0.5804621479425062
0.8009826007795423	0.29582049900549756
0.6896752162549232	0.5178476037219363
0.7090821897525894	0.4994410940775259
0.7335251535123571	0.4295374416616557
0.8708443475556962	0.2145779060415416
0.6267710377247323	0.6340142517772629
0.7044659187627094	0.4951908532001061
0.8107306591388078	0.32488491577779943
0.7752904847640452	0.38706868994557864
0.7483007505847146	0.4069856016490913
0.7042163389099277	0.4513761095436096
0.7650691639792193	0.3892197463699286
0.8345880458798858	0.2564870890780161
0.7275185673400534	0.36033124228276503
0.8474864710684216	0.23719118838029143
0.7813167215736627	0.3244131001838133
0.8150512777961021	0.2972831418629449
0.6340017237603721	0.6255243170472848
0.8665359427515363	0.22044537299888506
0.8171044129767561	0.30860696432403245
0.6762899940312773	0.553786455345308
0.8648414304969609	0.20265856171614377
0.738900856614186	0.4477750142889402
0.8749557120292142	0.1910987060150887
0.8812099309145696	0.20089313070180437
0.6595885308713033	0.5482221095724351
0.805443084024062	0.2700139593989178
0.6748326779419489	0.5492799106763586
0.7801559820011044	0.360042426820806
0.8869818076888059	0.16993467306592114
0.6802502294802883	0.5251213767357072
0.7584800989910387	0.3986250961827181
0.8508278937649871	0.2518651771729013
0.6965171865430916	0.5059045892485552
0.7182743661864871	0.4559179533883687
0.7141707770299974	0.48127898007713105
0.8623167220124978	0.22609688533045014
0.7346800239455151	0.4308468162196434
0.7576000942290528	0.4058328034442339
0.7154554282873529	0.47176586503435164
0.6964140324955402	0.521969504467508
0.754959606963022	0.4070859362502379
0.7815346239326153	0.3513030809522491
0.6780050764550938	0.5491841296903595
0.7890318573450311	0.33735053017976596
0.8226766124595778	0.28731897778995646
0.7166739217258947	0.4237585798221955
0.7040873113852135	0.4742563376409417
0.852716181775573	0.22435411354843937
0.8550941245893438	0.2091410737810201
0.6550872367046077	0.591862056434151
0.695943730178283	0.41748419640960605
0.6732449768681487	0.5214350722456447
0.6999579287686617	0.49701827971755375
0.8847283374855596	0.15748512956695587
0.8700700611616108	0.18513938256521342
0.8407269218868154	0.24123581191158558
0.8644159068403122	0.16599157634866035
0.6331640914098996	0.5521225550854234
0.6747172211422277	0.5549776677978877
0.8257094883252626	0.2885849753795929
0.6451057718746948	0.5974830504836173
0.8290144833697511	0.2599005746840918
0.8695683410556435	0.1848724537669211
0.8081067471138846	0.25673530515075593
0.920576143186524	0.12069230769242546
0.742982952777518	0.4375477496338729
0.8036506226732835	0.3317624166490373
0.8008009499099806	0.34440134546669643
0.7439340504771434	0.4010601568968258
0.8228977205362514	0.2757863686592027
0.7193127836751853	0.48592688022978514
0.7567106903944354	0.3989913273443575
0.9023644099691902	0.13942790384704207
0.7577767119933507	0.40774726409554407
0.7832609487987947	0.36702025881619077
0.8114522363175527	0.2607849379874135
0.7029744688491059	0.5025784643027496
0.8763793156613057	0.20770231867507694
0.7300383492311061	0.4213454872296734
0.8054593142122837	0.25445099002113686
0.6995209014112693	0.49568817939368326
0.846315724031659	0.22994680674109
0.7564398966997526	0.42056420531246225
0.8810608856628785	0.1663450670889305
0.698668892751771	0.4480376170196737
0.7406532275419614	0.3817842471673335
0.8750405826208778	0.20066774392908976
0.6648847849516913	0.5738601567546413
0.7584904102967758	0.41817481237124704
0.7391387515836857	0.4448646593930516
0.6928125127964638	0.5211262774492191
0.8391943812927292	0.22697699203523009
0.8654267105071548	0.17761803376913202
0.7795983929760294	0.3291382191704516
0.8933072836457715	0.167971734630009
0.7415300778566196	0.44004387217174007
0.637894968263265	0.6088505914873099
0.6805068717989556	0.5391181016045498
0.839463397334536	0.24735389922745132
0.7262518245835393	0.4241645262292806
0.6741352284092657	0.5524580351194189
0.8556245515758069	0.20071653375930482
0.7421000762219422	0.4030758035472708
0.7808595626598415	0.312681336321282
0.7544938415475206	0.4088243167046626
0.690391263297124	0.5103659653097763
0.614027737912593	0.617945170141857
0.7216295673799831	0.48007503380991273
0.8649911268498158	0.211399468040823
0.8224693323095733	0.2657529777348305
0.7981923366034895	0.3265055457882843
0.6872705628592513	0.4828896757823723
0.7265561423441699	0.46869774189676516
0.6805172270045075	0.5518391139039496
0.7467825578527395	0.43348983661006446
0.8005609499662183	0.2859397782932471
0.8710765130420397	0.16431111503447288
0.6828171839094272	0.5474233016637879
0.6994159599258273	0.45078815950358553
0.6665355813750153	0.563038895147226
0.8305394776894567	0.26327948505803256
0.7768450054396242	0.37392127687227145
0.8771367974040835	0.19542102506290412
0.6507769966574937	0.5849631146628547
0.8419742195692714	0.25127816366353806
0.8689073226178033	0.22606908287636018
0.6388698950151228	0.623165431877012
0.7641330006141176	0.4045387318241521
0.669752617797583	0.5215699592243151
0.6738852861893094	0.4898875376467184
0.7998897259519254	0.32964527112829073
0.7075607616727858	0.45172380298609127
0.7498609727885129	0.4177129233209837
0.7045509503658834	0.4715527395825167
0.6811054182362601	0.5264947415375651
0.7018538599530939	0.4860660424777494
0.645276770164791	0.5984816690043855
0.6931674878539396	0.4683477202340393
0.8611414831413191	0.23526502604509464
0.8453599357342978	0.24809283054733297
0.8266463660256714	0.2797093459479352
0.8485376593979074	0.21816469545789816
0.6713420980237336	0.5605586671058953
0.6430793215403617	0.6167433651822815
0.7352793095047097	0.3821676461598682
0.7183853582871856	0.4739458682301085
0.7337405425576363	0.4281265541900736
0.7421166254183709	0.43197366806581483
0.7147952354959222	0.48820144354712697
0.8490102262957706	0.2506370994266218
0.703127170777452	0.5135154796925385
0.7846789324470381	0.28509728415342617
0.6059460118752169	0.6213283700259549
0.6867346361068793	0.4864488532466096
0.7041998051573745	0.49798805437988575
0.6336411386394805	0.6278771505916558
0.6848712252872945	0.4922575607291614
0.8383414723408157	0.2375710964047453
0.8429094497124414	0.2668841149286364
0.6690620948865239	0.5672240696480653
0.6963490127189501	0.49237870612060297
0.7466787115007498	0.3784088625040116
0.8254144724559254	0.28216543673909344
0.7261653355298457	0.4552745119543486
0.7036484533072178	0.48971357135873445
0.8592409158373523	0.1977129826212551
0.8213549968284307	0.26251812558458676
0.7072227366749809	0.4994881103824061
0.7089841132619707	0.4666980348726182
0.776040738471396	0.29581099364706753
0.7156388044020663	0.4355018417969859
0.7579877237350781	0.3978873187726929
0.7874109894508993	0.30763966019488653
0.8281778211748707	0.27905969461096236
0.8227967142726722	0.26188368188534755
0.6623881801623208	0.5355607140440629
0.6595300911557381	0.5592489402393002
0.8726355736105419	0.15031383311295682
0.6519963136066488	0.590387871034002
0.6952361757601994	0.5272287057868237
0.6275221726199282	0.630557818826984
0.8744125699580646	0.1732693040935953
0.7280457000530495	0.39835207273759154
0.6831884572544705	0.5256805194236533
0.7458090398366065	0.39356602882472674
0.8878439409087862	0.14372439549562116
0.6963735779722012	0.5111755969674495
0.7663092109991896	0.38344051033495596
0.7334741292393064	0.44235390984111067
0.7752173563507483	0.3111692587176154
0.7903030446879562	0.28646482897897957
0.8202518614056038	0.28026081647125456
0.9126473709170104	0.12394616925232782
0.673374176967042	0.5092360264978324
0.8249824754280316	0.2975528969698101
0.633874906705864	0.5877882496759228
0.6970293858746507	0.4871529024477941
0.6681759964027132	0.5125624818023509
0.6528480412282176	0.5073838905062802
0.7827088505438105	0.3160294101739213
0.687457542224131	0.5258109488428799
0.6924870905496809	0.5285402187548238
0.6992740618632857	0.5181435306732969
0.669710838199987	0.5673322284208334
0.7095727302577438	0.481024863170737
0.6712898842313694	0.5347754107370124
0.7369921663111817	0.40048261276747854
0.8982964709288591	0.1760969323103081
0.799187623615635	0.2710575274179444
0.7643807266122966	0.36332219551322215
0.7919994820131152	0.28719698448551495
0.6893534463906179	0.5208522178393308
0.6390917227514856	0.6154219372861022
0.6976658641832063	0.48070650584130303
0.74387632746827	0.4193103518323562
0.8033338364246613	0.3172461288720557
0.7480245338406957	0.43213821051489604
0.6984243231950316	0.5043972814030824
0.8906211041703613	0.1339670017774543
0.8329401217829674	0.26201732547412215
0.6842292791575224	0.5384219569911657
0.8705730079493825	0.19294676548166356
0.8216863557312778	0.2683792123131179
0.7386964547355764	0.42259799599848
0.8694086835806129	0.19344271901435162
0.6368406052390365	0.6264876039263314
0.8646785779749466	0.2307374435880012
0.683324476063955	0.5025487855735653
0.6421295833660048	0.5874753956324379
0.7858707770840936	0.3213242880375541
0.848766534917415	0.21293685967466228
0.8700176032363779	0.18555577442935672
0.6227560433124063	0.6461980761234394
0.8603652773009218	0.1743489866624261
0.8765006391219831	0.18061482112681723
0.7249446821175242	0.43666725498605974
0.8272510843952849	0.22211169528944544
0.7158392767756476	0.4695029029025148
0.8830750943135336	0.19604490284925064
0.7850353140276538	0.3705724652158009
0.7895290239473833	0.356228089846325
0.6522274717467907	0.5810650232897411
0.6234509929302529	0.6349553842951021
0.7060159762195256	0.5016172249607106
0.7496606783007351	0.3770339355789037
0.7613953146973993	0.3997907050930873
0.6576668546262155	0.5843305398662129
0.8875228108765839	0.1946968450907704
0.6446880148679439	0.5626914768829552
0.8713526943565276	0.199602570130941
0.6819323823559298	0.5076945462387206
0.6981636572824135	0.49649889994264
0.8983546589936573	0.1749705171696948
0.6395619062562096	0.5800851056069645
0.6731344762777626	0.5634714932769638
0.7602195458848088	0.40791819155453757
0.7038941809620873	0.5071337126592474
0.8036850709850498	0.31459399704637436
0.6636585752689277	0.5622623462520231
0.7191024638342839	0.4449898208470944
0.7699323845908781	0.3629114097603516
0.7330088574466924	0.40224088708064365
0.8078110702637976	0.27854657893192225
0.8332579152902624	0.2581042317868093
0.811074831333661	0.2997031572670057
0.7967198909255694	0.32364892330707085
0.6940166672193309	0.4501372603991286
0.7114107417850924	0.4773036002552434
0.7309949697804212	0.4602933502713687
0.9001133970917138	0.12809344764886346
0.7690885578772562	0.37303112536905103
0.906065769806103	0.16062609559783542
0.6511954854804949	0.5631973790275493
0.7029972804016275	0.48723726588901145
0.8523995716188634	0.21444217142587058
0.6996915148758411	0.4805087177177667
0.7217332338264095	0.4250058086457144
0.7133537027061191	0.4650190782943153
0.7586770237733819	0.40683082447751956
0.8165886226358136	0.309225991779669
0.7067291471317823	0.4733969849018874
0.8144845225972642	0.2510828148124738
0.8369803417948201	0.21433714331360545
0.8355298766573376	0.24591217334082308
0.6676460069874978	0.5533648698947914
0.7276815245940792	0.46334704369625884
0.6351757138313542	0.6080319398365565
0.8275568568702257	0.2625110105223036
0.725280687059748	0.466914144493827
0.8650346975779845	0.2205055155858957
0.7788493101169118	0.3571463599291138
0.8073948323385846	0.27660982976955806
0.8851545527364073	0.15581876697365116
0.8203044754846361	0.3105031780611984
0.7063153425937669	0.4997361760169327
0.739351508132701	0.424736405442621
0.6678927148866337	0.5564446233280593
0.781477568942066	0.3498950665211949
0.8730190281154357	0.20048393932951653
0.7431125144366445	0.43894560176240355
0.6584979746517075	0.5789974895555007
0.8628680124835911	0.2161576689705137
0.7234501491356155	0.4656593765027684
0.7738882330912524	0.38834297397644346
0.8390895148177132	0.2573168228195898
0.6900685379603901	0.5364622882375294
0.6888272644172976	0.5371008278019744
0.7117285023202085	0.498559336348701
0.6344531805920899	0.5275337951037176
0.6472483779611601	0.571358156353969
0.8588620272988131	0.1898969098991644
0.7773835476631724	0.3741626833906306
0.7034354226643136	0.4961884451057451
0.734326066619829	0.40363503971916775
0.8413680819588641	0.25245915153821563
0.8457915299553674	0.23973612093700114
0.8771814898001501	0.18420022889774057
0.8850808327989169	0.1638206193829408
0.733920810291682	0.40427252267315894
0.860979152130365	0.20132479516367913
0.8390887990610706	0.24907216970211907
0.7023177581771867	0.5040255889715786
0.8047912082460751	0.2647114194014781
0.8633955262487774	0.23430516500576226
0.7391693171721471	0.42107693949680675
0.706157686653739	0.49821977135465545
0.6745225616423808	0.5458413773861635
0.7497326626763599	0.42787147125917
0.7214020765029728	0.4224056146549553
0.7753041481813958	0.36956423681306183
0.6588232956578194	0.5636667872720609
0.7054584682148208	0.5070870713114811
0.6434220597822916	0.5462023374116176
0.7219880626767835	0.4708793753092699
0.7519716825718185	0.4078313968832322
0.829300621276772	0.25535376903296914
0.6495557954655394	0.6039129872716875
0.8722118098868058	0.17905124965846367
0.8905751766016956	0.1682538696416298
0.8655957772121192	0.22379094741796773
0.8263338282670323	0.28433162703185416
0.8095378108696661	0.3289211040104758
0.8664282184387964	0.17481995769750125
0.8179109685515298	0.24272383194314529
0.7636887057895148	0.40554054619593305
0.8696166820454273	0.18353600174913393
0.6759526565455745	0.5478524140998481
0.7378671839498434	0.40872048613517653
0.7120313408549764	0.49086653934778535
0.7581495117622984	0.4098896664316817
0.6883925778616942	0.5159285696843104
0.7448150985835101	0.4143469758796151
0.7847492649555649	0.34804990533369234
0.8526081498007694	0.231581180928926
