0.004322043894862294	1.6254397907656317
0.004790100799400919	1.6980694992214433
0.004923815769767163	1.4770890308499232
0.004551048044519889	1.6356399594778273
0.004436986040476306	1.7110829244161838
0.004456887369562868	1.4552258608776378
0.004516242818988579	1.7078892456929797
0.004706194503073096	1.3194127286106905
0.004250853023373153	1.6568657834145784
0.004955403506487448	1.6987482056068093
0.003613143289541947	1.6586831694696074
0.004508930662207535	1.6782094899407252
0.004476908848334777	1.3866164717764848
0.004567970430326016	1.3188202267348048
0.004496491043603293	1.3528929852043703
0.004792798005067782	1.6968693607019603
0.00404821551265702	1.7192650745757856
0.004551401247241965	1.3424666303941937
0.004065613064991966	1.6025668958810901
0.004573501006664127	1.4664949487121994
0.0050291610365323	1.4621392464049052
0.0044263959974602555	1.6646127367094175
0.004076811047472018	1.6342749912015808
0.0037974198815640876	1.5801958970418086
0.004888243285217492	1.7152712801638268
0.004772221350543755	1.207861612617108
0.004557575469124716	1.4932227936493883
0.0048947437607684136	1.7168529036467979
0.003812392516338659	1.6891555020535467
0.0038642241164205168	1.6205992391279644
0.004437917077171544	1.5524612589819766
0.004680799669553907	1.4114418120132692
0.004073498430537657	1.5560181438278478
0.004178749491786987	1.4567180077615867
0.003980590148296666	1.6992225885979606
0.004342720274864619	1.5118264924277005
0.004496386419298572	1.6627468627939974
0.004383849456688822	1.6708434334935909
0.004167765980818916	1.6027588673087032
0.00437743659115879	1.5619377551929623
0.0047395303792174106	1.2871224340759617
0.004637828354338372	1.7141112066030675
0.004462175372515805	1.6923483367031342
0.004120816963756403	1.7244920101288423
0.0043900839663592916	1.4773280325240448
0.0037782796204451946	1.7217178433229274
0.004544452431163669	1.536132428721092
0.004546237522387549	1.6168135165928748
0.004461702929292054	1.7175699959370143
0.003904926254175896	1.7095710744195172
0.0045624562646565435	1.6481733862213765
0.004568424969209874	1.5555415773994945
0.00467615861615469	1.5979408526693977
0.004316250053760444	1.6451479278191088
0.00487362410563836	1.5084230670931715
0.004215543329738739	1.6485861264375603
0.004196128033450322	1.4285371482611917
0.004086289174724107	1.714567070674209
0.004606341632846486	1.5293443353514886
0.004787064826892866	1.4579512198941322
0.004479744094240236	1.4246253186047781
0.004462851459702895	1.6217384902238374
0.0045243795073766505	1.4469141830861032
0.004722687348946015	1.7040449417958445
0.004625052747308627	1.5918394092811323
0.004308924661413538	1.6379025664047062
0.003992749387434731	1.459028810796262
0.004716499842332547	1.5131912785567927
0.004685657270345279	1.5643440453426316
0.004618652224485808	1.7080696469130328
0.004018734579525319	1.6400138167687062
0.0046102309438582284	1.6700532864481787
0.004574726030163119	1.5486649498593341
0.004016613639951228	1.6847629624000624
0.0042791908910057895	1.6578394062425628
0.004060459511235722	1.720970173034666
0.003950784494042935	1.685199379812547
0.004573298463887254	1.461876274639327
0.004639159604919494	1.5739807913964206
0.004617284146157464	1.6049664126006096
0.004606936097640327	1.3015015780741306
0.0043766094256631255	1.6499586383959588
0.003963128365937865	1.5870397414712132
0.004648996558087629	1.5433445638181043
0.00453215201156101	1.7011676589079536
0.004360352827579992	1.547966015917516
0.0045583908732511474	1.6443018999631258
0.004906167054795249	1.4479439924243809
0.004750193928668636	1.5611563132751072
0.0045242772075606685	1.5997044949658248
0.004209865651206014	1.7074433943297778
0.0048594379230875295	1.1529882488961163
0.004602387400488681	1.3378646431935404
0.004408237228258292	1.3719264163200404
0.004498386354516989	1.6992888981784662
0.00434975956263408	1.5627386847835139
0.00446930548314977	1.5894648845104724
0.004159646531871391	1.5677441676211508
0.004378505990114912	1.3908207630487448
0.004120312937391141	1.6841979484235439
0.004429053865252674	1.5492155970465311
0.004438412326746317	1.5995808451794766
0.004574843640474819	1.4462193086285637
0.004634188162583844	1.672125301558115
0.004503367118046613	1.7169657379473127
0.004506974283148219	1.6168354329075059
0.00421230064832762	1.6882386826569658
0.004294674285016422	1.693501270665899
0.003752521493313841	1.6384758732702887
0.003947175790875969	1.6575697764801287
0.0048483555533465105	1.1838413689271903
0.004747186409749256	1.4749058805494153
0.00444081104713289	1.7049467933696167
0.004841441138880582	1.7235000912163252
0.004120471286892223	1.654749259537388
0.0041928333728300906	1.3837571928759422
0.0045993598851599374	1.4534257037441733
0.004381019672592873	1.6639291639269287
0.004542660262088612	1.6509891222433808
0.0042635354149333435	1.6385835643730386
0.004638645609185434	1.5863168255178057
0.0043964921352035325	1.6932292144613377
0.004297625088503499	1.681620170251529
0.004262070326138662	1.6801047166903484
0.00482867819374396	1.7089422721592347
0.004348901489882393	1.581785372395741
0.004722712701376887	1.6322720952273915
0.004607219154288553	1.6492922905266703
0.00482961741487807	1.5225159452275574
0.004598586929184765	1.3464979436305498
0.004707851775325048	1.5313842477085942
0.004037920113797631	1.4969608037453894
0.004103127283969341	1.6317314012033255
0.004103131625556987	1.3846211852536054
0.0041206548046185554	1.6575566167463158
0.004289223691709742	1.6948864461299857
0.004430348527406024	1.4875523545811942
0.004323139988878915	1.6372814952428383
0.004000251897405868	1.6315798702703157
0.004463315903804619	1.7055359188631833
0.0038487513516939657	1.6390818303051897
0.0044991739631911895	1.7139451274689153
0.0045794400294980634	1.3989273764053547
0.004587484531265436	1.643813923010411
0.004503847540303346	1.519867021126984
0.0043103592956441885	1.4954173794862515
0.004546581603448262	1.4105508555109978
0.004301766890011403	1.5376876784138522
0.004289134918643472	1.7240735137094938
0.004585947332178399	1.519641465504984
