0.01366591564669637	1.6805892375940248
0.015224472441348325	1.6891577147221506
0.015836816532510803	1.4821901118213385
0.015407541316145038	1.6661084506441128
0.01611203579870698	1.6159963187299065
0.01615529112314992	1.612756209113472
0.016112671164693594	1.334123937763541
0.013583827860359868	1.6286550777194064
0.015424555900951698	1.649055394822788
0.016200678210935526	1.3578112322462632
0.018062576772540223	1.0212137723215482
0.013017802239766101	1.591144842776264
0.015484897968554824	1.6198178735216477
0.015999976552009482	1.5093589203846585
0.015299888470630336	1.70123871195191
0.015776348768123893	1.4138166871089248
0.013573922853149513	1.6795298161539058
0.017176633516938267	1.6742033901573512
0.0142704121217654	1.5769700469206174
0.014795913288027835	1.679805900851242
0.014992652139929041	1.698133988609058
0.016729003310933018	1.700764003591248
0.0162547296265022	1.6951308745551388
0.0156312108547279	1.6435977655733418
0.015773658720639707	1.5538533512920973
0.014625980270040917	1.6888562449514661
0.01611792326260032	1.5083797097811806
0.016259374353057934	1.6529097699179889
0.015956318959135327	1.5259372346804525
0.015782772625011612	1.6349973886619644
0.015533657455406712	1.2976513522300055
0.01607642638237321	1.6539732356222712
0.013377863979417771	1.5047823910853346
0.016222773511170564	1.6012424408656367
0.01636337424645108	1.6791482765721817
0.01611235101682767	1.5862361554423519
0.01534140676522118	1.2941640926770788
0.014936958031515476	1.694989593440937
0.014128944835676208	1.5798129965448282
0.016167497007304747	1.4247246404240783
0.016159069835914558	1.3943067689215645
0.016981044097028844	1.6881990839110372
0.015874004602757678	1.4003232705618758
0.016553781293755596	1.647107218610051
0.015738013754561665	1.5691839778346375
0.015342449314302948	1.6705004801387426
0.016304728502164807	1.6086234908159818
0.015095332534154444	1.631988387016425
0.015253798506031759	1.5463733022413595
0.015596762727598523	1.4491031374492036
0.016049873556398035	1.6502815661243746
0.01604123578002199	1.6566304997031656
0.01579565298761443	1.6953695371829525
0.016355578640015304	1.633840488848171
0.014983820065132056	1.5229813006404624
0.01652686805796236	1.1762408018778334
0.016151301611252576	1.2462353295087067
0.015305010245986503	1.6507738615654066
0.01499118655042387	1.6438825901522427
0.015473112929631687	1.553158709134775
0.015313500002736164	1.3469585713168237
0.0161455720405682	1.4949298146891115
0.014079761838627238	1.705070154633824
0.015389606872075778	1.615734871420465
0.014487609487038016	1.6753139056298711
0.01572632571761486	1.690150248274316
0.01602495889012063	1.5953412396676672
0.014911382140930754	1.5886846353828454
0.015998339469467153	1.6616105336307547
0.015851508409539326	1.6837924843468846
0.015978444688756237	1.5688452614085384
0.016137114581366734	1.4373259061526735
0.016109314292826818	1.3475134570092686
0.016114270668707457	1.5641933264522674
0.016356037070417963	1.442728146008293
0.015449824125249211	1.3620891445724541
0.014011990055951322	1.5096287948376252
0.01658578130995995	1.6899510335278745
0.01586804110552504	1.5420919697723159
0.01616196898954627	1.429256561388638
0.015573100014724013	1.5898364447192246
0.01547636401842843	1.6124534510095205
0.014580559170417631	1.6500649425105118
0.01463017953193571	1.6413629281851045
0.013887244772327492	1.5412334133238876
0.01616845241417788	1.599651616030942
0.018148994076118096	1.682546096201022
0.01420543187292872	1.6672531014828422
0.015253913988763771	1.4516537891768988
0.016904434806554118	1.6804260439074288
0.015107674066073553	1.5724262530483704
0.016151543532501755	1.5046344000448988
0.014358648728078606	1.6859648518957764
0.01542538030328255	1.5783729119242356
0.015282381992469634	1.4020358022538362
0.013944014766179581	1.645784626566539
0.015494114607275025	1.6833553334641018
0.016318716367181033	1.3019293877725664
0.013493955942988377	1.674547170652923
0.01446433182483505	1.4265681903678173
0.014642528398987763	1.6701107636087817
0.015247102648028548	1.5838376797725264
0.016153391467157392	1.3846391275231684
0.014898079345074849	1.6748990013532803
0.014651624069554421	1.4512567949044333
0.0160110917053367	1.56003747268699
0.015991450855799966	1.5910822117425696
0.015475106461169803	1.4638723335168053
0.01598630376813729	1.6531461021455929
0.01659886980539682	1.4885753452923585
0.01615198970899521	1.6736051536314145
0.01335357637692626	1.7070028746776966
0.015852087869120624	1.6761360774122076
0.016005502720717504	1.5570424899291728
0.014514630317500082	1.665666597195603
0.015828902439611308	1.5537857044251528
0.016171123122750937	1.4077530129572153
0.013931897332947377	1.70567315038675
0.016485969335735158	1.6650377330556623
0.016242256490455517	1.6028942528461172
0.0161361285130942	1.5033060649010908
0.015005524870297667	1.536963828393019
0.015131479257748218	1.6978330075078547
0.014842379130976066	1.677932311244179
0.01616335231659597	1.4950811645764754
0.015910770919769314	1.6538406783705697
0.01629404144505542	1.6990944006064996
0.01575621644640201	1.6768233016902254
0.015483319971073725	1.6063167870374169
0.016619371583391686	1.5159200604431597
0.017231807217821936	1.687414857041452
0.01594315579862297	1.624933000752564
0.01426798588445697	1.6759395167109041
0.014391314304121466	1.6396744008183748
0.01641277440074079	1.4944710713858327
0.015884334132642935	1.3777619324997592
0.015772271954063787	1.4804564982661506
0.01703347824971918	1.1384173116577372
0.013665668455527765	1.6560082201002837
0.016430438592644057	1.5918360134805378
0.016044025617060673	1.6568179074602802
0.016188430220098388	1.5735892732064976
0.016479012528500817	1.4817009835665649
0.01644792329207252	1.5273749134021346
0.015926276288119663	1.6860441282493843
0.015955155879738843	1.3833223735485647
0.015052571343952685	1.6252693626987937
0.015795675855174694	1.4740445143615846
0.01592459725848747	1.5447888971708832
0.01577859256926313	1.459386636400758
