0.3924646580545354	1.0308554355512785
0.38187702782267907	1.028512193560167
0.38822094458721795	1.0084968195089465
0.37274400493366383	1.0209461558389221
0.36420439787240366	1.0954232689721177
0.3632524287782961	1.079989999622517
0.3527306424341852	1.1093213291727908
0.3849961461754085	0.9092218511950075
0.36681786377764913	1.02125937354401
0.3847531230872507	1.0107157832943676
0.33246617014229973	1.07114303240684
0.35868766069624747	1.0119884037115359
0.4095944515394084	0.9068493705538296
0.32861348165681387	1.1582142423542894
0.38633698156545376	0.8677240254370402
0.380479922014468	0.9614161103502755
0.3958165356770269	0.9638393237086642
0.3722986116875175	1.07679262314857
0.35757139277052863	1.0392394628884607
0.3821998097238083	0.9185717535148809
0.3894689329753325	1.0308528850456469
0.4020956548658648	1.0135049852002684
0.3895796854201216	1.000927956067692
0.38043308096472433	1.0709650201290064
0.40349480731361115	1.0269018911836036
0.39011992850124744	0.9767991375360061
0.40193493180116024	1.017032818626952
0.3668288501254985	1.033836529282353
0.38755852838797444	0.955632507098714
0.33541936537150074	1.023210549392436
0.3602511971103681	1.065366098113204
0.36424450356109467	1.0977769203900716
0.3521261099973415	1.0775588342544413
0.39147066371901	0.9637055650370016
0.36314229086592315	0.8978246080571258
0.35394664755709354	1.0230558387479198
0.383362255452536	1.011353906272824
0.3889818696609079	1.043186984898447
0.3876952012640408	0.9598755351866156
0.38199066021560796	1.0058921241933168
0.31190345905130784	1.068908756864898
0.38846936571626134	1.0503959493022503
0.37114787725297	0.9912677674341512
0.3829603096211747	0.913330319053607
0.37980605166549014	1.0624780504359688
0.39824822733080895	1.0382081435140815
0.35814053183659844	1.0000612450066084
0.4232360208779655	0.9873923933413972
0.3857991937618937	0.9880690347661598
0.3952949936368109	0.9804707965196395
0.3597508362303319	1.0728907515205894
0.38376252337441713	0.9954574790067559
0.3633918328037107	1.0157230289963186
0.3860747632054669	0.944921520617674
0.3788001002517772	1.0025928726282403
0.38835068777473336	0.8843471597967362
0.37573192905769065	0.977836427129281
0.3826918585938127	1.034517987210865
0.34199088284565454	1.0235991188899736
0.390003990126321	1.012080896401196
0.38964305580839076	1.0418681456168646
0.37625221529243946	1.0434014974770491
0.40363143533817203	1.0265667071885258
0.38503175260295536	0.8322593885379119
0.39150422824911724	1.0126682001950074
0.37885946471305526	1.0101405447096796
0.3822615809916102	1.0463710735351412
0.3997912547509152	1.0151649962944471
0.43639257735879594	0.5858318864538953
0.3795945988471879	1.0712518163871665
0.3283933856250163	1.1095705578258706
0.367398604513571	1.0756138599574911
0.38288749712415976	0.9661320793438974
0.38329135746233517	0.8499613134000205
0.38216846761024637	0.7941401145546169
0.383598160304913	0.911542680305161
0.360888820652797	1.0167141453249373
0.33531851756598147	1.1342369769671374
0.37467633614500984	1.073231842512671
0.3604088150154899	1.0832665546314968
0.3940920581755011	0.7771156637586348
0.39569324452583365	0.7818443444272788
0.3720721813955981	1.024653645354284
0.3819640172061968	0.9379290664852353
0.39317882983830577	0.9212094271105005
0.3508056437002672	1.116945962502617
0.4009235132648625	1.012602818158908
0.39208709588403995	0.8431686876839624
0.40163180326065084	0.7502948437834774
0.36759423852849377	1.0383720072371037
0.3852492645114084	0.8819974141590606
0.40016790543353364	0.8718603670592746
0.4289170393974067	0.8295795524453433
0.3958314572581546	1.0261014817071368
0.38096228997164344	0.9788660258457438
0.38587432878078504	0.9934900606889268
0.3860321988642063	1.0393754312450318
0.3977751345940607	1.0387861981858304
0.4091008913818653	1.0123698823116893
0.3300768181764541	1.1555771842071187
0.38633103142277686	1.0104654344876798
0.39374082626156937	0.822384428008397
0.39093529059994886	0.8610508188735743
0.3645713104645777	0.9642111553493635
0.39845850795096205	1.041162767132614
0.38485714542607913	0.9591566639535702
0.37686934437576586	0.8311553168295857
0.3829988633835745	1.0073018568945211
0.3439092938810699	1.1316033085794368
0.41276472200939407	1.0155007379548286
0.402433027618981	0.7313752712281051
0.3680541150822315	1.0327492921200023
0.40338319912850973	0.755817372892891
0.3410820441823445	0.9688986497648993
0.38577800474906265	0.8479297666817018
0.38518812519884243	0.9991315914654801
0.3951206179844507	1.005326552527714
0.40224878579446316	1.0244918739436033
0.401863561384993	0.899271849238907
0.386477791871906	0.8789131898761332
0.3860753002009028	0.8801747622349688
0.32155875467348644	1.1723762935980628
0.37676059525425715	1.0289010233578768
0.3864780236281744	0.8993508984739258
0.3535044105829017	1.0479958830633282
0.3900108868959929	1.0272846552421917
0.3910666135216876	1.0530075726870343
0.3884087334186989	1.0494405332600896
0.3669173750000785	1.0070352968770795
0.3935478450997799	0.9083915438236643
0.40693988321708163	1.0125504125045701
0.39534208982800745	1.0325645646093269
0.3867857343394847	1.0509752348600967
0.38275401433868766	0.8871566395880589
0.3349555922180387	1.1129213021535138
0.39302879140045166	0.840465573087321
0.355926702118349	1.0968174310987198
0.3932898422702907	0.8362051516620885
0.3825221686366995	1.048272300098675
0.38794681211238624	1.0389595800614357
0.3734238225327915	0.8777685163844369
0.39900323836203533	0.9965077267863802
0.35467264848950214	1.101471337245096
0.33779925946015804	1.0553292979181086
0.3878550751263239	0.9966606279412537
0.38409041148861817	1.0325947526888175
0.3717217963508165	1.0628217696649014
0.38081847689760195	1.0543784380307277
0.33738623249271327	1.113334930678822
0.35988005510689347	0.9145125891251935
0.3853885413814925	1.0122936786056849
0.3522591762416765	1.0970357014332763
0.35231868607115996	1.1129942538103383
0.3951856119949888	1.037231823412533
0.35462642356924	1.0930545584761076
0.36001064996458015	1.0740421933633635
0.35994512416924185	0.9759234639510039
0.3958331872257884	1.0215015230190716
0.37672613582316616	0.9759962756366759
0.37296488309630643	1.0641098040329868
0.3676438140689464	1.0892560948462218
0.3238753686935141	1.1709660800651516
0.32556945368899537	1.1563695629506232
0.40710230653116275	0.7272866118723107
0.34843350543993323	1.0941438070089844
0.3455657647617889	1.109329928342762
0.38998787564167264	0.9324844861413724
0.3653872723235064	1.0763803166531796
0.3872781806332268	0.9376936153385877
0.35931365791959735	1.0030028330601501
0.3679473657193183	1.0900437753751715
0.34342563630117123	1.091996616963551
0.34791995554769095	1.080572784623982
0.38464533276384666	0.9370053111832072
0.3930149830984881	0.8664494632300433
0.3923611168966109	1.0463897502768704
0.377702851374386	1.0356414329991448
0.38431962391777547	1.0626176400229028
0.3776283744379083	1.0210931465625268
0.3356382285036968	1.1408383768773445
0.3858641447481776	0.9063784934196342
0.42047994849737863	0.9874709379102964
0.3721361006235957	0.9361971309816786
0.3508391550511582	1.1088540486101055
0.3835915961645141	0.965123783410316
0.37235944335645327	0.9868043320151217
0.3429097553819009	1.1121942072380278
0.39159836481315563	1.013416593269825
0.3989194427739833	0.8866505719457392
0.40584712104858217	0.7433141069028446
0.3625506053749256	1.0639383997921321
0.36654042224708067	1.0335352651804257
0.3665178212067731	1.0797162124106918
0.366266911638723	1.0609194743802965
0.3931796220818061	0.818277700467498
0.38405306245527593	0.9323428061672189
0.3753057415704626	0.918611330489516
0.39783478010108464	0.9320039630511496
0.36911520954505395	0.8567445810272367
0.3833073566864641	0.9532296086282263
0.4020183976970356	0.9556612711071801
0.3828311353507377	1.0173230409599845
0.3725530928859742	1.0690710919864985
0.3437272879611971	1.1319618329814167
0.33121272697490356	1.1100985032339235
0.36033577013243306	0.9817256080038403
0.3809527482091575	1.0454699717323657
0.36755114453776977	1.092326346598319
0.37015975401966605	0.9761230124202398
0.3704044755951725	1.01784834897276
0.3813808164503373	0.9815678795695766
0.3815724732121776	0.9691923745033126
0.3565001732206624	1.1122566814587898
0.3867909830420719	0.878159766606506
0.38719630221542106	0.9361147444927012
0.36283565267358525	0.9194952482904616
0.3619132975104142	1.0355353655360937
0.3608350216504592	1.0304481799369016
0.3972458175366559	1.0266186839479459
0.3456884736634623	1.1034714089817172
0.3865608693376657	0.9746719438894547
0.3289864499599742	1.0735045039554523
0.38568380701628513	0.9160084372410314
0.3648609071800272	0.9414131198178846
0.3920282705069861	0.9954958142260846
0.37425853166597073	0.956771081535497
0.3837449546738346	0.8877356234230791
0.38983006248518054	0.8672560816425345
0.4113231701893013	0.9440423968594098
0.3910553405021053	0.9297489884737822
0.38766521091086154	0.9149510348560981
0.3813572218679573	1.0699862809739162
0.33898133374311634	1.1409485227122975
0.35861098038685196	1.037916312697877
0.38495673712589634	0.896552825828167
0.3919791571567959	0.8916810775550043
0.3975209669805402	0.777980344677527
0.3680274163300746	0.9008042990690578
0.3880642296038285	1.0571555222477396
0.3825104215974459	1.0543348995579596
0.36048666876431223	1.0616845076668897
0.3924309178631125	0.8821649878965412
0.35667487160279265	1.0844647323332048
0.3475389051603344	1.1099682675586582
0.3757533661095083	1.0762471225848933
0.3872818365029874	0.9527413591290659
0.35848587319547304	1.0760869866837908
0.36632680408194196	1.0662132280134027
0.3991809783478461	0.9173512858994062
0.3253262524969628	1.0958229401679653
0.37290676684971336	0.9674893152060821
0.348312761169196	0.9378741974033658
0.34826246044571624	1.1191110141362128
0.4181391999761297	0.8557819363344903
0.4063342596751224	0.7276317508561165
0.34977428018711504	1.0718827760117537
0.4006386361294826	0.8929870885227926
0.3883271178965509	1.0408920830061459
0.33957342061134504	1.1427522302190392
0.3494401163659227	1.0040050915651428
0.3918330257755465	1.0185066094867796
0.3736400539055078	1.0384704280740509
0.3834063907472837	0.9935724101179093
0.34850965441385684	1.0644599264803936
0.4029379690408385	0.7454752915259497
0.33965869016904715	1.1303210488291437
0.36324390945811486	1.0940151754366725
0.36571642759872686	1.0661532045663058
0.3414308785351348	1.0925352220688493
0.349198594162275	0.9263455717727272
0.38111934428759964	1.0460023007605406
0.3607824332565947	0.9756252642595594
0.3346223985741902	1.0221036534460328
0.38744043972981773	1.0364157382561783
0.3896363480530506	1.0036370075227696
0.330684145937488	1.0529804914680772
0.36323404022525935	1.065443222911442
0.3655415012401938	1.0565851537071222
0.38829236442388665	1.028106122028604
0.35975755083477456	0.9914074760153446
0.3925784719825288	1.0246762521402148
0.3881123184863226	0.8369174756909472
0.38609172225884564	0.974901921787892
0.3820996756891196	0.9333939026077288
0.38786743457221184	0.874466054796345
0.3863297250659093	1.0239912585552386
0.3959546210050753	0.8930104144077841
0.38980144785397647	0.8581870832189576
0.3228897079996383	1.1399373611250743
0.33932974715684294	1.037969023679386
0.3923727338059465	1.0337809757279701
0.35049259078578465	1.0915581130543326
0.39599894878575786	0.81206400153833
0.42712664560646746	0.8382565276875824
0.34852637232074635	1.1225069817304618
0.36101940037852837	1.0543101074818029
0.38208693485338274	0.9437776747582349
0.35324522006075804	1.103606046415292
0.3865311020597639	0.9874862603476793
0.35005320320754135	1.0999654314453853
0.3815028156303458	1.0664176938397145
0.38252709838110005	0.9358930785964782
0.353606205414061	1.0971274762387895
0.3985120138934152	0.7764143178102894
0.3858180476668106	0.9614972283348155
0.3811211660755014	0.935546091704941
0.3541026347494634	0.9788077544245983
0.32017165039052403	1.1004438807831127
0.36610556484998846	1.0614811529039616
0.3944421708454316	0.7517648344689654
0.3846681403810459	0.975710002795449
0.32441080576166376	1.1543412784880127
0.35891055183058435	1.102268556961847
0.37374186850707797	1.0758402855202227
0.32758855079262633	1.1357077271422313
0.387590845949748	1.0175639669181669
0.3514641718631781	1.095499224178086
0.3903673516791024	1.0407673676558549
0.3817595146829204	1.0178448631476655
0.3312198600585043	1.120921991868518
0.3526908507781278	1.0874696816424891
0.3497910975567109	1.0902768153130378
0.37762863561103394	1.0129560585906445
0.40147602762724444	1.0128797496437842
0.35661022694793143	1.065141202339455
0.38637080155534437	1.0285345013833953
0.36054198620844097	1.010460673003851
0.3594759116325057	0.9673739535769605
0.383007218336554	0.9467007574563654
0.3875021406982854	0.883945695285191
0.394149839158672	1.0378109275606073
0.383036449194532	0.9805312998033189
0.38011995640123825	0.9656656464072775
0.36013034861212484	1.0120450601282807
0.385992667802692	0.882074891245593
0.3325815682708734	1.0671799337890713
0.3722431355674894	1.0671688042501501
0.3630504776961365	1.091835858243869
0.3503993175822261	1.076245333665811
0.39929556597896354	1.035658688116615
0.3344501235644399	1.1277286343737987
0.4069400381782724	0.7154268574614431
0.3627468388156739	1.093917516984946
0.3880628886854358	1.0278548640468697
0.39313773659064066	0.8335469055957812
0.3873241283155774	0.8157138306360803
0.3905111468718024	0.9710757949741979
0.3582928344168188	1.090656861249053
0.3715752415121225	0.9361045831983831
0.3434915259995196	1.1368268079199955
0.3638343332790798	1.060450603951462
0.3661834510748027	0.8981986978440227
0.3872201007029571	1.0274488132617945
0.37151306414197494	1.0777446234724097
0.3600659538686113	1.079534265256303
0.3487754213318976	1.1068486701259366
0.39575953332213404	0.9205668775619117
0.3816668698778488	0.9333458694224003
0.3690326931370995	1.0303009645015087
0.38384524627266176	0.894049585039247
0.394223601391396	1.0356181940652656
0.3783473515989794	1.0008482031990322
0.3530735892223969	1.092490448800265
0.330930731325776	1.0682463740946164
0.3973835549331288	0.7678015971905452
0.38378094322524586	0.8847112185810317
0.38825576526611705	1.0298259266000733
0.36701865956158775	0.9849589127980738
0.39238054835229264	0.9582036336484142
0.41122613176817036	1.0188400522690273
0.388725983918119	0.8328146622178725
0.34517567392251836	1.1108926512141273
0.37809654776701906	1.0143861349557257
0.33459333750913384	1.0055807788680213
0.3632024627462201	1.00665027856884
0.4069319430254291	0.890686099561101
0.38721997824138177	0.8710271517518475
0.3936675005553913	0.8107045680672363
0.307977202637375	1.0877335272202922
0.38733011909237824	1.0120901019740354
0.37078775894756116	1.0087211379752816
0.36962840754548715	1.021867463224666
0.39698402287605533	1.0420015829314067
0.3860921050869313	0.9348494201019815
0.39093320442189233	0.7715155522795404
0.3551446824796859	1.1097961479692187
0.38651947546749665	0.9968387860972981
0.33597565736331897	1.1022116206005537
0.38866059211724874	1.0068517249854174
0.37639995888923644	0.9837667332245499
0.325258016829974	1.0829530410520527
0.3686158023591662	1.0635444806212542
0.3690016079996351	1.0850060728582767
0.37112761113440923	1.0770295213445076
0.318146073211267	1.170903876760067
0.38564564724438033	0.9855565046212262
0.4158043970144536	1.0111491969546547
0.36275303244759033	0.9990792023774204
0.3799458596108143	1.0487730853181765
0.3777659628213283	0.9982949847428846
0.3266732929506857	1.0577792451671715
0.39594040823505966	1.0342415585478915
0.3725676452189442	0.9500721674727606
0.3913562102262378	0.9220245243611245
0.38830655412847553	1.0287995982641007
0.33046141325657785	1.1324041417285464
0.364058461503808	1.0851463170073365
0.38407207728321174	1.0657180539312567
0.36793253506225154	1.0807501333818965
0.3841085733361526	0.9666265823231102
0.3559404867053964	1.084434412544541
0.3845335037275313	0.9397215101495661
0.35439973272271635	1.0471488827186246
0.3858793123637376	0.8807084858978325
0.37505276824757067	1.0378061326806443
0.3639035288316144	1.0556951376670671
0.39245191947597813	0.9369158012275972
0.40246580069968285	1.0331380479269088
0.43018766116596385	0.8230496797827178
0.34905366118264824	0.9261873753152612
0.3529303992891634	1.104262318175854
0.40175791472651523	0.9274217883713065
0.3900431473502147	1.0474437151970557
0.3162000367189893	1.1787916097360054
0.383878037752373	0.8252285746561702
0.34729617855799105	1.0390439247979395
0.35093851004487064	1.0733511337810133
0.3149703987825024	1.1632701582060334
0.3815120805702776	1.0384984023852626
0.3740061822360727	1.0243653843227007
0.3750151214880858	1.078134520387398
0.3846203690619968	0.9264632916669626
0.3488533019461693	1.0139697101839389
0.41141655903042346	0.995744263041022
0.3839189050671461	0.9851648553152955
0.36062417504627575	1.0750760306405736
0.36280857667782035	0.9871032483319473
0.3590531283947089	1.0903779546404353
0.34451324705840664	1.1315751821119822
0.3599995472638775	1.0314301854041166
0.3629144350046714	1.0957057071641159
0.3799402472768627	0.9260383753417514
0.37508757861266045	1.0733101070827473
0.3845895330717743	1.0313107713660026
0.39957046073198443	1.0149745718704517
0.3865060189139515	0.8316343796704243
0.38700934455369534	0.8892969519173424
0.365287833445637	1.0162834389265845
0.3910791491085861	0.9881361583151241
0.35245739537593485	1.1021631479856087
0.33430359355344047	1.1473999123459775
0.3925919252127149	1.0391651372705955
0.34386345150181724	1.0366730807629465
0.3554126796512641	1.091487265733502
0.3537479186717596	1.0423226112794652
0.379793195178986	0.9450439515876008
0.33375855595875825	1.0759836692169245
0.38300655900786973	0.8960579672101303
0.38560761478963373	0.9239376953468639
0.33003953674225484	1.1435921118933465
0.39592097904662427	0.9232428117437474
0.38287478535182035	0.9068905906951632
0.3537330792274747	1.1028900111352167
0.4061337205037648	0.7415651816648487
0.3840918931349267	1.0601292926356378
0.35457807166866134	1.0725942621837838
0.39275188355729246	1.0483133457968594
0.3669161697519813	0.8702273122347917
0.40110577946441595	0.8468785829693506
0.38290962886038354	0.9472466828302089
0.3724637769292425	0.9746893776665557
0.3879934885684226	0.9934878957739274
0.3749288817681693	1.0319296615991875
0.3884924176003884	0.8745709789831811
0.4151153185508589	0.6793928534806657
0.3910607175958109	0.9324391367302285
0.3473622796029507	1.0991732897764446
0.31431750882605636	0.9922713020082853
0.38609618185001465	0.8134016760866593
0.3467141730298152	1.1063489416550338
0.3851308214091045	0.8714176416195369
0.34371092698339334	1.1205117905200757
0.3867713005933423	0.976890358985546
0.387034925585277	1.03939052770292
0.37423700303647167	1.0320699843383006
0.38693597201002045	0.9523601351290185
0.3155794501323631	1.0220379492909597
0.3811652568618139	0.8294986210427443
0.3754172432583665	0.9412861894725375
0.3425237689342202	1.0272563690973375
0.3849697033952062	0.9722549406023009
0.36046310769198153	1.1037374015655828
0.3863852202524704	0.9980889393573907
0.38613184519225435	1.0153213960740977
0.37933147533601724	0.794607253883132
0.3834053587876117	0.9212111549235498
0.34248893450267137	1.0965584086670979
0.38847589814116457	0.9924266589153211
0.3819949366628215	0.9556729845492038
0.3991175033242724	1.0217901607094553
0.389155016238316	1.02994921576413
0.3899157397130553	1.0151532056231563
0.3689369293327694	1.0146672838572481
0.37131074128541264	0.9578586705308125
0.3411910079713861	1.117299197116531
0.38743430464440376	0.8934621715912087
0.3945725835458827	1.0266775044542102
0.3659718573620206	1.0777509414029625
0.37564246163878223	1.015650342002902
0.36031032498711285	0.993992113305691
0.3618076650568385	1.0196202609729554
0.3843499277069747	1.0214024056026543
0.3940744324136837	0.7978151063999408
0.3892988232646783	1.0013861477134953
0.35392555817529464	1.089705287816948
0.34507710327057656	1.1130850004447046
0.3847569636986526	0.8863717691386126
0.38405112206612085	1.0370342028602255
0.38126220775906683	1.0387766029465388
0.3746633272505217	1.0699822874522462
0.3912113259825179	1.023508686172426
0.3888044623336524	0.9231274653955421
0.3815981508190751	0.8858698875839872
0.3724560245303992	0.9595963476405628
0.38672156599063623	0.8578760374331061
0.3884026851916463	0.996769977363744
0.37634973380231124	0.987918313198489
0.3649846617269978	1.075276184990225
0.3718175536693263	1.0498677839757156
0.3890267045744287	0.9054201275958531
0.3841714022983832	1.0307364958234269
0.38794869348755145	1.0254990369211738
0.35595896753401807	0.8445016831690424
0.3779873716332986	1.0305741888268873
0.41672228078369283	0.6674272884260992
0.3827379628538453	1.012745489700777
0.38075789715720265	1.0426457942925933
0.3763723080068583	0.9887401451341857
0.3911545240346314	0.7744232575175001
0.37595241704579413	0.9164076377889675
0.3631057139510128	1.0616938005786773
0.35815744030435015	1.0865852430494014
0.3804725617854995	0.9158090587817207
0.31598868178203665	1.1556043732311507
0.33890520778128713	1.1231129957285155
0.3240374114684047	1.1653575642804994
0.355386230296329	1.0608842640082854
0.3830945912254226	0.9572214248558961
0.38204624280383287	0.8984077343978172
0.37780542628592556	0.9626816658324228
0.35337955632800583	1.1017968703492962
0.3454955789714786	0.9334230193845885
0.38624327502221134	1.0224939678451053
0.3740284055070522	0.928497725028391
0.38797472508730463	1.0112466018831254
0.3868816408730013	0.9660218879299685
0.3947151552617331	0.7392075630188262
0.3817662778367277	0.9329414214444363
0.38718632974618716	0.9093584916541717
0.3355893395240482	1.1052690565740788
0.36139863765563507	1.0267174963400407
0.4039247830003529	1.0267515796276692
0.3826289495180982	0.9639604915548792
0.3211097582488643	1.1574976125215861
0.3680960146888806	0.8720268915244902
0.37740490899146795	0.9349178400071446
0.3171593197893298	1.1212083270799424
0.3439133415189022	1.1121390987761717
0.3850128684560198	0.8309695775692715
0.3884137829107004	0.9246083140401689
0.3788988443584222	1.073222259565631
0.3838875238984871	1.003699753216778
0.3908237067377342	0.9910403262154457
0.38986062827201706	0.9828801153455828
0.38244901780643203	0.8899273299127118
0.3851923180934987	0.9980414882326295
0.36124140566734475	0.9881260328444554
0.37992001535346803	0.9585195165924079
0.36240464697487834	0.9493584373574006
0.41456769396502374	0.8867098490328134
0.38362501241661223	0.9454887613733307
0.3928468804823493	0.9951936719048488
0.3542999160113564	1.0920291919344802
0.34933068037124604	1.0889756392254042
0.3684347953210432	0.9985104733116041
0.40812592502489636	0.9148517174006907
0.38959884802984385	0.8556280332755538
0.3724393313250147	1.0512094247575752
0.37442928321722874	1.0373614022920452
0.39629768521822273	0.7968460795040332
0.3538949660746845	1.088071468507914
0.3543184208064688	1.1062762745243755
0.3554779302867306	0.8854225780637958
0.3757096354146474	1.0648744704967152
0.36481318461840806	1.0494969796839733
0.3758305946500379	0.8301039439580653
0.38186252724520814	0.998212928852289
0.36804472628474305	1.000651935775049
0.38464699139100306	0.8838157902088422
0.3955599647879521	0.7908376691190314
0.38245215159425605	0.9715581262346491
0.3595182358103714	1.0904128096454866
0.3837480646695145	0.979872636186155
0.3699396254366031	1.0824870471235983
0.38456641112577344	0.8827483863790654
0.36118057084921473	1.016823151319311
0.380523913296883	1.0175399359607238
0.3982651464104235	1.0102888968117358
0.3544887212777797	0.9919170243808022
0.3742864030223256	1.0283243705593272
0.37178060462020024	1.0850184986004876
0.3559495815187801	0.9892673780410396
0.35552233661738486	0.96368856273673
0.38796533539430506	1.0406537988575177
0.3422048494921516	0.9908207202452117
0.33915424811227335	1.138738324119843
0.336483505206384	1.103603463858958
0.3845245495727755	0.9212002302456404
0.3355682033170918	1.056822158545052
0.40568516287192957	0.9075699097607888
0.3664257852180221	0.9307437353090946
0.34154497175562437	0.9076658925470867
0.3885241164599139	1.0324229115703478
0.3818954916058175	0.9140087267352841
0.3897226006797305	0.8337962800935715
0.40728019740052046	0.7090858202683176
0.38271977280985325	0.9543682187775653
0.3870556510291028	1.0235153271633162
0.4044213030774354	0.8977580999994571
0.3311078434267625	1.143094964485541
0.38926532478421066	0.793169135841407
0.3581119225895882	1.047099624687593
0.38894817982842966	0.8367023391716897
0.3629117845104473	1.0635082781497005
0.3884811153742158	1.0051272886446365
0.4074851738061159	0.8976932578888059
0.35780387975489086	1.039311918925914
0.3886452456467957	1.0445799795748814
0.38744991161394415	1.0382164843302166
0.32598934060239654	1.0967035072989355
0.3894540694141167	1.0187351778672027
0.3705046677063923	0.9708197707811039
0.37318829705376627	1.0189981025619326
0.387467951360294	0.9881144103768724
