0.19366106320323292	1.3727325246958477
0.184921519539744	1.4094405801238066
0.20531807143885897	1.1121427911908803
0.21218200647113672	1.058120753528909
0.20710084133104548	1.2148396784482796
0.18192707639262382	1.362436940166989
0.20475618538007825	1.2807168597698328
0.2012792267442644	1.0349850729386094
0.2028842410079432	1.2182236797811277
0.19474997395581964	1.3947258408870757
0.19575590344014795	1.3766026677479621
0.1937494356924475	1.358489056749415
0.20662484677012016	1.1677715055416595
0.20229478548797478	1.17183010810043
0.1947836431721225	1.3376272180109186
0.2026608617875428	1.1657089377567356
0.20699623335729067	1.2954274032969098
0.19870125763727428	1.3612889647542432
0.18436112859766315	1.3838000812470854
0.19831243602614776	1.2674586340116356
0.19409798868313222	1.2757403352981818
0.17922585231660343	1.418366610477728
0.2024553758821122	1.0620784037109077
0.20386649377104687	1.0468696023976534
0.1905416137026828	1.3884332465876081
0.2139498425133407	1.343008568985467
0.20655008274392125	1.3550420730264214
0.18360702912063395	1.3997786652795383
0.19677695574648785	1.122103972891042
0.20104495031961914	1.1324220956871316
0.21093839561089547	0.996097776808073
0.2034811905910282	1.1752975891300796
0.19922564817756394	1.3711047667372673
0.19680486462177813	1.2762152066434536
0.2063332419502609	1.2497193315433974
0.1958866510453228	1.345106012747621
0.2103672351336469	1.3577460515547672
0.21415819542317352	0.9959452504850301
0.19239955993308896	1.3041259733737838
0.1828785477372987	1.399456802691883
0.20670369160288327	1.1907634166547318
0.22151343126374237	1.115545481869109
0.199825091303261	1.1163420504410306
0.19140161808024983	1.2985175443499444
0.19279877386113134	1.2671337702711623
0.19712024503643685	1.3217706598378907
0.20607797334265274	1.2589420079114664
0.19441230043377167	1.214478511012158
0.20047325589009748	1.0401217765902573
0.20699386555899268	1.1823669730813062
0.18855144555941394	1.342076654185804
0.19147628162601063	1.4002289222855322
0.2121714914183	1.2078568691004459
0.20625623948724037	1.240545708999057
0.19974789127445539	1.3730946318100878
0.19704844653292114	1.07545202066743
0.20462178851382293	1.0671327353092956
0.17322185493154862	1.3793608066872811
0.17281900721148552	1.4288207865409055
0.20008703812487483	1.293537254573995
0.19173633813019864	1.1712375928833487
0.2062613283749559	1.2189454563627993
0.20567820347381852	1.3067438658810762
0.2165842029697599	1.1397826350429945
0.21266757207408757	1.2345215537507865
0.1996131318772343	1.3646776938873755
0.20270332050146134	1.2944107374183749
0.20992450717816788	1.2897469602963487
0.20626226620382582	1.1921794717870702
0.17953598431102202	1.3780164500557113
0.2083164597759804	1.3277964246245688
0.1866714821473195	1.4025333555838126
0.20000859296877394	1.3455125847399638
0.2012098114770713	1.2415241874377787
0.2037859609381985	1.2903651735988402
0.20510541517669734	1.1513524219930718
0.19561511255274192	1.3575319958459888
0.22055408102848517	1.3466645181955041
0.1998286465575265	1.3788154983248662
0.20592908076309008	1.1324951435163733
0.1822448983401254	1.3936489651563724
0.19377340623289518	1.3809296875612362
0.1900484268182809	1.3410483887612568
0.19604546936092904	1.181781460103517
0.20668199501928144	1.1048257573191
0.20734603444045058	1.1393060105656547
0.18870437915325705	1.2746555804444613
0.18604517022727443	1.401275651759706
0.22516706027440334	1.124899734116853
0.20657823191341998	1.1878170760919193
0.16624293986446761	1.4329311040910144
0.2158321684649144	1.3561387093010815
0.1975628653047275	1.374948716388585
0.19939495543666771	1.3479059682545418
0.2069988423908021	1.3418706150794464
0.20555089503618842	1.3670175389219166
0.21468195621835992	1.1463437049987573
0.20928191267617538	1.0536534040311236
0.1943637450950594	1.2688420201837027
0.19980971255776492	1.248723195250459
0.19365070123571512	1.3673365335176164
0.20438171809826183	1.1477455274934651
0.17017785979613922	1.3798336073089974
0.20831081522750056	1.054227146463223
0.19445916317356882	1.3321070991324957
0.20556687602602622	1.1586877549399368
0.20657257971758977	1.2037936682163277
0.21441538963802642	1.1537245010140122
0.17184183128624342	1.4235655458604872
0.2127178999687885	1.0092793459044935
0.2011435798352249	1.220099285624233
0.20779841744792926	1.0939308218153152
0.2034483222668318	1.3371397189379635
0.20427314433461513	1.244538226367504
0.20974744135908174	1.3456692604295344
0.21181475868289407	1.3312985290161894
0.19042112842300665	1.236789392357613
0.2143328186367342	1.134282263697181
0.20621166732106475	1.3076432620171432
0.20848426102863737	1.1089272191691215
0.20411658939646518	1.1763365667510863
0.20465663998718067	1.310287950954409
0.1954396037270096	1.2988293077440565
0.17130218514108314	1.3903828969823617
0.21740964246199496	1.1841002407222767
0.20574211288154345	1.3614133869943656
0.20530027049810384	1.1534744002290034
0.20813184694380002	1.3192254243557557
0.1836794829674348	1.3535245105538607
0.2007462069155583	1.318552823418453
0.2138943493039259	1.0216936721886412
0.1744413687953378	1.3553056524906726
0.20839719303678067	1.1178769451727049
0.20535465938584083	1.1750799488380912
0.1985449367496493	1.2547559784149573
0.2050735095220854	1.185822516042575
0.2158520074683704	1.1321074026491966
0.1995229524173719	1.2423039204031947
0.21246134923648927	1.3588383768517693
0.1772174698902435	1.4071089131149837
0.2007002475189084	1.281044055886754
0.20692848434940148	1.1143493054545361
0.20566696848387164	1.1827076101644085
0.18854421451612136	1.385433197476166
0.1940232128421256	1.3192234078321206
0.19021018782218285	1.247934048259499
0.19099041701725583	1.2666093828695284
0.2070477283910142	1.2979127630082288
0.2187420989394351	1.3439728399408748
0.20599512398775813	1.1768793648012852
0.20030636561151333	1.2299441401187454
0.22530962165900764	1.331409191222511
0.1983648676051291	1.343691365453671
0.19765777888833314	1.3827378196584141
0.19903613478035645	1.2940064576384662
0.20651635192302262	1.114498645490877
0.2052694821894646	1.1773795623423087
0.19950644808874773	1.154763110149609
0.20270230907108597	1.3122308093272985
0.2087451246088172	1.3641035068985543
0.18654096734848258	1.367420683189628
0.19709500688425596	1.3414001706922283
0.222039076678588	1.1590480271002972
0.17990545464320667	1.3412639260034585
0.1873823302069976	1.225763975407101
0.19991575450806792	1.3588254337183687
0.21434622913144252	1.3544385385650581
0.2108602883972711	1.1275407532669766
0.20228732147268336	1.2251388062322257
0.18482847423600082	1.2458300327218161
0.19468071235267012	1.3810574592907785
0.21033678457276256	1.3374877537686611
0.206719063037513	1.3160734135079943
0.2046976430978953	1.0930284135274855
0.18399252261610338	1.399888870093744
0.2093163639521427	1.1211361600149978
0.20787787051915863	1.2514806517691912
0.21174540222171215	1.313914547922518
0.2033443892771391	1.1871217192786838
0.20535670194727634	1.2335710231015784
0.20065537976447062	1.241422318516824
0.21179334000903832	0.9976229027011045
0.20970326917660856	1.3290657812729574
0.1950254067656646	1.2595212073757778
0.19756888669489792	1.367502311530821
0.19574722985929396	1.3651167794266628
0.2146029710752341	0.962435982138263
0.21407083637034457	1.3457726118184343
0.2088254809895204	1.275682878453339
0.1861326314026827	1.27821408735394
0.21090108841539393	1.0664582564163259
0.2051546666226221	1.2863407009307315
0.2089834345233136	1.3335638743123877
0.20940429608923275	1.1743668768958142
0.19038915786017963	1.3950366720876082
0.20422599086430293	1.2353948451851036
0.22209371152970891	1.3402903877023482
0.1824328038024063	1.4104704964421497
0.1832714480437972	1.1603533817790317
0.2036521564887172	1.1022132485914387
0.20042586073022928	1.3437675561246838
0.20641414048206957	1.171241010827756
0.201149400078908	1.3745685874269629
0.21196830668942065	1.2392912059431644
0.20828315729585253	1.207716164621234
0.17918392148518322	1.3691047548047721
0.21399942841580072	1.3493897643127675
0.20794977715755805	1.0680424090461824
0.21652212060337483	1.3481397646686342
0.18116264757414235	1.4094747764046063
0.21745618865524993	1.3428945733535633
0.1850255152179016	1.4025084651185562
0.19143010019660867	1.370138769680227
0.22103587886134404	1.310553033519387
0.2035487205938424	1.34392628969351
0.2017347076462934	1.1002993367633322
0.18595744868207348	1.3996894715416521
0.19027690335348385	1.1955402226801497
0.20703617911610817	1.2868431481919698
0.17682951419087037	1.4037720411814043
0.2039872368515837	1.287648683301621
0.17897802152089765	1.4170282142942743
0.20608044328593803	1.3432992167146462
0.20575363046465045	1.3254484835229225
0.18610209967242075	1.387617808486894
0.19443205260840962	1.3571708821319186
0.2121498859961353	1.0490058863100642
0.20965656885960923	1.3546965527484298
0.19428298005121367	1.3638446378297737
0.19961232555800815	1.2902217893749508
0.20424223240841222	1.3518480983114294
0.19477786016549692	1.3942411296263857
0.19762437417378867	1.2026651813520775
0.21426125352595082	1.2314248687065927
0.20795753492984584	1.1736392211503763
0.1792536221944986	1.407778728657973
0.1943391822905371	1.3263748522339371
0.20178049894071823	1.2973445638499872
0.18517780649061058	1.2629568638327318
0.20918471193565416	1.1061752074801645
0.1829741973921498	1.413821258431832
0.18661809439803717	1.3861386072562003
0.19111904582745198	1.1321750020523909
0.17041387223312862	1.3774405335308262
0.2064084952222234	1.2798440005172602
0.21641085462651732	0.9758713324340158
0.20573324850596936	1.095095163428572
0.1825996760534186	1.1775123890680788
0.20341215654931752	1.2824395880324648
0.2177125385213304	1.1537544832023579
0.21894134230519582	1.1574341975154459
0.21039156439549891	1.058114888725358
0.19153006562117286	1.3000314069368928
0.17689394310032214	1.298938726688938
0.20881789755507682	1.1829989126464282
0.21151490434303163	1.3085206842720694
0.19509985587519763	1.358971845461175
0.1699952424862052	1.4281312903747692
0.21564288698991252	1.3512765980244255
0.20031405845064312	1.2732860136832256
0.21374679627764895	0.9634021117925007
0.19414560109447826	1.3703556882935914
0.22206972957523166	1.3273745533702295
0.20333306664790005	1.126133086378194
0.19465292675149054	1.2882191793682032
0.18900772391760357	1.3868796951386075
0.2258917962241897	1.1115192120735713
0.20282174262112498	1.3254236306757559
0.20753764443903772	1.3215761590058408
0.21747320008479573	1.2090362050798082
0.2115117009065625	1.051484688864423
0.21182026597746326	1.2669976067324722
0.20096599792023562	1.2605347977491794
0.215980599715642	1.3409191505678257
0.18352373861895604	1.3199301472983604
0.22309467978630448	1.1596352876748512
0.20994457553773652	1.15766852052274
0.17782574329837947	1.4099388692586603
0.20746962423624035	1.3605638294281326
0.19363211244978654	1.181879592754641
0.21279209603905708	1.2143923436290498
0.20819174719749026	1.1723572089478251
0.19500946375997716	1.1503466703545162
0.20571344281842824	1.2573792146232472
0.1927680325131682	1.266544010109627
0.20613664644138677	1.3137570287995772
0.18481667847207525	1.3039823647387325
0.20461301012227173	1.172851967206298
0.20209049814753438	1.2614963640668586
0.20763128017970547	1.320521530798919
0.19695864712110941	1.3278366738293557
0.20826136220879618	1.1222914718042132
0.16937420312993182	1.4091970310273028
0.19889817879157354	1.1664398177790873
0.20475904423865549	1.306012797443464
0.19628299960890908	1.2821724795399834
0.22232895294560862	1.1719623963450556
0.20617575196893856	1.14949880930171
0.21112500902026787	0.9947218108482923
0.19310920511919918	1.3803761972785753
0.20749493681144326	1.32522328415762
0.18629832320015555	1.3211176130999838
0.1926807352542134	1.2897741675274934
0.1940918403648614	1.3191011122646006
0.1931924189022468	1.378244560716827
0.2054731323027009	1.3397038112477078
0.21488865811797458	1.2269674907401036
0.21280748833370278	1.2252331984620826
0.20933009653781945	1.355787419573688
0.19099651045705926	1.3800773676826412
0.20667442028729996	1.073996803659972
0.2083180286538215	1.2186921501022767
0.19721830986716948	1.3680165030222735
0.18144855798156115	1.2309689847787308
0.1750122090937819	1.3756217349014985
0.20333006957510696	1.0353561372472697
0.19785500180599208	1.330697850332011
0.20893754484217694	1.271356474143308
0.1921478760516062	1.3750632193188483
0.18181511721589666	1.407902880650449
0.20380321633439263	1.2781815456936498
0.20629919867877256	1.2526581744065852
0.194990255774249	1.3800819204337913
0.184346756667648	1.382413556429609
0.17993957718283624	1.3475510332827352
0.22322499138624174	1.154921128972358
0.18758194660906582	1.3773650546192517
0.21596539263787495	1.3376746569277747
0.20719395574133895	1.1380944991560025
0.20309702254698014	1.3719556373639743
0.17479752373072915	1.344857194920564
0.2007349407264521	1.3201224508614433
0.17517537318986318	1.3684999365345027
0.20755131167806642	1.171297134682641
0.2043051214368171	1.2626123406008367
0.19462027609427138	1.3566122635228859
0.18881050966501134	1.3816101960034741
0.21311179837882857	1.3495740531656015
0.2051157274673985	1.2590680294334213
0.2068901777500676	1.2393259270996715
0.20037341269877423	1.2834873260734114
0.20415066818251443	1.3776855651228914
0.2060356457170738	1.272539212434975
0.2048915126052849	1.2420062713142959
0.20702694842290706	1.2959065472175724
0.19400230080769904	1.2450226804689264
0.17964010115314782	1.2952746443444902
0.19387087595629407	1.3684832516281142
0.1868678144134108	1.393146333551738
0.18975729388752446	1.3944445836296655
0.1738105896774353	1.4303967178214352
0.21836267398630949	1.1813360198274536
0.19277285904070932	1.317536801479143
0.20673595679127676	1.1790190915031427
0.20441604316921183	1.2261846096745266
0.1983250067086322	1.3540138763746217
0.2111418765167339	1.1563749201779157
0.2101825104689114	1.2793853447556014
0.19667832293861065	1.3745611034584222
0.20325728321169492	1.325773375038405
0.21872874502508324	0.9592719587835251
0.20874525013140163	1.0765592550821157
0.2036257800657682	1.3603715696110152
0.20661449478578564	1.3073273546917636
0.1883616920921776	1.386812779124035
0.2103433406896093	1.2404810980559953
0.19411269248802096	1.3354463283266331
0.19362777111425106	1.3582971302438152
0.20716095341911692	1.2842363263394785
0.20509739013171502	1.3450527798213054
0.2196333932454171	0.9141317191691118
0.19990425348480437	1.2749813821394367
0.1637337565465906	1.3779794814768729
0.1755970503168806	1.3653364382834097
0.1919250214302769	1.3524343053248515
0.20091775549456745	1.220999210143559
0.22146552828441352	1.3356718048295209
0.2039685192293004	1.1252570089472986
0.19099382006595847	1.2834128446290451
0.2088473803763849	1.2941436474810937
0.20838997831946265	1.321930031252509
0.19382874250486376	1.3232823818247534
0.19795048740502094	1.3078698500402093
0.20255335893506288	1.2885720347737837
0.2076281417395006	1.199836625834764
0.20340504126529538	1.2469243000725427
0.20434506573020395	1.130102898951157
0.2056129162836441	1.2970886951052658
0.21071352103171628	1.0459212092161083
0.20444491368485568	1.3338025830407683
0.219191609731074	0.9180579952945729
0.19893143962623644	1.0489937121087682
0.1940466126680475	1.2613146405308884
0.2254487907236228	1.3217296768833264
0.2075062327345012	1.3599283918034446
0.20202948047945157	1.1806079984734914
0.19682704236569695	1.3710027212554359
0.20788462951929756	1.1172437126706618
0.21608203328711792	1.2075958855126694
0.1852424189372031	1.4013398054421065
0.23275725888547663	1.0987838676236217
0.19167532456268296	1.3505374882553882
0.20155344931795835	1.2839675842628833
0.20589185872652352	1.294974198710293
0.20727929129086398	1.2113158319707957
0.20116777521462878	1.3740282502311651
0.19421720504794282	1.3691734796145598
0.21694805955193192	1.3345675355771305
0.19661148851919	1.3200309892150988
0.20036100202204285	1.2358119535926915
0.19302264848737272	1.3127672882579584
0.18453971637583721	1.4115438635228044
0.207817391856283	0.9641043650622056
0.20661921441755673	1.3096756637262221
0.17057504190405173	1.175131325626122
0.19707205054583382	1.1133110931093562
0.1779530319389958	1.3719790222876873
0.20753226106046413	1.355075443478277
0.18356171638131738	1.3917897846303782
0.207962094997327	1.340312850767686
0.20269114246899103	1.3681948491986249
0.1929298973649304	1.2967597459455842
0.20413374642894913	1.2247117770334932
0.20104909687639444	1.290806497337203
0.20569926187429774	1.3426148980114547
0.20777041771914959	1.129766304312895
0.20277972012723855	1.2478937486344606
0.20697615232439395	1.1077334657286073
0.20500728294100173	1.1587128246424587
0.17711451642254675	1.3795567145913399
0.19118455257622385	1.369113132139474
0.20746693906042368	1.209502183667662
0.16921416271819542	1.4257606698569063
0.196336439174911	1.2155289048901425
0.17992081137955362	1.351822661544782
0.18770279389413827	1.401487689231681
0.20590750666760005	1.3485861628218394
0.2005136929286631	1.3594430328793639
0.20396049727664312	1.2328330057677683
0.20849495343674568	1.1491172060849297
0.20675704686797997	1.2008231996719219
0.23221801001983294	1.3147662255033663
0.20142435134893366	1.2759212365600738
0.19735979294685835	1.3739745299128958
0.1791477943687492	1.42170772523477
0.18551489952999317	1.3157854596836493
0.20955224265166605	1.0677226276896616
0.18733944320150087	1.2017231898090572
0.1905382940222773	1.1966909274807782
0.16961706169339325	1.4154313256250026
0.2009909280845265	1.3055236770005758
0.1926694612173094	1.252248491401116
0.20680671276014784	1.126465123073723
0.19731217637255064	1.2871193809877688
0.20368656261511295	1.2363337851605243
0.1985878112535557	1.34313315070059
0.20459653380146156	1.2179937290572005
0.17252787630328753	1.4234787802571018
0.2014942916762327	1.3611957270524289
0.21680115765746352	1.3489909654122
0.2056252564181285	1.1931793969413667
0.20549758256432138	1.2833349590139105
0.20622693422777488	1.2799551138130587
0.19152645923971176	1.2617476187551455
0.1971239454731781	1.0822858189673117
0.18369921589274404	1.3506026025019287
0.21363075766363418	1.2513462561363364
0.20214769655600986	1.2757078709260403
0.2071799909786017	1.3240655201356357
0.2059443258451368	1.1783768164587516
0.2043897132163462	1.300786303240634
0.2029862594138165	1.344483193419949
0.20828504464892386	1.1504699986656743
0.2099226453999367	1.336946327264023
0.17387218152189027	1.429166192936965
0.2014481938218573	1.287561096092425
0.21993719730628372	1.2646740956423217
0.20400723934441856	1.1850190144542878
0.21181724130838364	1.3291590298621219
0.2077603684327785	1.2373938902411943
0.1973701059812735	1.1908864737375222
0.1952801379861432	1.37479786144207
0.234488816865843	1.3072356304514468
0.1945952299697233	1.3270374405716736
0.19706105499795845	1.3809705248745767
0.20643602982353598	1.3143726269958096
0.20708996498144486	1.361521581385524
0.2067799954358079	1.3612138812185686
0.1987419007761807	1.3339848764219373
0.20176145902911902	1.184512597459098
0.18200824735912216	1.1872170079505242
0.20804632450853328	1.3268564783759855
0.20292543237612315	1.2347753400391477
0.20970427259252777	1.288259026840973
0.2062786967004079	1.1800044276495365
0.17672888847452412	1.4084812236925386
0.20753662444543994	1.273945464761923
0.1976209073245918	1.3579712320473956
0.19089693028228458	1.3288295857652233
0.21328068779238946	0.9551816052545107
0.2107818218385674	1.2496301006026747
0.20550331323726131	1.2059649929252547
0.21220166841572646	0.9914525118426527
0.19575167227327717	1.3589388670761129
0.20023980547395648	1.260080272104178
0.20698729985931366	1.1169146828107563
0.207214340437764	1.3262796610254892
0.17337439224748147	1.4179360860610177
0.19454810653985924	1.1203104596947555
0.2110058366455585	1.238792891902006
0.19560066553263847	1.3896209064814093
0.22441113633937876	1.153327690492695
0.2054098884315704	1.1611952771753387
0.2245724166526415	1.3306202381135073
0.1995919431303683	1.2907271772914353
0.1963389377750439	1.3783975436891889
0.19281148783739263	1.3704491835649977
0.17427933495797782	1.4245830274213065
0.20509540900743028	1.3538772616768247
0.19552685132901204	1.339900025999183
0.18798309856342477	1.3882330101986062
0.20619624394243938	1.0767083547560576
0.2170905783495825	0.9092596849532188
0.20537027352031034	1.12680802866829
0.19335254725349935	1.3367428100581757
0.20372903422528288	1.3321232804928367
0.21946300954755896	1.1996331916028948
0.21427313504779089	1.3570136275844515
0.19905297902472682	1.2770112173329158
0.1892940371160373	1.3032697462141294
0.2061126041933398	1.2820143000736983
0.16635177839790968	1.2483021367394698
0.19034279131689594	1.3885747015282193
0.19053177004270042	1.3235159728618047
0.20260720337234353	1.1132196488193657
0.2202964466641048	0.9024532125935459
0.17235681648648724	1.431191673685311
0.19998930490023206	1.13532285576749
0.2145192797557666	1.2494064702718273
0.21825915317154534	0.9108638423054185
0.2142593888107292	0.9648685483038543
0.18370822716346275	1.3961514743641334
0.17697911848493575	1.3632322957784888
0.19703120766489898	1.2477273123495327
0.21832988911652332	1.337061113234392
0.20548994760882167	1.2543853317264728
0.21000634570397628	1.2346665623843491
0.20649087680734576	1.3460842100657742
0.20510954266809797	1.2718399018625748
0.21868423387357105	0.9305615486682154
0.22253276529299293	1.3340853724920714
0.18408158886559128	1.4114059676645017
0.19823624921626296	1.3701127692522337
0.21079244398729005	1.3318776819248899
0.21196792611637025	1.2479914045909275
0.20531087796744588	1.2414806809316805
0.2054212055370952	1.2747044231450926
0.20865033593940224	1.3574088117507253
0.21366023902104908	1.3178359435538378
0.20522283164187416	1.2336714606976373
0.20494075366689873	1.2768532081567345
0.20278128721310387	1.2482091885835926
0.2080412485214323	1.3149044391963693
0.19544914745258807	1.353079067428662
0.21582625161465596	1.2146615191069678
0.20639597838088683	1.1738431974151133
0.2089197517192701	1.1134522278975973
0.1915946033499115	1.379171617025929
0.213854816609815	0.97364730227174
0.20726746820260958	1.0991976872365337
0.2074332656442605	1.3444191398960474
0.20919087496263458	1.1151128747544272
0.18961920422781983	1.1837121532938686
0.17874227753859404	1.3873681798230577
0.17007519216606407	1.3415343175457397
0.19326540506466394	1.3469384851560033
0.2064551151360092	1.1679743560858018
0.20377563758214493	1.37094574240608
0.20593699160486734	1.3119783593617906
0.1941869129362551	1.3311688332504859
0.20410275921543974	1.2990749028769197
0.2053852805678522	1.1266725098024173
0.20682748909011361	1.2156135368748495
0.20066476498666128	1.3728578474809163
0.1936095279364184	1.391554447253604
0.1789228264647573	1.395905404611118
0.20726803412697978	1.2981097846632044
0.20741033024870034	1.22705281098396
0.2099604133455751	1.3172276605517403
0.20004311562593718	1.3249698066034319
0.208247774504194	1.3116566920899904
0.20567723065587937	1.3319245082006201
0.20224531754620323	1.2603849401652893
0.20921777432425914	1.0282630727252504
0.209275753903186	1.321811836210402
0.1820614834207321	1.2445033695538434
0.2076268743728449	1.0540263388312474
0.2065447237773819	1.3571040106817147
0.1943867826275275	1.1763121430921848
0.18566063696361068	1.3511151629945397
0.18932064698206189	1.380296094291257
0.20054621326193398	1.3482670443039468
0.1864784409600588	1.3198160631499847
0.19520904507305034	1.3288041089304583
0.19999213593254844	1.0636604000389709
0.18145955383639836	1.4123325783367833
0.2062940610190093	1.2248500293484734
0.21040201283495472	1.0361640791419555
0.21827642826097568	1.343601387321141
0.20562982389904613	1.1996377992235745
0.20265117176745057	1.3582077464500286
0.2031752070225293	1.3363395004142697
0.18692864337909126	1.3749433872278087
0.18628382513995637	1.356599168263358
0.20608862215295554	1.2987634309626483
0.20743011766579325	1.1716285003557934
0.1962135759644781	1.255527018886694
0.2081411221926821	1.1293004844451175
0.19043080156396233	1.2960347018698954
0.21701188420616369	0.9309034930335407
0.17735177855801737	1.3941266317864953
0.20564002356462394	1.2362670614940912
0.2041657703427759	1.3512013303777946
0.1787084705459508	1.3798041309575142
0.20679507540373573	1.1904636627814076
0.22954967390450906	0.8196192470544714
0.18367693797698964	1.3257301443872929
0.20632982141994288	1.314447873092371
0.2075049301470523	1.1667353698897733
