6.0956369078388996e-05	1.5588488928072923
5.925618468845263e-05	1.63767413490679
6.268476569083676e-05	1.7222419838128649
6.0287731037896885e-05	1.5064178900207694
6.410561105868566e-05	1.704102608610694
6.434175411898552e-05	1.629167608321286
5.7559430077573925e-05	1.7299568149675482
6.452332460445874e-05	1.6216061442159324
5.553206242008455e-05	1.7128904260548539
6.566927469934623e-05	1.4223082675280456
6.546384061286766e-05	1.4692595117602893
6.163373193587942e-05	1.726462139002018
6.147689466188154e-05	1.7044358630369552
6.538141532234697e-05	1.587234279916132
7.056654513677402e-05	1.1969933440964113
6.199846960809483e-05	1.5640717897708027
6.346393158309186e-05	1.7269431865556757
6.427075198954586e-05	1.4305063612801705
6.483642243967435e-05	1.402022741638504
6.364155494472855e-05	1.4603311646276116
6.633479514167473e-05	1.6710058286816192
6.551575365601002e-05	1.452388534130557
5.980527662472883e-05	1.7040384889012041
7.134863239568079e-05	1.1572089519142335
6.471891743439259e-05	1.7129717049210567
5.828456560030037e-05	1.6819859613771302
5.809992730471094e-05	1.7112452933279487
5.9670600763687654e-05	1.7272184395057413
6.675223895870356e-05	1.4141808212062035
6.613825305661231e-05	1.3786019912133716
5.318248430354391e-05	1.5786371299831528
6.664778051852849e-05	1.544066939244328
5.683642376043608e-05	1.541638452899169
6.57578232877108e-05	1.6174137773339479
6.0026214990231825e-05	1.6779616816484288
6.269778976276032e-05	1.596108367672109
6.593619331923042e-05	1.5579760365839328
6.576804318042271e-05	1.4461994065441748
5.3190076621574195e-05	1.6214257023844143
7.150260022942445e-05	1.7258951560425042
5.519208056330008e-05	1.7251593793830526
6.77595976548513e-05	1.6842704073569377
6.421187735074357e-05	1.548180153544748
6.283500610865974e-05	1.559730606510231
6.04430359095142e-05	1.7047255827333065
6.144853936770359e-05	1.3152253022291494
5.8261331404024865e-05	1.6120894508316148
5.6830332666493395e-05	1.5644670917946528
5.923536270960391e-05	1.6388988365903743
6.64289639562418e-05	1.4761028277997412
6.430738915443358e-05	1.6787573356748187
6.696503653270231e-05	1.3680781703888814
6.802920061458062e-05	1.7314265104369384
5.454201741309929e-05	1.6983212015779672
6.783925839754891e-05	1.5881926234720325
6.147413177851657e-05	1.6016304591486807
6.532633868590597e-05	1.6313234764500717
6.716836045660413e-05	1.533022017695228
6.509671956678737e-05	1.3420059841992178
6.739031790753668e-05	1.4819808499043554
5.338175380412779e-05	1.6408131713015048
6.562722205406176e-05	1.6627701894507876
6.027694154932568e-05	1.6719304881195516
6.578991485198809e-05	1.485605840094108
6.135775686861527e-05	1.6948185465027739
6.201740884060898e-05	1.6688203256870457
6.20865732465238e-05	1.6245272052970727
6.696837202252336e-05	1.3396613332186469
6.61254064162275e-05	1.6448556556627385
6.569703495280861e-05	1.5243128568105468
6.119172298455999e-05	1.5900462291283481
5.769836942918719e-05	1.4731664674239209
6.246749338616245e-05	1.726094946801854
6.544996700125869e-05	1.6126359782822353
6.573187683215026e-05	1.5760587925063607
6.108621308841923e-05	1.5915720060303116
6.667643906573056e-05	1.405289981371688
6.604147126164448e-05	1.4510409448956092
6.69375785692475e-05	1.5829414304454221
6.593162282290507e-05	1.4705182032526045
5.853867702228527e-05	1.6354552307056391
5.801437718199748e-05	1.611991061587688
6.023300249278371e-05	1.6263978491591735
6.266253171287896e-05	1.706881531445286
5.9709430159542454e-05	1.4270961394499737
6.681755910013027e-05	1.5395685216932349
6.236847620832577e-05	1.5528994124228754
6.563082223523569e-05	1.653367913804365
7.056604977996772e-05	1.4329816055548947
6.675817659989107e-05	1.2792554762118753
6.53419563950869e-05	1.564186789718186
6.551058847151536e-05	1.5069121900611533
6.598907392773871e-05	1.4313776160814582
6.110727530462138e-05	1.7314537299479895
5.496060906557176e-05	1.5157607714104357
6.15360310172436e-05	1.608768896288908
6.338451856968549e-05	1.6499892396952585
6.467424189038737e-05	1.7082412616815854
6.129832682207846e-05	1.5687201322002395
6.14367269834778e-05	1.6845453984453584
6.359787521673557e-05	1.6991215191786915
6.688581548339339e-05	1.6364095634237694
6.303327925734299e-05	1.6353801997973862
6.590732498863255e-05	1.423558392849133
6.396146520386311e-05	1.6309788110555639
6.524723245269851e-05	1.6326101335745344
5.9131815025286064e-05	1.731856448887334
7.049314687960104e-05	1.7056456867049379
6.547436049477366e-05	1.6100035167692113
6.776508213399615e-05	1.7037732307955213
6.469971574708409e-05	1.625060962997328
6.618925611794358e-05	1.6915337444293561
7.002350991390959e-05	1.2187905609908734
6.494424442195706e-05	1.5229076251597418
6.551863687766151e-05	1.3185187873653825
6.602127565399262e-05	1.6786766525264112
6.654416280782293e-05	1.6208960738879354
5.616687142884078e-05	1.3317712927071086
6.723290540191911e-05	1.7057632185284337
6.481744392315582e-05	1.612575474685746
6.487268584797246e-05	1.6548322013134664
6.567244530279391e-05	1.4519704420522646
6.715120545802461e-05	1.5889721306876157
5.832143866831532e-05	1.4928419884871151
6.71997608274653e-05	1.577273921978781
5.897091255257868e-05	1.699052109238946
6.731818239663612e-05	1.448997689720681
6.0107196230680365e-05	1.69835206088724
5.905149121294082e-05	1.7002540402413344
6.535225171231517e-05	1.4608498525190372
7.061092799705663e-05	1.1611126319905813
6.724590329448791e-05	1.32668506319157
6.735726353277595e-05	1.5856601048064887
6.812511980599275e-05	1.6911460790723951
7.384760854512614e-05	1.0486263459913758
6.688696116408517e-05	1.547423826771671
6.566437890364772e-05	1.6341001753600237
7.095699557828087e-05	1.4132706240516963
6.106627770711134e-05	1.6987720100226595
6.844418350517062e-05	1.5692017909828413
6.721690018904835e-05	1.6987442659833194
5.9821134688034585e-05	1.6170175879195066
6.750791355314346e-05	1.6802458299072731
5.674393507519652e-05	1.670006804413932
5.8321237124916436e-05	1.674058171289392
6.318365567721281e-05	1.7084346756363273
5.957003882223823e-05	1.684953737298434
6.774003761686122e-05	1.72952258262083
6.684172893364366e-05	1.3617869513401084
6.390371413260087e-05	1.6372814916011227
