0.6704676624306324	0.526558681286726
0.6851988286991341	0.5094323259274216
0.6687208200031826	0.5682306970286681
0.6553302052256692	0.5962254453017168
0.6930800487461055	0.4121924462773833
0.6411167615653856	0.6153264771959318
0.6038635106024184	0.6822717363551289
0.6643868007646788	0.4847058107317321
0.6673401315022162	0.5369851204083362
0.6641326638436856	0.5731362896947378
0.5603903833103546	0.6722584386083017
0.6775861959368148	0.48719487109571163
0.6026125969069627	0.6359827735877335
0.6937766341063548	0.5176033236804718
0.7128672751582701	0.4359554369942193
0.6246117841844182	0.6376474912491731
0.6773348120051197	0.4664751070376801
0.664922542561664	0.5125136900187619
0.661894893876876	0.5525578985518055
0.6339566916630459	0.6119969175674056
0.6807131331620703	0.5489992992783311
0.6272331519183764	0.6169977550850587
0.6825118474475373	0.5068369820176258
0.6743186018522026	0.48269586260131325
0.6723607729484641	0.4908215789592197
0.6111981749884319	0.6503013946179963
0.6234009339516492	0.6514933962342355
0.673967267193042	0.5450854823987736
0.6141331289462706	0.5581801118918724
0.6114082924454536	0.6326584155099841
0.6542174926960378	0.5972988793472169
0.6634214600347731	0.5412786931264087
0.704288060393539	0.5098565190154485
0.6787224628014902	0.5419996494637518
0.590684255410099	0.6820341114592298
0.6123767811113724	0.6582414003320078
0.6766665473180633	0.5440225455901017
0.6566498395240534	0.5057671407107892
0.664853729475098	0.5755195170209777
0.6697979898595358	0.45480703324823574
0.6600624047180719	0.5697127114935211
0.5967787089808017	0.572737925399277
0.6646596567073967	0.5645608254141561
0.7201894940901304	0.4261806355227201
0.7062331805962998	0.43662105081880986
0.7286985653106501	0.4002764673873766
0.6753072870609648	0.5245811930521443
0.6130511850518966	0.6534101509570047
0.6764415621195868	0.42968904799983715
0.6424294358640562	0.6143777473739878
0.6692040441678091	0.5584410698512297
0.6501144498239944	0.5202905039352026
0.5741507688428285	0.6984054651546893
0.6643852064470744	0.5283138999714021
0.5992042259776525	0.594767034826873
0.661586663573713	0.5422409790834395
0.674195020634359	0.5538789412170027
0.6677490528925024	0.5093719038519685
0.5533921772512242	0.7411050364732754
0.68276837541354	0.4209007444770769
0.6786662288044789	0.5249227387893204
0.676994718534345	0.5489000769877272
0.6662815005090191	0.5606898861496752
0.6688619695582557	0.5091418516691941
0.645066908162699	0.5512396997095861
0.6452913917581437	0.6129580476856857
0.5913778962371594	0.6362157778443565
0.6922141264186904	0.38905944526884917
0.686550831445236	0.4981847610575152
0.6681360420465048	0.5236692309785251
0.6538134664052652	0.5315634775828293
0.6179205810232213	0.6279969437967466
0.6462857304549512	0.5738564635248926
0.5417518303908068	0.6979809997999127
0.6061133833298492	0.6646878508808713
0.6688431863586771	0.5131190500644268
0.722610497128451	0.4784454751852747
0.6754200095115636	0.5287839890893744
0.6767306592765021	0.5394491948285314
0.6109763930014798	0.6604407446740876
0.6048130866098442	0.6763554734518002
0.6440560861679804	0.556437912286752
0.6313221196543459	0.6201801197681258
0.7093396482907378	0.4975042451274514
0.6783240567887119	0.4336519828497871
0.6468030137017627	0.5424023242481399
0.57619549774024	0.6716283091120757
0.6344908761914135	0.6073234134153572
0.6240775840974058	0.6095236745195693
0.6435474209306347	0.5893585591463489
0.655520547948797	0.5416977447004471
0.6005635222306082	0.6462588314265238
0.6655245865197754	0.4959466555124235
0.7202003312910199	0.3332198537409664
0.6461523549448088	0.5150554289214359
0.6094453712691386	0.6503009134535453
0.645618066661214	0.6105596003651157
0.6106658442607881	0.6331694562653551
0.6840433534917358	0.44675955981359916
0.6230590758677131	0.6339490423796583
0.6702612192213597	0.48330812576975535
0.661987727417244	0.5358903514732944
0.6905987642508216	0.4792476896342021
0.6087669617633586	0.6626769646119943
0.6770212473054719	0.4663338130756212
0.5979079940311042	0.6920507639607123
0.596647285387568	0.6576298787176822
0.6444224739280995	0.5326842760765333
0.6517661021751181	0.5651017317135725
0.7241142859710517	0.31356257440619223
0.6724000608464893	0.44840549249473804
0.6811456224181958	0.5401743871265315
0.6507509305804647	0.5115030784358046
0.6437628327214232	0.5771467040805718
0.7144754630913236	0.4836476663320814
0.6289707593870559	0.6332987527707712
0.6783952544604637	0.48141799373375627
0.6613821938845506	0.543681811802751
0.7164629815374002	0.3433647770686582
0.6708420070960899	0.5658260328812492
0.6451342050498804	0.6062481842149017
0.6737923744548036	0.5423272365659734
0.568212392480844	0.7455836176557804
0.6672600110513999	0.5016697217317312
0.6528761395272932	0.48915392763922216
0.643465259868838	0.5518304671797585
0.748000943590484	0.27325404856054253
0.6835998289040539	0.5345122220336093
0.6863103888429869	0.5008608634789423
0.6620443112806415	0.47812071546617774
0.6765987100537644	0.4857383525866208
0.6000774310517886	0.6151450619951759
0.6719554640598406	0.44125450387474296
0.649320000737301	0.5053255699566366
0.6716572440186489	0.47279818550447744
0.6747187679774755	0.44814735178321324
0.6762315567377801	0.4915997543966962
0.6808249354862383	0.43804293244596054
0.6700221503501014	0.5266789761236285
0.6570115921770571	0.513464436157716
0.6501268222050121	0.5851000015172488
0.6813071898506442	0.45677495855430034
0.6766137624156702	0.4991580058625708
0.6664230946711446	0.4646485916500201
0.6974208644334003	0.4762877062577856
0.6610400332317384	0.5203525164920716
0.6425087297909532	0.5529946443016025
0.7139058353742638	0.34054988383752904
0.6770629036726784	0.5384641400821055
0.6715212724998694	0.5512693121611785
0.637052924660325	0.5951142879780671
0.6777747678628759	0.5492906162253403
0.6581530711123169	0.5603458791444772
0.6475154964127174	0.607106676216451
0.6797571885787712	0.5289162629499375
0.5892983408143646	0.6960323946925936
0.710334328613679	0.35340172529817226
0.6357427825700463	0.6145917873952431
0.5689246009040752	0.7443157333773017
0.6156957429534405	0.6395247650972673
0.6693748132582181	0.4914496690691769
0.6747413118258294	0.4728046177620986
0.6730760758954664	0.5484970224461732
0.7177995382223122	0.43431417754652946
0.5898311313265722	0.7085491007437464
0.5816246264617669	0.6598205977391269
0.7015625604427931	0.5077934969396835
0.682299357358801	0.4709019519660682
0.6750979674297488	0.45681888787003005
0.6280309936239498	0.588178609039363
0.6496683102139422	0.5975457452993883
0.6741678988663483	0.5410706014259171
0.6780990985774709	0.4160379942325937
0.689228863797767	0.4128870973933422
0.6816624441004404	0.541656029508307
0.5773446340702176	0.707127952908229
0.7205273900730672	0.32294352973329643
0.691225853675716	0.46795587977429937
0.6720578671305844	0.5557299150603427
0.6823885094987182	0.49081339952414815
0.6797126173863095	0.5030748921638374
0.6558639700285	0.5552512507481843
0.597408568102006	0.687061240297981
0.6235635869957955	0.607510966714824
0.676236619801119	0.5296919122550561
0.6511382790388719	0.5832152847590939
0.6262307474681059	0.5451042261628762
0.6751836358995891	0.5297187632711613
0.6216755592638508	0.5752821478305972
0.6688677903233968	0.5273038235676116
0.6714274159250249	0.5619651931899682
0.6926196977481919	0.48903798628139694
0.684265230993362	0.39257406224114194
0.7103888031483753	0.44137141976311084
0.6111115580410167	0.6469821002207667
0.7446562589520636	0.44147671996963944
0.5928655101658094	0.5512120537019672
0.6674155222336096	0.5273936731461365
0.6526626515725448	0.5507456183620484
0.6784474582584009	0.5467205532109838
0.5914190662217658	0.6940876642973507
0.5989647281893771	0.6741273816862152
0.5819733898915065	0.6858019753648391
0.6395311544668477	0.5652022100513814
0.6785771671804092	0.4933557725935692
0.7130170137788098	0.4320646630204742
0.6691961542742697	0.4806441952178347
0.6161221806351255	0.6487605012930047
0.6788506867975487	0.5221949026096717
0.6798120021186472	0.48123525787792776
0.6602176616833478	0.5126610705502305
0.5923617717361079	0.6759507940409477
0.6755617443616786	0.525690509600839
0.6761018235459156	0.45326875368756614
0.6714217529350158	0.4892033967787315
0.6513381535699183	0.5461216242961562
0.6726835028316639	0.5476411841465518
0.6991175843048316	0.43398342908999715
0.6734883239412075	0.4505279254718657
0.7270581485447233	0.40418774164303806
0.6592600127639947	0.5696068454035188
0.6973453010312045	0.4566728377719038
0.6243964497143797	0.65030612820447
0.6682299494604026	0.5718316145733178
0.6411470182376833	0.5607709798745866
0.7187708043984045	0.42835904592051155
0.6859373297283411	0.5127777441639654
0.5992988002011959	0.5837882597572261
0.6103273157429342	0.525193579084386
0.6571420785686573	0.4623878727558119
0.6803181953790076	0.4271014509324866
0.6784441483740964	0.516620042494206
0.6537125550020632	0.44694085570392816
0.6777740558451725	0.5386649791746297
0.6721852199768883	0.5217923343469617
0.6807801007886587	0.4348517734232764
0.6199101470936517	0.5974347386389037
0.6928389650854518	0.48810602787607366
0.6739487950400438	0.5386951120680787
0.6844485223693086	0.4087982608373222
0.560825800370435	0.7334202295345431
0.6533555184169008	0.5890212358445074
0.5926462524054739	0.6842180111360031
0.6667647328641753	0.4779097359546107
0.568287093941302	0.7202191805560474
0.6286925970403789	0.5941934792474008
0.6717860804965179	0.5035167116272636
0.6078902221249463	0.6672352588180062
0.6726594331126416	0.5196412507862523
0.6778633583557356	0.5378580599795986
0.6152119485887274	0.6338270932325807
0.6948072307251375	0.4772614022289073
0.6703901802464471	0.5545722492366589
0.6507781652093589	0.5408815386516721
0.6230802033374206	0.5702958839745541
0.6091050625455783	0.61081409713743
0.6524313814166551	0.5550862512407342
0.6844798856526962	0.4343125324672439
0.6776698904127947	0.4188033862802019
0.6792313665405049	0.4496893249539605
0.5773445171541274	0.7197281975927616
0.6851112024915502	0.5187071053430441
0.6743536089752902	0.48853908865445195
0.7180205874760771	0.4227657257402852
0.6077445063289683	0.6666826547210694
0.5917115123586323	0.6801950976018918
0.6806530008715385	0.5335476735048322
0.7180974617202939	0.4170190093302157
0.6771591568329611	0.4940880972766702
0.6836555009958097	0.527893333286607
0.6769327598942534	0.5361185330843214
0.6851662981059535	0.5264282360410695
0.578672051994956	0.7201390497917641
0.6995645012764544	0.3872594708665584
0.6350035344952976	0.6220863261253686
0.6242855617448965	0.6476295870918309
0.5939149461437206	0.7012788584616096
0.6785327332228552	0.5359885479917973
0.6854026535386689	0.4736403361582372
0.6795082520197243	0.5042274981383973
0.6755878584614528	0.46233617587586195
0.6774239377198819	0.5241216498647269
0.7104741360621906	0.498794726771257
0.6325528079251084	0.6056765900988996
0.6897831706176314	0.3798570865132232
0.6102678815275219	0.6536881861898194
0.6924830662976379	0.44531789596361904
0.682321200950385	0.5202083511591841
0.7043500247329652	0.37052460776926566
0.6444128708264302	0.6081156031992
0.6445846247342103	0.6055332057517822
0.6724755529968894	0.5062975674959902
0.6867044493317888	0.4983396634765537
0.677159235473116	0.39976248102768097
0.5666935198085551	0.732519095715484
0.6498729496695472	0.5576385807560034
0.6715160401661378	0.47535197996867756
0.6684093518145702	0.488864496590233
0.621480460303653	0.5431178552762497
0.6790827472223184	0.5194238407119092
0.6318885939637932	0.6000407879659928
0.6749087384437343	0.4282884843978492
0.5951793266496589	0.6682960555388625
0.6716614294294293	0.5167938959057583
0.6672232026563862	0.4985144153137152
0.6821361047964675	0.44544337567498715
0.6980950916949614	0.371950694904026
0.6922442989613944	0.4680937920304531
0.7018907180922838	0.5078229226040858
0.6242918416293401	0.6491248677650596
0.6184049283672985	0.6562650188186505
0.6810234863219438	0.5013118985074096
0.576224875181261	0.6758671983928646
0.5986579792489919	0.6937331688893535
0.6054229638807483	0.6815076827735462
0.5962750287602075	0.6865989013598016
0.6642758933008082	0.5762379193131775
0.6573770072498888	0.5595905538523677
0.7056725864043962	0.5053921862163818
0.6057796507240177	0.6761660060196025
0.7071616207053842	0.49976474599980786
0.6669897591795487	0.5125426878647241
0.6676043745025084	0.4870805303380353
0.6828830889467002	0.5424015588153324
0.6703224743279516	0.5554146310995608
0.5576107481981634	0.7574885283932441
0.6423869258990547	0.6028767046110511
0.6527888673999914	0.5955015522533267
0.6883353728383674	0.4798613238823132
0.6816304354716315	0.48762612843500863
0.6713864014341338	0.44192844674327425
0.6769755930746404	0.5533954749361034
0.681695563475377	0.5470261103258356
0.7127446412462799	0.4972566956245505
0.6675125913326168	0.5633044913752381
0.6091382414553796	0.6312959431411045
0.651808528602422	0.5592508717202036
0.6713299066245182	0.49987017763071573
0.6840255329050676	0.4159086152610878
0.6655476505664406	0.5261510805167017
0.6752184265763561	0.4644728096066068
0.7040241979897206	0.43066256507620226
0.6105343979267047	0.576245793469048
0.6278328314660155	0.6117731641148901
0.612680615250485	0.6318216114435846
0.6604968437599676	0.5137894886869878
0.6441939976440143	0.5936245264108457
0.6662034936405804	0.5081362626040203
0.6096149234757777	0.626128593405586
0.6634912014465008	0.49914446537328966
0.6466265418852291	0.5955417266920104
0.6332798001570858	0.514502399466689
0.6786857286096607	0.5368688498593481
0.5576395425794831	0.7656859367838903
0.6017457914271137	0.6716060061733033
0.6001519173985959	0.6864984997931072
0.6466014416185198	0.5301180297764757
0.656697925900951	0.5785395961568021
0.7025738747561536	0.46495961618015674
0.7192744327801106	0.46946334226886094
0.5452337687143402	0.7023398921367783
0.6621916808128042	0.498273224433711
0.7006007356325071	0.5110006612977682
0.682098499180947	0.5404611157791902
0.6049656578705784	0.6269023767022086
0.5818678782208087	0.7153127865240765
0.706313924285847	0.49762474654191546
0.7022742658645947	0.37660951475733334
0.6494701578014606	0.5740180522549261
0.6341853121791048	0.617716356387543
0.6538685857189819	0.4743212253189681
0.6647205360918855	0.5455338958641254
0.7088352933146091	0.4465051753526309
0.6412284010173822	0.5563665323212205
0.7020973367703206	0.5032459261951503
0.6669221467651463	0.5161748752429656
0.6750159360906188	0.49901071220768467
0.6991894978960876	0.5060719303396082
0.608553981188679	0.6632723280480004
0.6890540088758512	0.3820268719104404
0.7200421402361222	0.4801770197849136
0.664883158612078	0.5366938076470996
0.6110421761033277	0.6489227753379142
0.7108185027547943	0.4419911225470285
0.6729812455156035	0.49629504078776243
0.64548186489887	0.6085348621606352
0.7035221478126987	0.3478090269829246
0.6776855897872973	0.5125433792015939
0.5924381213216764	0.6653520686288428
0.6913945580628023	0.5271376456488627
0.6740286992259209	0.5413665214903408
0.6668242183821687	0.5640138852748846
0.6692447011889678	0.49428225210065224
0.6505219611211729	0.5125131766632696
0.672910035456959	0.5446625040670086
0.6755996332406528	0.4497275263110976
0.6011611964627911	0.6896406183719482
0.6733285226796446	0.4841225260858658
0.6802315732481127	0.5336635705125359
0.6814290501474008	0.4905618819588175
0.6946864661915575	0.3854031810580764
0.6326099070197291	0.6111113669584722
0.6534938237620357	0.5396633984618084
0.6449914979048263	0.5813522874499744
0.6878483724328104	0.5257729628976113
0.6567747237508801	0.5540057969578691
0.7289461337905148	0.31699237993257123
0.6806969726415767	0.5395855774919094
0.6077637110303712	0.6076254041037837
0.583231401190092	0.6608523333441355
0.6446916035786638	0.5549052776285324
0.6423669353667671	0.596908840726582
0.5918095991140127	0.705424685752347
0.6374515768528863	0.5827662491548318
0.593395939930577	0.6024324251992027
0.6869097113246416	0.4209191143096447
0.606114358485847	0.6756658553034423
0.6755705932724646	0.5501160319193737
0.6674243045224177	0.5219701293803637
0.5731248123973294	0.7303528923222747
0.6788831029065182	0.4547037997754659
0.6317712240684485	0.5001282658502253
0.6855433435368466	0.4196338779488215
0.6608519254561428	0.5190075157751328
0.6161006579464698	0.6580037807428567
0.6793772874104352	0.4784338535481691
0.6812604515089213	0.4594545522109244
0.6764635332206064	0.4194005881953812
0.5917893557926676	0.6768983998298432
0.6661822043282845	0.5186674643763501
0.6225423564174356	0.6405205626038835
0.6664335539573929	0.5546522375123728
0.645779427302993	0.5514851919048317
0.6332943602147436	0.6171181101289339
0.6710637798269073	0.4788503034087263
0.6647186827781868	0.46727178212185194
0.6959719530002632	0.4852390447252247
0.7109582239195249	0.4251844517058858
0.670922632263516	0.5156783007066006
0.6721509336161658	0.4624287086639404
0.5790512327337572	0.7220016913624987
0.6841107427454445	0.5359162113114311
0.6336642147111837	0.6265788268958369
0.6853461338961472	0.414443224813149
0.6224689607417796	0.6298306529602724
0.6769158831857388	0.5308184812783482
0.6504942343074276	0.5673361872512019
0.6662180702555895	0.5167983647887081
0.6549553654864076	0.5872528107175934
0.6980298082840061	0.47481185190668274
0.6422034052060015	0.6001937630961409
0.6389834513917033	0.5982399106912346
0.6441752125741005	0.6135451952778863
0.5570455482567601	0.6726768158765007
0.5949656831518895	0.6259821731130246
0.673938503526592	0.5160790382923582
0.6496259840145091	0.6016824801623402
0.700377737100703	0.47109594790949033
0.6463404206457456	0.6012146370345178
0.6675646653211629	0.5355729361710243
0.6486566426642861	0.6000840503678919
0.6781158648786776	0.5452617631467758
0.7477320989933459	0.3671749187688302
0.6784491166227632	0.5557923705846259
0.6685259600440886	0.5649734924967871
0.6481177902340106	0.5766229195228318
0.6204442416023169	0.6453845935198115
0.6244866841791381	0.6461172974211999
0.6855001801390557	0.4996080580026737
0.6201831028739356	0.5797075371133419
0.6876901686079333	0.49927688777511003
0.679319168676253	0.45537733433614147
0.6694523150494178	0.43604718771435447
0.6727178998307913	0.4460106246361749
0.669397545123334	0.4702153861698637
0.6425419487992903	0.5598128182592895
0.6679834962900952	0.541380205589114
0.6933388595580787	0.4849765183231197
0.6679833840800669	0.5471708652135179
0.6747286719977532	0.5632478298858565
0.6707402305069752	0.4825165867926803
0.6508583526031028	0.549737767648435
0.6392322471610461	0.6060073449553167
0.6843961360677092	0.5274058826979173
0.6413212139646982	0.5602761210880004
0.6649495412490514	0.5615324832768578
0.6150586678797036	0.6465003267275505
0.6067867973815657	0.6793441102863538
0.6338895302939536	0.54503344782272
0.6570534275968289	0.5712802285152874
0.5901466096409334	0.6957821246761828
0.6809121553735992	0.5491825575908933
0.6422534164864309	0.6150191258952968
0.5647551788129287	0.7224254146735534
0.6779257457985002	0.5306983199954702
0.6795844867390745	0.5410611125116737
0.6827167024109894	0.5156199514601328
0.666485984669421	0.5102378193182839
0.5940361321438677	0.6852925078935209
0.6315681384732095	0.6063851556678357
0.6763551323142795	0.4671021324008321
0.5986531705215916	0.6891875084825094
0.6861892263008358	0.5362305534639392
0.6786903076225032	0.5159417322499792
0.6704803327488902	0.5474100364784837
0.6170264995157683	0.6118109385530273
0.5788950077878042	0.5849723639646115
0.7046133495109287	0.3744781108963048
0.744452331125208	0.372262436672276
0.6564125136439216	0.5626299963975041
0.6835695190304192	0.5300645213017303
0.6737432198060729	0.5506969287813082
0.6651108377552137	0.567613640428601
0.7044646220983783	0.5020503992134631
0.6768513564241907	0.5511333310329611
0.6844654328221969	0.42081474809660213
0.5656452993085351	0.7259308395389301
0.6746411095944609	0.4328249461175381
0.5603026625074754	0.7428792809826242
0.6799739243222566	0.499748869672637
0.6360315036314864	0.6213727094452866
0.6206282646401053	0.6100812887340972
0.6917728532347597	0.5098948685642097
0.678764366476904	0.41769818790943425
0.6689985561764847	0.41104434896845915
0.6721051544879773	0.4509395121834624
0.6128883540633915	0.6450768079312073
0.6814400228557911	0.410196097565647
0.6075253006122863	0.5922834914209856
0.6019425684276566	0.6727544421704874
0.6746192220029256	0.5289269079904586
0.6622864624958655	0.55312525449508
0.6563580310744076	0.5555076157780201
0.5926667443034547	0.6932522779213138
0.6856900676340324	0.41634655062462467
0.5978893808009068	0.6958862021008715
0.6611469889124809	0.5786024070200215
0.6856109292547594	0.5068973807395284
0.6771826655033801	0.5329024405131404
0.6720735138490592	0.5576051829978554
0.6944602232518122	0.44561237331601217
0.5419596494313632	0.7712644350656827
0.6814998440004081	0.4309977710123281
0.6988435179886773	0.5195016690487888
0.6789653538064936	0.46755136059685204
0.6954059265650276	0.4601080999905012
0.6729431208562706	0.44129487962819075
0.6678072933934923	0.5072614315850321
0.7160852637901144	0.48844494915382464
0.6685557698234097	0.5292125624470431
0.703690116246337	0.38412280566543044
0.675008104238591	0.5376455083400427
0.5547699596939303	0.7479868579630136
0.6798667112793638	0.5467694198396045
0.6315041326061835	0.5670645692270988
0.6286653939274613	0.5756046246579829
0.668999434829312	0.46873305837605084
0.6490551735369936	0.5971786387853931
0.6308030646540436	0.6226882400412281
0.6909128066169239	0.5246734928683898
0.6772515295848842	0.4548666767019098
0.6748099889890311	0.4359613449608102
0.6442693076717989	0.569672897691639
0.6689562506806221	0.5125811175201694
0.6137835588389043	0.5426466218748212
0.707624431941779	0.34280884174296283
0.6116084622178266	0.6569631450832553
0.6124332576768239	0.6236870332225111
0.6451322128261192	0.5908525260765252
0.5774012525962611	0.7247879367318903
0.6808773455619509	0.5436838230982732
0.6050669606965675	0.6738519887453855
0.6697638457497384	0.542844632531568
0.6273128372117058	0.5874352767142633
0.6572364374422561	0.4826097975445507
0.6737116509488792	0.5123249570176953
0.6896904095267964	0.47379129225309735
0.673047621777481	0.4927854835569425
0.674092910149083	0.4402019857961001
0.600683146612696	0.6881511823984487
0.5785805325413976	0.7239269733898476
0.6465319863788677	0.6043996187564102
0.6824081165257021	0.4663902184562765
0.6981911880965167	0.3875502253801165
0.5781780952245708	0.6797583376961132
0.6418922503953995	0.5360157822555246
0.602591503934439	0.681617597141554
0.6491027996681711	0.532884482137044
0.5752366149532443	0.7225066503154914
0.6567741759323048	0.5485330030723049
0.6704630692708617	0.4941457331284083
0.6736943588813341	0.43868700084163514
0.6531574244017446	0.4949493990641086
0.6825776001625633	0.5422479191695924
0.6347937718044473	0.6288268179035466
0.6683300806171506	0.5110176206374899
0.6749604858191002	0.4250058143520969
0.664300236403207	0.569488318578276
0.6002386425968176	0.5329657309019168
0.6038627936007253	0.6653132909408415
0.6854548792669102	0.44180783151569336
0.6315687681513051	0.5879625719849506
0.7016990329430624	0.383945732607089
0.6886462716749462	0.5381042853557716
0.6782408008729236	0.5472883289030464
0.6206322233736105	0.6319140761972645
0.6275581226791199	0.5965819666957957
0.7223333560228479	0.40108827539274816
0.6769034377513147	0.503747102735155
0.6710306196890897	0.5492368429692975
0.7261888415942986	0.30517646531353576
0.683393933264651	0.5056752274084888
0.6062363493424794	0.5926029482248313
0.6672369834076594	0.5067142855160882
0.7170816308457475	0.4879934311688318
0.6590150613294281	0.5815283881613486
0.6232960974076938	0.6426353558907678
0.6443799107644983	0.5712563082342964
0.6285151243189964	0.5850979428385397
0.6858420301435325	0.5348419427924835
0.6819947222371899	0.514519044354468
0.6834283118000194	0.5069786146136367
0.6478888555452225	0.5543997752387124
0.6597968843865238	0.5504170771765129
0.6310210328085339	0.6289119913040729
0.6809842763278293	0.429259919794872
0.6468507103080208	0.5986078615925197
0.6559014837223628	0.5343325717819061
0.6612337973790303	0.5197584322571971
0.687156202012502	0.47893121751996515
0.7001672859288152	0.45980285722043435
0.6244709141592897	0.6295933578571546
0.6767423744954149	0.4942581182779811
0.7165312384310154	0.41737167010010495
0.7170754012683885	0.428422008972975
0.7163630969914008	0.32667127885422065
0.5959616781177904	0.6065412161867585
0.6695343219580113	0.5116101666312107
0.6701997478868367	0.530890683156801
0.6616863151772323	0.5419691577789123
0.6143085190456259	0.5910316130976603
0.6363933349661121	0.5817760688679978
0.5560389556765131	0.7653750709131204
0.6104519755253814	0.6387916625118515
0.6836987359608048	0.5141699316175048
0.5373263325327866	0.7707957905459271
0.6849571155664556	0.5117742929860895
0.6515287617772271	0.5932789432934591
0.6476744547249372	0.5400299124895452
0.665113974465548	0.5294575185233712
0.6515064333415476	0.5980525228680158
0.6230760085165473	0.6331239609777481
0.6786987257073231	0.49557767229606614
0.655785740721648	0.5667954338273393
0.6725831214111159	0.5578265725983353
0.587434747540631	0.7122640276490038
0.7123801981452649	0.42622479894945664
0.548166317944209	0.7165766517661946
0.649041787338584	0.5677986453347283
0.7022670487018805	0.5105088375987413
0.6718943667803303	0.47660060406695687
0.6189787798516824	0.6567966463792065
0.6907756079159201	0.4152593476939997
0.6484567675694337	0.5202249508966068
0.6978706553740978	0.43766976671301167
0.6296624661225766	0.64072560038547
0.692438708398591	0.523447404123278
0.5708282529603592	0.7360889482405442
0.6190223793471742	0.622429477986311
0.6941128572131454	0.4056048314459656
0.60262695395309	0.665477044152137
0.6099962598837702	0.5567007946558508
0.6143211572286071	0.6398458796512456
0.6731970896320301	0.462513957938786
0.6636537491717607	0.5742086050976678
0.6383516735485439	0.5698478220000331
0.6812410458472785	0.40377950503160187
0.670861912834835	0.5460167108605762
0.7001669415841623	0.46952855285973544
0.6118398705822882	0.6365825612315362
0.6207336461783086	0.6220949558654706
0.700674711374469	0.4441747922106893
0.7023268893829563	0.5099561360532708
0.6595027313004379	0.5814304100325569
0.6978481796899664	0.4695460305168067
0.6370592453151783	0.6051282776758321
0.5996292066051473	0.5990487666498586
0.6213406642023306	0.641352977300199
0.6259199868617894	0.5941958987563724
0.6275632783720146	0.5946591903682593
0.6983610137900188	0.47168712118548234
0.5956438431807954	0.5972547307655103
0.5674269768481944	0.7415828129745775
0.6736029442860587	0.4528484859400266
0.6826252756894042	0.4235897117755969
0.658671184247981	0.5540402190510167
0.6805552773870365	0.5104876894354334
0.6276346130190549	0.5740616899418225
0.675623694004857	0.44082070766994863
0.7294797739759334	0.4126624313377801
0.6721150279775687	0.5022113311186431
0.6251100653671101	0.630330097680488
0.6295607650582848	0.6006490893863816
0.693523121350371	0.5241309645528582
0.6205841423723003	0.6205436477466666
0.6786201682980729	0.4996413874338338
0.6751154978225915	0.4347267894436615
0.689076407235886	0.49168020066100393
0.602655980642051	0.6804936942790352
0.5862782757873198	0.7131432973903895
0.6762729015448631	0.5250971461600835
0.675310003295748	0.44677963588665404
0.6321507339884377	0.5669932842738716
0.6765854059026324	0.5044298560663113
0.6356887559318279	0.5675800183715165
0.7077676185924651	0.4417319187204599
0.6288631482527064	0.5551799635665897
0.6026060164260788	0.6301747620376423
0.6802028596068053	0.4867678582629784
0.6744962807164958	0.4737044548537517
0.6739667753903292	0.4656992496840061
0.6300643080753688	0.6208644654141235
0.6771997102208108	0.5380829099007064
0.6809375556059611	0.5069252156777354
0.6093463314079424	0.6665205905744613
0.6334910548465691	0.6168539238504602
0.6039155796725815	0.6723603448125248
0.6737511455672404	0.5307147200575131
0.6798133352112576	0.5118494396810789
0.6451690900115864	0.555808940086655
0.6871462097526454	0.4475150580263577
0.6192815066643607	0.6359172108689752
0.6723457508154279	0.4759837011344744
0.6867501600667456	0.5065304203629182
0.5930370604995875	0.6937504778769228
0.6718186593835666	0.4783190824707301
0.6664998446066073	0.5380317558919816
0.6780936151393029	0.545102840994384
0.6304878513019696	0.6378401331372447
0.6455971006396153	0.5949229200764337
0.6896944419615676	0.5284682734936448
0.5822996849530333	0.6619439350185576
0.6811967542349733	0.5297307785273909
0.6751993658938942	0.5033066439898713
0.7002713807838342	0.4635870684833825
0.6714231145895242	0.5050474383918216
0.6505119337607883	0.5927114159645019
0.6333611144454151	0.5476756775610228
0.6549660092602726	0.5069701652216111
0.5597743610912453	0.7232120414315721
0.6714381835031397	0.4408167188051263
0.6701976896471266	0.4778368120263456
0.6560623783928773	0.5878465130865118
0.6243647349465777	0.6406097980685317
0.6192585854325836	0.6446882197447843
0.6739192873974247	0.4189853790259355
0.669762318647245	0.5041314317686381
0.6631330613766586	0.5615410639777534
0.6744781960671005	0.4987279642785129
0.6819072177451946	0.4401537315218068
0.6776097095729023	0.5388950839313614
0.6733458396143559	0.43908175658053805
0.5442716007007394	0.7729578180289484
0.6760494182422208	0.5258551577598525
0.6599367538256997	0.5552073810052109
0.6391812438229689	0.5557765801889192
0.5747101040324423	0.6741345632376372
0.6688594686023148	0.5018748964639435
0.6780318585788356	0.5554966293729384
0.674608784227716	0.423637275430749
0.5631205342353163	0.7117584967882078
0.6156999661328741	0.6600433400154748
0.6739218728325916	0.46312551940323254
0.576594343154831	0.6816900574981508
0.6389113835191024	0.5859521135577634
0.681237408322286	0.5226916635974223
0.6569451594767626	0.5670070897978499
0.6757992478042262	0.43330940303016985
0.651973618394265	0.5513368149035012
0.6306785189778511	0.5362808442141354
0.5549104570165245	0.7698817373511326
0.6856890869866809	0.5346043675122185
0.6818198567460365	0.4705541695467446
0.6721976631163246	0.4726094452417891
0.6793739763284091	0.42046920706153557
0.6858887877255693	0.5322610862418017
0.5914898367625735	0.6768534297824167
0.6244246413265013	0.6247207951678712
0.6314118691050526	0.612186604494382
0.6406925045015179	0.5989155114747933
0.6879182484966818	0.47836523832015737
0.6854827857385423	0.3889455681173135
0.6466683301676984	0.5721940123648404
0.6754735453804207	0.4070793803942135
0.6348175330782145	0.5934350236726494
0.7103422616949413	0.4399500985673161
0.5886082820120031	0.6419752506122965
0.6324088358724287	0.6045943728559021
0.6506241790691196	0.5640481063614222
0.6789134897973883	0.5353805603247481
0.6720483762967482	0.5174761460726575
0.6778757359477491	0.4874033456710433
0.5901104270834278	0.7093106283591433
0.7237548844864826	0.4087742153654238
0.6340033628953905	0.6002656185136859
0.6799978571552184	0.5032327542457221
0.6763241851120839	0.5528349825600762
0.6851971962491804	0.5346928052230411
0.6786935909177007	0.5484584343036412
0.6395149249120562	0.5175552999558242
0.6355798947505343	0.6193253764524805
0.6919116842340917	0.5208057139085451
0.65454951459349	0.597548169641791
0.6833513553877486	0.5352391522768013
0.6167183650652228	0.6249776728577179
0.7331825031167947	0.4594875112068001
0.6690340396455751	0.5211866529656738
0.6586224815405244	0.5515078161918427
0.6699011950228576	0.538850255948223
0.6140137686322307	0.632600575708826
0.6678376989799858	0.5266882152912771
0.6487779927596917	0.6048711117907174
0.6746910940840974	0.46674329049346436
0.5994406635245668	0.6016515711901239
0.6229465421173076	0.6258637858092256
0.6838893229659041	0.5070162304284721
0.677068278488257	0.5162941769176483
0.689481800793963	0.49818866768975784
0.6261337417682322	0.6260685195104194
0.6582178450462546	0.5360406558778019
0.6666071148466972	0.5509611596009958
0.5554155848982376	0.7607939614707369
0.6122874897776878	0.6712445240487013
0.6589324551986692	0.5725810369132932
0.6391387093387333	0.6177781412674521
0.6179684690415075	0.6022635135050632
0.6917818837062168	0.5229260492477318
0.664877016756396	0.5631940595096876
0.6772255102110881	0.4817536005220191
0.6765354231528291	0.5123115669995013
0.6860205857085859	0.4527880231876745
0.6967766665261479	0.47376726851290213
0.6845759342520082	0.5375837475331163
0.6843733069136116	0.40170205177775636
0.6469614561687399	0.6103755670513622
0.6788949623385278	0.5151886536013759
0.6284242807986061	0.5340573876677867
0.5691990928669791	0.6836954749756777
0.6702772099200267	0.48317243826867506
0.6754602717244016	0.5491062866970344
0.6311309813445943	0.6208027414104951
0.666811450189671	0.5732783837628301
0.6274479762735287	0.6028810728686265
0.6236092100424373	0.5859267710989796
0.583345780595416	0.7135523902480726
0.6530167289456145	0.585997699304116
0.603175646053849	0.6532194137233192
0.6688474356081763	0.5344524320854402
0.6441278601188364	0.592025688796199
0.6229374730696402	0.6466932654743417
0.6567100537016134	0.5827373146844863
0.6673216925833751	0.515922272346738
0.6962039399066965	0.4728194763878207
0.7120015627200907	0.4393206013226163
0.6278053577394501	0.6407804348973404
0.5934551107553597	0.7021869549631619
0.6774112250676373	0.5326136574545209
0.610390315132049	0.652341022263041
0.6249926481026714	0.6188916669820383
0.679230250067752	0.5423854325032229
0.667900328056741	0.45970100690607996
0.6783378433915342	0.5196310864341951
0.681446850139425	0.5154323948267484
0.6257422548487356	0.6425884533783307
0.6674832663431932	0.5428176443780115
0.6285317501548692	0.6333891235892504
0.6448469353841162	0.6063894033089413
0.6846820224636386	0.38780002847021905
0.6629962097842999	0.5202929898247515
0.6568341755106913	0.5771791660859006
0.6135317472274433	0.6618364766632339
0.5977045108809134	0.6757174239938466
0.6350006869145088	0.617830880201764
0.6595739059538815	0.5485077721747775
0.6578827817245649	0.575649918787769
0.6787628435926775	0.5471796833560597
0.5704153772715578	0.6905433821042712
0.6633372319025624	0.4597761041415083
0.6342693322394902	0.5340432777500248
0.6764559275584107	0.4662328383545309
0.6829363888053134	0.5177240293478343
0.6107427849191742	0.5536276712646895
0.6360590145381025	0.5838056900462572
0.6229797669646249	0.6500196553326374
0.6632165364974179	0.5369694399174938
0.5724925437164429	0.682440024007342
0.6418522428542943	0.5334707257337639
0.708720946209807	0.36315458134722595
0.71660421104948	0.32671058342928494
0.6371478834044224	0.5671432134172608
0.5884286718745058	0.673680808848422
0.649815282191318	0.5898958144569897
0.5506987410004254	0.6699348313746609
0.6484806062319022	0.6025213965500616
0.649399861307383	0.5421245413254708
0.6800507550431671	0.45130784690301995
0.6807300324237241	0.520745645558864
0.6688777070462492	0.5580897423450697
0.7017291930439624	0.3586924871947382
0.677990188261168	0.44937621248311016
0.7135151541223278	0.4893492757925993
0.6333208721319018	0.5021293825527796
0.6464302303601575	0.6084567439449766
0.671238857198473	0.47715209056695884
0.5943667028105878	0.6604471424852234
0.7037085251381184	0.48039329906765305
0.5792765261910625	0.6547652679766538
0.6136094972972226	0.5984478477754014
0.660664850582704	0.580656015138333
0.6475537653426442	0.6078738255596288
0.5512251787695142	0.7693253833185948
0.671345466657374	0.4869936496792994
0.638453110042685	0.6134582018798537
0.6689116384018006	0.5321776305022052
0.6495330901998508	0.5833812335287448
0.6379225546620266	0.6072392962277096
0.6619317478778206	0.5837539320237006
0.6760012440720623	0.5112556585383929
0.5698974971447128	0.7276140124825496
0.7071508150174515	0.36746863961213794
0.6451524130882315	0.6056261322762129
0.672010456024609	0.4958678106536282
0.6845499248993133	0.5179914476398154
0.6881994535853467	0.4942385307666157
0.6340333298822982	0.5091247814138362
0.6967001214197537	0.3816761263814269
0.609131815779978	0.6542234933484589
0.7041111296515845	0.5065153122404809
0.686919763214652	0.5232727407735691
0.6871872246963294	0.4668137741445399
0.5916963612271755	0.6651551024980082
0.6522335045216225	0.5626549991268909
0.6757179916862448	0.5352907891519866
0.6654142359774922	0.5590227638581986
0.6950132564711338	0.4443249782292189
0.6211154024255171	0.6360399355800286
0.6218516083026706	0.6329588166631971
0.7333083816635098	0.30410493413148626
0.6398993447335898	0.5813774841419916
0.6755287446069814	0.5364629459697803
0.6875651730290921	0.5326650271444175
0.6585197698230687	0.5605511589866038
0.5840357005362756	0.7189818500314429
0.6545572607214275	0.5674675748449806
0.6840516712409165	0.439293205433758
0.6746061897487483	0.5526246736034968
0.6265232853537624	0.5874521218399693
0.6606658722347284	0.5508737552524838
0.6671701953484627	0.5115132476782379
0.6688106223726388	0.5560639453370995
0.557616459503351	0.7327907672531901
0.6990635628261271	0.5143863067037135
0.5887590805880533	0.694585728137824
0.5990684401063321	0.6189588852669948
0.5542239784311939	0.6505647270222055
0.702624208944849	0.3671233318999939
0.6609657293490722	0.5665236295657247
0.6153403219924067	0.6491312075797757
0.6742675004949972	0.5417852092653908
0.6916356909683881	0.4060758685779938
0.7232288536186814	0.47910212437236216
0.6580726972460175	0.5699513253073575
0.6825135944036986	0.4339064190458973
0.6760469085257408	0.4818784845499735
0.6911091085415182	0.38442973093662436
0.6666519421459097	0.5319776033334678
0.6608999699717087	0.5591114674922684
0.6787441185818689	0.46221313216505144
0.5704013758378619	0.7352201016275801
0.6794480278324306	0.5340447646139218
0.6702667496392213	0.43980201153422505
0.6734351079888533	0.5130230470952475
0.6843657627940783	0.5256178339075599
0.6684013897724264	0.5327918866821606
0.6901328546699921	0.4934540354136265
0.6629278643644494	0.49982649620465675
0.6752470997091465	0.5073323543715741
0.5938649386549143	0.6061343991445629
0.6768081884103081	0.5140337190245468
0.6357950865255859	0.6274472339032888
0.6727282587591886	0.4597742135182182
0.6521134321175457	0.5231746713132623
0.637324489258155	0.5830208513555648
0.624849991412725	0.6464160615287986
0.6774608778745078	0.4571677779350298
0.6023209394604134	0.6718589477492208
0.5692386426031787	0.7251478457028149
0.6639532812711044	0.5256633467826566
0.6366918821074042	0.6065995480143471
0.6733997980228885	0.5303382216644127
0.68127350877729	0.5516945913136357
0.6672024753626512	0.5559241907419668
0.6408241613896931	0.6122827609770727
0.6417367784744743	0.6090381683027278
0.6416229479062842	0.6105783377801111
0.6542846292322282	0.5189903820592433
0.6307040234554914	0.5707698495602709
0.6799439254072679	0.5422429124680719
0.6929261927075374	0.4951528416192616
0.6415850335532867	0.6077723006324373
0.6529521921585992	0.578363237166305
0.6449097795132634	0.5652253379347774
0.624268686253536	0.5638177772905851
0.6915747726095901	0.5131889634987026
0.5891683328509549	0.6401448883825387
0.6722787644260358	0.4992902598029196
0.6454379452257916	0.5491320370930717
0.6814663417102284	0.5409759878740932
0.6200459596273878	0.6541168087502391
0.6202959185497876	0.5666824940996257
0.5826510294058515	0.7140829230333131
0.6347380557619278	0.6086976083696887
0.5335507197945222	0.7597789887400219
0.6082903627788285	0.6506037394005738
0.7109273703631759	0.49484169112529547
0.6567398591656465	0.5576528482333736
0.5740322287449897	0.7330317281483394
0.6254491457621207	0.5957936611521575
0.7174153388117477	0.4152594229138263
0.6754902628424214	0.4615578642073698
0.6527202527699705	0.4953661974785547
0.6788583775060165	0.46111848616225626
0.684978331836852	0.5384256801813212
0.651462870205344	0.5638699004406963
0.6675965620337192	0.5565333716746198
0.723344866654506	0.41579785106308964
0.6837018764522682	0.48760736595622944
0.6871552533225791	0.4973168742294345
0.627783859177516	0.6163792517528914
0.6420571123111622	0.5397977470039177
0.6774642046484336	0.4064652385918233
0.6182015437897308	0.6520116142600265
0.6459618751074162	0.5927361774882551
0.6844292332152615	0.481567148626496
0.6937325061617263	0.39698759781774395
0.6802851336328768	0.40729972211588655
0.676712728718457	0.5231865336083305
0.6887201774438504	0.4645589614717587
0.6579961662990289	0.548068684368374
0.6502248996621595	0.5839616458997624
0.6733263461191457	0.5439912960759424
0.6815654705459143	0.4043383008414566
0.6757180948502761	0.5285219012728067
0.6724234766697637	0.5167271939661923
0.6806711376291329	0.4509881205472047
0.6776464545301772	0.5286105011322391
0.6175957641107543	0.6573548065059333
0.6827792648463263	0.4076309376947248
0.6745919205551666	0.5369357520670074
0.6784553751019474	0.4798499962459104
0.6836704707126255	0.5296342940950287
0.6677919831504631	0.4569685833814884
0.5855031095544887	0.7156034849545891
0.6709069139690751	0.4427667508864594
0.613005131998142	0.6433157969698657
0.5973995758759832	0.6700929576740577
0.6306683412285533	0.59835193198031
0.6763058126668112	0.5524377640304555
0.6600599806343234	0.5531297978486946
0.6790378224354002	0.43546150587100085
0.7036272599492817	0.46012925318212244
0.628123309309113	0.6273574796875551
0.6914236631601214	0.4733814505269276
0.6742605564064498	0.5093132640984372
0.5819287028492977	0.6463675938688322
0.6035688584905513	0.6013298760803049
0.6568949173267948	0.5872566969177859
0.6667768997576133	0.5346165663670661
0.6838574634486108	0.4701358857195175
