2.7242703352842727e-07	1.287085693740964
2.764187132905979e-07	1.2735102885593268
2.3606901928639548e-07	1.5843853980915428
2.61091765278099e-07	1.6673151909616948
2.7637634910371504e-07	1.5847548126820152
2.294055275038288e-07	1.6153364516050939
2.65689331235256e-07	1.537001651185284
2.5127464060352436e-07	1.680305213345771
2.851329222571943e-07	1.5881380742132762
2.7089638914824834e-07	1.5677653391227013
2.719260271181944e-07	1.468882320043666
2.696165779972296e-07	1.421508735846038
2.3069526026219493e-07	1.6939791811966147
2.491079100927518e-07	1.6439275772293993
2.751623089092464e-07	1.2696443318802595
2.663080592338257e-07	1.6661298560669917
2.8145975756796545e-07	1.7130394788252348
2.6756621213554976e-07	1.4780262026464661
2.6651993688127697e-07	1.6187353110924212
2.577697120179128e-07	1.692302858059649
2.74413670665102e-07	1.526966762866918
2.701297266899498e-07	1.6261286356217357
2.6056621303539124e-07	1.716991600678849
2.1854220534834032e-07	1.7075774093823117
2.7676260452444656e-07	1.485138823621754
2.7308281178068564e-07	1.6747410412689727
2.643054081225394e-07	1.5858000356207302
2.8144733900328427e-07	1.4980081246510262
2.729699835748811e-07	1.434623820527342
2.736078285180784e-07	1.673624706407568
2.9005570587985767e-07	1.728683911909227
2.685189481248666e-07	1.6558887556194195
2.6715811149611376e-07	1.3848457904174698
2.7447187194516177e-07	1.5429741273162128
2.6109705379117814e-07	1.6425225309783
2.897456654283691e-07	1.4778390637390248
2.5356660356328276e-07	1.6782303696691463
2.627893750331097e-07	1.6184706446332702
2.687420061194065e-07	1.6059631266539998
2.766273087634427e-07	1.3712122161473286
2.829698084370381e-07	1.689830627067217
2.480367519039834e-07	1.6085608711375836
2.813661689420489e-07	1.5623891540330441
2.7917590383731754e-07	1.720873749214837
2.3400832595223733e-07	1.6678027422429735
2.703236955807402e-07	1.4892946791632355
2.5897839273668885e-07	1.6932518127105252
2.387780375996207e-07	1.693381543365931
2.667348472640836e-07	1.5981320452911931
2.72517749196902e-07	1.5806672016200718
2.778964262878185e-07	1.584050969689132
2.640525423313501e-07	1.6988412994707258
2.3357858743087795e-07	1.7206652887992564
2.503316990570068e-07	1.5762212035079433
2.575793100525505e-07	1.6464498488244832
2.7271328397612427e-07	1.6181569112491696
2.638315615076796e-07	1.6573461844635564
2.702179263802198e-07	1.6104018650647784
2.6922410829258985e-07	1.4421722534801358
2.904439207316308e-07	1.196580367656498
2.727403727043699e-07	1.6281096161871322
2.719455417993062e-07	1.6560641780838505
2.7146074438795546e-07	1.385465792191087
2.601936527657908e-07	1.4692757106912804
2.857670906060958e-07	1.7064291594131489
2.4541776734719095e-07	1.4761806878859782
2.5649419998379507e-07	1.5370479534815802
2.7403134196833253e-07	1.520489065991511
2.5712556966213883e-07	1.5161630692757464
2.572745975338345e-07	1.6479806166165036
2.7594638109285115e-07	1.6722183985158348
2.664347315734654e-07	1.6505437811879
2.700351089772566e-07	1.6286691458796776
2.7321690096291503e-07	1.575095601757171
2.698989252593325e-07	1.6098197768836018
2.601870916888732e-07	1.7175759962504387
2.69883435110807e-07	1.4835904161394295
2.543783811968382e-07	1.3473943609589716
2.589423157516463e-07	1.715035238808079
2.780715104950515e-07	1.525369881438202
2.7262947640194353e-07	1.459535932064001
2.730077695604203e-07	1.6541261962861855
2.5788680883606684e-07	1.6926707934762204
2.6553948897969395e-07	1.6343554131314766
2.7535967820458783e-07	1.6817611389036085
2.6798283928644163e-07	1.5397837330886164
2.596517231431513e-07	1.4983305854379319
2.6900313016143057e-07	1.5706334996053752
2.536477248535293e-07	1.5539751376584707
2.8519717334132215e-07	1.5249925139686487
2.5231797049177284e-07	1.688000345064621
2.4309788081994577e-07	1.5459318407003095
2.5832141870018767e-07	1.5817216228634243
2.2406044285689138e-07	1.7069246451849702
2.645268588365531e-07	1.5075392159202414
2.668374858861114e-07	1.6155205878723278
2.6019022522621e-07	1.5745834225181359
2.717886024500764e-07	1.4132718278633856
2.4688459349840317e-07	1.6930299566575355
2.6086632460931197e-07	1.6172616189037292
2.622703923553713e-07	1.590451969293659
2.678786339598566e-07	1.5940522144669327
2.6370706433304966e-07	1.5077672982118573
2.610059626277446e-07	1.7270722400312355
2.429662754541314e-07	1.727191217120759
2.7792400390204255e-07	1.7168625937036235
2.842780392124338e-07	1.2192406625111254
2.512302892669996e-07	1.7289247486245654
2.6503336968586193e-07	1.6764567754450046
2.714983285617264e-07	1.6848288171105688
2.627313241766706e-07	1.4231661515967162
2.5861410957051125e-07	1.6262011241745005
2.4057950813534365e-07	1.4812369152634997
2.5086896239106507e-07	1.584960066530995
2.635790858496362e-07	1.660672850038185
2.329704590915163e-07	1.5811472167125902
2.4878086844010784e-07	1.6732170678199438
2.7031475789837097e-07	1.5475230482712692
2.7267402600877887e-07	1.3951381061791626
2.7949958181859577e-07	1.683927281935501
2.777906339782183e-07	1.6280591876477954
2.708477938769888e-07	1.5072309484682558
2.505744506125176e-07	1.4951800658086698
2.61760222969635e-07	1.6991709964197834
2.7502104449004134e-07	1.696546149580377
2.5217051825575746e-07	1.7287470952099677
2.623483692433146e-07	1.6324107662898852
2.64970215165346e-07	1.5581104492490732
2.8526110513154584e-07	1.4438625084590389
2.679299165333278e-07	1.7281112664425722
2.621232853852321e-07	1.7008383190641458
2.5607217323038204e-07	1.566498732129076
2.6896297297891966e-07	1.6931441542495929
2.6874629811230787e-07	1.6860831385259911
2.8540850168624675e-07	1.518581673833099
2.4570367531309316e-07	1.6089702646837711
2.722562500077705e-07	1.6018870792277766
2.527913037138797e-07	1.6526782956467014
2.4572484969388237e-07	1.631327224448155
2.6847078635639506e-07	1.5800010441589452
2.7628696312776427e-07	1.3320482474072501
2.3838610128442741e-07	1.7004469367179411
2.72698379843708e-07	1.509906693180531
2.6122080064483744e-07	1.5583884424609882
2.6383534517645476e-07	1.5589926832894991
2.4251801214162795e-07	1.7089126046090488
2.7891784611185137e-07	1.566867701553475
2.7602811418264053e-07	1.3740221514004733
2.7667597229035724e-07	1.6462785445776658
2.5392346453327665e-07	1.5297968387933287
