0.042388589732073	1.6265662957658664
0.04305449038116817	1.4877075887907263
0.045356416275836975	1.4309433456833978
0.04345656612725693	1.5979477660329344
0.045986459543330464	1.3946299943247475
0.03804227429351819	1.6565145396195655
0.04801858450067605	1.4210838520530005
0.04357965980416109	1.3723935343232447
0.04334871576896145	1.2968148820316596
0.04400648666881028	1.5190139906325106
0.04233865868107587	1.4414603440768954
0.044617661690672696	1.600687275838656
0.041727517644620384	1.4848005245697176
0.04467829127686821	1.2366131083069805
0.04340133788648857	1.4638650770741741
0.04333426861057378	1.6089530843053887
0.043431034834660674	1.6556566567984132
0.043624603891868306	1.3384425529913764
0.043178426981191564	1.5109385784963565
0.04375634886081048	1.4357926763273774
0.04370422828093625	1.4849653271034247
0.04325869313445773	1.6430799319668656
0.04364375560484881	1.3049157074650517
0.043940519792193336	1.5884526269602572
0.03968383838015165	1.6421267970377431
0.045233145440714766	1.4151431113059647
0.04508369201653425	1.4478038000175968
0.04513517517471044	1.2089039397958101
0.04130202699042071	1.5490635774637074
0.04409378803908084	1.5496461836417221
0.04364889276072686	1.2860281403521698
0.04336750871538454	1.4824091332725278
0.04410168124975987	1.3564702179346113
0.04426752494119967	1.5998065744342755
0.03898671796318761	1.6412700216579628
0.04225555380083505	1.4566223072528013
0.04319667800262378	1.5191558145544841
0.03858127161480021	1.4230524867498442
0.040821074976312294	1.5499584726884623
0.043829054402465185	1.4692078963000246
0.03866935542645842	1.592827729904371
0.041112913494546446	1.6067852842577308
0.04580753515056616	1.6116116463782508
0.04629971265793423	1.433921715009016
0.04506749982150673	1.6323714451403262
0.04271677105447877	1.28952434579668
0.04439617246363414	1.6395228190880338
0.04143301069526421	1.596336108426898
0.043406451564356165	1.4507840837711758
0.04453221058476093	1.2890270394423486
0.038989018715064765	1.6573936055812823
0.04059623279209023	1.4657628914031544
0.04395433877168268	1.5511995724360659
0.04485385775761566	1.2215148187230116
0.04229684186165205	1.6442771589700145
0.04243334861853803	1.4657303695953066
0.0450787154952671	1.4586965685845443
0.041127947562533344	1.6075407713194554
0.038980046318179494	1.577521783116136
0.04174561074871173	1.6473146840274702
0.039717566777576534	1.4823136265192511
0.043049639388907865	1.5204843916016126
0.043897450402486264	1.418861522585194
0.04408285947456724	1.3324252510956405
0.04347161539688924	1.6062152403055725
0.04369778759179814	1.3251615176219345
0.043921726660047164	1.540342646204413
0.039229031528863645	1.545582683045882
0.04106310216145335	1.6141775644230194
0.03778709625868666	1.3467015244545286
0.043000011393840576	1.5425877533747816
0.0435446745763651	1.5817966213910033
0.04261593423288767	1.5268154765702964
0.043662950643577114	1.6424494523472453
0.04424538110740844	1.6172600470608582
0.041627361523225576	1.5890520142008528
0.03964998242365401	1.3845358027261452
0.043400151153679116	1.4685461452375073
0.03953206956232653	1.6291927362980976
0.04406355070327459	1.3797360728544583
0.0440397587887179	1.361857875816061
0.04398901792323739	1.5126279923594914
0.03614133808230064	1.64006348911607
0.044274704987363106	1.572873958054467
0.044340511659360704	1.5719554129112292
0.04242341140913316	1.3662420240895574
0.04338992947616522	1.4658432587623873
0.045205324039042837	1.6462463173915987
0.0421837966396383	1.355748937928503
0.04462798739940222	1.6077970564808473
0.039277981867758605	1.6315540882188837
0.04433273096321282	1.2319909188929679
0.039484830818781416	1.6360936643928292
0.04369433623192502	1.4969000520900502
0.041098068605867934	1.6594939761823289
0.0404419417953947	1.558144887184274
0.045085666546040654	1.4931623426571012
0.04057607586090374	1.498610335998091
0.044871613419855065	1.5056333034648328
0.044149290070492224	1.5118482052677165
0.03865463023312097	1.6364112451191946
0.04286445311128362	1.5793002878956472
0.04291145371223765	1.625313426416836
0.0409314543836033	1.5948009100607288
0.042928542456744205	1.599325172225725
0.04238245907820513	1.5549895364286221
0.043561058390181484	1.5577806589880119
0.03927813925567958	1.657472528032598
0.03827588389453252	1.6371306037258067
0.042470798089200804	1.6205601325857153
0.0436495461019462	1.4193252040967264
0.04432949033051159	1.5471650048639756
0.044835067464989956	1.5155514965563024
0.04392638498524334	1.635341455807416
0.03637147901821114	1.6502326401769323
0.04320807644443595	1.5098423869668545
0.04454727284929474	1.2114785360424305
0.045026713456635385	1.5048010024446796
0.04116227983125496	1.5150684438764226
0.04025923318239473	1.5673278993861544
0.04050990600359535	1.6449396491308161
0.04187510015023843	1.512122300101344
0.03810010548377391	1.6553009285224407
0.041380848385143915	1.5574506258694165
0.04304020938150562	1.452445721203006
0.04387643925170323	1.4852117021182858
0.043497447577325384	1.5248368991782875
0.044169176828792754	1.3418094943989645
0.0436223794985429	1.3769935641925783
0.04366411868408213	1.3657359997162488
0.04230150790220305	1.6127713978537632
0.04396181581693235	1.3182053780372935
0.04011567835260431	1.6548219346251156
0.04449264370841696	1.493197982278562
0.039746454129020024	1.6597134188360119
0.040883561454260066	1.5781643334602444
0.04247673385280711	1.582040819463928
0.042278104657105	1.538871075181411
0.04409355947375644	1.6013357845255212
0.04550050117251778	1.140714481795917
0.043491642910929225	1.3350484128559754
0.04402806317088526	1.4975048098513404
0.044074380767105695	1.5202075298007602
0.043841095377775224	1.5568861720189708
0.04346590792242104	1.4109192907744732
0.043025979836124426	1.613993560920271
0.0438501466000009	1.5322694392244267
0.04359949728649741	1.417600982927293
0.04175544857977051	1.5932092848201433
0.042585335068831685	1.5068527598763874
0.04589753939886787	1.4196661106609854
0.04374442812739552	1.4576892803349408
0.03727398027924282	1.5120444051376354
0.04423218316113112	1.6042823500412817
0.038825862170525756	1.5224416001427756
0.044172497840386155	1.2391748509755862
0.03886707937424948	1.488701379548706
0.038468245459775	1.4382226673134295
0.042483108661545435	1.5284014960436572
0.040279347315329665	1.4943955466316716
0.04281898464498823	1.60586864716052
0.04416710547553324	1.6219120709473542
0.045889301604083235	1.426271878894903
0.042153567951948	1.5264931039569434
0.044691301242363535	1.418660803094813
0.0393282906008554	1.6423557023774962
0.0433480278155089	1.4474791182618392
0.039867763438496705	1.569144130280851
0.043323068609192196	1.4254138122759996
0.037047670840481016	1.5465705286269156
0.041055512712333195	1.5867555718705968
0.044930730670076365	1.4342913850105763
0.04087361344541833	1.4825193607542726
0.036510999681597135	1.6652423204393223
0.041824157015928745	1.6099634468795698
0.04179371468757106	1.5471871881926524
0.04237567806931966	1.6394861352656438
0.04464567148337192	1.4237150991644802
0.0373346154737265	1.6580055510564986
0.043306719583886995	1.4861426845743395
0.039421610922804017	1.6407001607293947
0.03981334147787536	1.5498734654667417
0.04425374502032843	1.6416825395521393
0.04390844494438132	1.6078668178301874
0.04204882888364573	1.6159831148551973
0.04092408115590059	1.5622283276588553
0.0428512334747444	1.6091926908052887
0.04151123497957102	1.644765055857995
0.04481398214255075	1.6429635488050862
0.043876846026153854	1.3419697067523444
0.04434270399857386	1.3744111181650145
0.042250769289895046	1.6583806042825513
0.044330296299878974	1.2758881395378199
0.042183095175648166	1.6409474489815667
0.04122562416741686	1.62324751142794
0.04203071365796395	1.6018321355199059
0.04089696976650076	1.5540640444466036
0.04645323760979613	1.642951054313503
0.044087844005909135	1.3777843223057413
0.03949014383665797	1.6362849749950121
0.03811776437818251	1.5595696006139503
0.04518072140305842	1.614481938071603
0.04162398121077906	1.2929394722507566
0.04171031910647051	1.6470660881742076
0.03820975468316984	1.6469797875715342
0.04538909272111637	1.2046702511624687
0.04332588307569239	1.5749755670508518
0.04314842973493629	1.492385291117483
0.04722852945045926	1.477424438356611
0.0404712894935103	1.6508156347082266
0.04416026615443297	1.313628283881561
0.043216028396312965	1.6283972680944723
0.044172979923443025	1.2718804195288298
0.04403514074280467	1.6389271720419498
0.04384069484613089	1.4332929723187438
0.04240109165843867	1.6019349648918595
0.0426311730380748	1.6543392898876146
0.044283417580024784	1.5307151971506339
0.043787553600874884	1.3438155329498243
0.04216205858577819	1.65366720176967
0.045013922731786046	1.6517507901617674
0.03883630268490777	1.5898542687169352
0.03765959879699011	1.6493252513034562
0.04407730927348852	1.483926081246351
0.03701173819256511	1.6281198422002665
0.04435063668372691	1.3240237569407456
0.04193593336600594	1.5793013654728936
0.040295181966795754	1.560482575408042
0.04416372191189389	1.5436680406918075
0.04166853201026934	1.6390655886360381
0.04231149033455745	1.595242074151868
0.04020661227319055	1.3875825206981907
0.04407116384262775	1.5702415809965178
0.04471331800266479	1.6417646906489631
0.043627904629231204	1.510527072347566
0.046669650746478955	1.63674396090775
0.042975329221266505	1.6353939104292416
0.040823228660023504	1.5460615714793724
0.044308407542752455	1.6552622195899402
0.04380234834257025	1.6093185952454767
0.04283472495140425	1.4264240785125026
0.04292966696350826	1.488484420045236
0.04181577931027326	1.6348389166878459
0.04315440122547245	1.4861990150357287
0.041006018082632205	1.5599726930232132
0.04370386103179783	1.424232764435277
0.040044334152408614	1.5946224726132172
0.04255406895441582	1.640650109356518
0.04695800261316063	1.6259853395170136
0.04390648722226321	1.4283213002801722
0.038713231606874135	1.6018182418535853
0.04097537552190304	1.6327649002827866
0.040343536733252264	1.6352153468102304
0.044360812407588004	1.6514798130662556
0.04493338767305516	1.3829473933039225
0.03521600449784536	1.6412818992307252
0.041627519437761086	1.6258194722485348
0.04392048197245249	1.4616153217158399
0.0435151756730322	1.4496603491822797
0.045150458073100835	1.1738091220482123
0.04583006407131138	1.5410837546357974
0.04200090795269511	1.656876694037112
0.04451244527085655	1.6085179984167808
0.04351851408451211	1.5305423275435353
0.04341799435479156	1.4595895042024736
0.04181954351740018	1.369697448923251
0.040583219569936435	1.6201784624209812
0.04055327097707048	1.446991787067191
0.045266449658791744	1.5166191708690402
0.04376893464994519	1.4762293434847642
0.04463239568278109	1.2637489865419547
0.04457789274046228	1.5879735359637883
0.03560747263586578	1.6526608849789888
0.04444207064659204	1.5209102623480826
0.04516247213416662	1.6265758770299568
0.041211401007447086	1.5106550770514646
0.04200373662494014	1.5581551758095968
0.04400243885055469	1.5792670890363452
0.04164590267106163	1.475210122597595
0.044090725704740534	1.4252487426591027
0.043610954792979224	1.6329294482949337
0.037207797507267555	1.662048991141349
0.039806925075885936	1.636478872752861
0.03994683569069828	1.5034321288961292
0.03721616949912642	1.6109027998244583
0.040459393235790994	1.6529936719724625
0.04359068964215531	1.2600928113086316
0.041384418200083595	1.3555758792802637
0.036885013400256225	1.6453966519140937
0.04641786179686079	1.4833795855944492
0.04189374261707725	1.5010112406914817
0.041180784215211985	1.6397673197712477
0.04324648249290797	1.453611400950921
0.03925465112369533	1.653645193829148
0.042821351214888746	1.6514443806092762
0.04505563429701008	1.5171236418716898
0.04378252959712422	1.3942380182094767
0.04182134612365532	1.63807437224528
0.03871261385193137	1.57299272167618
0.04205585425073261	1.4886228604682368
0.04287512078395324	1.5375607246608798
0.04226088676066261	1.6151605567956469
0.04387959307230732	1.572203017172605
0.04223489124872462	1.5911940954929091
0.04670889264942753	1.084775753285426
0.046434303937900684	1.636435951215467
0.042778535588933325	1.461909834170966
0.04211989061432458	1.5324137236648618
0.04375416952270155	1.4156240106325462
0.046146675326406685	1.5318801330315637
0.044372800457866436	1.5535663803764244
0.042471498637191685	1.617185571995789
0.041418096007451284	1.5806546715004823
0.041372999784636114	1.4698335690978839
0.04586950330650752	1.3901788763437553
0.043681451079237286	1.6246881381213392
0.04446327915214368	1.3083413214008743
0.04254836208834812	1.6556316647228537
0.044036591506298066	1.3490971853939988
0.03964350827083751	1.5915225783038123
0.0435546413257044	1.417801577834829
0.03926732512781343	1.6489874218401024
0.04630354211226514	1.6436006627620419
0.04242766005117413	1.4883191426546987
0.04205140140612133	1.6117905113599051
0.03769596292700497	1.6439132236440752
0.04237764151540982	1.4349264081550959
0.04230008435813916	1.4481700608928307
0.04330731248304288	1.2221110589704898
0.04171008956596407	1.6580151577427107
0.0430554464526421	1.274094180437285
0.04394561053285139	1.586063910514766
0.04278836348021974	1.6063992564243108
0.03963970724256688	1.5089881868313428
0.04406277403370332	1.3893173755203927
0.041951530162882146	1.6443986030679394
0.04249690409899182	1.4792955609274026
0.0433269833074307	1.4171560787699145
0.04293955710469026	1.560439684653124
0.036277383892169356	1.478709124898867
0.04570767610179172	1.5135833028752934
0.03800702074757625	1.654555723158368
0.040786836110772356	1.661364312273058
0.04727814223249378	1.6472861882438785
0.04522710682925508	1.120086792248778
0.03890470212281213	1.5659402654257666
0.043577874864488164	1.6350073935126879
0.043941046474840074	1.358792708922079
0.04293303970141742	1.4661832887584216
0.04446186945942594	1.606137237181166
0.04267077453821131	1.5986664408076656
0.04508094761784554	1.6347827797960024
0.04343623875328969	1.4243024836164706
0.0439278910090959	1.5554239148512063
0.042776759962017234	1.3713017243864019
0.04260468771657348	1.5868435817666873
0.04356852322332603	1.5639816667532753
0.045249098918501034	1.4901747985017555
0.047118235351898956	1.6168093419293934
0.04196058983328779	1.4791618219487532
0.04534736410953132	1.2587637322653247
0.041859760627856714	1.5772603413654682
0.04435152406609418	1.534267541804639
0.04228848980214683	1.582448294663945
0.03904404749762995	1.6464725912068676
0.04373174076960878	1.41102977364294
0.04738791132654984	1.4627531190814853
0.04299974918797057	1.532745159620124
0.04451095161993725	1.2209877001176173
0.043872388702892326	1.2711937379787777
0.04107488333846307	1.6338424256762774
0.04311192732051666	1.4723808003376744
0.04553351642101956	1.4723181654675324
0.04438466632617406	1.397729201534001
0.04558548810590236	1.403445022170363
0.04448406873982449	1.624286521571022
0.04125659442275327	1.5998945593721505
0.045035203275077894	1.4234676580130883
0.04389853903956075	1.5842681589315348
0.043751553591483396	1.5907487543824623
0.04346929803510488	1.428965734522908
0.040392049626819644	1.6450673485311347
0.040331627755003596	1.5463679301827697
0.04322729001473215	1.473006744573948
0.0434259638966298	1.4845028432070317
0.04324572341709682	1.506982040672278
0.044109033782270934	1.3257562782715395
0.04224039038652477	1.6220310684803572
0.044236058785553735	1.6134193543491608
0.04350824270989291	1.456890885160821
0.04480144050562724	1.2929537212671371
0.039060128619574565	1.533538049807287
0.04038349684251762	1.657271020172572
0.04363813819787279	1.553575740568225
0.04095182731375308	1.4941102576387133
0.04650692511200842	1.393785010182568
0.04384778246746924	1.6081506322903163
0.0441633515521087	1.582069488686662
0.03989344751297583	1.650160298810721
0.04379539644613501	1.5793607199337707
0.04496539804692861	1.6051994847526125
0.042314968982752055	1.4606392334536253
0.046333849464246735	1.4699540491443384
0.03651098046784644	1.4394245876288387
0.04105311822603036	1.5099873455670028
0.0450326146636708	1.6528985347266254
0.04417428204670333	1.5127708895324634
0.04349320630132784	1.3993486417506686
0.041911243569890434	1.636918760575877
0.04444816419048116	1.514541468988523
0.04209178499687884	1.5122934884201185
0.04431164840912752	1.4885132672630395
0.04373719607798445	1.543449492454584
0.040401786025441686	1.6099990480146407
0.04634306745993892	1.168749820949457
0.040856163020916526	1.6516478556946783
0.04236064751532795	1.5467654295363282
0.04303856175599363	1.3171313600806713
0.03796613767429951	1.5855693818415446
0.04156729403315347	1.5395657238415863
0.04438054169883406	1.4989426251344375
0.04360500311399323	1.4666549076384667
0.03899167676399688	1.659965975453177
0.04226820902495676	1.3270994367020303
0.04369553430329615	1.30932675578876
0.03916277939776884	1.5601539060729865
0.04316718227663665	1.5287819605960362
0.04478438910719735	1.2478811210254788
0.0425228281276289	1.649020053037209
0.03743585889315234	1.6264199865938527
0.04181450334172592	1.5081393755651005
0.04088679636300032	1.6145434989939127
0.04171372743215593	1.5786372854094395
0.04173450350446034	1.5356329060175504
0.04375206150502883	1.599638232964293
0.04327248898960759	1.2851225915060902
0.04237202905213001	1.55668001954051
0.04139640421898249	1.47898227954706
0.04385417067555428	1.352102346355311
0.04438996468603371	1.3377297810198412
0.04417135494415841	1.3272460857811275
0.04390573962854388	1.563807639405416
0.04451268123645053	1.5905130818490987
0.035822196049576545	1.5824047898018132
0.04390260700994808	1.3631790147958025
0.043824270452831056	1.3003636088347785
0.0415114752451335	1.4328784927108063
0.0436331799057686	1.55091544339744
0.03906412119148158	1.607796882220529
0.03983549473936338	1.6597547573421532
0.04472672773481713	1.164153601196033
0.041019722484312834	1.614703040473212
0.044551695390955444	1.6481289504296885
0.04356981760559041	1.6350293430855212
0.03941258757940952	1.5716573234155211
0.04463067562607697	1.2937663304453861
0.04387513256183408	1.4336330907502248
0.04383380751340953	1.3978388500732848
0.0434369300385274	1.5242422597400251
0.044115198505119635	1.6002428279561438
0.04271252985771858	1.6308135100796766
0.04394303911594528	1.6226955990234195
0.039135147149991584	1.6052468176068098
0.04432143779237485	1.5723399184793379
0.0439767642274683	1.5700030826086324
0.042915962730951426	1.587891961810508
0.045600141779532734	1.646035102422132
0.04023185151727655	1.5881216400653169
0.039247102251721865	1.604354447463518
0.0434268553975668	1.425158002188153
0.0368170877611975	1.528140038129923
0.04175450269955966	1.6394598929198727
0.040131133465470724	1.6391948386662816
0.0433214991094023	1.6237243058422441
0.04386212688016941	1.6332672734188538
0.040560600321372396	1.6246475757323249
0.04285497427758027	1.3548608885972035
0.04338885774336788	1.2700322835004214
0.04444458228913997	1.1938809502921512
0.04143031296142137	1.5911502992492281
0.0420860037764399	1.6230738123658046
0.03768876456193332	1.659446100243932
0.04316160328203179	1.525324997981154
0.0444805289227023	1.4158977290866457
0.04346637175011871	1.6269380950690686
0.04044575715093049	1.5863812722402444
0.04170129638774036	1.6022889270870837
0.04476851928142747	1.5827745870469538
0.043935373183410315	1.643070401015084
0.04285242266638856	1.565882354755406
0.04382702778435788	1.6254613515881975
0.03772667593820297	1.639124812705079
0.04321774724665972	1.5826784886248975
0.04207459744189074	1.48921633788657
0.04465573784071791	1.4811962770186862
0.041554109121403275	1.453127525133488
0.0419075255775334	1.6481139774387263
0.04382823394947182	1.3481288909703228
0.04416469256223377	1.4341532982893017
0.041115848262069196	1.6236057029142137
0.04374152948338851	1.4968551930014136
0.04414419463513674	1.612447401222257
0.04827831085026954	1.6333171336747334
0.044169237291644	1.383283389107585
0.040998141404661056	1.5301420113030912
0.03950460492920552	1.6583747354546179
0.04414482857484841	1.3078951040519156
0.04403175954045204	1.3439772684671154
0.04124121346411683	1.6395872257414728
0.04237222544593452	1.4756532848061894
0.04500353500483628	1.234624095758434
0.043667185049817696	1.3416699121712745
0.04366123659764611	1.2964448240994642
0.044409153325417144	1.4767373283543197
0.04035498633473138	1.6340780593959026
0.039856932104628554	1.5781134754777386
0.04032580697567228	1.5622798761616634
0.04455542373211933	1.3246845320149547
0.04025034767398655	1.597890714444934
0.04226761116598004	1.5855272837164498
0.042027093349189436	1.6094669764343053
0.04538047164427892	1.148592632983929
0.04390382762235261	1.6060808422374864
0.04250362009962182	1.6318810033368316
0.041397133802848304	1.61558376258774
0.046400149472553595	1.6323853401227106
0.04356644572247369	1.550678687234445
0.04342343184500021	1.5304904205853953
0.04359442865033769	1.5577303271264802
0.04145657901161591	1.3443108380061954
0.044001193547699935	1.578754854911875
0.03963063875508868	1.494100038155742
0.04028591486486043	1.6430558932223045
0.04048673755317565	1.6413055919382966
0.04625689407631136	1.4094402517001223
0.04441624813325552	1.5662704209242695
0.043085804674147285	1.557384536659573
0.04589615199300602	1.6268672505766275
0.04340268600251459	1.4986966507981814
0.04654205561258683	1.5715289222155113
0.04325916090476998	1.4892753596391322
0.04317201758311678	1.600507407066889
0.045791233830259105	1.1999381689890711
0.04459825744619963	1.6049055182344176
0.04284001160641459	1.4981582375581741
0.043512691305009836	1.513122560464319
0.041506809294267914	1.553146273920468
0.04547310665168016	1.4372578483679004
0.036095012970116316	1.620608150478532
0.04441154532743437	1.545605401728125
0.043243000413483876	1.540789668934152
0.04411708540370219	1.5913943674192343
0.044764420922946344	1.5587425330362508
0.03668567705736481	1.6135375531632659
0.0417552037424451	1.4517446781016408
0.04430292671289518	1.2887677227989225
0.0441750523846824	1.5941823054847628
0.043307537474654614	1.3881949268818818
0.041287261658450036	1.640488115649499
0.04207962140604537	1.6394538443368585
0.04160436452692894	1.5341573966741067
0.04485697605321547	1.4798757086635437
0.044252770390270056	1.2620481048816736
0.04465120214388526	1.5461497466462506
0.04386070732059054	1.2482175133234064
0.03920012647796457	1.594521023793845
0.03895456712289502	1.6536545252126051
0.0438298290632185	1.509631752764508
0.0447992978949407	1.531931371655631
0.04407470544127571	1.5395416616133701
0.044047688799279665	1.274455525820804
0.044226041151178175	1.649980607862034
0.04224238899224595	1.4791756738354895
0.0477778396776603	1.3532745285347405
0.0436179438462567	1.433803971434824
0.040798778666234034	1.5249815242650364
0.042472534793689724	1.601154202295324
0.044530427398615645	1.2236466401647286
0.043270135033950476	1.363580734357298
0.04406648163618938	1.6299093141504934
0.04077453123951921	1.559830981587811
0.04418653350020471	1.4172270621003373
0.04399012784365221	1.303281337895118
0.04385465895424877	1.572990418293546
0.0447904010201926	1.270313198105276
0.04165185202306958	1.6238655012217054
0.0436903228582376	1.634218349496422
0.04092824350201652	1.602507516220186
0.0450958061166131	1.6358826394713004
0.04080909498746918	1.6376965244929038
0.040396826832531596	1.5369444864125739
0.04371493469365307	1.596523353393404
0.03975741468144993	1.6149350625383572
0.0430043913903065	1.6452494617828766
0.04272679359548206	1.5012000047293441
0.044755862427683216	1.5983427948058675
0.044190537425475816	1.257396782199317
0.04249797386677358	1.533398572863075
0.041567181525309374	1.3157509059957588
0.044195453564444695	1.644222542766387
0.0435156635442739	1.5443353212330222
0.037797701097352296	1.65950024807238
0.04102853846735978	1.5073568809231612
0.04034590464281995	1.597185617678674
0.04067975604384395	1.626112749074731
0.040422120636376596	1.631292214384336
0.046254742726282994	1.124347918513239
0.04404270644358445	1.4669881498229664
0.03655612328838741	1.6372508133927939
0.03761080124681259	1.6188255126105546
0.036481484157521005	1.6642964506998625
0.036743309901344154	1.660906604238531
0.03708207789376231	1.65560049756172
0.04356011401875285	1.4753864702751383
