0.8477181256172784	0.2473915037399237
0.8387617440391437	0.24719251490132307
0.7582962010407018	0.4082515263275727
0.8185146176542363	0.3008956171836277
0.8013337466275933	0.34129726885000417
0.9055455432981722	0.15106356275637509
0.8180753123009427	0.28310180260693596
0.8354859539478487	0.2793118528470284
0.8731180262075764	0.2064052316036045
0.874644512627576	0.18273217240111822
0.8219252856539252	0.2976535657857184
0.9660861227104526	0.04950430684488071
0.8558288349977358	0.24800135689745018
0.8577685403701931	0.237384519150534
0.8231983609436906	0.2978512437395171
0.8640379965042894	0.19396313010834035
0.8531412365137752	0.24393363584213784
0.885420580412059	0.17859472085865633
0.9213565680853089	0.094914790517062
0.8150706991868455	0.28891281949462644
0.8783311905113943	0.17622986469259172
0.874585624165009	0.19441149230358096
0.8782705151681455	0.17556443497277838
0.9291431123280547	0.12109918255586832
0.7984338804509299	0.33924323291547476
0.8890151449889792	0.19179103392882363
0.8608299133710461	0.21234099709681314
0.8430776444423007	0.24946026500713203
0.8413978448953602	0.2720747287652537
0.8642838951826792	0.2139336410873498
0.7582431673712549	0.4143889350262349
0.843221049632204	0.23659328787064374
0.9462897821192663	0.06102115984939923
0.7902630648391255	0.31543811549572076
0.8467987390697719	0.20878557734561315
0.7141480768495267	0.48903739284273284
0.9115930900915927	0.10777395322415385
0.7829140165901622	0.35984490968819083
0.7776988506461073	0.37575288883077446
0.8599384239003608	0.1974355835422132
0.8717883923241129	0.2169785985801126
0.8620621489862482	0.21029701133684434
0.7506309952006027	0.4212835865008716
0.8322127182249022	0.27594029385101365
0.9514084517467442	0.07126827575311681
0.7425402930481431	0.41004910477321255
0.8449457294123285	0.24745597033980368
0.9124614143672176	0.10592885183074119
0.8633983045936062	0.18734259710717582
0.8089723289887929	0.29274072853304445
0.7414870590617312	0.44307037323088155
0.8230699111903751	0.2969050415739065
0.861886640000879	0.21659042709972187
0.8593126862914019	0.2305880192649516
0.8552655194819534	0.22729475292817453
0.6957582694143093	0.4984830412188357
0.925514168311958	0.12881774266687046
0.8388202495380237	0.21049771140928392
0.7193901490759295	0.4856750816864253
0.8211082982356557	0.3063627448391229
0.7654377940749569	0.3647276790656778
0.8283714545829197	0.29099201548577264
0.8911765903250793	0.16474668375515636
0.9143922168488888	0.132568863633529
0.8641379175714731	0.20443194339182838
0.8032685292678765	0.3319705564113363
0.8461720754128279	0.2519899306101257
0.8634764370919028	0.18967295759218517
0.8761292602349702	0.18745781485888796
0.7960205043782937	0.3418348468830685
0.8616562274826941	0.21272487263261528
0.8256485903367364	0.2652157243112377
0.88649847506908	0.1793169722454184
0.7699006499257494	0.3591647816222026
0.8711009033744406	0.179169705078501
0.883961537397352	0.15225012349507763
0.7695817952844684	0.38488191144216766
0.8208439181904094	0.3095718269750119
0.8273932758552492	0.2925884154516782
0.9004930579093647	0.16038161919815105
0.8328683782678378	0.286271354238793
0.8875994664742914	0.1733806791027227
0.8742461466746744	0.17299099645455807
0.7918250331764828	0.34840163240481226
0.8722718519127366	0.20671297036795722
0.7458909981912552	0.4334198004395418
0.8971203208750185	0.1735993464483227
0.8330469504819218	0.23185419028565624
0.9857463295708017	0.020509783877910755
0.7981915058031909	0.32062513615481186
0.8434149031077688	0.2631076015211952
0.8545445873009723	0.2494530635621517
0.8556882510972356	0.2478830486204176
0.8866127836207449	0.14541877951232937
0.8364600189340787	0.27559993305807934
0.8069733202147716	0.32539707067667106
0.8732989040389354	0.20253965778863614
0.8743222080502587	0.18117687155185522
0.8352582196354217	0.2593174060440583
0.738658995018704	0.44360082115397587
0.7656475777637358	0.3719658547978324
0.8769043535812725	0.19304660671331575
0.8691578881195279	0.21372906711178669
0.8135860877294511	0.3069847053045508
0.8898333699317399	0.18962579266973362
0.8643089090255863	0.18887904294714078
0.8641822264846244	0.21184511191864147
0.9534065329877851	0.07997728819200023
0.8528605668476481	0.24836448487583274
0.8855445692969142	0.19089830121683377
0.87451791025996	0.19102109725222616
0.8653520782787272	0.2017740267727768
0.7185481652814387	0.47620398294173544
0.7923960907910662	0.3424843181076737
0.8686753990933416	0.2241112871097048
0.8176495455338277	0.307916411312254
0.925033455080054	0.12808476493533066
0.8653117077674638	0.19950012124985286
0.8238604022967327	0.28690896327552595
0.8186834564536204	0.2865094223845983
0.7942328606698101	0.3426009631151296
0.8922667957109562	0.18403513545825761
0.9068440668505869	0.1149428854319857
0.7879103428741211	0.32466771772748354
0.8192382012737379	0.30693463361870227
0.8763957396771265	0.17141281105127126
0.7622320365864759	0.3964951573291072
0.8538136664240908	0.23272621709914554
0.8554341380949907	0.23114134541585007
0.8636359051481981	0.2296350288830546
0.9123270051268251	0.14822095653516176
0.8529572590482282	0.22880213077892375
0.8001063090909011	0.3279016091827641
0.8726985075857603	0.17456086932334622
0.9032469607406126	0.15226040757840284
0.8032822024838004	0.31234936982760253
0.8561878314843062	0.22790989334061357
0.8430414367412402	0.24270378717872768
0.7838947923503156	0.3646899355519125
0.7287233540079534	0.4406419488685897
0.8564705216655689	0.21483158589345722
0.8248735787387362	0.2708549264106888
0.8442037140433701	0.2596142535245401
0.9006641314556542	0.17065846124782197
0.6837651409824211	0.49349796262200113
0.8566202003651989	0.22430315553340166
0.8134885218743134	0.3057666422250222
0.8656567662939765	0.21355416197709018
0.7167246334746016	0.48984966937530794
0.7653569178072588	0.39983346996814245
0.8879526212281685	0.18875623260726276
0.8800071467383926	0.19577357923848634
0.8729633083023084	0.21939997949506995
0.842328365398472	0.25282406503559435
0.8820345653779317	0.16746030119500482
0.7857908092801307	0.3456993872637032
0.8152021212792564	0.31575943296914244
0.8968395947337708	0.16355996782532534
0.7904021129972099	0.30372268041667566
0.8420941336087877	0.2552779530697915
0.8413445816640778	0.24089273621930254
0.8732723787118597	0.20403342499705088
0.8176654300077324	0.3042994740231764
0.7920096044812485	0.311172089467903
0.9102247462497645	0.13569387534807376
0.7727797702958077	0.3781313018376159
0.8519987096587547	0.21799968157395375
0.8633520678498062	0.2172369575312909
0.8042068367757635	0.33507776050795013
0.8285155730942423	0.2847389900726439
0.8588886912979794	0.22436674650924046
0.865522070300868	0.2271944932859506
0.8632657592195266	0.22028754025972952
0.8705703675571337	0.1816010538263358
0.869427816216361	0.21811027181424725
0.7749352477789557	0.3636966092315902
0.8407865823712564	0.2535619341970503
0.8482239306907804	0.2320688407711133
0.7487657849202212	0.4236002424321955
0.9032508927797571	0.15013593498227087
0.8609301421119215	0.20403949129427323
0.8677773926149552	0.18048088893893313
0.8629265411624045	0.23258805494475399
0.8744162335132823	0.17101948434611375
0.8459049233969475	0.2543074969343308
0.8888855890789675	0.14215542108428633
0.8875894786086985	0.17316172302917787
0.9275291699176659	0.11708714147093158
0.8821657284572139	0.20129130291637037
0.8972979229546763	0.17692371129170015
0.8792360754314325	0.1906556006624886
0.82343313790884	0.2859040455762667
0.8733825861413751	0.2079899157797518
0.8719869404800101	0.17889496332440855
0.8787123610895897	0.20483553834141782
0.7644295095977769	0.374763726911381
0.8363182919455743	0.2637062364137629
0.7436943585320149	0.44103634921558993
0.841048604033147	0.23374084345895688
0.8177307983698993	0.3014610509044123
0.8737015597169951	0.1985425349401155
0.8382669889567574	0.2796107154778019
0.8503067611509716	0.2336348583857361
0.8819246016071295	0.1872679520544094
0.8781314689511005	0.19164055915269815
0.8997792119636181	0.12846285311202324
0.891615692199907	0.18495466440510822
0.9194887793166303	0.13719059067459766
0.8253872245024789	0.25117034404113486
0.7787345015720262	0.3526595299397344
0.8489150347032174	0.24793985774416588
0.8826172545973462	0.1968904665386484
0.7403522550037926	0.4448345456511586
0.8390600779744728	0.256927585255192
0.8821372479086081	0.14960860639557463
0.8303186268659009	0.28958410162489034
0.8656207703475164	0.1951065054628736
0.8751861182221798	0.20731648261844515
0.8949881253925808	0.1655779363834702
0.8606770507140594	0.20614822923809967
0.8230524549449842	0.30605588844200754
0.8733147315588035	0.18805737412918858
0.7893725498712728	0.29311852357371626
0.7712728859110396	0.392450668428756
0.8726620461221521	0.21217078516305066
0.8528099208269391	0.24323784732897458
0.7793050340593721	0.32127642185285216
0.886363155452214	0.15146096801599324
0.8765790464081272	0.14474648558054212
0.796510198824013	0.32586254333927306
0.8391249648866598	0.25065202638285594
0.9523282442750897	0.0818977799011526
0.8395420588912056	0.2580197403451876
0.8146146119557613	0.3127133034369885
0.8236735022099705	0.2987246012496055
0.7816595816349675	0.3690089511240194
0.8189902906590212	0.28928123026195357
0.8586701838804917	0.2325298591040752
0.7949858954233235	0.3275051003629465
0.8358053243986017	0.2655080280048367
0.8748112456961624	0.2043503022617697
0.7968235555564334	0.3210696968303315
0.8288407198081106	0.2878131009082939
0.8314788134207486	0.2766147826576709
0.843186932772972	0.2523471938994148
0.8602526808384197	0.1780712874151137
0.8669039679490839	0.2082886610372075
0.8369794256018868	0.25739589994233214
0.8669857873697395	0.21348535409444008
0.8714973386216268	0.21028868758118624
0.8356394287233381	0.26773671134764254
0.8572810289275647	0.20916849729028933
0.8730178582892838	0.21780222824140688
0.8149899202721849	0.31869036574771037
0.8595331654093774	0.21075072335358697
0.8669211360497705	0.2293810494860155
0.8222206400098485	0.3070327875898464
0.9088591133487592	0.15671890695427987
0.8776838242752171	0.1968145132855781
0.8425972197857857	0.23237655424322895
0.8046449234294748	0.32620697428770107
0.8723100529588671	0.1806969029271907
0.8963207473726333	0.15673039754277746
0.8642878414647953	0.20154583886237168
0.8934572792317742	0.15718597507025112
0.844095437681415	0.23399583827427145
0.8875928237388597	0.19176406124134576
0.6957028502943817	0.48287216517339004
0.8498945014411302	0.24940439171291556
0.7649726744328629	0.3389864672267002
0.7339773486927168	0.4527064605371872
0.8971909046119771	0.17385273351971575
0.9567136136187875	0.06343737889786628
0.8418030277643255	0.20479327060670793
0.7862412958986399	0.3620424708957344
0.8686630640044056	0.187788247733707
0.8701678896858938	0.20748717066784161
0.8874798652063857	0.14359064276022157
0.8842701365084888	0.15394575742817462
0.789995780618668	0.34888595792791455
0.8526158135563691	0.22246284694364798
0.8773150254140614	0.16535475981465553
0.8690366304332203	0.18802690777631328
0.9105312031221513	0.135881324959137
0.8635134813791038	0.18965922767011992
0.9272839696279431	0.10874933263816008
0.7230825881230146	0.479514220605593
0.8264838826777574	0.2806890529346731
0.8174860238251851	0.30035305390419875
0.8693764410554212	0.21995634193986452
0.9379361681316724	0.10622594159128845
0.8364688892257355	0.26816766861874397
0.8791317658788762	0.18383661437299753
0.845998226561248	0.2349172619852021
0.7951930297180008	0.33579834425470284
0.872896390160219	0.21803038565035426
0.8414864340523982	0.2734785574521629
0.8259616593119582	0.2835605709914066
0.907854483892877	0.15786023826169904
0.8887464822851169	0.16829774119003021
0.8296768098970259	0.27093123645019634
0.8353415472907035	0.2614253412105916
0.8429493685995045	0.26495968002412934
0.8679973486918685	0.1922695974235984
0.8368432659231663	0.27984554132238
0.7978773955592491	0.2994012586593725
0.8575911319781523	0.2440245997189831
0.8698208957775637	0.22512180086154482
0.8453681275961774	0.2594011405539073
0.7892101743805582	0.3426239824544698
0.9276158739333109	0.08714819208275179
0.872959102398536	0.18671360988195504
0.9320683302790151	0.10293288453881051
0.8364878909522472	0.23556439121642966
0.6933405880814987	0.5116851981689814
0.8736346435419243	0.21484922357082403
0.8359667609020437	0.27861449807221655
0.8916411956350485	0.18333360963875645
0.8315067940220526	0.2914468376588607
0.870924924684592	0.17714134110785262
0.8195251636946793	0.30406355484560577
0.8293807365893291	0.26409146131474837
0.7938918464697898	0.3487449684074811
0.7955826556626316	0.34731617946510035
0.8352897779440206	0.2570827532807479
0.8425101554001393	0.2590075675034164
0.8576577851537438	0.2385999727538654
0.8613525227530632	0.22939608971632353
0.8715959255805079	0.1974351203878567
0.8503614994852483	0.2534233326794255
0.8606734015263043	0.20447173328010237
0.9031774513739612	0.16636941252695397
0.8611410189860083	0.23613433815616325
0.8303586584939936	0.27489110076101114
0.8658624770238253	0.2294385837368505
0.8327461144574939	0.2871207456908972
0.8779358969741171	0.20110373643702456
0.8045780767093434	0.3030322332486271
0.8797882651701187	0.18216038558069464
0.7969128220283516	0.314356971389377
0.8661024182748652	0.2175639939037543
0.8569003500287109	0.24407665223805503
0.8632440648395946	0.21671300342674937
0.831944694920249	0.2598283587191325
0.8626396657898825	0.18761913347903827
0.8759280708130547	0.17137988608090618
0.776871585643223	0.38523085208552715
0.6979311928251755	0.5014409562092708
0.8028577455234022	0.33244191084272157
0.9089971808401079	0.1406795890336982
0.8188221707664134	0.3118685772382656
0.8436776592216806	0.2649129883679643
0.8345742896483433	0.21728697748339407
0.8667274716202892	0.21322615129228079
0.7791547838210471	0.3353923959458265
0.8556659519659942	0.21393386005823145
0.8219859430142283	0.26935175544281625
0.861573831571635	0.2360203082360715
0.850167762038292	0.2575034692214907
0.8697359106156339	0.2028333861883219
0.8716674746403934	0.1884934363234786
0.9024958590959561	0.12210812893585189
0.8074731387303837	0.28589027509382214
0.8240861449071932	0.2942789491683255
0.8686062134026443	0.18575677737728696
0.8801243762742882	0.16319054586149956
0.8556459577797254	0.24219629938082304
0.8431891958082126	0.2693792721844274
0.8592047643318914	0.1932309249991971
0.8855651021654917	0.1915150895488164
0.8173650697935398	0.30691693633620726
0.7937662447172321	0.3545989876381047
0.8654577209722623	0.22724845399764215
0.861169658426259	0.21516545574604723
0.7925635973494161	0.3058247742998967
0.7889954495162376	0.2728923583185632
0.8164985199866878	0.2918279496559074
0.8774224512867929	0.16235354790896264
0.8319185564944018	0.27558743276898484
0.8474569160208886	0.22956372973318595
0.8556374283674945	0.24526703751699575
0.8135953296267046	0.2604696514583777
0.722052927048948	0.420853232701448
0.8205376862550708	0.30216856402639897
0.880403693539053	0.19469788302622718
0.8525689564540372	0.21482325984912892
0.8592288090984997	0.2302531768950234
0.848301176956097	0.254311047658827
0.9179076864747725	0.12252528864732296
0.8674611594473107	0.22787268233790203
0.8554221242906187	0.2374746305973895
0.8764393372735388	0.18364340265266949
0.8675134480163693	0.20021255585012612
0.8561549136591942	0.2179352502219649
0.7026862389581194	0.5086585051001202
0.8949179595536941	0.16944818831209427
0.8735759855999223	0.20674326931010079
0.8565371678330971	0.23139887385173913
0.8162986792268744	0.3108099326328824
0.8417618725762633	0.2560365324728182
0.7212073206642757	0.45982506642689364
0.8661136574392015	0.21472612223043236
0.8379473307573746	0.27636255569691515
0.7744680173808628	0.3898990958536331
0.7739367547838556	0.32999302469027103
0.7899523451454842	0.3023025405390021
0.9002996327730536	0.16921205194469208
0.8007226021686225	0.34021118782940946
0.8341876011662909	0.27420294788841
0.8132229848532591	0.3021037422956514
0.863561739443098	0.21704062840371613
0.7802691771972465	0.3610406378944574
0.8960407162345305	0.16852140584846703
0.9240665813448992	0.11333196203358052
0.8572159724084892	0.2376205402427199
0.8297283786759228	0.2855005541315825
0.8691021186264316	0.2173022935085145
0.7650823157042889	0.3693436268738615
0.9138180701062318	0.10213407384399234
0.9162724660406496	0.1420058695626622
0.8065398612428822	0.33217434191539374
0.8170268119968569	0.2856033850615339
0.8935412757241934	0.17798835060755214
0.8033757007370467	0.3162895205031775
0.8674917659275622	0.19531986461433454
0.8280245621200555	0.28073397890852503
0.8025838892195633	0.301371529690163
0.8712428941768636	0.21335926783043252
0.8691556925582826	0.2169448059000983
0.818218549440439	0.31189191558737916
0.8408506955872641	0.2699547805258075
0.8698656354609734	0.2118074484240711
0.7467627306842165	0.43582102122107685
0.7971673720708211	0.2971206536090799
0.8866650135136953	0.14786289642800762
0.843640409886287	0.23104813874760485
0.8368455754105331	0.2797851663021762
0.7584036326695063	0.41174961820203804
0.7870160431129664	0.35310958680530075
0.8269804420506037	0.27806054156348126
0.8921724011391157	0.13983538200050563
0.8436469869273041	0.25378861421549376
0.8390750671560805	0.2575525364537066
0.8658837721029747	0.2265140342016575
0.8641990162130011	0.2281549853361851
0.8987424242324237	0.1580757096302136
0.8818541880836415	0.18755476633616786
0.8557192975181619	0.2151779367694792
0.9335792977381	0.11407080274772113
0.8898859571775889	0.1356448508815073
0.8699657290529551	0.20823198099697987
0.7802182895409534	0.37752088073410883
0.8657076368438261	0.19081227585124755
0.7562647465646034	0.3396006362893106
0.8446917473027218	0.25846907572763445
0.8797080183823612	0.18344100061332552
0.8630844807791016	0.22580273918430316
0.8367809398962875	0.2768368940562373
0.7484844424518187	0.39589725199709813
0.8669257661957783	0.1793677598442776
0.8141643255047243	0.2794333803893264
0.9061800528253089	0.1438122200376302
0.7148111519812176	0.4611452914402432
0.8625211010648698	0.2210029169119606
0.8705097134360741	0.21981841178322487
0.9025443846880501	0.16502619561508985
0.7708221388390962	0.39166105899183107
0.7438428531445026	0.4008462139678079
0.8319788502046481	0.24308366568449247
0.8300984935038997	0.2845910741261152
0.8223477835682651	0.29544028437529507
0.8893477057543101	0.17738911118303352
0.7740315158367299	0.3870515937819786
0.8492531497314915	0.2407524441611002
0.8684776926862647	0.21531395135191933
0.8870748569590869	0.14450684341995884
0.946656458102234	0.05841263923210833
0.8325126508064877	0.2749640479002646
0.8945409003662943	0.18253492855412212
0.9281926291805709	0.08602876797270975
0.8667660833374742	0.1821756784078122
0.7999114625347888	0.28527345180804003
0.8985058365529034	0.12625287844630856
0.8678139991208723	0.22100233666285146
0.8811179350461733	0.20233249515865787
0.865285983976534	0.19902553557424574
0.8771870364035083	0.20818923964457764
0.8632267971454637	0.21308883209535934
0.7913849052598362	0.3444200867637239
0.924722780178897	0.08932857150175058
0.8273419838786112	0.29202402162677926
0.8801206086261271	0.20226231236295716
0.7931404183054797	0.3560002837584662
0.8412109282659027	0.24372760460909842
0.8822208307148117	0.18677395502931812
0.8684597293053425	0.1801437332732591
0.8855576594855541	0.18865437816271047
0.7905863134658886	0.3492145525258295
0.8111556983977879	0.3036620127792815
0.8186127240542582	0.27140959471286086
0.8993407941073166	0.14353987670789797
0.7759755379197443	0.36984222978732817
0.7319447669294648	0.428506906439649
0.8878073728994509	0.19186724435904828
0.8568317341818973	0.2267602339100353
0.8192687162315071	0.28253367434872934
0.7476855488985791	0.4227902539274226
0.882779941621047	0.20141121512401794
0.9111172576495339	0.14137589271108766
0.7844838177499716	0.349064493808128
0.8350495836348046	0.2723586271207741
0.8772921622511384	0.1626142550668272
0.9065787040797229	0.11641686342467623
0.8757831705580771	0.171996316162084
0.8265060744367924	0.2541646096426756
0.8829039367445434	0.19882542601832365
0.8761893569883422	0.20285759067027526
0.7197518801730586	0.4852422131291775
0.8595454820732609	0.235875150440433
0.8290248605019411	0.2775913187950599
0.825677246177319	0.2924721775407623
0.7943013019987061	0.32320232948392325
0.7937675916832061	0.343473191773466
0.8596653427457102	0.1883903347104019
0.8172377513983868	0.3062813684036514
0.805458075460732	0.32618723135521216
0.8805201374919891	0.1679176503154977
0.9074850805327885	0.142697339147128
0.8362437720942099	0.26504685207575285
0.7068887717086783	0.43933324151800623
0.8654191547648378	0.22857353412454318
0.8639530555989542	0.23238963635844917
0.8674784822010239	0.21672811548431345
0.826798150517235	0.2832994153123545
0.8720579066655838	0.2034186119776402
0.8786699968521003	0.20341785971390608
0.8180973031401612	0.3000873689942781
0.8620612517590008	0.20440224707169072
0.815409871455762	0.29914182560459057
0.9005267217137066	0.12239153931590005
0.826026487576457	0.284364021540472
0.8154456092719994	0.31410441639338677
0.8295285688641402	0.2931493866176626
0.8817396169104078	0.1825361259248074
0.8305337230540597	0.23620874671103054
0.9025837837579342	0.1190526988763634
0.9203637830501924	0.11876306234820935
0.8425944821650756	0.2644283987068932
0.9288997263518594	0.10621183521257185
0.9089639152782365	0.14090102455326697
0.8482271075660377	0.24410121050844852
0.7814252475127209	0.3576056870511708
0.8081141147833913	0.33173124562377165
0.7995418331926852	0.34254248678342264
0.8148196114163004	0.278296909796317
0.7872063412657951	0.3540614829606781
0.835454971291797	0.2514817279499496
0.7445979569824684	0.4222796013087412
0.8676904456594975	0.20827961805172102
0.7034862496993867	0.47938021324071906
0.840583035962106	0.26866649658174785
0.8558307278626955	0.22946813673112956
0.9066331909854093	0.14607740572032082
0.9177297954950061	0.14246067272963892
0.7806154940143186	0.3182009485852694
0.8477107745031863	0.24405822846256175
0.851883666511923	0.2558392066565854
0.8638684827106838	0.2126008124076048
0.7760889414747921	0.3835763289140303
0.8124486471549576	0.32346243668658214
0.8309959111067645	0.27867257073808166
0.8477504988085147	0.2593796125317416
0.797388679674104	0.3425150552130423
0.8381170444490276	0.2322919023017259
0.8576730295091576	0.18851613046937077
0.875353300650674	0.19004942708783532
0.7991315080031176	0.34708188102305126
0.8581747919205924	0.20980203107133316
0.8633018703885919	0.20683010518751227
0.7541429735787162	0.390172285620028
0.8733209535992095	0.20943409816026187
0.8945929418127839	0.12943581662795411
0.8591847525662257	0.2357897492721046
0.8285753001491305	0.2605780927587926
0.9273576458830969	0.1253450282141758
0.7940403301797325	0.2872951848063987
0.7929523583672373	0.3322762399262016
0.8734569142584109	0.20560049561242366
0.9035324585064622	0.16651873104106574
0.8123355250081592	0.3035443461284476
0.7936555480555235	0.3551376227380807
0.8485304597948262	0.25510185312330347
0.8861265421146937	0.19619398215682854
0.8860100653716113	0.18946600483676823
0.9002655493445794	0.13117873159424104
0.9140030185523244	0.1303577691464451
0.8776295912528081	0.1868030761958477
0.8081384754236411	0.3267491691214008
0.898874703404003	0.1291485604573948
0.8710341330414522	0.19882861230774757
0.8162043021125316	0.3113173803856279
0.8574041271067462	0.22996939276583184
0.8705266878851116	0.20914661475178054
0.8434195417308812	0.2703441878147368
0.8630874770854133	0.2130830996480415
0.8690669923397922	0.22098187949979115
0.8682919934316028	0.22153474792633393
0.8245107048305819	0.22448256335507072
0.787336567961198	0.357435007865682
0.8266593114109133	0.2882686982492632
0.8171526121200576	0.2767269176309114
0.8896397386990959	0.1800024540688369
0.7178712477440526	0.48758376162796346
0.8713319305743205	0.21355132546588756
0.8256318669214339	0.25436925840912317
0.9196207249151471	0.11919544670497764
0.880793699881448	0.17250845809625004
0.8934590745798112	0.13427199202672283
0.8633014667816201	0.21851484023876183
0.8844233891911372	0.19538409003669105
0.8823645712375879	0.16349217535583732
0.7839479597695062	0.3608387739863083
0.8103616575706009	0.3008523512385035
0.8757784869746156	0.20569921074035669
0.8518415222830154	0.24416539749473087
0.8169694797177532	0.3164912660900168
0.8661462815685558	0.1888699623543212
0.8693997275441163	0.20127844322657587
0.7850085255125209	0.31978491478968873
0.8054257730646603	0.3310458055419383
0.8674757679005414	0.21167891795429625
0.7390275437025979	0.44689750652690385
0.9394065917142189	0.07135181182194962
0.8786189087682341	0.1865619830513527
0.7629020277694227	0.35846386157849497
0.879699610840465	0.17249897344495438
0.7888649753118226	0.35729533788581624
0.8154808048265233	0.27515493133573404
0.8758183012348137	0.19331540586028528
0.8090816324536649	0.3044531083374545
0.8208812279574728	0.25207838321508913
0.8029818372232184	0.31257926152855575
0.8703374489761583	0.20886761971838436
0.8632340485281284	0.21196892846412646
0.8775385575137717	0.17528500660672636
0.7890312714290864	0.33555353872379784
0.8832931346833449	0.16210539969134574
0.879283798014792	0.1620012649020714
0.8887344585354999	0.1366500465755377
0.8697367204363963	0.18862556782615314
0.8626628153133441	0.19172743117383023
0.8019560392528086	0.3160889108249907
0.768475019724261	0.38736335061134247
0.8461205491871556	0.2483363826218528
0.8957361427181221	0.1749903595213116
0.8631674400771296	0.22400306569512868
0.8790339311071053	0.17908535681387155
0.8481927708191238	0.260477484539634
0.8651521947755545	0.2282866146246143
0.9049940952619444	0.11497476412592618
0.8030508291212494	0.3003605159899525
0.8628874218742443	0.2158182929418233
0.8120265601621827	0.3080187206151669
0.8135592739371549	0.29652962476469735
0.8630121213262721	0.2370544568385498
0.8905787490105102	0.14134773169313586
0.7612549915670288	0.3688253786415242
0.8741906844686292	0.17680031428842913
0.7754761425294412	0.3654912123140931
0.8177189440591778	0.2883694115961718
0.772233434601781	0.3927957762859736
0.8448632029272344	0.2621186449729818
0.8600704102470497	0.22352371736969515
0.8615173402238984	0.20705254596494255
0.8839544542687257	0.18928572756785464
0.8746327752315678	0.20828853289712235
0.9003880884484957	0.17033469580718946
0.8618686260892643	0.21746846141629791
0.8861503156731976	0.19436305457035163
0.8141691747827566	0.2966770084612123
0.8750038693170739	0.20519166652056198
0.7782821481977479	0.38396058810506156
0.7368235532893308	0.42228137190783405
0.868461785295566	0.16188193439787563
0.7867816328030836	0.35187915423099714
0.8479072570908831	0.2488685329622834
0.8575135089112266	0.23901061392968742
0.8093555595080123	0.3147547283107127
0.8633093676050728	0.21407073906821716
0.7582621950575356	0.36313156785972434
0.8850716443118481	0.18494865679949843
0.7849583695038178	0.3642817712763376
0.8852139490997895	0.19296772340805973
0.8791237646996644	0.1667657041647695
0.9032361511682039	0.16641736517903016
0.8263360440376218	0.2907151344537237
0.8935961307423601	0.13477517709856718
0.8745509427060808	0.21169861001252033
0.9289155985027411	0.10724319416214054
0.8660419548187643	0.22076631077498016
0.8953573291039643	0.12671842591199906
0.8251942741115545	0.2982341282470493
0.8892435180605203	0.1736313475079943
0.8752640872529519	0.19462943419302986
0.7826476296899499	0.37426904442067765
0.8583941063648921	0.241938987248827
0.9025158463977154	0.1660798729649961
0.9236627976102655	0.13115049029687398
0.8084775184633515	0.3257195741347897
0.8757706529858894	0.17433750427289613
0.8882346088684293	0.1773803642831058
0.8159106649349201	0.292394120505278
0.9153820359780996	0.13193191453425945
0.8853536439931504	0.1819187147367458
0.8299363505451841	0.264990943981737
0.8649575923485182	0.20538282455728885
0.8617431503408225	0.1885761616383711
0.8383021963090823	0.27350213070672574
0.8325043297825637	0.28093191296234027
0.8508329198151243	0.22554728363176157
0.8764015203899104	0.17768472264365365
0.8874909864679905	0.14075391576275742
0.8382643537294561	0.24013592842948436
0.7954089671751811	0.3493626283692434
0.813664840393617	0.31233985265332553
0.7984716702086695	0.3070430150081609
0.7477948215620813	0.39804350282494366
0.8074664616225058	0.2825263481484946
0.8088011762817011	0.29884435732642894
0.792829505698674	0.3537713462575041
0.8833230117209937	0.18660575451911146
0.9353423003493896	0.11119575729154568
0.8775443036819209	0.20417237976610203
0.8339015394733673	0.26249422924833
0.8660725269337745	0.18954974401211433
0.8540916394015413	0.2132956650903687
0.8635395334616932	0.23613948016487724
0.8699666413206903	0.19065054553449268
0.8186982935272893	0.297249039423054
0.8423688372849161	0.23430378145751427
0.8229081376730046	0.2955181195583268
0.8501177194998503	0.25731449749387014
0.7994026544316714	0.3233478572377523
0.8113049911771913	0.3134959957803551
0.7935650782294882	0.35067665078601024
0.8898041870672233	0.1846418470479108
0.780994848795515	0.37592707714956825
0.8101257478022412	0.32706393396563826
0.8382822086321682	0.261489904201527
0.8655687528837409	0.20514673833168445
0.8584432546036059	0.23452298333141558
0.8583906700851699	0.2195788388411667
0.8327825367192945	0.22112947545495767
0.8942352045995192	0.16448689952674825
0.8004288045986351	0.29606063469253796
0.8457345012030871	0.24796349829787567
0.7906172533221549	0.35785414336594257
0.8612860775192891	0.2291166851347226
0.8478575565296611	0.2567159677738402
0.8219343572237094	0.30462555779444833
0.8737310580560426	0.18932933559352516
0.8100620974473188	0.32573621623823035
0.8708252867886875	0.19741102088821702
0.796217054590916	0.3446297674717498
0.8180174073995138	0.2930773192697027
0.8771805830401314	0.170453755899904
0.8736102032478126	0.21350047056097082
0.8732187948585284	0.20763181636641648
0.9127035970010184	0.13125927251263741
0.7729533894834953	0.37287604148648745
0.8186442422555937	0.2993250497045847
0.7858805053792541	0.36152365083498633
0.8441876339200378	0.25973856695091296
0.8219551078098933	0.28813090864248087
0.8933847413983882	0.17951867337870636
0.8754579121055396	0.20451705230349942
0.8232036356919977	0.2870954227195776
0.8035628930577526	0.328880580862016
0.7892225796434973	0.3494622703420006
0.856906786910825	0.2460268310251294
0.8321844256824944	0.2787922405025847
0.8148573920279378	0.29771842919428176
0.8824024990872866	0.20057049496776547
0.8623819405491794	0.22005941150068448
0.8906717661749116	0.17714570436482885
0.9328533041046957	0.10042841331682363
0.7847615137174196	0.3449605919286544
0.9143952846750723	0.13039972926981985
0.8675672471317469	0.1911387516907135
0.8440283020124371	0.2676437051341733
0.7988926089350237	0.2761303281133599
0.8898487392281553	0.17577918181027935
0.8592787009316665	0.23310417001033373
0.8836419721152073	0.15896933121179532
0.8769562957753296	0.17532706959115005
0.8587456604149925	0.21394453914935319
0.915452011703903	0.10350958971159112
0.7582241732025545	0.3638953660843961
0.7423406330517469	0.4396027206154223
0.8735494797998179	0.20937295959522767
0.824097434667295	0.2961411964292934
0.8606599518612498	0.21179898333777114
0.8712596271876649	0.18247524269271187
0.8898422746007537	0.14738077978111117
0.9185495277892987	0.12377194772640618
0.9031158062031847	0.16493637845817016
0.8616660962796477	0.23373636742628334
0.8524153531706998	0.25516362108789437
0.8302377121160084	0.2658881039856513
0.85840934337524	0.22048712836925793
0.8307243872209168	0.2930506472426508
0.8720361883820616	0.20985899928057034
0.9023644099621124	0.13942790385714898
0.8300460301701424	0.28609250081023846
0.8364116981423512	0.27701616554258257
0.8580748314639346	0.1963001074776769
0.8929843503754604	0.1810745380582759
0.7932114267185424	0.34743753746254213
0.9069682053369373	0.14520035248901414
0.8827390124817063	0.15337241278944233
0.8682296131495787	0.2173762616523519
0.8642660345568375	0.203089039026934
0.8153309188391534	0.31887490730964513
0.9017440995045951	0.13741807689490482
0.9277758187585885	0.10738735323446864
0.8668410547542682	0.19602321317672528
0.8687186893939355	0.21081984032821563
0.8166090229523564	0.3140435590809465
0.830346969172177	0.29375489570347707
0.7892079194854066	0.35947825777181536
0.7633132739707403	0.4015257052952369
0.8654000493378874	0.18998771420413882
0.8756175552652725	0.16416753541834644
0.8344896810862715	0.24716594564427688
0.9038105572363003	0.15143590027710896
0.7799344995109475	0.3746605181894083
0.7372250417948976	0.44183503323298107
0.8772874262772322	0.20706726983748575
0.8465202342276794	0.2364807644236174
0.8482069545699271	0.2351987373132099
0.8446171391593902	0.26342985641617905
0.8700125907453722	0.18071370515354174
0.8235211914075079	0.27582147578957084
0.8708016556865995	0.18434713118557755
0.8630826831846636	0.22799887727826662
0.8281548570738714	0.28327337654381984
0.7117946297918635	0.46141946979788695
0.8540278121321692	0.2517422643144488
0.881866066576453	0.18497636563134126
0.8506877224679433	0.22351170579556495
0.8787975377622519	0.19609402050340669
0.7933126848488851	0.3191486273699622
0.913457089230588	0.1483392869107979
0.8104243374365222	0.3274519770374584
0.9051845657560725	0.16231712456296438
0.8822370627491006	0.16883909225891358
0.8756743130181298	0.1584512856224483
0.9086273466197365	0.15769933633769562
0.9584843099699396	0.06226139449903978
0.8468681658012259	0.2585558576074301
0.9045386932001755	0.14831185077529407
0.8737649267664219	0.2115210545143914
0.880172474290442	0.19059260551695936
0.8232464139980297	0.29606963804195807
0.8709570331876022	0.20519234042655554
0.7766300974783146	0.38520098920579815
0.8216619007136926	0.3077398896625664
0.8894067019677308	0.1896800851781324
0.7675603301966942	0.3670991978586416
0.7728773432424699	0.34118227222129127
0.8046387055571355	0.3218221911940424
0.9087395627678944	0.1409677853234374
0.8599850382967076	0.23381420969670963
0.8684515690011319	0.2099584449573228
0.7344910412518001	0.4383551135892522
0.8033365779006755	0.3206193152958823
0.8288135821419705	0.2888221702259274
0.904936268487353	0.14510483787876818
0.874698797137351	0.21229515784735037
0.8660697797013743	0.21486752225233938
0.8706803244629246	0.2086597265565877
0.8557968105720464	0.2077086936630396
0.8022326567568855	0.33731182989612063
0.7177491846346861	0.4877170985024109
0.8732162235572034	0.183033133238458
0.914522741128403	0.14385471374440212
0.8107005434534736	0.30438026434746046
0.8532473548192567	0.24582150183171464
0.7708790057840853	0.3921996195177972
0.870625407835715	0.21475674626201707
0.8217518258610255	0.3083246010994076
0.8628895609285742	0.18154198403615418
0.695869155985027	0.479541198112687
0.8071087998827078	0.2995278569335629
0.9028175555089403	0.16360941370485937
0.7767996716128129	0.38252762790678146
0.7974477339187725	0.3164036178930665
0.8637851346151736	0.20017944852449904
0.8830987961461271	0.19860567212682545
0.8414778254330606	0.2717053308127023
0.8442419589576728	0.25256609044158057
0.8635978438277522	0.20375620646026998
0.8630904460502946	0.22127346193813935
0.8692550487492962	0.2173751230010802
0.8451095691718281	0.255952590417185
0.8764876613515284	0.17348786410473083
0.8502128392062955	0.2201116403487642
0.900097627396481	0.17043689372509535
0.8456099990208805	0.24759304678716298
0.8369047191117238	0.2154203258638031
0.7515166435815391	0.3805545941266362
0.816884505750173	0.30105635200523356
0.8367062309463538	0.23630402857537727
0.8831557467849636	0.189768991652813
0.8581492856951829	0.20963712488590286
0.7704900106115843	0.3640765120611071
0.7485456031293491	0.41303387264320385
0.925709864822231	0.08767624758034241
0.7574823683955524	0.41143089515816605
0.9574034181996028	0.07369031002804727
0.7448071939603912	0.432009121961718
0.8902675323262818	0.15139467623431163
0.8035648242559587	0.2877334884260928
0.7573202269560562	0.40267481431326335
0.8637544850611166	0.2109500913219281
0.8915129818545274	0.13902263710424634
0.7607499883229135	0.4027935603453729
0.8304144038701178	0.27825652779696747
0.890919249457443	0.18104169907853795
0.8781687789396873	0.1686523929541194
0.8494115988767004	0.20571724806309646
0.8814576774791052	0.18482955292834652
0.9187689841755895	0.11526010540959793
0.7579031683112165	0.37744850499610105
0.8760505492347145	0.21073042967112465
0.7960411192188525	0.32744172889537104
0.817964675334007	0.29269847511473623
0.713258965075234	0.44292364296212194
0.7888513607627472	0.3086066932485144
0.8369689234422427	0.2371132698847264
0.852238448059769	0.2485890793240827
0.7755136518193133	0.3858376670656829
0.8686857118100831	0.2262513480950306
0.8002234671608884	0.34315284505286664
0.8139945464486235	0.30807454108206217
0.7854993138282372	0.3489691586845353
0.8589408721753741	0.21479104737521454
0.8940807173942489	0.18339639646461403
0.8715094061769253	0.17343723173457612
0.8548063373168202	0.22388694923889946
0.8504818797634964	0.20644733808102342
0.8159058457240908	0.30866541872675646
0.7847173764244513	0.3671006114766087
0.897111698380199	0.16359077624490115
0.870424762867079	0.21213282526329186
0.8771905059420536	0.19810645547928368
0.8748984580985109	0.21454928638086196
0.8223535991197279	0.2971206517858459
0.9090995012215731	0.11133470665481981
0.8546755351575732	0.2279274234505495
0.8008254232282958	0.3396133913942098
0.866740163755819	0.19866068093334752
0.8660324114975113	0.20163412634650796
0.7938894663365222	0.33333607621825745
0.9160535713651794	0.12434843182462144
0.7316743038572553	0.4628896426016499
0.8607177618346228	0.23749105714795332
0.7918736673264525	0.33028645356277847
0.7009029352542401	0.4909938298245039
0.849883123960504	0.2252667695653872
0.8659415037231342	0.1887544876017621
0.8777952847218308	0.17445278089152716
0.7683178410081786	0.3968587508391056
0.8870451601489012	0.14103628013138753
0.8945605759634078	0.15420260134701652
0.8433320020879673	0.24872009426714703
0.8987535382564797	0.13017750751829732
0.8732081606987615	0.2094910793469551
0.781783415421904	0.3658779870083748
0.8406643728132797	0.2746748652980346
0.8274695805625518	0.292012622876908
0.8015052645188774	0.3316488184807196
0.8559974524747342	0.2428241508719277
0.8940131461252203	0.18084258742809634
0.836986687098574	0.24551297214432086
0.8773383721240857	0.2055239553832986
0.836749972357583	0.278652470771744
0.9023401357956017	0.16904820969276813
0.7550587337545028	0.38790237487214896
0.915895088589951	0.1304928726964973
0.8979272809151189	0.1629268744268733
0.820093760759241	0.2959327199357751
0.9245558095856659	0.12986831352576395
0.691395868438534	0.49666409670568457
0.8335772109068	0.2868901449678428
0.8138208288192103	0.31673086571395764
0.8461022959624234	0.26357710318525485
0.8130735494177853	0.2995489927201218
0.8334241718679661	0.2784650033199984
0.8854107717093231	0.1815289691184503
0.8292354764409313	0.2693660029973053
0.8922584445355944	0.1623202119403606
0.843404771397087	0.226959301268157
0.8844797494152113	0.17881667717487387
0.866154577750971	0.21232690126433135
0.870338989947371	0.2064375431984687
0.8067183394416075	0.2843399226307329
0.842449201744281	0.26057644589994583
0.7941144191257472	0.3522899319608295
0.9001133970796011	0.12809344766439723
0.8697672615572579	0.2103874304997212
0.9136763160056083	0.147612178106091
0.7548461904450888	0.3958377178407312
0.8682792479452953	0.2160898027424349
0.8710090813542531	0.1874052331148033
0.9089355545453021	0.14570770418633242
0.9145273822744772	0.1305450863321581
0.7910207576695342	0.3390217685300339
0.8903462959538094	0.18485809980328305
0.8131509525353682	0.31502179878738135
0.835041687387379	0.26627524372634526
0.8854565855634596	0.155026865238437
0.8833988240000754	0.1533064370640232
0.8489724058213634	0.22581319429989571
0.8294738612841906	0.28392369746731255
0.9160380724744366	0.14286034336826803
0.7347390344978155	0.4420954019016535
0.8579101001833208	0.21630412499393367
0.8283763896602008	0.29169223793951715
0.8787289637641708	0.19813190420751617
0.8651478138207297	0.21777896079759246
0.8665616374088853	0.19163744778614716
0.8865620099007292	0.15390917242603724
0.8699414332970863	0.22473346737072597
0.8575220296221502	0.24244166076674795
0.8257587646506851	0.28393256930804717
0.7733347108395129	0.3797769187911639
0.8228611352887453	0.28363227770974897
0.8699098903372837	0.20539280229112267
0.8351344924725639	0.28170694750969905
0.821373699246036	0.3028508530795687
0.8663527741969529	0.21066472758958554
0.8880202593294039	0.1885534056830232
0.8852800516390716	0.1970294891326292
0.8858091235185849	0.18260608373590717
0.8608705082434589	0.2408200994434686
0.8931496030168214	0.18442951489039422
0.8551647088341005	0.25048951153592885
0.767477955294147	0.33556094644084067
0.8152219546254207	0.29928832851202325
0.866178502119644	0.18005281243028215
0.875807965715634	0.20873580688129745
0.7551804543740056	0.40961274190934827
0.8591935454415414	0.2139254617692984
0.889615865933375	0.17567388186351393
0.847204308876261	0.23753978153918062
0.9090663883849186	0.13638002974259988
0.8928374401370469	0.15276334974384365
0.805159473092526	0.296034693348998
0.8651397659450009	0.1952995497647121
0.8848778616292723	0.17819592804871434
0.8304765060043782	0.28703149500103975
0.8624039693346844	0.1865860664069842
0.893257170734968	0.18308621626603389
0.8289581456069175	0.27612464834603623
0.7924000784204533	0.35199282324164377
0.8241334572331587	0.29493668262965883
0.8638450601045711	0.23277833645916302
0.8700154435891809	0.19708045830768636
0.8879013468416405	0.1843721317814329
0.7794913812295259	0.36430794695611357
0.8600649485798042	0.24091426077814398
0.7950240927296867	0.313979938287142
0.8465883494578499	0.2598391380887609
0.8008105760993011	0.32752591250920704
0.8739486273934846	0.18856362177534391
0.7977094697859896	0.348602935410518
0.8806534515669708	0.1672231887816089
0.9091517346326599	0.1396901701417706
0.7909659560825015	0.3480539953326835
0.8423088322777507	0.25817685643443383
0.8364568828343086	0.28243286973166015
0.8878189509903726	0.14682357316120595
0.8943462920209847	0.1408359012932946
0.895769854212435	0.17887232344942733
0.8778889980745331	0.1718913540058059
0.8659132399403511	0.22669451449410966
0.8425181992227384	0.24554742569434534
0.8797992446524582	0.20489218854446029
0.8460088100486047	0.2609851976836139
0.9044441628257144	0.15821184893482837
0.851148435320426	0.24169218216899085
0.8574562511153613	0.2304862666088764
0.8715759978376979	0.20177901315550528
