0.00021072159164957845	1.5932542622589123
0.00019924574621174818	1.6991104886908626
0.00021890459243758756	1.721903203387653
0.0002166456868080031	1.6029254351499875
0.00020960182191021685	1.729531365192067
0.00021477607894936882	1.551927728379899
0.0002179099352747663	1.68985613710985
0.00021665931013348962	1.6785266636663108
0.0002235622425985456	1.2303114311271364
0.00020975721240448176	1.6519387099704517
0.0002175282236274135	1.396325054316235
0.00021979872242748502	1.7139990887873768
0.00022544636835495333	1.7242491697624212
0.0002133302825038347	1.6877493341464365
0.00022399873195723134	1.169365810220942
0.00021434839524073793	1.6617926576846105
0.0002159577468932158	1.3584211440875693
0.00023381585401530068	1.7147261372442686
0.0002120001164847489	1.574254118955915
0.00021615463984182045	1.647245094191857
0.00021450001144416794	1.6257478298670676
0.000219465039519677	1.7197117200064769
0.00021464860881607238	1.510201913098204
0.0002134639142681012	1.5968279407748962
0.00021538615430457677	1.5096723243104981
0.0002175719459307148	1.6268248645531864
0.0002126354070041949	1.5012629111360904
0.00022022555943004547	1.5839245880117239
0.00021546252419554635	1.6258432840122778
0.00022678028374953818	1.6872279558698264
0.00022402057097345752	1.640269008145124
0.00022488214871769496	1.7278883936926834
0.00022899955001911095	1.7286207154442987
0.00021655281412220434	1.6010018400023494
0.00021653820017928047	1.364028240431472
0.0002131098825853307	1.7221082130767482
0.00021489107016571543	1.4787948070437937
0.000217265579956461	1.5278487042277429
0.00022713479677665665	1.6377920002028103
0.00021928778899707547	1.7189686467917222
0.00021297504110231742	1.68737195295831
0.00021705433311709283	1.4558706252219338
0.000225974059837212	1.7113852700678849
0.00022446595631945605	1.5718913040514333
0.0002161390838509264	1.6918228261887078
0.00022614510102276662	1.591125874302573
0.00022373452834746271	1.60146734253336
0.00021159373334906316	1.626374770026544
0.0002143054728614076	1.6275392247006195
0.0002136773247750414	1.691336277208737
0.0002095775982283836	1.5128460462341455
0.00021582358930182676	1.4400238682163922
0.00022444605221809874	1.205373816153663
0.00021811770609827605	1.4262753898506115
0.00022936153658695093	1.516580594499006
0.00021390030436900067	1.7229173738223116
0.00021537422597244974	1.4381567464259597
0.00022120072036325034	1.5970277651654419
0.00021923984257885736	1.332258591166426
0.00021501515562272395	1.4485097246053151
0.00022512967451779464	1.6644912362538489
0.00019798499458395966	1.730754311952871
0.0002192456817525244	1.3515141986103516
0.0002142708503890136	1.6617817389535503
0.00022845039238313545	1.7296708237411575
0.0002146206811573912	1.523672903940081
0.00022806542288679164	1.575959857338106
0.00020983794649790803	1.642514525932531
0.00021305164506590452	1.6302257420084594
0.00021421073529949555	1.5890853642077762
0.00022616563705585643	1.7290378160768873
0.00022278312653269632	1.7094363620666382
0.0002127847503436115	1.660988448903392
0.00022704005947942962	1.7267974321032091
0.00021780735130021622	1.3843428387554266
0.00021657060362298736	1.5934094411793345
0.00022578266279558242	1.5440075525561885
0.00021122471789228388	1.6017577198043482
0.00022955534261187853	1.7291283336274934
0.00021342277146010557	1.6908908241316007
0.0002111183084277791	1.5740383674051637
0.0002274004906869822	1.1877193919505156
0.00023314344093552046	1.4738830197875346
0.0002071000672608663	1.6756527283892457
0.00021634068449356286	1.6140044480517535
0.0002167366724241931	1.6936999852263401
0.00021414517785063895	1.3914944483924225
0.00021992544858151025	1.6931029340562485
0.0002158930552881287	1.5716812795182284
0.0002189524396401221	1.708764539919588
0.00021734900273112526	1.6968012704576199
0.000216942505667813	1.5551703259485026
0.00021371246401895655	1.7137033093868292
0.00021607252347397515	1.6420359468435621
0.000218588895785029	1.6244114841558337
0.00022210740281060188	1.7130663357378668
0.00022078746580615438	1.409427576388507
0.00021872418077395047	1.4616671370212986
0.00021402875976149043	1.5938176149128755
0.00021758103459701533	1.6865041476650957
0.000215750319137244	1.7129752791691617
0.00021566848707228091	1.6316632071631116
0.00021413201491855366	1.6579690715171451
0.00021193621334327515	1.5540921836544268
0.00021531878714592875	1.672845746313596
0.0002211745284147221	1.280515096118165
0.0002239333807664586	1.7091435056715234
0.00021802230040832667	1.6764384883367125
0.0002119936392094823	1.6758779063047067
0.00021202480651138743	1.6568580260737087
0.00021436403448526968	1.5892135112326313
0.00021010044368586258	1.6682739954238488
0.00021129820083342593	1.6176599147632849
0.00021544511225077826	1.453800672900555
0.00020877824880129916	1.6478116429956629
0.00021906873475180147	1.7054306119567741
0.0002213609804677202	1.2407774673296599
0.00023291513216173605	1.7169102342174904
0.00022972581959243614	1.6814824366485173
0.00022775848172520362	1.7236878087533065
0.000214359814984711	1.6792950813190146
0.0002130878203267181	1.6372265033930882
0.0002163291972258689	1.531746842190575
0.0002183146299717829	1.3546125163398632
0.0002141300283515634	1.5306551716934358
0.00022846970001141843	1.7103485337064068
0.0002140618872244777	1.7257708825083005
0.00021934924149654667	1.4972727538819774
0.00022063261673271734	1.5518471594616445
0.0002164210051867289	1.4202929598194312
0.00022104350449016395	1.6849988055139062
0.0002070129759379606	1.721761573537204
0.00021111208537906773	1.5593313512006104
0.00021526345688911274	1.6369224119835954
0.00022330053676389023	1.2475872079891248
0.00022083820785133863	1.5213388281786493
0.00022760600516087223	1.6331041306427685
0.00019672466609914346	1.6944170085633388
0.0002150227491996589	1.6657502428718156
0.00021036980134036675	1.5844818524744322
0.00021204196052315607	1.5645931334769645
0.00021449410428696827	1.5958207559254636
0.00022025454102816823	1.6678482164290678
0.00021540575458698296	1.70188825616325
0.00021994221595392642	1.6981379496432285
0.00020435626217036934	1.647753476406234
0.00022785014498505224	1.692983996049682
0.0002231170163395904	1.5782141249067905
0.00021301780591936732	1.5641299236631536
0.00023012889042509034	1.54200329343854
