0.6410728686216386	0.5735285294628575
0.668081956791084	0.5371319937294382
0.6574872498194537	0.5874992167578033
0.6669037200817202	0.5762050543264235
0.6619250535172964	0.45403349846267904
0.68361105954061	0.5424674972445098
0.6704466598297452	0.5675945933724054
0.6572358573117957	0.49503348512512235
0.6422435917465643	0.577496374390905
0.6134799503232343	0.6595719300946448
0.6042919668123454	0.6051233968416516
0.6516767081782417	0.5263463261190827
0.614269465190084	0.6173270050245034
0.6596388007584929	0.5753058309745795
0.6824943956181421	0.4820707726111807
0.6562216401556127	0.5839538895068059
0.6475389035844265	0.5095508712879221
0.6344175868081441	0.5591721777505805
0.6423081963386741	0.5845680168117096
0.6520760596220049	0.5817026953084787
0.5964440613038516	0.6938961497475382
0.6278532784140983	0.6159713315774475
0.6570017167727695	0.5475612658629527
0.6501948542863949	0.5184499253346385
0.6690388687137316	0.49579797417390514
0.65200864385435	0.582042700570633
0.6695601774372121	0.5716407226162099
0.6435458337354552	0.5959462704820025
0.6573319721984152	0.49569033376130983
0.6177617694223858	0.6223144462510909
0.6538625055628735	0.5979120781422484
0.6144351869385187	0.620057411120179
0.6418576471089151	0.6174969248791907
0.6447863395591846	0.5992503588095585
0.613651084810619	0.6437649725603246
0.6536266127855774	0.5881931017740992
0.6391688358170873	0.6071140701303465
0.6405059036684497	0.5295477391126892
0.6390968388253635	0.6197497369887567
0.6512506084547232	0.48035345408213037
0.6385167290965045	0.6058218251946504
0.6736249611126123	0.463585050784362
0.6384550646031917	0.6086774563054258
0.6804856895167943	0.4866536782010567
0.683612294214686	0.4702421221244158
0.6931232510875112	0.45276406709262634
0.6525891527041036	0.5612851458971821
0.6600773685813763	0.5740007187739653
0.653359028042101	0.46034289884097845
0.6436950451233118	0.6122031775303101
0.6475927973897739	0.5949246107131027
0.6472716875447685	0.5245177783055862
0.6305128831473287	0.60596991337273
0.6591223597331296	0.5365985022172112
0.665568539258014	0.4962846944769446
0.6439764888108248	0.5704578292409961
0.667563122693976	0.5651533809650744
0.6455228396064313	0.5434467760999109
0.6749179134338464	0.5394441372267212
0.6510456149123075	0.46299028561044575
0.6462544291304053	0.5778698367264713
0.6499216235719567	0.5949068290808244
0.6428306936585745	0.6000902497589715
0.646384310846801	0.54370241471377
0.6510858356024843	0.5418918202619247
0.638110190578196	0.6253676000704356
0.6807034036794604	0.49713789469653435
0.6710787458943961	0.41577580923529167
0.6524336937411693	0.5524093046204607
0.6250730490965055	0.5916210644371018
0.639227000833147	0.553960744988485
0.6592482319942	0.5600696040473869
0.6380116858022211	0.5872800497702828
0.6366784605023704	0.5533934409463533
0.6668274434020891	0.5622322293905231
0.6421312693174442	0.5545084853198415
0.6262832582096743	0.6445921069816543
0.6435600501630953	0.5806881017586625
0.6438841325379853	0.5942611740974191
0.6206497655087087	0.6440183753698814
0.664326490509088	0.5744993261272514
0.6361560013816054	0.5687879104594799
0.6759596321625162	0.5450920840348357
0.6797537656536521	0.5481444584253259
0.6430368050647837	0.48122279752320496
0.6430160874420771	0.5482178823777202
0.6680913716389515	0.5259954286875568
0.6907865324429243	0.5137835593102962
0.6454920911938614	0.5748020178657145
0.6544111267412808	0.5713965120761102
0.6638782551825939	0.5285551577262279
0.669088720582517	0.5353901024173983
0.6533363406948502	0.5140188949351644
0.6837753835072886	0.3765991609039151
0.6489485553520534	0.5109853207259184
0.6588697372511719	0.5680058694812804
0.6734151990730789	0.5626683156802967
0.6562363437364088	0.5590587008913801
0.6541805406653637	0.4889852805273345
0.6462569332141742	0.5949342830141107
0.6473375744924581	0.5169080066923913
0.683381982662241	0.5019715387770947
0.6754751242238016	0.5026734834073231
0.6731476137292941	0.5536279558247532
0.6520095899376985	0.5024469674374707
0.6658228293470793	0.5751608159712447
0.6326757513559846	0.5988887450972968
0.6460004656558015	0.5303203151411742
0.6422116004000249	0.5806064414287683
0.6904108699015622	0.3518687619745816
0.6458473389536564	0.4847497798844032
0.6666491492155207	0.5647330072312295
0.6559974006907098	0.5038192050993031
0.6630916746111011	0.5458316746142654
0.6846747035306835	0.5341269280182153
0.6829504565063833	0.5411624165506408
0.6536809132900661	0.5184134942906379
0.6346631461506649	0.5865816830418026
0.6807916037934045	0.38656299765097313
0.6549386092021294	0.5931641402147045
0.6452585565940052	0.6060357436277745
0.6513433902751252	0.5796491585582226
0.6866236055571628	0.5411186004133981
0.6403021792038429	0.5423138536384132
0.645353180599618	0.4997549992622719
0.6099336706929825	0.6037293438877771
0.7112929180810981	0.3130582316714596
0.6468491338011622	0.5965971938358818
0.6528556349795788	0.5542772863107298
0.6452866123720116	0.501828566108142
0.6347171434493821	0.5486431207449038
0.6702469721430376	0.5072130520106635
0.6540776643745024	0.4653020302507506
0.6475150573158671	0.5079264712486773
0.645779751399911	0.5100605624951583
0.6496834941875349	0.4826390179035391
0.6570886090118185	0.5206658001968745
0.652970560611805	0.47627089386278854
0.6733251115361273	0.5214071064588411
0.6398087749007475	0.5392175947824352
0.6479383096780837	0.5887598953419095
0.6591539576302837	0.4885266686871919
0.6382002905916254	0.5584505476144374
0.6512246324023813	0.485818954392803
0.6695795954882597	0.5201124534610533
0.6405162113424787	0.5518595480448941
0.6390992030228764	0.5582687592226371
0.6833539963277332	0.3769170192942469
0.6491179544933462	0.585059446724225
0.6565916225563435	0.5763249920763152
0.6434528181793395	0.5846205594609304
0.6472934430962394	0.6012514932598311
0.6302033795690286	0.6061602280713521
0.6712460305061109	0.5662340547773248
0.6586982884878286	0.5636973551109312
0.6207491256160337	0.6427315020108504
0.6810439111809142	0.38913700592670514
0.6436033731495703	0.6013290318942311
0.598283403752995	0.6936233976063371
0.618441641524872	0.6349552863400674
0.6513830949282037	0.5181930158371786
0.6483450694155373	0.5111748927368012
0.6506660215188926	0.5860955191975915
0.6774932231110353	0.49634669155168337
0.6264718533843098	0.64525382738822
0.6575463414883864	0.540084316498219
0.6520398503911022	0.5920567520875363
0.6523534615700823	0.5152883298564201
0.6452352394643938	0.49880649277966993
0.6540029051846064	0.5471103411084679
0.6815095290027019	0.5432355433762064
0.6339752314112524	0.6078137819694497
0.6496106798123148	0.4528576009798737
0.6583966068227391	0.4538504932996492
0.6618508915765753	0.5753656772693074
0.6667257440584186	0.5575879578449174
0.6958034426950234	0.35151319470457115
0.6649646634193382	0.5077554502261502
0.649007446088516	0.5947911006900481
0.654131114207876	0.5344802965325179
0.650093709274291	0.5495972649244172
0.665796821399411	0.5392249481618199
0.6223367951943525	0.6445188082751434
0.6401337877943675	0.5807691894636237
0.6548507054192508	0.5646802604657033
0.6525805008166371	0.5808042269265297
0.6549825357850821	0.5031726835997616
0.6449080737340734	0.5790929177786571
0.6463222791484801	0.5378042150683894
0.6358169281180508	0.5799349041565605
0.6558224553433737	0.5886547135973934
0.6467030988133438	0.5620906865210937
0.6531297736928517	0.4312868495298331
0.698667594568599	0.45923470173710346
0.6425264518456012	0.594718078514393
0.6221615735255832	0.6532639825587128
0.6208383528903875	0.5133401257000505
0.6665334853683935	0.5287923573701265
0.6350836969449247	0.5786191893453576
0.6496755104732972	0.595640132962495
0.6349401727702655	0.6201550338328065
0.6563466297556154	0.5776702524058469
0.6734479344145821	0.5357315688104745
0.6389345082698922	0.5661377298704086
0.6430430875356892	0.547897458891139
0.6789131332266201	0.48340945475358194
0.6453592012183729	0.5152782941439273
0.6561311880115754	0.5811445506639032
0.6523590700509608	0.5652707762243688
0.6637345070093197	0.5053993663272252
0.6427041906935886	0.5390852656132857
0.6399097033678678	0.5971062208065503
0.6453747816543857	0.574602743386821
0.6510900035465378	0.4882707305516848
0.6522214801472471	0.5177897038479121
0.6452081942076158	0.5557232007178001
0.6426270524297967	0.5979293615886285
0.6629192105582218	0.486194836425781
0.6548188066797311	0.4762885322069823
0.6913956982900721	0.456998716409385
0.6552392370371868	0.5763282795281168
0.6709087594594131	0.49656268749701693
0.6414698568863141	0.6207458609897538
0.6518164896287608	0.600121495534535
0.6390536727707941	0.5640422008155432
0.6848743435497172	0.4799890183995978
0.639797118051058	0.5881119876086248
0.6608386366781874	0.49412984580516917
0.66776530497883	0.44777972802186183
0.6623222236341243	0.4554017828694006
0.652064459740915	0.46484902151942775
0.6403719234980574	0.577787874874974
0.6590272972238048	0.44008130745653257
0.6666370365995227	0.5572827296967382
0.6500821842175448	0.556974380208984
0.649784289616427	0.47707527982196235
0.6570509833996667	0.5390558430655421
0.6590420879282914	0.5418122522622065
0.646609168726552	0.5838650818053619
0.6614688962028007	0.4385684627774148
0.620685827815784	0.6334540769100447
0.6646765592435765	0.5697844274916931
0.6096676444145314	0.6556277672608049
0.64536739428724	0.5085967533202324
0.6911308194098722	0.5152811162735864
0.6310709064710218	0.5903875331659165
0.644929581378431	0.5447175727675113
0.6220914266573528	0.6430697191748531
0.6399979007042798	0.5714902462061119
0.6600797542646394	0.5675505989812477
0.6563782248854897	0.5660175519833432
0.6600668695115797	0.5315884871926679
0.6400977218236361	0.6055396531052902
0.6403757828119553	0.5569929498986925
0.6356777044232357	0.5512353223345973
0.6347561953525718	0.570731527564928
0.6805862321921169	0.5101214018970474
0.6572205916119155	0.4718348725329842
0.6652925197402207	0.43488529919103003
0.6423849734732805	0.5013447173365841
0.6294963208231109	0.6309203501157731
0.6419441315318107	0.5898149586577157
0.6535360035235958	0.5197699398956899
0.6981615388865049	0.4525399742016513
0.6540635461182795	0.587958198571662
0.6941919957630165	0.5094660064775723
0.6494169632885309	0.5857351536671898
0.6803921376864587	0.47279657334584463
0.6484919406936555	0.537961512231047
0.6439255939109833	0.5941917931877535
0.6464346134654395	0.5867291165648838
0.6654744517471365	0.5593546472883397
0.6650578653469997	0.5724873266212782
0.6692181311666968	0.42637575133726047
0.6331846271869925	0.6251864037204256
0.6432714445998126	0.614903084668854
0.6412977869915889	0.6194521962269013
0.6465803696614567	0.5892633374341759
0.6695655539327983	0.4974837959504772
0.6521848297469661	0.5472152534862195
0.6440862952641425	0.5072306492876277
0.6473863922071971	0.5729266597613513
0.6772662355887358	0.5560052482010853
0.6881939546025656	0.5139612614322239
0.6555582438258039	0.4217651319379515
0.6456020203063068	0.5944230961597456
0.659717244651603	0.4927663619042085
0.6533341511258298	0.5676754954549736
0.6729284339599948	0.4099038520466429
0.6562750938529945	0.5878291464653803
0.6179914483658353	0.6508409005171607
0.6378314785612385	0.5598514648475204
0.6543730724038257	0.5497671652832357
0.671294870942623	0.40702411949454503
0.66569808809984	0.5651485620359703
0.6805322108784256	0.5088083435852087
0.654152012392725	0.5004796147746441
0.6430006716923772	0.5263245446492837
0.6586757992473934	0.48974821224645115
0.6477987070051867	0.5700589380210146
0.6457607249823283	0.5774284910074184
0.65350876205791	0.45648168592703137
0.6267942442586075	0.6161047369498487
0.6682395068979282	0.522179887181375
0.6402559670633368	0.538912531383134
0.648092095686715	0.4931514625895083
0.6696224308628775	0.4070293759420956
0.6752371193422398	0.49396156693375104
0.6249579094387875	0.6388763520194556
0.6649868674054773	0.5788145680361686
0.695182092321246	0.5242240919495055
0.6427898885435753	0.5614008287801527
0.6372155309893057	0.5785948922688133
0.6937328490132978	0.5293930617659732
0.6884914421121352	0.5380330227482537
0.633199843114266	0.6238023473330406
0.6822131947065305	0.5454502784084606
0.6561469209439765	0.5615995978797005
0.6715018324731519	0.5640670878267939
0.654593733070482	0.5924401832447513
0.6862381203086703	0.5354732753475571
0.6422837326760885	0.5505682248552456
0.6469842711190099	0.5172964842231911
0.6578511509210752	0.5852165640453305
0.6515037849666304	0.5871188711386373
0.6557591107987293	0.5894323234838803
0.6311191448400882	0.6218723264299304
0.6680633751850452	0.5693042554449204
0.6599360863744548	0.523586912262347
0.6636499938811319	0.5151656111531987
0.6479899453960111	0.4733926330135584
0.642329178076117	0.6127506470899282
0.6507947740453079	0.6001310523507983
0.6771074090163813	0.5589469367282411
0.6518229186529926	0.5898861388549541
0.6415315482110321	0.5789762605609671
0.6502103703868806	0.5618177679500302
0.6419069120348463	0.5446192370322499
0.6504207577825976	0.4601416686968381
0.6382069529174069	0.5691627012587401
0.6523748462900821	0.49714160237459526
0.6772326547787093	0.4696458692626803
0.6519073961753211	0.5150311031933226
0.6241205574422382	0.6178754477594528
0.650821250508475	0.5696040241524928
0.6601204130511952	0.5143591627469531
0.6982357852051031	0.5034615433950321
0.6475069021761304	0.5365979628590558
0.6458726828097724	0.5679757048424307
0.6452616416489455	0.5261844236693414
0.6674702160936525	0.5604137977442212
0.657265852243845	0.48085036350669375
0.6495035660493435	0.5856279478675822
0.6744861082852301	0.5634351012456329
0.6158521016463743	0.6478174749682013
0.663161671176879	0.5783171596208578
0.6441363380463476	0.5338158259838338
0.643987263981434	0.5999598606078742
0.6650086328045387	0.5236845196001836
0.6366736360018878	0.6075984131628327
0.5991316345381086	0.6191001556197328
0.6562392429667492	0.5070531751641473
0.6755781179153554	0.5537080948911072
0.6538425435285469	0.5884987792691643
0.6695598463282315	0.5243941996992428
0.6883118943843446	0.5332154018821793
0.6786601794281257	0.5444815399472371
0.6697188459808888	0.41779064046932113
0.6518847334572515	0.570064009408626
0.6621764845113013	0.5704503346565475
0.6593383592313108	0.46682572052644783
0.638870874080068	0.587593933361507
0.6820790868474924	0.48753619451828734
0.6395615162585624	0.558951460714866
0.6651701780172445	0.5656268462143841
0.635081255342758	0.565519099117217
0.6513444570911638	0.5353580993762477
0.6517744503517495	0.5858411686809557
0.6565104619159983	0.5820141082975785
0.6639217636459813	0.4129042374443786
0.6422647138614827	0.6135789997636671
0.6435843507089988	0.5708041145612657
0.6462285371637989	0.5902191584658996
0.6939167193101918	0.4678241661853372
0.6501804861995405	0.5308982665036663
0.6271399237058531	0.6400190361718376
0.6842804866135468	0.3703821244667218
0.6503000797243301	0.5560917326852908
0.6540147338869351	0.5648271454384983
0.6612355483361871	0.5786530994353956
0.6507933319606735	0.5799553479363087
0.6633884261646121	0.5698301379094897
0.6429206558439964	0.5336210275164506
0.6484962141125042	0.5154839557080951
0.641809844207169	0.5964498099439652
0.6481629593468046	0.4877639428655786
0.6756908149946455	0.5607698772216649
0.6445147975424553	0.5268240607095339
0.6301609348158681	0.617226778909991
0.6505578514243467	0.5380999055950386
0.6674275954410394	0.4198125810222807
0.6465518834276904	0.5879204850496631
0.6706062980195675	0.5130117060903358
0.6903471433371586	0.5070791135252917
0.6530415710830906	0.5843998398972741
0.6400116406555844	0.5810633764903843
0.6926582398754481	0.3594303868707471
0.6355589935641717	0.6158635968667756
0.6644809440467057	0.5197629788250582
0.6588695530496412	0.54091611624679
0.6298777650151322	0.5780408896310512
0.6644395282854646	0.5600684947019731
0.6779850074599639	0.5564984488294051
0.6212874190380318	0.6087487800916366
0.6608944889956913	0.5024252717935512
0.6577595521846952	0.46010863762281806
0.6602013879031007	0.5828857304642949
0.6555437966480968	0.5840743034650372
0.6433987202798507	0.5596777474837509
0.6596936856637972	0.5822397463455296
0.653561885836269	0.4905588224198513
0.6539663994767135	0.46998278208379585
0.6566718417651948	0.4581621138809625
0.6545168316687954	0.5287022819718621
0.6599080029579512	0.5829179561939781
0.6561784821166471	0.5130511572468897
0.6479670099313055	0.5074461596660484
0.6482696851889178	0.4559482966057687
0.6084250987442656	0.6493128678411235
0.6442226318695292	0.552787022751164
0.6514480202865712	0.5914695699993391
0.6362453104289967	0.6048490634169018
0.6456440139787782	0.5516960165966971
0.6510226634064189	0.5872836713462468
0.6481505268916438	0.5122063689534633
0.6554040758388238	0.48025327784128213
0.6585922852960333	0.5448982584982314
0.6909816604245793	0.45457025299642095
0.6392591433924592	0.5652963411321107
0.6481866747093216	0.49623012046178994
0.6185052830316783	0.6543310072761772
0.6545511089911062	0.5860650738180555
0.7040643119821582	0.5061668657039395
0.6597047980064057	0.448216456543136
0.648017310162403	0.5872086380147871
0.6456181818563362	0.5822397595850364
0.6296527412785241	0.6011671976444366
0.658559287832269	0.5286565448755559
0.639849112988377	0.6129630764383824
0.6685161828143907	0.5212184825945492
0.6501356597723976	0.5868876283052742
0.6401404404565312	0.5963226660732762
0.654410619356245	0.5958963836300823
0.5994919257928836	0.6082171542247836
0.6553043659703788	0.5327284950360129
0.623743165866613	0.595526510215603
0.6861019606321711	0.5390438281038287
0.6670822530321775	0.5234464223922197
0.6436369932578594	0.6058104127766164
0.63908446199789	0.581456223912772
0.6678029178507928	0.5673827793078585
0.6489668215009076	0.5946393405170134
0.7122092786005462	0.4188782414671137
0.6596468517880987	0.5882915981876122
0.6579307848944487	0.583032201132623
0.6599841153617945	0.5571777903026296
0.646087784658657	0.6017811248708567
0.6141634880049783	0.6638796385467514
0.6529867602480814	0.5512582197672731
0.6708170874966828	0.5024258186274344
0.6637218824766173	0.5375940014298641
0.6506338072883067	0.49611149156465306
0.6609630985334884	0.4472458714631835
0.6476816953793499	0.4801292433450282
0.6458214414547996	0.5037476438024229
0.634585241121029	0.5722737683888808
0.6594934681634955	0.555223894445774
0.6612933508209599	0.5356556465387945
0.6128031024550384	0.6381092128496552
0.6377633921662879	0.6272578174063439
0.6504070536750148	0.5123140172492343
0.6427804594017483	0.5624567400452378
0.6367061607181231	0.6102505926579103
0.6503358133379118	0.5843241166842066
0.6184931788190688	0.5959347757991679
0.6488035664354834	0.5885925546636787
0.6577622484553202	0.5747806216948245
0.6814598615393164	0.5503334209331057
0.6382133094537891	0.5385965811988246
0.6474233820406486	0.587321953578746
0.6093718298009593	0.6631446868875353
0.654693111151653	0.5943081930730485
0.702042630294956	0.512232651588991
0.6874205159732302	0.5188237800293359
0.6571016587411145	0.56501123967976
0.6251035343748105	0.6330589199739458
0.6480186122804462	0.5720081309981679
0.6414463112174501	0.548545619864242
0.6274321356117387	0.628917956407012
0.642806159811669	0.5878890101648913
0.6439450789801637	0.5138781098227603
0.668292614384759	0.5696035693978448
0.6783692577232082	0.5495930841030939
0.660668959362715	0.5448794389523047
0.6419072244987163	0.5948767214263406
0.6504137786856912	0.5584738210269977
0.6453118516050745	0.49271029428276003
0.6728829968997232	0.4147044463933362
0.7151887931475495	0.41489133640434317
0.6414527482382845	0.5871268511739851
0.6576685606957661	0.5734521843323154
0.6432277593220648	0.6022047330295486
0.6392127101365764	0.6115091502126825
0.6762089716584514	0.550050610505034
0.6797218704369621	0.5462376398979791
0.6576066967455475	0.45663507788608715
0.7004651886124775	0.5006082741950073
0.6499177512352415	0.4657144308226684
0.6723913811380813	0.5535026812119154
0.669504582155429	0.5160976684478858
0.6426900438933741	0.6100051453710305
0.6572411716312847	0.5512027603685754
0.6413086087939455	0.5933770003504141
0.6588637910430267	0.44357462697667044
0.6796926293078736	0.39776423067853206
0.6449306354564598	0.48831144566645834
0.6046999183571258	0.658721889454311
0.6655114872839097	0.4307065935485235
0.665438074826701	0.5048873352786893
0.6720920077793291	0.5541953017138166
0.6185319568366998	0.6201002831499445
0.6344891076717293	0.5986532456885103
0.6404658477823671	0.5811978097833456
0.6412022089436409	0.6106483634330622
0.659286986723376	0.45132104723141
0.6856941249171632	0.5439327171837081
0.6507757093011758	0.5963117002847313
0.6579335816464209	0.5515222621809469
0.6433235321806564	0.5887966347003124
0.6516175620009834	0.5923884202640018
0.6604695264552842	0.4951858698714248
0.591411460304033	0.6879957384795959
0.6620828341146728	0.45727307362313324
0.6498390851867005	0.6040354119766899
0.654913682214287	0.5025799530272983
0.6825825372557055	0.4794786190029427
0.6460190258738997	0.4776233167044879
0.6522594926675909	0.5310030715950929
0.6491005985046726	0.6036849041706177
0.6367189370392041	0.5800460068818704
0.6644535845155883	0.4349872805930555
0.6424729155846344	0.5914696137129283
0.6729921043344407	0.5493735513440048
0.6512353985921951	0.5956700708458502
0.6370193866457148	0.5585773501485636
0.6739825403046094	0.5053586561852963
0.6481801212335733	0.49821548699362117
0.6454212304954766	0.6033622693601124
0.6559187128582098	0.5803281409166461
0.6300096163344822	0.6280562607616962
0.6519905956206928	0.49046826163863266
0.6519846987143089	0.4665617444514121
0.6854181424239923	0.5037764866271555
0.644187045184011	0.5509332297701082
0.6537184766089462	0.48653676762415
0.6756682413449542	0.38027730997979503
0.6693646606952965	0.5592687050434926
0.5849541986336279	0.6679073724282569
0.644159016411234	0.5924728916912323
0.6547247750641739	0.5921724080426429
0.6767914517028831	0.5506448907729682
0.660395694106451	0.5794476889461782
0.6898827382511132	0.5097730482538095
0.6395846934968198	0.5680921868189477
0.650648937564163	0.4918849724165947
0.6463904358796156	0.5552236396606318
0.652767245214245	0.5301668419325024
0.6452557662109035	0.5346736112982837
0.6556675468394203	0.46508908328648707
0.6811176526694728	0.5495366962352013
0.6664035494239949	0.5730619666325569
0.6060892365802534	0.6735532100795086
0.6603051810209162	0.49884883423017784
0.6676269730119488	0.4267974838345143
0.676645035380882	0.5210806521588721
0.6161461342456581	0.57455257628868
0.6231873235175197	0.6462925520195583
0.6426011728426465	0.5427580748607609
0.6085135037228302	0.665903905624613
0.6645473929655801	0.5361100856115457
0.6531746010044713	0.5200700591432805
0.6496036556826463	0.47107466750338445
0.644742656248353	0.5069573955841482
0.6529693140935114	0.5928273096579262
0.6649122881297471	0.5769675413671311
0.6429544189469764	0.5501149565458032
0.6482986537507532	0.459867525485533
0.6728303879329978	0.5550175855641382
0.6698010848903124	0.4402244060747569
0.6493937980779243	0.5888438709034942
0.6523299937998812	0.48833480921379196
0.6491143517201512	0.5599623766965327
0.66992630501897	0.4248406831669116
0.6823041966387584	0.5490651232855934
0.6968516118167103	0.515632731647123
0.6663444005159092	0.555771161670586
0.6774621932431818	0.5166450144459721
0.6964777629747767	0.4384365685703797
0.6581229837139472	0.5330281301887818
0.638663403635576	0.603276120254421
0.6952828087053564	0.3396228112142246
0.6532670427831548	0.5537931373159869
0.6647383101109492	0.5045591829599623
0.6506219908670141	0.5320147355489787
0.6897188107783065	0.5351903540513059
0.652761836295483	0.5921928705545545
0.6398315310194417	0.61442684997732
0.6538524518290633	0.5560399326640229
0.6866277151954612	0.4935691630665447
0.6308200740667792	0.6285147211650284
0.6816360507457441	0.5150993596068683
0.6665202612608332	0.5340562730325382
0.6400375080358365	0.5667617392465953
0.6630475825853646	0.5451577490890492
0.6547157530856957	0.5885251534679475
0.6585999113686565	0.45937978535017576
0.666717350160581	0.5649327923051304
0.643745285737096	0.5532092952354715
0.6432491478259909	0.5473517198521856
0.6835654021045765	0.4844283575714435
0.6664204396999867	0.5115547027995992
0.6447664024013442	0.5955669533163213
0.6395673442242091	0.5510984185805397
0.6823506745978214	0.4676981996727552
0.6812812352633071	0.48262375946818836
0.6836167944318827	0.36438596414868246
0.6580837887521775	0.5132836747715314
0.6448588898447664	0.5498114164855143
0.6625791477362918	0.5431578224147762
0.6610055777809695	0.5430596802434047
0.679774688441112	0.49071159668093267
0.6471396223480248	0.5645818493192654
0.5947850372661808	0.6985780279665109
0.6446153009222141	0.5827696933166315
0.6856903088925819	0.5109324898663339
0.5906711478323334	0.6819254657975343
0.652087485802372	0.5651696634718388
0.6144450802029066	0.6564146199422716
0.6355711478659276	0.5585813568328786
0.6213428793164387	0.5986599744446368
0.6358731087733065	0.6248809928696286
0.6687884205274581	0.556340248579154
0.6403123398005636	0.5547851429710856
0.6747946493564395	0.5354946892305594
0.6526329991717469	0.5918159880483532
0.6773318115512188	0.5570632575785562
0.6769364195529335	0.4787490594736155
0.6170767828727413	0.6072894689128323
0.6459351055893616	0.57282479837813
0.6622251766212474	0.5791667724428204
0.6508355140626796	0.5071903316120171
0.7071960045035085	0.5047295849130597
0.6630299625666172	0.4525191463516941
0.6427437593944247	0.5286792436354188
0.6745902494288188	0.47139416330107053
0.6395593917631258	0.6236028055215013
0.6679580396859046	0.565111757989579
0.6932631911593155	0.5260960828936985
0.6426562255240493	0.5838172295464317
0.6638335404951884	0.44575505496237444
0.5948505471398626	0.6785001222689657
0.6548941594702534	0.4926124441935573
0.6728981996820196	0.5426658554978638
0.6483700563336392	0.49765088319378836
0.6376634474909034	0.6185791156577916
0.6356514475627931	0.5741025572893845
0.6746333089763524	0.412149681581509
0.6466461857018875	0.5861888823467469
0.6708008814531068	0.5155148219835463
0.6493972911468512	0.5749883964415943
0.6390405368240236	0.5920669182778435
0.6736002386140745	0.4843511447259856
0.6698377430584753	0.5656146383914833
0.64047320781877	0.613925071980735
0.6813624256801419	0.4951650069222676
0.6564259230318481	0.5728383676017526
0.6568825318983718	0.5133843413987278
0.6523198779859601	0.5888820380780204
0.6826807487974234	0.5040360111176266
0.6728502334136028	0.522350788818706
0.6685307137527002	0.5183341694516801
0.674775776675554	0.48037281654873687
0.7027475319479355	0.5095956280757798
0.6490437390940738	0.48692231930459084
0.6534289305071216	0.46255712314563724
0.6504614378612977	0.5673661659869936
0.6470651074382442	0.5640065559739571
0.6421023753496901	0.5517572857636036
0.6405013635973095	0.4885512300882587
0.6843243417045676	0.48154434358175774
0.6395416606630346	0.5521029563954768
0.626973927637177	0.6271962485738043
0.6356382992859012	0.5907946650835487
0.6591742409013495	0.5828737706019846
0.6485323530103518	0.5748336853698583
0.6653031627101913	0.5203450112834002
0.6452898339163415	0.47463640355603054
0.6666171699792026	0.527196200533802
0.6979912395576032	0.517221971605767
0.6779864215274589	0.5550634924801179
0.6646193822140256	0.5439995790195061
0.6536115692309652	0.47663709552253836
0.6492337876344234	0.5406619100205484
0.6441229111371926	0.5550616205597655
0.6321347668337421	0.573116968521777
0.6995365797832479	0.45417377252442764
0.656132750486377	0.5143876339898115
0.6350785419360087	0.5786808620748234
0.6508474962095266	0.5314500819747281
0.6486122664364091	0.5113733727418935
0.6546780288988773	0.49325090420991713
0.6970414925779788	0.508456404340557
0.6485726101537924	0.5858020532652202
0.6593991348882091	0.5411453777793584
0.6771467789116105	0.5508416709978796
0.6494585021198253	0.5899798662466
0.6261847748754218	0.6345579900698117
0.6437376070615608	0.5795382683077333
0.6617226994840726	0.5407690755645528
0.6343672762657308	0.5727289560156331
0.6603273324999489	0.4858775512550738
0.6884699374988996	0.5203512093984026
0.6439470911588818	0.517238466376253
0.6568294807022971	0.5549126774751569
0.6601153517590225	0.5794019903376707
0.664566834446631	0.48888850193728955
0.6436185805007885	0.5749458217620782
0.6629627326960219	0.5707248460072808
0.6433353257026526	0.6156632309404353
0.6619077006871561	0.5675429245233657
0.6308724883154655	0.6286454552475998
0.6683837098908448	0.5255236447844855
0.6463516101604395	0.5876302683967838
0.6462392310352496	0.5481828749901989
0.6679993935758245	0.5135018079667828
0.6468588034070264	0.5428046361419979
0.6649917319581399	0.5681545211188903
0.650544891452763	0.5220069962335662
0.6445753706861549	0.5222374835034557
0.6284607476220725	0.6103725849549959
0.6446841113452891	0.4767114628415562
0.6461752214109854	0.5126419643210058
0.6400033809603056	0.6152940066183059
0.6171417838057774	0.6529278461919129
0.688169126603197	0.5280058405520524
0.6474365285068009	0.4530134228279734
0.6406484810777366	0.548575786386419
0.645060023016524	0.5916679539347656
0.6456502133362648	0.5428949631335923
0.6510277164610884	0.4828825467479384
0.6499686047891412	0.5850988807723472
0.6493250783887325	0.4713699662910654
0.5973772000664757	0.6828857745179976
0.6433889772627204	0.5788714581183535
0.6438482758407647	0.5814743822964994
0.6438940095715739	0.5485174097989327
0.6633660459695805	0.533604455979286
0.6433498461311007	0.5405371498659565
0.6790804076255786	0.5536875514355162
0.6629102764616008	0.4388679384493567
0.6777819200820735	0.5249536180395706
0.6809913193096422	0.5479040763488363
0.6388774114210872	0.5128988192390735
0.6433197764331127	0.5742610146578135
0.677520764197508	0.5232992156842424
0.6528305100968087	0.5692719376909694
0.6415136359671515	0.5925125839718606
0.6488652692182006	0.46930791970014557
0.6371820819878645	0.5747692872701344
0.6410569683110457	0.5212106036350102
0.6723413692699389	0.5667587564372818
0.674086638245324	0.5543387118005084
0.6565779575378268	0.5078842203733965
0.6491089375637781	0.5058976453152422
0.6490429910453699	0.46024528382945895
0.6516070692706214	0.5903514185509979
0.6192527614204111	0.6308535197030023
0.6589556290853191	0.5672829850654927
0.6785430943822246	0.5339065342760707
0.6355521200054726	0.6074838159165225
0.6889746786050378	0.4767459208236416
0.6558125733506979	0.42563703392610963
0.673935401887476	0.528037044549913
0.6465194145703401	0.44339885285089586
0.6520481992366562	0.5654345534807981
0.6780426590263923	0.4890087339791128
0.6507308875598758	0.5450331549854532
0.6619832240874299	0.5559519939296209
0.6500825951708926	0.5649224638696687
0.6449678152205915	0.5919816746601312
0.6279889230301723	0.5869977292165225
0.6650879758143302	0.5067523912668592
0.6216993267888312	0.6546462900111796
0.6863669282359691	0.4640991120681538
0.6465651706689816	0.5796631851893899
0.6617872675358615	0.5318705786337685
0.6514420713615294	0.5953333784507572
0.6575459552144354	0.5816584594694657
0.6522591843578902	0.5935810114565492
0.6471702044720692	0.5065644690373416
0.6945776524928976	0.5190597544483689
0.6758863071089825	0.5478956993029345
0.6865596373971825	0.5421781785739055
0.6523718568785132	0.5876045762322877
0.674443165043694	0.5308518189986831
0.7124902156675449	0.49512178471695706
0.6373825828781696	0.5710295939026397
0.6415726961560785	0.5790523655410441
0.6435144236904335	0.5819237790017504
0.650577640679023	0.5726753125071291
0.638860113337174	0.5726360932376761
0.6518380436656975	0.5996011219965256
0.6492893483510686	0.5031889400656199
0.6506072480953999	0.5247978988469708
0.6482729808771516	0.5838249170177532
0.6513892216360522	0.559143792266656
0.677115300928585	0.5162189987592068
0.6550077108563348	0.5534981502893537
0.6369724802230494	0.6079181976015565
0.6570480022644737	0.5378754014399404
0.6491089306129391	0.5798784529976748
0.5912194910769759	0.6995246171289788
0.6317691109584354	0.6375161010744965
0.6088513764609316	0.6566566882922404
0.6066617837681698	0.6733771629200606
0.6215184078795968	0.5966671203696806
0.662102259620726	0.5732808069524657
0.645807040433058	0.5952422863318003
0.6510030675995461	0.5208916258066497
0.6394310490546934	0.5710784348340948
0.6639592039558952	0.4846026230560533
0.6363628243220958	0.5681600735568846
0.658370620211362	0.5822460052902921
0.6664464149822449	0.424517832028818
0.6935225883255441	0.5298750723055352
0.6844819716321805	0.5062247213734076
0.6442484773961832	0.511313627351569
0.6153376707850031	0.6104720057998667
0.6496568695127201	0.5133892763286478
0.6487209069646164	0.5943480614711061
0.6590122631521046	0.5738788326386656
0.6541340986050718	0.5950908128842665
0.63452890215245	0.5914223881241795
0.6622504319900135	0.5257740601104481
0.6062481303800474	0.6743303551167001
0.6513910927783901	0.5887431315291449
0.6242214667971934	0.6185755251852605
0.6424534656233678	0.5770500833422799
0.6516181708132167	0.5795648753433099
0.6321964928967281	0.6308132844647809
0.6613306444619077	0.5748938264584451
0.638968610134878	0.5598926377079627
0.6679953711229298	0.5167224839445802
0.677522915197095	0.49191526227167304
0.6875223941116513	0.5379699583548756
0.6695458514530226	0.5707625368364053
0.6727839728635783	0.5402535318453299
0.6670097550572655	0.5575405469275915
0.6485989010915864	0.5799331953958358
0.6517232126582905	0.5888967272414729
0.6522518868851935	0.4813619863372789
0.6471440534665064	0.5700232840108358
0.6485487847097982	0.568662848385225
0.6717954395283323	0.5635166236037794
0.6612840614139115	0.5529375495620981
0.6415731780690639	0.6111522336252553
0.6691088833732116	0.5649644808459113
0.6702113336451373	0.40559709027952
0.6434746935030979	0.5504318439467136
0.6443506485142165	0.5981755217467785
0.6341444496870197	0.6265367120060241
0.6151534592458298	0.6464092195534711
0.6434939241667028	0.6034544579479048
0.6514783408534331	0.5615516617455419
0.6400620079252605	0.6056353344357059
0.6521853533867726	0.5924504821575096
0.6683353306220016	0.5331402252299808
0.6622342272959107	0.4612824636470831
0.5751862387518912	0.6203169531268742
0.6455739547606322	0.5107343176208359
0.6497577215656325	0.5719005184977376
0.6572051684506575	0.4875457588443861
0.6339815237293795	0.587138238463721
0.6467698328631314	0.6090032613020372
0.6841807246028927	0.5035440210200007
0.605514790915204	0.6297258482897808
0.6578171930805957	0.5096905025895402
0.6781078384914903	0.40132172784307873
0.6833934871568507	0.3649973025765623
0.6592772533105513	0.5325546816561252
0.6378730009792967	0.5927478250665036
0.6567873710875324	0.578151138436759
0.6519256543910392	0.518999498355746
0.6741814253481393	0.5584689382762756
0.6710208141079084	0.5086925833013997
0.6528121160439082	0.48972960195664716
0.6607316613494955	0.5533640115587469
0.6397804795259039	0.607131635794542
0.6732793583185774	0.3929054967817995
0.6507608087603192	0.4873757857330102
0.6608002069516397	0.5793925070231811
0.6530677429269797	0.4750880723551356
0.6480054204047719	0.605746005957911
0.6481024591532626	0.510731426012102
0.6602954628957691	0.5531027466785831
0.6547256808086187	0.55981181826782
0.6859982492224559	0.4886759434448972
0.6923306995661119	0.47652317896865287
0.649654587636791	0.5994963133472733
0.6168698725499365	0.6607951890495749
0.6807200263461854	0.5473350475494227
0.6552725365034884	0.5108101929567395
0.6525650457228814	0.5895136377641483
0.6394547266478325	0.5795254424985731
0.6346857392639423	0.60809588036535
0.68533680301822	0.5277209634132894
0.6701060579001004	0.569639073301738
0.6883162630586322	0.49182310508966676
0.6300089798396175	0.6259220743293059
0.675504274116922	0.4071788793173966
0.6151593687973518	0.6568159165076942
0.6498208629541816	0.5294149317043947
0.6469928120693912	0.5796628967188209
0.6658023085284243	0.529740495704096
0.6397119186513955	0.5012248536284061
0.663453981990437	0.4235134583774615
0.6506284054520424	0.5847677408638219
0.6712524072857693	0.5627642884163928
0.6531037267447918	0.5797918307914238
0.6649472996504866	0.5000026467449732
0.6373070492225059	0.5908521108819608
0.6470301183771489	0.5710736112262178
0.6467423158391932	0.5831208012794975
0.6546647922744977	0.576982833816171
0.6654077028164089	0.487456318401236
0.628214999108803	0.6241217234225841
0.6606873710810902	0.5679540751591957
0.696681976813778	0.34586954039761686
0.6375727557409638	0.5851337296122046
0.6449234933116195	0.5870639868914707
0.63336258725795	0.6250741292313988
0.6407824689103635	0.5896675285602566
0.655500832773812	0.595456506498046
0.6605567856375122	0.5576120026553237
0.6474158078024752	0.490231553317782
0.6546271869459726	0.5865555277100387
0.6348687412841844	0.5743253174053409
0.6812324135391904	0.5174861089359946
0.641943879274066	0.5502825967023817
0.6449261227242409	0.5961658024740577
0.605930334918198	0.6527607512302749
0.6635367953293771	0.5751116973988148
0.6554609663655795	0.5819262730252377
0.6442284655833558	0.5492407542341058
0.6025204915992983	0.5800808822546993
0.6710740907659781	0.40607332331176205
0.6431021982591534	0.596373451091114
0.6601255786505612	0.5735539911508025
0.6328296908882126	0.6107079983129315
0.6637277988352545	0.4428269490572271
0.6549385857047921	0.5973153588778168
0.6562321590279466	0.573019279191763
0.6531705652794746	0.47400932886132474
0.6530579760737675	0.5160743981649712
0.6565536530252307	0.42743567521615594
0.6458154931940264	0.5652297069958033
0.6350407966757102	0.6017483269713313
0.6420153168684075	0.5150574082159939
0.6345746974289891	0.6253931297325285
0.6589971228488515	0.5681163027306425
0.6637525009482678	0.44849079155498667
0.6432948550334955	0.5603724247829478
0.6298304303357714	0.6164341647717673
0.6393518820574733	0.5794668169902693
0.6575128768955133	0.5454003611551792
0.651065312360951	0.5174168490612483
0.6438864730510708	0.5563242511114079
0.6859971068421103	0.4686321696618879
0.6570184551516554	0.5455091148132374
0.6471059238942439	0.6079610782872322
0.6559067168525538	0.48340629116404266
0.6388850217161973	0.5430684237678276
0.6546333807334879	0.5551958553327343
0.6738456298146626	0.5619923193379421
0.6521259176585052	0.49307761544465145
0.7005533502000392	0.5059001868709281
0.6513000080487721	0.5870049474449158
0.6425681163199652	0.5591152353243246
0.6918693637795451	0.5144721393645245
0.6523698700460642	0.564486928669014
0.6895346608913907	0.5373950804010497
0.6963342012755127	0.5072608745989995
0.6378452664573678	0.6173608475791161
0.6505636322266067	0.5940327462608461
0.6580096542693162	0.5826597869845798
0.6458285869888848	0.5316846530279762
0.6317075899047535	0.5692187753334982
0.6531013756240602	0.5877198883106257
0.658279882923052	0.5510196017726887
0.6619330294257423	0.573267747468081
0.6390256188479544	0.6015721952423626
0.6568241526827662	0.5462602828234795
0.6283782819826166	0.5576509686037361
0.6324939820239212	0.6114935345607972
0.6525471271136003	0.5413900590369192
0.677143848222957	0.4918782013543009
0.6703857936574131	0.5104937715317166
0.65484555536583	0.5861869281181045
0.6749743911483722	0.5595537655439411
0.6398690813663958	0.5374708809929922
0.6360183896150341	0.6227715187701319
0.666049210266431	0.5565185484844835
0.5955413799942603	0.6588050927204259
0.640223683037501	0.5975646114404987
0.684155489316461	0.5406704605539525
0.6464881420912751	0.5743075615126669
0.6680234626446006	0.5712857903905769
0.6372859346532005	0.5769650195674259
0.7031169378998747	0.43627098697497046
0.6481804921797991	0.5004011960883866
0.6594514508138862	0.4857646931982574
0.6416379705983815	0.5145622520444372
0.6650722245888461	0.5724486075477617
0.6460117400798842	0.5726888409161162
0.6444608089089515	0.5952688876835268
0.6930743060927615	0.4612928826565584
0.6706479555457447	0.5077313803425186
0.6573405529249053	0.5447121198435376
0.6409819953684364	0.5945235168244799
0.6447901297372152	0.5356762049930358
0.6711756284251322	0.41439021210436683
0.6475858977896407	0.6018308453914443
0.6743138742741697	0.545268816126112
0.667259847127332	0.5077679668653787
0.6638985718795372	0.4356587011585033
0.6664439124281794	0.4249327011965158
0.6529329644787196	0.5616701162538622
0.6548005458827418	0.5151811594739787
0.642919784532762	0.5722289185688412
0.6523031027695239	0.5804920138249838
0.6493678866966687	0.5838879735042666
0.6508257735822259	0.4433706157728401
0.651142935197543	0.568575046075158
0.647178048289009	0.5565499481582276
0.6507564863236515	0.4932365796088707
0.6487318675904703	0.5760260003784254
0.6909625298143035	0.531236966935267
0.6615259584069191	0.4349415900983642
0.6492519555563567	0.5787476615537059
0.668436890185851	0.494800860222888
0.675084875511916	0.5440092582779728
0.6567003259949397	0.47222570723352353
0.6750853239885666	0.5609452804742776
0.6528916428694851	0.46700476556889187
0.6498049415431192	0.5821421206159652
0.6123178001652064	0.6452628868688393
0.6671014493149693	0.5393268793106585
0.6466525497053212	0.6030459705651964
0.6506039238325328	0.5685161204034205
0.6576848784822407	0.4644318512218917
0.6749892236126145	0.5045908263684352
0.6500326860572396	0.5903962725930916
0.6595834875056648	0.5222268956789968
0.6705357608853381	0.5151372065231782
0.6626647197909046	0.5215440401717496
0.6434692781380761	0.5408065924885039
0.6350987956801573	0.6245628140527915
0.6429296054114553	0.5728766948251882
0.6627354897994158	0.5015463940871397
