0.3254275102115623	1.1446029058078913
0.3332149436215041	1.1094824037250814
0.3354188117630633	1.0955393270045948
0.32918469295339386	1.0918449793926794
0.32747681533690826	1.158701857857984
0.33800429075472027	1.1228134634360303
0.35634644818769073	1.1031243875168562
0.33207765047504645	0.9874565684637275
0.32271084626271207	1.0923995755480376
0.3270401545457881	1.1055255424244432
0.33855505281685616	1.0613726448096925
0.33065921290953687	1.0562171864681247
0.35181695964047965	0.9955942719141522
0.30909840267562294	1.1918798608901837
0.33274221055012687	0.9435074261810361
0.3492278144602866	1.0099153935094063
0.33990549257991903	1.05303286366585
0.33479182805041147	1.1411337711696734
0.3239003021000588	1.0937082797958448
0.33618952739893215	0.9869818096788034
0.340142426196919	1.1141383631615227
0.3273128994720166	1.14026889988912
0.33181985093476224	1.0956388162624893
0.3377854014384265	1.1446845354211677
0.34711513107215075	1.1239612242229966
0.3298797026211354	1.0732813861526305
0.34714896274675683	1.1101984815144565
0.32647659410135493	1.0997233536030477
0.33236896906477753	1.0417483881850784
0.34592814086635365	1.0070308875316292
0.33174127087949135	1.1128433403196643
0.32688974153166933	1.1622784400029764
0.34762300905578664	1.0850484958629565
0.3324401774138654	1.057189978634508
0.3414629540719445	0.9283875450850184
0.3394979001196782	1.04593610919702
0.33285035561307397	1.0941989926588223
0.3306345892139947	1.1428028891477382
0.3287484291239319	1.0522830495035351
0.33111307823588887	1.0887021332285391
0.3252165766150463	1.0482277810160268
0.33979086290210725	1.1340086079452076
0.34784960298678297	1.0279931397140856
0.33040758324414116	0.9911178570312777
0.3394567131753332	1.131602050453267
0.341957135793811	1.1353277072534267
0.33868912073867824	1.0303678827747662
0.3632735659913044	1.0900452530627933
0.3324082663572112	1.0739593845837387
0.3361293163593165	1.0764022310479686
0.32804826052707886	1.1260160068057923
0.33240568275448323	1.0784182742073587
0.3260868945875329	1.0752439192298426
0.33017222515350786	1.030963774782447
0.3288028758438819	1.0832864800529478
0.3265559422323929	0.9736924866342899
0.34884499857846213	1.0199513794391026
0.33001421461393654	1.1227979993567156
0.33914656336232896	1.0280237428671553
0.34150422991413376	1.0925497519285585
0.33647412172818403	1.132626544094559
0.35532478062955125	1.0784087827948607
0.3416194320807124	1.1333118674172002
0.3347843650996006	0.9002610458205034
0.33277859387521563	1.1104003213165914
0.34656241149073913	1.0626641864318314
0.334667994294366	1.1269886146712818
0.34793436943686873	1.1028733064521634
0.37103320892387787	0.6537685398219761
0.3041369758565754	1.2015442276697719
0.33558085342969934	1.0976960430568103
0.3495600800148674	1.1059447513037595
0.3346218415674212	1.0416952836974316
0.33835710418930764	0.9118906821395854
0.34296338267330817	0.8445330275264044
0.33005312018771227	0.9907257492746214
0.33737652895468856	1.0541180905710332
0.31526143534735174	1.1684631212236807
0.3281394698309956	1.1531022355041256
0.3308412141292767	1.1333447825568914
0.3356075272578908	0.8521258128693947
0.3426978284713954	0.8504091353176646
0.3357932191872585	1.0838537154500238
0.3303776327763914	1.0162163680965084
0.3344767918056942	1.0103244308138666
0.33854521303785573	1.1380401670255336
0.3460562837091844	1.1053434155664887
0.3359933150856182	0.9209701609259258
0.3443468117187677	0.8221245867649285
0.34835517900192114	1.069961379243264
0.3356687124230649	0.9531318044249667
0.33491595914205435	0.9667045515575055
0.36533018583817994	0.9219485376124205
0.33397742976682704	1.1311524811689275
0.34331427998292674	1.0383977107845634
0.3326461627252421	1.0795989084429984
0.3328907459775069	1.1293376742306018
0.3241996213572077	1.1656976428392574
0.32367873028904975	1.158721132315402
0.3518684822188235	1.1179878747810392
0.32835136722161296	1.105934571071708
0.3341913926427267	0.9031626314999376
0.3323293663625509	0.9439035573045391
0.3276233750673298	1.0202766306164681
0.341461527335911	1.1398145390215795
0.33105690800513277	1.043044261543122
0.3402078985117621	0.8800557446571993
0.33101988185824976	1.092161545965881
0.33889598910011487	1.1402500890080192
0.35279632592475063	1.1192035513932566
0.34403481437033545	0.8028501201204082
0.342476023327529	1.0745499538283796
0.34605961861373596	0.8284371146872925
0.34050017701875906	0.9697542499259859
0.33173391516993506	0.9225373069874394
0.3302221191377121	1.0884569206649553
0.3337689355401875	1.1072947750152191
0.3427799402642936	1.1264161319803545
0.3462752044162117	0.9828465010076931
0.33257689834207876	0.9561299648222613
0.3363107360219217	0.9515214818868956
0.35237052778332895	1.119132195296939
0.3253879679023049	1.1137116891349723
0.33227932408882027	0.9787998033283063
0.33337775565785194	1.080622016708414
0.32443271715803595	1.1377250648223924
0.3389066019501631	1.1432060876574646
0.33219246617324566	1.1459030445803906
0.34323117744362036	1.0447125858220512
0.3393315292201534	0.9896009887640134
0.32821719838332425	1.1469561578011536
0.32364508023727545	1.1550003919530671
0.3463112195205804	1.1203436678854244
0.3340165154998834	0.9572061768814221
0.3427839190762182	1.0998209563439105
0.33458548685580947	0.9213912986428423
0.33618300830489445	1.130439734026194
0.3358117462776048	0.9154249889508888
0.3382074351441592	1.123504001136299
0.3157606402050775	1.1614955235631812
0.3398253281990157	0.9248365371370351
0.3318649875004451	1.1078291015707604
0.3330599030215665	1.138360862532343
0.3363109489791954	1.0577011733311106
0.3299635895026974	1.0909163541093707
0.33210217443399803	1.1197549167542808
0.32800965644974117	1.1367670595311745
0.3375485346285068	1.1280610213138584
0.33560205379865593	1.1163327380895236
0.3302356285096741	0.956864341381688
0.3292165630711105	1.1048115413318234
0.3505558732940573	1.099920472742043
0.34928514312785386	1.118207181514101
0.34034629488922324	1.1312789988838943
0.33987572418832307	1.118037482766551
0.33999729424443437	1.1076289842576674
0.330135584031254	1.0213755505904323
0.3389081263122115	1.117748180716411
0.3349957537978117	1.0413426663303285
0.33113710865257057	1.1350936192397767
0.3360583030590374	1.1436632646372793
0.3300389135282013	1.1602915659294468
0.35546821995081884	1.1051055395992782
0.34641526863927513	0.8017292529200919
0.33888238147356514	1.1101825432316512
0.35045004161769144	1.1010506021663133
0.33341484691804046	1.0189638682918638
0.35508197486978793	1.0938593536353691
0.32949785748589816	1.0261191265489513
0.34542835814004996	1.024740451145727
0.3293118358025372	1.1566749649469668
0.33475667097164397	1.1064146042256318
0.329497007693693	1.1111017606798406
0.32924183251355454	1.0213686495256786
0.33887022186291565	0.9437391787962724
0.33768494844132485	1.1405453151146863
0.32876949550502316	1.1170774654571634
0.34699630125269765	1.12703486459087
0.34767113956775636	1.070242442512909
0.34480170485096767	1.125102905736328
0.33102325471580113	0.9873159649257642
0.3587401933033987	1.0926721536571427
0.326707445618577	1.0039350221429566
0.3204234899066082	1.1608080962072944
0.32752287576569183	1.052911774660233
0.3284421201147603	1.0558530962587254
0.33635112241654624	1.1232953819263043
0.3324119607870158	1.1120035800021033
0.3398896399105406	0.9737251043715741
0.3458681580693076	0.8183507024985079
0.3183448648336856	1.137720232906486
0.33786220893593844	1.080325851100016
0.3392739322215395	1.126151091893032
0.34094268057587257	1.1033142465670498
0.3348210885709656	0.8969722999595808
0.3304571693790125	1.0134695109268033
0.3339641980904648	0.9794039658438469
0.3398890871941832	1.0216896732953118
0.3370001578607451	0.9003569757405376
0.32637842687726615	1.0412253745418074
0.34171563795980026	1.0520338213659417
0.3326562501411567	1.1000298489746942
0.32930540063799585	1.1427583746126908
0.3554279770116947	1.1117800805151181
0.3223283607420939	1.124845377247561
0.32791356386184783	1.0314856362774336
0.33281229324488487	1.1267713585733263
0.32716856414557455	1.1620726290447956
0.32572970270114027	1.0449804660552051
0.3364548412440153	1.07273371256428
0.33295764609617323	1.05840130134263
0.330049132753175	1.0499391500247315
0.35123328854653474	1.1213602234109175
0.33045037003602845	0.9588436088195642
0.333117483336094	1.0187251789608758
0.3362680708919213	0.957835066438343
0.33353249676805397	1.0815938756982406
0.3477866347133347	1.0514845117540692
0.34649588796254494	1.1130566173968637
0.33501117926646395	1.1214782583464764
0.33086928153595924	1.0631583566854061
0.34746902326259593	1.0439356142007519
0.33244621840311595	0.995391140977318
0.33632730138355127	0.9837060776222144
0.33407124366877883	1.090394926838669
0.327820606896943	1.027775586996543
0.33010086563752866	0.9650116947263205
0.3322212430565463	0.9491375312747777
0.32037127617050387	1.0898990701312534
0.3302550267542478	1.0225801338402092
0.3356053639720294	0.9927388915643363
0.3536006057979423	1.1179933044953922
0.33340949571614487	1.150565770590733
0.32500388889035886	1.0923003876038972
0.3325997469620592	0.9728739731632188
0.3338576940589529	0.9769179727275629
0.34037941585999193	0.8517671508562854
0.3273278481808096	0.9588168567439652
0.33955165397628884	1.1409638885897033
0.32768784115127403	1.1479419204209755
0.34188983801771267	1.0925579330217967
0.33359940778972824	0.9675858888240331
0.3402666816784662	1.1121243130162868
0.3363553559889149	1.1289937463146105
0.340556441347662	1.1369292103082842
0.32962256371042076	1.042398198438761
0.36128034004301907	1.0713994992478684
0.3478091614981309	1.0973708587948012
0.3509190199637177	0.9910393150532754
0.33214250801045814	1.0847517977300405
0.3258050912995766	1.0401585219747984
0.3338996793357744	0.9586167511180645
0.35286300460465886	1.1112113316308747
0.3570798017158278	0.9455861129906243
0.3487544402573491	0.7982049740877868
0.3321146184678809	1.1009943393508412
0.3423021495412693	0.9799024828963113
0.33255954680499134	1.1357925190661324
0.34544037046283066	1.132600503688628
0.3265772611807549	1.0392891962126822
0.33524015357309095	1.1132835652094215
0.32712857438956855	1.1155839094587439
0.32606592122317135	1.0859702352776661
0.3161952813165538	1.1172578772780648
0.34541798514324307	0.8172931672929677
0.3183570681405434	1.166783513609947
0.34526997113801905	1.1248963269115115
0.3390693530740139	1.1109436817802856
0.32961730259043076	1.1121333893644496
0.3362242708814162	0.9448131208747463
0.33293350496811175	1.1274436874431526
0.3264083780305298	1.0280897121383272
0.3477173963458906	1.001988090439946
0.33194985669092925	1.1303026307587616
0.33404428558520133	1.095048498097737
0.34974442487692514	1.0229944964205222
0.3415973426110778	1.1016459634715186
0.339417620501663	1.1000901340951248
0.3254162637460126	1.133782919695724
0.32574946853939996	1.0440685688195022
0.3345408738576742	1.1225814889267627
0.3309964043227061	0.9150385233076367
0.32904949515763365	1.0654864257607803
0.33208857449775137	1.0089401599539782
0.331594728570772	0.9548548038827525
0.32573675581157974	1.1250987642968242
0.3462313522673666	0.9665204491920016
0.33254207964462423	0.9387170189549876
0.34765539263834955	1.0982435196238542
0.3461327758464797	1.0272808883854814
0.32976871331409274	1.1402917414379035
0.33848980416896285	1.111729921604912
0.34029779851985853	0.886952776788441
0.3657006232571253	0.9281381111288816
0.3191082782031461	1.173195167150714
0.3510309548639178	1.0707909193723784
0.3272484862248928	1.027535902983535
0.3188079983645468	1.1623688530686176
0.32659608894351083	1.0839622221523948
0.3356294354770883	1.1243761154782845
0.3360969629869608	1.1447068209149398
0.32795062617196863	1.0186137007660068
0.3351458771050198	1.1284602853992052
0.33839279704744035	0.8540175647793562
0.3338283987256125	1.0428866328413562
0.33939622365175565	0.998620807903606
0.298716793911769	1.0627407342041857
0.34634309084039105	1.0580799494894948
0.3598833959593567	1.0719004193327797
0.33958902965127524	0.8198618198014793
0.32954953500943374	1.063109629128015
0.30687583225969395	1.1843023019962962
0.3308558573051955	1.1505048954927746
0.3503948606271989	1.1159477912920737
0.30710446318354107	1.1703054970173865
0.33502592603971804	1.1049045431826379
0.3375029821712853	1.1190823044221068
0.3470401528332663	1.1147357399451068
0.313774245850218	1.1297729207474116
0.3365196281704319	1.112039212201969
0.33696288728580587	1.1138924248903481
0.3184942823936193	1.142755629179221
0.3361728407100566	1.080428472990469
0.3284326588098146	1.136490753606814
0.33459485346784756	1.1015879759138791
0.3542525201445278	1.0823695546042957
0.3335714238234773	1.053079096779967
0.33517291526627574	1.0040784056116752
0.33098379433731073	1.0265244059158734
0.33155818581920443	0.9646829865941698
0.33791425431946	1.134141519241643
0.330893452434143	1.0634014147758273
0.34814539415420104	1.0154764713236872
0.3433589168355623	1.0385714700680755
0.33262475793800034	0.9587425315511904
0.3329349258337078	1.066614926767115
0.3586815709675406	1.0902230781225226
0.34470738428470893	1.12327892623656
0.33781982309877656	1.097086786891049
0.34513025295729727	1.129043677220063
0.3291159108762729	1.1367670920510846
0.34482799970482114	0.7903545601495281
0.35088137640446015	1.1142859325054422
0.33928054518131934	1.10979329877033
0.3377021927071417	0.909689597027129
0.3352690998057608	0.8850196555788381
0.33196155268870553	1.0643606736474567
0.3287999398073308	1.1407835071541212
0.32917955137208693	0.9992574098684197
0.3513633454765074	1.1231957646616877
0.3361331805611355	1.1066267899146425
0.33148623480611494	0.9473690682362219
0.3310092268773934	1.121697654763835
0.34500237675807793	1.1232057924520782
0.3403792922441338	1.1127446029787724
0.33758139184243635	1.1258745132215724
0.33941302060618006	1.0064113982998424
0.3336125274598426	1.0058817239945161
0.32185033672032043	1.1073446192121712
0.3311984149683477	0.9704409094533122
0.34589296634675415	1.118242880497293
0.33892475035543546	1.064317794652585
0.3422717645864898	1.110731921165196
0.3486754947581444	1.0399148095118145
0.34679917307261826	0.8322518283505718
0.33606037757865675	0.953224062058383
0.3257406253157938	1.1350655157461502
0.3194690684005525	1.0589490774710577
0.33547509563405825	1.0479423861211392
0.34454266965509905	1.1342320315849483
0.33693518326652366	0.903375715061428
0.34546409608941714	1.1104033504155861
0.33286638334904767	1.088161013520276
0.3540963622468641	0.9761072735492762
0.3267594365202037	1.064259456299826
0.35384055776321865	0.9704202182737567
0.3342605444224971	0.9463055602503289
0.33454060154378507	0.889760939230364
0.3045335948832951	1.0931462500713078
0.33221705283466413	1.1031332405174856
0.32996479450736416	1.07416644316636
0.33187212735496463	1.0830724964478102
0.32462266035528997	1.1670408143118591
0.33425325463477595	1.0137888175026466
0.3391254342816413	0.8371413599615836
0.33042972843178764	1.1523305895011053
0.33150233294289444	1.086235628174003
0.32356759785576045	1.1228077139968118
0.3322806043438508	1.099707325675221
0.3261630778462217	1.0630184476135431
0.32577047740024195	1.0821305477926535
0.3268574357093568	1.1338849809633729
0.3559891557424548	1.1073810739689085
0.33908661056929573	1.1319040938540323
0.3041628309907061	1.194916398918354
0.3292042891028049	1.0761005813362048
0.34306401732925745	1.1370511656257234
0.3383292371429391	1.0373709592228442
0.33785800052955595	1.1199614073498347
0.32954610092315895	1.0756575901641532
0.33823259417604007	1.0396198749880234
0.3447959437240005	1.1218086320752987
0.32911579969995086	1.015867928144559
0.331700991326566	1.012395239968148
0.3332733498461331	1.1213592600342088
0.34244185007391603	1.1121413868398942
0.32401251363074257	1.1534791907307356
0.3373448410829642	1.1465685193708843
0.3171909997216864	1.167511316529836
0.3251742033982567	1.0591226394658855
0.33784346628681966	1.1149052483932906
0.32975660450129474	1.0233573063690957
0.3181999667036598	1.105864076101979
0.32691038353372515	0.9652756354345025
0.3384499586304669	1.0985898570719876
0.3395145971877879	1.0961721371731064
0.33494665331828705	1.025596177718075
0.34464101152709636	1.1331172455653107
0.36568340312196695	0.9162210720280322
0.33606960250124707	0.9446615113752543
0.3242099240285863	1.153275497833059
0.3460345445617696	1.013806663130884
0.33395742028787384	1.1437564987464137
0.30154108581375627	1.2040619362386695
0.3340794147576223	0.8919284314895184
0.3254933824128364	1.0737519533616164
0.3225433954845725	1.1203080537012071
0.32768207531549204	1.1416840633201821
0.33160234299925573	1.1223014664431115
0.32915458346958165	1.0977597596410364
0.32936738450392694	1.1568794672049363
0.33140117715785433	1.0065855856665422
0.33041971668261905	1.0426746044315753
0.32592332650572586	1.1403786341253765
0.33102517185281466	1.0697463291793143
0.33309398333161655	1.1213665659974752
0.33128781825826215	1.035933539963319
0.32291673636874013	1.1518531360804745
0.3481699908922616	1.1252624983679365
0.35043431137363595	1.046845601105041
0.3172629802691558	1.174220371822098
0.33079242960069083	0.9994389871901335
0.33349062797920237	1.1447544023323033
0.3290373838968964	1.1244055965199335
0.3402066621392343	1.1153239752903574
0.3310482823391947	0.9068112547110372
0.32962633073829867	0.9725454302170784
0.3168289027522581	1.0938745287573148
0.32806505768076466	1.090393294250033
0.32955009204797414	1.1411529926190191
0.355618942872565	1.1106605973916746
0.33992538686729595	1.1292680397854045
0.33747714035158766	1.0467632317688205
0.33272645640260323	1.1299021135001386
0.3289404101137615	1.0823339750283678
0.3298986870962202	1.0210710166157853
0.3304379173059773	1.0813465192673357
0.326715478185505	0.977809357261605
0.33617293375589963	0.9982787294546955
0.3099751388663566	1.1778411286624741
0.3444614715971031	1.0018908341062167
0.3317812084964173	0.9819746789729921
0.3191854549372289	1.1618474302966648
0.34778566229494323	0.814424830173802
0.33006541743819096	1.1531221414479527
0.3403527828536949	1.0962345546670096
0.33944615630381586	1.1403368593724654
0.3366045798498699	0.9118931582883008
0.34488950996841483	0.9263723450030268
0.3310413537532552	1.0268655747092332
0.32834155269306714	1.0432200245056835
0.3273057421127726	1.0920040723167252
0.338633639629023	1.0918494624760207
0.3302989473998405	0.95779859817967
0.3540698039563225	0.7503023637961351
0.33880929404580656	1.0124492028825498
0.32999353184532565	1.1284257571337268
0.32124403117946565	0.9822477277702442
0.3387390083038776	0.8761483201020634
0.3443659771525272	1.1103256451382315
0.33546158956534533	0.9418108998627555
0.34401130734931196	1.1199989376393868
0.3294115385378788	1.0682660538933382
0.33810830505268	1.1223542528101835
0.3308885386030059	1.103564542543281
0.32932283322569156	1.0418588728346754
0.3212217725245528	1.0136123290957875
0.3405185724535645	0.8839822599147723
0.3285739859058303	1.0118819764037628
0.3423430823704472	1.0275386780458227
0.33205681746342275	1.055900925284189
0.31706420410757374	1.1786369009520528
0.3364491786377659	1.0793135324668235
0.3330058151629044	1.1031904190146458
0.3275677395341235	0.8608774743337999
0.3106150323641942	1.0299621173709732
0.3180036591463761	1.1373935154651287
0.33043073040345206	1.086626661350237
0.3312362127312761	1.0341654501766309
0.3408768136314529	1.1208274334046737
0.33427434800335937	1.1224838239082766
0.32412115566390703	1.1246324812870137
0.3317822186330115	1.0744072229228745
0.33107484433771267	1.0191612969455528
0.3429051154471408	1.114392177131064
0.33197105866608906	0.9743584943382946
0.3436585333792285	1.113017020217989
0.3503281088417024	1.1043429229902237
0.34958155074321723	1.0580439569394335
0.34298338066703604	1.020915865047496
0.3383884269064814	1.057036457325078
0.3313185753608648	1.1093847730162287
0.3382594070190617	0.8713060973830571
0.3355305765390608	1.089551652397318
0.3340064540825161	1.123301962833479
0.32130732326046263	1.1534833217207727
0.3311110776631113	0.9636586234493711
0.3402991985454476	1.1106965517292686
0.3292279415196604	1.126135059143665
0.326015567763441	1.153221034264503
0.3336825982113883	1.1202272275829432
0.33221152416028515	1.0086033767131186
0.3309923301269137	0.9583634817526293
0.33162141294155484	1.022037779109416
0.32786922197811363	0.9402008231671048
0.3352122285622191	1.0834587985321216
0.35138638189747123	1.0274625158426534
0.3222798901723124	1.1475884915922738
0.33791430156476626	1.1065295585357897
0.33423368900805384	0.9866195834753668
0.3373930979298159	1.1090311799374315
0.3317052792524207	1.119735527420541
0.3381432804452243	0.86786258251375
0.3299420633648757	1.1101774835794096
0.35494530106636896	0.7381168428210245
0.32700079425456124	1.1041937931936907
0.32779197697795687	1.1318268975512438
0.34809585039188123	1.0335714910879836
0.3436597047234644	0.8348344687987206
0.33017107534484325	0.9836370804612194
0.338962057862897	1.1019409350773617
0.330410821456387	1.1335579252582568
0.33110402235021036	0.9887875143670983
0.3135615628610537	1.1597048744432474
0.31726198419105456	1.1598819825209667
0.32822293417711434	1.1581417351328276
0.3282694946302238	1.105512100879762
0.33860035208296035	1.026260921647518
0.33181689011954474	0.9714333263937494
0.32752781984596024	1.0404729741570424
0.31913559663702645	1.1601462281296206
0.33034641761241457	0.9550280314862649
0.3335380697169084	1.1102987157289845
0.32929040558148415	0.9948571757105862
0.332627619358944	1.1026963750969112
0.3303772338394309	1.0550495497939087
0.34149627753977047	0.8042014204554184
0.3340418784375932	1.0049596039163016
0.3359615889016566	0.985371242888095
0.32879122056230914	1.1165779517774421
0.34317259733755434	1.0560205883579923
0.3361978116019164	1.1434126534041744
0.3258245830362415	1.0526545840193253
0.3274995361825318	1.1466031376154717
0.3332825944901633	0.9200693778909521
0.3253426101191038	1.0130970173095426
0.34495887270204506	1.0755621154259734
0.33203715024772246	1.13227055014237
0.33495045020799197	0.8986138328876212
0.3297040291652771	1.0133668977221564
0.33964072130782963	1.1410577339387884
0.33165286073770495	1.0887944730243948
0.3324007621324596	1.086085873326315
0.3313905812424994	1.0770701467245982
0.3373684566161295	0.9548910731627824
0.3290054424766452	1.0892518530509308
0.3134008166662306	1.062132914063801
0.32694803078970114	1.0404035997658814
0.3342254533364435	0.9913163266545054
0.35173196648532584	0.9818823529295515
0.32991937187230685	1.0278705591099198
0.3271399128250487	1.1028949359032203
0.36543101130920025	1.0732039179336381
0.33138744945245696	1.1190058569874866
0.3260652213243533	1.0654971645859472
0.35485912577754003	0.9971854853967426
0.33021642799239465	0.938867167251285
0.3169330474379444	1.1441864573663163
0.34231067786206154	1.0906225294468683
0.3389737584592131	0.8725097719916179
0.3401936549226097	1.1111451252091396
0.3385219117990103	1.1333411679616159
0.33597637422479365	0.9122131549206859
0.33739897474578806	1.1302223387458545
0.3509953669802296	1.0723276769307029
0.3322766478096469	0.8880278068344843
0.32834748892341303	1.0846328685831284
0.3259166296406713	1.0673584943097651
0.33302664510735186	0.9579567735196566
0.3364844773705716	0.8681308959894851
0.351044680519256	1.0209699796257183
0.32451459755363793	1.1500060996865096
0.3303929267109479	1.0647100812114807
0.3404867271060307	1.1330891516682384
0.3301700082910353	0.9607719744562573
0.33280850927188765	1.061983595329025
0.3425840091186985	1.0798593192209993
0.3339320335082125	1.1183016357693032
0.3541917302372554	0.9923733920368072
0.32522333278853927	1.1089567094753483
0.35105973776064286	1.1208061931782154
0.3414656062092746	1.0115148975936776
0.34047851597482875	0.9861836137164661
0.3317809777485706	1.1361850956968418
0.3336637130796891	1.0036860247786594
0.345234597080909	1.1282609526987066
0.3186638078621707	1.1332423347360243
0.33259954081528337	0.9989179198621951
0.32976747401614287	1.0660485972729536
0.3551453042197979	0.9847486239552745
0.332596867083226	0.9804396555211807
0.3420222765551869	0.9070079382930704
0.33385147020443784	1.1247328360493785
0.3292051784331825	0.991923392297779
0.33547807837077587	0.9079082838594561
0.3486614361892984	0.7792129396833904
0.3277232796599165	1.0393975181047732
0.332212945187559	1.1150935432055586
0.3467913574216716	0.9846278130740223
0.34815051379814227	1.1139701040854515
0.33796620230891405	0.8597919792697368
0.3268933370944923	1.098025900319741
0.33816932743053263	0.9062329144506329
0.3538611533980254	1.0786167370357957
0.3350867013904372	1.0928893903647234
0.3530657815728437	0.9801416952045519
0.33045627718565973	1.0835705003907141
0.3368601442312635	1.1330616341195485
0.3345278058003806	1.127914622789191
0.3500515438279213	1.0575511551768515
0.3330200045645523	1.1128990469749946
0.32668533235468633	1.0383987899088933
0.3288073244498236	1.0911475641318122
0.33340274081078863	1.0753304405628268
