9.943537233795718e-06	1.5589284190010533
9.884934760856829e-06	1.6377549937132583
9.525553660197507e-06	1.7223335425736952
1.0219215962796572e-05	1.5064933186766643
1.032397479236069e-05	1.704194263918923
1.0041302767249344e-05	1.629256078544692
1.0443266363103764e-05	1.7300383285885172
9.936833580023325e-06	1.6216946677276987
1.0609619369518423e-05	1.7129673775930314
1.00802529535512e-05	1.4223873374473952
1.0003879140348858e-05	1.469341001982427
9.998784000173982e-06	1.7265512902751734
1.006536419081526e-05	1.704523496094029
9.985377732320916e-06	1.5873222121446795
1.059538879025893e-05	1.1970651342219174
9.841220586932593e-06	1.5641533724887844
1.0331868190647251e-05	1.727034948325079
1.0133973756125571e-05	1.4305838092675243
1.0104966578909832e-05	1.4020994813626992
9.96252823644307e-06	1.4604095587742791
1.0104187974589426e-05	1.6710997965844376
9.974734031010609e-06	1.4524692065705853
9.83515070127342e-06	1.7041236450141688
1.071053548746883e-05	1.1572791278690602
1.0212113613321965e-05	1.7130650795869122
1.0150822563164347e-05	1.6820669263779093
9.566665709938803e-06	1.7113283504698005
1.0757462984486026e-05	1.7273029282203938
1.013865762808317e-05	1.4142608883754417
1.0007488994150203e-05	1.3786793783187803
1.0058993097856606e-05	1.5787052099962633
9.963434330804157e-06	1.5441544695156444
1.0278885125009357e-05	1.541710231869259
9.996229936094984e-06	1.6175039728368183
1.0101126092481085e-05	1.6780454590723854
9.853144597041616e-06	1.5961927187483416
9.906940918064623e-06	1.5580633345596064
1.0017721467356336e-05	1.4462800379231189
1.0093557401748374e-05	1.6214955838968215
1.0618199678859184e-05	1.7260002434822113
1.0940548172995271e-05	1.7252357247447758
1.0219276335089901e-05	1.6843673274197415
1.0004357804199283e-05	1.5482640819363718
9.7008306148529e-06	1.5598134867150732
1.0029280786012342e-05	1.7048115295470012
1.0428262284098897e-05	1.3152924095277685
1.0210451296280674e-05	1.6121669176617766
1.059778320682906e-05	1.564539425209551
1.0067930084794162e-05	1.6389794218249554
1.0213193303782027e-05	1.4761858135689225
9.461751430335025e-06	1.678849414111684
1.0255148705800617e-05	1.3681557591451412
1.0392974930419086e-05	1.7315263101121294
1.0326073097495751e-05	1.6983962985453438
1.0254963988123125e-05	1.5882840846113484
8.86821386076116e-06	1.6017147195760342
1.0112427290889207e-05	1.6314135540520525
1.0204047631805151e-05	1.5331093510893323
1.0236051930426032e-05	1.3420796123339205
1.0410472889286442e-05	1.4820652986006628
1.0238578190864142e-05	1.6408839649660862
1.003829104919154e-05	1.662862627114752
1.0124630890810134e-05	1.6720143443513968
9.993719436467815e-06	1.485688736693856
1.0991934278767508e-05	1.6949039126713001
9.174783589073506e-06	1.6689085160046089
1.0219285988958184e-05	1.6246114703477845
1.027320844079521e-05	1.3397372906307847
1.0076569779894315e-05	1.6449478540306552
9.933611945627887e-06	1.5243978632969146
1.00037812135849e-05	1.5901276253001604
9.49337663386516e-06	1.4732374854998005
1.0320267315918878e-05	1.7261849634655808
9.728423637564128e-06	1.6127258427055746
9.97267108476247e-06	1.576146678050892
9.916402219828593e-06	1.5916534514370642
9.989093380625166e-06	1.405369648865536
1.0026883278021544e-05	1.4511222297216169
1.0184967590125559e-05	1.583031272509525
1.0031086462229552e-05	1.4706004114113371
9.869176096996524e-06	1.635534832177467
9.765792464792403e-06	1.6120688423874756
1.035814411313181e-05	1.626478970407908
1.001207951879729e-05	1.706971405165251
1.0147480868334924e-05	1.4271668733397824
1.027034780402234e-05	1.5396555858128964
9.85364707653352e-06	1.5529809677317836
9.987409267060047e-06	1.6534599188653933
1.0757994983517702e-05	1.433067315455383
1.0388968270160658e-05	1.2793275916349134
9.972159876943522e-06	1.5642734040930024
9.986415187363003e-06	1.5069958655897846
9.961203987838641e-06	1.4314578184207396
9.897956099714315e-06	1.731542401932938
9.381628905404627e-06	1.5158298620343238
9.924839536529541e-06	1.6088519318660306
1.0078314579484868e-05	1.650077199933791
1.0219541999239624e-05	1.7083342894623197
9.687736278367172e-06	1.5688010997318242
1.0311978397119112e-05	1.684631525695312
9.974708807599052e-06	1.6992126372486687
1.0143103975817367e-05	1.6365024239512191
9.864130020917778e-06	1.6354671570571502
1.010297535626762e-05	1.4236378388328201
1.0658724515469517e-05	1.631065752254359
1.0535074393205754e-05	1.6326994631086882
1.0347407480715852e-05	1.731940941464924
1.0573987925950042e-05	1.7057478947644769
1.0039874542642824e-05	1.6100927723247165
1.0442699228348964e-05	1.7038709017554547
1.008535465263937e-05	1.6251497203663063
1.0521592489680244e-05	1.691627914393322
1.0536329812443802e-05	1.218863068484425
1.0027122109818299e-05	1.5229912642795298
1.0232153187472547e-05	1.3185916884168256
9.940216614086956e-06	1.6787708006786883
1.003037393632185e-05	1.6209876829463485
9.44156124285477e-06	1.331833523576848
1.0087074718111615e-05	1.7058607023336871
1.0165427681797116e-05	1.6126636108937709
1.0078835995982705e-05	1.6549228817908008
9.969440918088699e-06	1.452051326477593
1.0087601214959914e-05	1.5890628092506653
1.017023966050896e-05	1.492913874816416
1.013338616595174e-05	1.5773639373319255
9.73818904331089e-06	1.6991357631394575
1.0111371367029e-05	1.449080587837169
1.0016619046902412e-05	1.6984371374343317
9.709308346083661e-06	1.7003379394418432
9.966733788805843e-06	1.4609307677312944
1.0680769033952871e-05	1.1611822225479578
1.0320725287187154e-05	1.3267605900624078
1.0152362976888665e-05	1.5857508184475773
1.030742350934047e-05	1.6912438638968124
1.1169179229818327e-05	1.048692077098418
1.0060549058229202e-05	1.547511767179116
9.99876617358544e-06	1.634191144474288
1.0765049727447267e-05	1.4133556975844757
1.0043935774918805e-05	1.6988586906373033
1.0524207599542689e-05	1.569292685332335
1.0496312167290468e-05	1.6988406262154052
9.544495078234456e-06	1.6170988909895705
9.770570652400577e-06	1.6803428493730201
9.55712264712492e-06	1.6700856111848408
9.5067968361698e-06	1.674139894268356
1.0218583142539357e-05	1.708525168714726
1.0414409578144921e-05	1.6850365671910987
1.0322649694028008e-05	1.7296218940152237
1.0110572359935744e-05	1.3618642122484472
9.898592204868625e-06	1.6373699188369932
