0.025551817246218095	1.6551646670481124
0.02553675675505686	1.5149413915433618
0.02496212814898285	1.461512943995019
0.024344950186385404	1.6298745588126082
0.025264351487453488	1.4249227231119357
0.025940609618921282	1.6773538997612603
0.026244425886618763	1.4535875382539127
0.024346544176198838	1.3999916545465105
0.02481080150833926	1.3219444600621006
0.02454076399932069	1.5499438083147123
0.023952403754004273	1.4691351140712172
0.023705601536863123	1.635724210537488
0.023904354372089483	1.5124167221166795
0.025076656040830647	1.2619863818919175
0.024256346810761897	1.4931622995632154
0.024845918953762595	1.6400474218864365
0.02501115250895737	1.687538310814566
0.02433337252535491	1.365440534187481
0.024215060042027444	1.5408840599679936
0.024182429794976985	1.4651827691225248
0.024187743296752343	1.5152711219898212
0.024755333240159116	1.6748570686893358
0.02417013143861588	1.3314868081450781
0.023914995233132785	1.6217241940025127
0.02655908549557864	1.6645699353265653
0.024941038235879606	1.4452198107511507
0.0247397214533686	1.4786484694850197
0.024956654844833323	1.2344508990007463
0.024277835102612184	1.5765712559313934
0.024408757026990083	1.5815581356732684
0.02451864067585863	1.311753046536666
0.02357439613705329	1.5130807769071772
0.02463297235544619	1.3840973444592195
0.024571959330330864	1.6327751050364534
0.02723763553720672	1.6613357347215536
0.023959024595166203	1.4844492841588062
0.0244575477715163	1.5489086989726364
0.024937516977358583	1.4432474115959921
0.024466229782684878	1.57638662932952
0.024442055379147558	1.4989970591916268
0.02568786588902482	1.6143367462115057
0.02431628906455329	1.6349310058334408
0.025789751830252776	1.645421274856934
0.02553852843620558	1.465136881115074
0.025071037407181678	1.666553603819499
0.024740559668964972	1.3137395012761568
0.02410856975559171	1.67433011749553
0.02395247805442487	1.6254470686002005
0.02418208219867275	1.4799400498989768
0.02473140103907554	1.315740424435535
0.023784192059171975	1.683616388633936
0.023766645155728065	1.491474886579894
0.024052837997411744	1.5834900798290197
0.024705312342845526	1.2472823381751994
0.02492889990787503	1.6740961169740944
0.02396968964900107	1.4939923664440502
0.0241205057475537	1.4907114258704384
0.02399756156148698	1.6362597165167032
0.024060572040853732	1.6020122170295668
0.023404305384257442	1.6788448309174901
0.024851257549808072	1.5052615968068999
0.02506604979271954	1.549058253330901
0.024307048660722454	1.4479337881649401
0.024414422592391884	1.3598405163318936
0.024251001174858823	1.638490752447634
0.024316558845126224	1.352018360747525
0.024370613681857847	1.5718415453434267
0.025097980915135053	1.568315163354437
0.024447036049801866	1.6421473726417364
0.023744513605691357	1.3663553530308856
0.0244527149338497	1.5724841303006225
0.02411594985556015	1.6139280658028923
0.023898687598829935	1.5566653381478817
0.02437167301798911	1.675581022845903
0.02434284598826014	1.6509377026506509
0.024731179337599336	1.6170671215363897
0.025040849383757453	1.4055977773919772
0.02434906758923397	1.4977928520657715
0.024864248826043565	1.6540730120923937
0.02444399126092601	1.4080536601962015
0.02456599780395934	1.3896001328950252
0.024160796955852177	1.5440007722084919
0.024212973992242006	1.6603603181034914
0.024389688642831153	1.6055994959542577
0.024396236089169902	1.6047615664854038
0.024361300555247527	1.3920125109481212
0.02439632531360445	1.4949477470791936
0.025712214914033523	1.679856118450938
0.024864457882545914	1.3802637405004103
0.024773275297871388	1.6412105825765404
0.023257241108755287	1.6587614433000764
0.024449609676144624	1.2576230878063142
0.025005782197673656	1.660756554137321
0.02399670524216609	1.5277326467010308
0.024039739208415907	1.6890154464724643
0.024254892346115237	1.5844296628915249
0.025064957375331202	1.5244679456412487
0.023654434844219037	1.525041765829704
0.02472372906853166	1.5373937726331002
0.024732587259699266	1.5425591803099235
0.025757499122283617	1.6583648645397258
0.0241362742610146	1.610202304173418
0.02395106696610413	1.6575116710495466
0.024127285103335866	1.6227439643747175
0.02462008632301916	1.629919726611892
0.025372198642362082	1.5826109780368849
0.02424043507560264	1.5892487350038427
0.02561797559684387	1.6810395425017215
0.023990731352296107	1.661448035319903
0.02466975838601473	1.6506873132544693
0.0247323608189036	1.4474003074789148
0.02442801884065433	1.5793841221464033
0.02469539352802582	1.5475069337123906
0.02492597756659619	1.6678412062878718
0.026167616276082366	1.6677069541748186
0.02427973651287862	1.5397117966475329
0.02473247137705416	1.2366029676308774
0.025071956768480393	1.5362447488729947
0.02480620909919501	1.5409128241200052
0.02432466374666868	1.5933502338589824
0.02367316947378661	1.6738043718133582
0.02444203601739298	1.5396353362811848
0.023754068935833428	1.6799885366132767
0.02406330338419848	1.585586117690986
0.02424541378710221	1.4809719149988387
0.02491986235158609	1.5146582412478853
0.024165030775419902	1.555656244526781
0.0242217421761757	1.3698119991905302
0.024370466530240324	1.4047124899471326
0.02428852290024757	1.3934061407147458
0.02425557636561551	1.6431608810470437
0.024521894634288235	1.345009546610889
0.023749962756711623	1.683036110576487
0.026003135818217372	1.522092051689181
0.025780059026188348	1.6838530988867695
0.02486776037788627	1.6045173027299178
0.024639793250341508	1.6115114016681629
0.02426244534233045	1.5678187030414834
0.024257674622474967	1.634564886123188
0.025287098232066443	1.1648713530031576
0.024278955791327834	1.3618645585337312
0.02585726033721487	1.5259688929418722
0.025640340180247446	1.5495231656001585
0.02437561232280064	1.5885812608305285
0.024171578158965392	1.4393790626647462
0.02409200180992962	1.6459268401661282
0.024327157457319806	1.563555831748854
0.02433305449274617	1.4461581910889825
0.0247574574117236	1.6214707106869328
0.024343012597853618	1.535563928577777
0.025890983523254023	1.4494350616285414
0.024179466883888442	1.487513560698674
0.022725547778255504	1.5348939755408662
0.02488576124028036	1.6367558469275552
0.02524093757837066	1.5439592976336969
0.024788316940341386	1.26430531585951
0.025698134215253545	1.509098794312766
0.024967984715916384	1.4584158444235997
0.024401036540578652	1.5572643457032873
0.02446857292084319	1.519014742621486
0.02434396307292421	1.6368643077746015
0.024676805986211546	1.654984328858954
0.02577639656172461	1.456338066092092
0.02444606363864175	1.5547130589709446
0.02467753240642156	1.4483818235426318
0.025579853898432862	1.665859905942647
0.024165070840325542	1.476504229227427
0.023567236498957218	1.5957840817309374
0.02460632422784321	1.4533010802623072
0.025061128466339132	1.565821775666493
0.024605514540043186	1.613975214512237
0.024941426085583106	1.4643106603433522
0.023971056937064427	1.5086456019056875
0.02552546724966132	1.6842291210277789
0.02385156958425119	1.64016167095579
0.024888345471872107	1.5744837850351903
0.024233705018178748	1.6705458239165536
0.02530797689076136	1.452533064344767
0.026014253168571668	1.67750269289166
0.02564363802137348	1.5135807987416592
0.025017224275600658	1.6653033370615067
0.024106378569586494	1.5752266661371939
0.02452055578647502	1.6755781808336878
0.02459102434118132	1.6403530786168654
0.02409133606573345	1.6462758960050572
0.023890605887481646	1.5899739701673918
0.024447694851096356	1.6401333772208833
0.024237363195655184	1.6744069898340812
0.02473475207061639	1.6775007410163543
0.024497587137583352	1.3691695274653783
0.024430958613156608	1.403047873573371
0.02456320289799669	1.6890073237835945
0.024599899826695037	1.302229645134359
0.024031251235806066	1.6720454822876887
0.024491194467398367	1.6515796425845857
0.022965491984861256	1.6337113253667712
0.025157174102945407	1.5795677179171288
0.024151206490987214	1.6813772196420151
0.024242326554151362	1.4063882506495917
0.0248676329800757	1.6611952813888355
0.02405811385147663	1.5823655341957084
0.02502898948378129	1.6485560376775061
0.02472917413250743	1.3157321575029748
0.024048008479108544	1.677423289606244
0.022997100016337556	1.6730300983056412
0.025277806884682247	1.2300496676087622
0.025444715961218344	1.604413387952909
0.024712811317875318	1.5211390149063078
0.025610184123964323	1.510947137859537
0.023562464829778043	1.679906324558138
0.024289622775908914	1.3409368778191009
0.024728540309616385	1.6598620250174458
0.024680290155226665	1.2978185546928056
0.025530931855375964	1.6706511945821787
0.024256990099800625	1.4626491541114564
0.025150984871100363	1.6307920876078918
0.024509504556073678	1.6856536457801827
0.024740168775317314	1.5620164725468462
0.024522300795280744	1.3708900037579115
0.022271759326525545	1.6880069727228253
0.025053904720056214	1.6862737809228452
0.025178770548553376	1.6124450987989893
0.022806506920135115	1.6747815030224982
0.02411971367299051	1.5149072441771099
0.024465380136649048	1.649331912282872
0.02439917031280721	1.3516659199294978
0.02481063258768818	1.6075312217478974
0.02447254264673472	1.5862102288405588
0.024435032872092692	1.5755297176898861
0.024711301684241942	1.6680680931287681
0.024452633332903345	1.6249899512515502
0.024568116369482605	1.4101912444542712
0.02434274292427993	1.6026481636642633
0.024793283724560647	1.6759994492095307
0.024221193503417535	1.541178701229959
0.024397858390272042	1.6749817256721506
0.025145572563662708	1.6658619603683864
0.024251846191516897	1.5727723701417013
0.025135438339205247	1.6884698901506843
0.02478742559292079	1.641321464856313
0.023740049301862482	1.4548800890134157
0.023963253968548513	1.517981949404002
0.025810436296422382	1.6621469823697734
0.02461676766325387	1.5149921795510377
0.026110777910245755	1.5842024258088396
0.02426254601009317	1.4531871402915564
0.024892363745222326	1.6197920438516915
0.02468354242420349	1.6712724978960365
0.026012998116472733	1.661719620210952
0.024236422935207894	1.4577066809187742
0.02405639605873406	1.6262413248718832
0.02496181639173018	1.6600284101124474
0.02541594047771448	1.6606513600320332
0.025612006216008492	1.683880404572357
0.024425339988205414	1.4126432812361935
0.02242328175407149	1.6630447646794977
0.02445201653787169	1.6549566476439839
0.02503570699602414	1.4904855944622444
0.024295122293529325	1.4787905022017498
0.024973357378690518	1.1986130977654552
0.022780811023090312	1.5783106972291234
0.02430628925975632	1.6874798559457012
0.02393384821566218	1.6431610909213505
0.024538146945231886	1.5609143271346788
0.024196803044195116	1.4889179349376027
0.02422739052286672	1.3948450366398035
0.024768635082171704	1.6468847382563112
0.02395695756554948	1.4720215552404765
0.02506322942534585	1.5487125136748896
0.024999035274634773	1.505206310701341
0.02463976838790646	1.2901949978658058
0.02448002701530869	1.6213774928731226
0.022160337123737106	1.675704981905627
0.024301172859028174	1.5529674482046607
0.02402982884879317	1.6625755594708986
0.024282903240628588	1.5373274020302654
0.02350637599481302	1.588240635749826
0.024348726828732885	1.6117341808311558
0.024723166219962848	1.5012595673531777
0.02413217250678617	1.4550066952342813
0.024538674285484296	1.6654932764179264
0.023545355113753986	1.6856341931588394
0.024401248691820542	1.6627351170243594
0.025723584063088778	1.5257055761064382
0.02281532916517829	1.6349978804426184
0.02563131829370623	1.6785378895636855
0.024570200145051724	1.2851527744680402
0.02501776625325447	1.3787199205674423
0.025030164845629442	1.6656496106907333
0.02524115398865312	1.5163217882577533
0.024626786608835917	1.5280624104977334
0.024886886789369244	1.6676330530301837
0.024308903547044874	1.4823835770217626
0.023991410031926872	1.6799164480206756
0.023252358045962335	1.685207256373359
0.0248400436622481	1.549240225400428
0.024138181107360684	1.4228809769036406
0.026003422536526544	1.6651162345800155
0.024015380495221717	1.597042388229698
0.023942735685204376	1.5167702242688563
0.024849201698554656	1.5665182262507718
0.024111100156754762	1.6457689124863049
0.02438999780391197	1.6042508641408628
0.023332320066122826	1.622598099857404
0.025795966578166525	1.108573137901132
0.025771406704609888	1.671896022848312
0.024207860260945173	1.4902717691030287
0.024135138558893255	1.561185676017155
0.02450441150003784	1.444121305770709
0.023798645825198018	1.5677708737982525
0.024693029098675025	1.5855598514410645
0.02539863520058334	1.6460202107381878
0.02589676568848515	1.6062485859842623
0.02419852881675699	1.4961666621094671
0.025769789869735837	1.419464385126041
0.02482266677086349	1.656727298294257
0.024552561983400455	1.3356035013278493
0.024162379572744468	1.6874248265229372
0.0242546297673133	1.3770143511207087
0.02503066027250325	1.615739291287983
0.024279423266395768	1.4463744955971984
0.02502836982575791	1.6734269551331082
0.025653087910818415	1.6791896595870939
0.023975549298575587	1.5169985734504294
0.02453628639896094	1.641260460181114
0.02642639709807638	1.6631651311257198
0.024006749611054073	1.4624538334510653
0.024072706358106443	1.4757322885563227
0.025100868704782033	1.245368575805582
0.024055212592189137	1.6885612934286685
0.02482977087896941	1.2983601915628606
0.023728873894754383	1.6196028354163055
0.02408534389671519	1.6377867945669071
0.025200201473717963	1.5316765922070936
0.024293236983694164	1.418049556446133
0.02400149334611726	1.6752081251284756
0.02505061251516655	1.506249230116652
0.024736036640525715	1.444695554243121
0.02388982246684178	1.5914993341576928
0.024930999788731433	1.4961187004633818
0.025139222380711042	1.5462065015939355
0.02309987937604091	1.680194887480942
0.02611870644092406	1.6867696216231418
0.023575785127236362	1.6882683124283777
0.025592093156832623	1.1431215051501347
0.023417882632515215	1.591173386716445
0.02671532062364687	1.6638339964662485
0.02475902572474498	1.3860550339507807
0.02399603290127381	1.4951939265311376
0.024489081415835216	1.6397089362916855
0.02426783999492262	1.6293979311709155
0.02370960228018307	1.6713696582878796
0.024764046225753372	1.452104969210252
0.024722166238183414	1.5866695116318974
0.024696100281682423	1.3972037697616817
0.024129655739321035	1.617465191816263
0.02386244785632725	1.5962055545549547
0.025552690810816712	1.5209169438615784
0.0260905414917432	1.6524882405438186
0.023974226874829183	1.5069318083621892
0.024967915431229306	1.285635193061991
0.02177490634135443	1.6103233970919324
0.024310823707568895	1.56644233917982
0.025777608460737143	1.6097295957069842
0.023463536505149013	1.6731677630712198
0.0247443803170237	1.43904673505819
0.025726898536148513	1.4960139966184736
0.023927634782005665	1.5632913282488992
0.025156029429390776	1.2457207119417366
0.024638990350256008	1.296764985223435
0.024587734728316993	1.6619336732717658
0.025454032029514573	1.4995513197987969
0.025212997936063287	1.5036637066801815
0.02526331575386946	1.4256970136084657
0.025336406462675272	1.433220840204882
0.02477267854252835	1.6577940167068397
0.024178322803350978	1.6283937737484129
0.02542220936148796	1.452702727838226
0.024312600492317125	1.6167222237666468
0.024595203175414186	1.6226159335421488
0.02440107977682895	1.4574518358613915
0.02386127043226208	1.6734062603629578
0.024116499467343237	1.572496283573431
0.025035478355944853	1.5010140873730955
0.024177515536468516	1.5143744216102857
0.024340106595865805	1.5367602457085607
0.02414347720357486	1.3534471582137693
0.02499603859109018	1.6512355516170891
0.02387944170255977	1.6477832370763605
0.023908760842268575	1.4867440504068203
0.024949410795286963	1.319825365318046
0.02495505341078415	1.5560479592951806
0.02570157187021007	1.6826269083809273
0.024024996331569418	1.5854365901240906
0.02404676430070952	1.520446815877421
0.025686033070927226	1.4242203095987052
0.024271264079377908	1.6410763420743693
0.024289842426847317	1.6149634695468587
0.025014586726909854	1.6757329868599142
0.024355024413966697	1.6114703331424498
0.024398651388114517	1.639767584245747
0.024857443484826346	1.4872650507478569
0.0255302745429992	1.502020091516708
0.024822619736318996	1.4568866587948297
0.024475583251023905	1.536090843590447
0.02551735804244301	1.686676378419916
0.024624665828197577	1.5437117710774806
0.024377255683922343	1.4273148618637257
0.02495840355346737	1.6658831145375266
0.024497034580553155	1.546163838403769
0.024201144709685263	1.5405382600863797
0.02486933840706901	1.5187952481369593
0.024406005868835404	1.5746508688905938
0.024968146514923035	1.635893369781297
0.02564925282120844	1.194111029292334
0.023326704021700354	1.681833623721643
0.024154129410591717	1.57617233801765
0.024773406944020318	1.3422709396271029
0.025188153036174308	1.606629327855127
0.02395522378512775	1.567856640367034
0.02464843371750621	1.5298935412969443
0.024352067365921076	1.4961797512368706
0.025519393988176594	1.683236877982107
0.02473179749463535	1.351399101893241
0.024262770359324552	1.3359331752748265
0.02394306638730185	1.5848668274643
0.024037081881687454	1.5593471250077104
0.024764390609118062	1.2740349839688623
0.025305784076227272	1.6786721969513252
0.025174784313334347	1.6471372104152247
0.02462255059312213	1.5351987090380528
0.026030990300370545	1.6395513343670185
0.024202773940515808	1.6074840349416903
0.024278230103453962	1.5636068108999286
0.02448731790385645	1.63186483358965
0.024991590681757728	1.309678376866168
0.024141433179647852	1.5863149145101123
0.02515866925188775	1.5040346811675158
0.024489678494877664	1.3794860095063435
0.024663239377109666	1.3653446311705886
0.024448668576496413	1.354632645514374
0.02418010918677225	1.5960712904443026
0.024986593875090137	1.6230163885650142
0.024913604057680082	1.6003079277367958
0.024467166412224958	1.3908895649555588
0.024588962261621956	1.3265229161709118
0.02409504066387527	1.4589149385175881
0.0240427864929085	1.5826846798952627
0.025341089009666192	1.6307576737187213
0.026121247809899613	1.6834614101707508
0.025619789413595433	1.1874384681553876
0.02427866449872697	1.6428911459680293
0.022526708966048723	1.6861216053798436
0.02454200233822422	1.6675576309518294
0.024096690539575954	1.5967163044474844
0.02471161105595861	1.3207408359243957
0.024204135505262566	1.4631281841933044
0.024047292275620705	1.426765160085376
0.024238627456221483	1.5548339321871776
0.024483943132112787	1.6331074321063832
0.02405080878665937	1.6626052004477556
0.023197212578189932	1.6579070590077571
0.024094045947599143	1.630374888184939
0.024376791007398164	1.605154052373392
0.024280807989286796	1.6023482295170077
0.024070628581161775	1.6191581343186805
0.023657435476787666	1.6838792664853641
0.02498133452263286	1.6133565638327503
0.024090032588498206	1.6296651305555994
0.024240942644158152	1.4537422847849215
0.023963681249339345	1.5485326394390087
0.02602679693358254	1.66636838649862
0.023955537667093026	1.6668183548250894
0.024530113794571335	1.655618018356665
0.023437357202760016	1.6681567060196099
0.023294826548518357	1.6538842294622158
0.02447497125288444	1.3808782073537467
0.02479644157812179	1.2947162618851988
0.02482276602148091	1.2183966531157793
0.024243543359524684	1.6196789852330984
0.024577008753490556	1.6527407672434027
0.0227039297806769	1.6852865193566062
0.02537123198347996	1.5536851663837974
0.025245124924617366	1.4444009314423376
0.024757481628935634	1.6587594604196128
0.024814576136523638	1.612223493260097
0.022249083423158757	1.6348133010875974
0.02417110142003616	1.6169035601889028
0.024907930656882505	1.6757705205942925
0.02422515080223995	1.5963563558593474
0.025153683198604674	1.6572053987543665
0.026166749410736462	1.6588158525899148
0.02499234238602402	1.612826368287581
0.025210817178547288	1.5154332197227045
0.02443160665337556	1.512552416378255
0.0238021027009619	1.4800418553021344
0.02583046344206623	1.6757697951484762
0.024586503198627676	1.3752582562774271
0.024066298598391985	1.4643093071427824
0.024452388720945482	1.6518206732964154
0.02484539750188667	1.526433778871473
0.023944845081632124	1.6465219849734134
0.023406964999770977	1.6760006153882472
0.024297200540023906	1.412042306918893
0.02437051771157518	1.556672330648038
0.02685867426230536	1.6802089806076066
0.02453591926151712	1.3347259433394196
0.024119384592651102	1.3719716914598339
0.024868004691469547	1.6675872861581553
0.024291018045507717	1.503515460280493
0.02502055747330667	1.2604581867417206
0.02475825537497819	1.3681978547656273
0.02404212613686598	1.3230411466408891
0.02472415329750208	1.5071578524217635
0.02449820755785136	1.6610788919152455
0.025779884952990925	1.6012508375519208
0.024283554280072898	1.5883954982517552
0.024475742979037086	1.3525241819141791
0.025886645258639752	1.6218048952512958
0.02462041237752155	1.6147422455225615
0.025033589408895062	1.6380173490136398
0.025792228159397183	1.1721610929740074
0.024493757609587503	1.6386864968720656
0.0250070228439326	1.661700818099544
0.025649493362432683	1.642124088192894
0.025625560947696722	1.667947566497159
0.024100711198642093	1.5822387465009276
0.024249850519033247	1.5611675075271536
0.024190054673457816	1.5893348918929084
0.02466480008029575	1.3678604966992833
0.024266600485661857	1.6113449422592814
0.024883852304667126	1.5170424341623
0.024957037261477737	1.669299337048784
0.024344481262239464	1.6689178997132383
0.026027614595409542	1.439335053126408
0.024339945721302977	1.5991769229110866
0.025579102739029608	1.5858768163381805
0.02372025709768628	1.664679944899964
0.02421128782169996	1.5287637268362129
0.024394872491587626	1.6080328278414906
0.025745618781743928	1.5165371693978655
0.024738490483365665	1.6313415770573962
0.025345246211581744	1.2256494407947494
0.023996001340874887	1.6395136553548202
0.023992903507403754	1.527657956095394
0.025836195287397962	1.5410860312512362
0.024847226611432766	1.5801415296236354
0.02621247588799522	1.4662591189685499
0.02560417203647971	1.6382463436108257
0.024955132930859235	1.5770749490540097
0.02457770504894859	1.5708488106783045
0.02590064663396882	1.6217218663313333
0.025681728794508654	1.5898814526042944
0.025573322187421667	1.6321505867907669
0.02453297760264465	1.477836419211203
0.02438108781624929	1.3156325355795062
0.024445611556458725	1.6270882529011494
0.024166467438788242	1.4159693030369687
0.02508760339396419	1.6682079380714945
0.024742835952796555	1.6691252660906262
0.024155308833591807	1.5620890742257232
0.02464457702914902	1.5111923152654922
0.02490752344828833	1.2875931773498044
0.02473986282085352	1.5783745344083533
0.02500350078434832	1.2728351559944115
0.024744008185207986	1.6185120599872398
0.0251573487032741	1.6773951642026326
0.024472921001612986	1.540193052346212
0.024606446588770706	1.5643162540483715
0.024471396212269333	1.571113282780121
0.024267364308817967	1.3008262386210565
0.025097403197144756	1.6830029364019348
0.024147757006216138	1.507121303452762
0.02628581459423976	1.383818461793172
0.024897420286898165	1.4618697019177802
0.025233204318828206	1.5497283790087792
0.02408026534505914	1.6319093091590982
0.02510719324883103	1.2485215036769395
0.024369601436130553	1.3905187493883011
0.024504704197509875	1.6632630177670509
0.02425377143699546	1.5866959823812599
0.023780497960505062	1.4474839969633222
0.02461351457131358	1.3296965237681322
0.02426656461489081	1.6052155240235693
0.024959830183874564	1.296685458063932
0.024473442021298787	1.6529733232873542
0.024289860500973027	1.6673714089402165
0.024481883134136028	1.6299876457573474
0.025163100690473464	1.6700301141323544
0.023610674509608583	1.6670606409541613
0.02419720590836557	1.562890542821703
0.024473029743308717	1.6286478231059514
0.02460708191969895	1.6404148777018932
0.023988185161293252	1.677941778008757
0.0240802340683721	1.5304416204593165
0.02467710151730965	1.6319391724934444
0.024479525018415133	1.2833272260219624
0.024551973117538373	1.5621383260817803
0.024438484721842724	1.3392654371170511
0.02488763639211022	1.677436810646511
0.024069529286015273	1.5757329624194072
0.026544470072840526	1.6789085780026487
0.025347245097955818	1.5320054824825549
0.02596252591395541	1.6211243741019037
0.024938231650179787	1.6527956984523853
0.025965984173248774	1.6558677943029765
0.025481557846213646	1.1488369390379884
0.02570385926881844	1.4951304859588028
0.025030761597072744	1.65683670548249
0.025856864957566585	1.6385966945432733
0.025296524945383658	1.6836163574913752
0.02643147127112536	1.6786869124978168
0.02459965901457263	1.6770622425689734
0.02416628197830173	1.505303036719791
