1.395737841046811e-08	1.2870860266086874
1.3920469420727492e-08	1.273510623028328
1.3932121429424572e-08	1.584385750093591
1.3327567185046482e-08	1.6673156042760402
1.3157819739473562e-08	1.584755229482666
1.4015585018927416e-08	1.6153367994578607
1.3185753546529448e-08	1.537002039257565
1.3516769668390306e-08	1.6803056130118512
1.2454830072212727e-08	1.588138507680808
1.3342199450482047e-08	1.567765742659843
1.333978227886354e-08	1.4688826999366227
1.3595801792033454e-08	1.4215091000973896
1.3622892558308932e-08	1.6939795490235285
1.3659096300080876e-08	1.6439279646543983
1.3184721089260536e-08	1.2696446643786643
1.3589100809034742e-08	1.666130277178801
1.265628966871889e-08	1.7130399393653313
1.292983621139337e-08	1.478026578947665
1.3456900316892653e-08	1.618735720387633
1.4091145768253245e-08	1.6923032701558436
1.3548400248168355e-08	1.5269671618363276
1.2922897361726702e-08	1.62612905406566
1.3334751872956053e-08	1.7169920253415127
1.2253810376327913e-08	1.707577762402066
1.3136760921646347e-08	1.4851392150052596
1.3396854547492293e-08	1.6747414762595476
1.3089157340620225e-08	1.5858004338023588
1.3854151962568094e-08	1.4980085255076458
1.3761699667102891e-08	1.4346241926185408
1.4260932566231989e-08	1.673625140545723
1.3644369596793917e-08	1.728684389541776
1.337304773291805e-08	1.6558891782943714
1.3350399729189709e-08	1.384846141915233
1.331805981116824e-08	1.542974530136087
1.3346804598186563e-08	1.6425229381893676
1.3901771127740963e-08	1.477839471937243
1.3699781363074502e-08	1.6782307722985674
1.2902827507041358e-08	1.6184710493049606
1.2742749980033394e-08	1.6059635379433683
1.3724858800622505e-08	1.3712125767624306
1.3048479333484596e-08	1.6898310833224
1.240180142567655e-08	1.6085612502013156
1.326055362175215e-08	1.5623895731335593
1.298876829024435e-08	1.7208742074855896
1.3050928369906348e-08	1.6678031108580047
1.3198670498400407e-08	1.4892950623816743
1.409377178033107e-08	1.69325222722864
1.2888864176853771e-08	1.6933819253462186
1.3760912186800977e-08	1.5981324500402148
1.3437897624880516e-08	1.580667611520553
1.295865211278322e-08	1.584051389543868
1.2787878415242496e-08	1.6988417259326811
1.4273323516202695e-08	1.720665666210842
1.3313738886644261e-08	1.5762215770374366
1.2974599079776623e-08	1.6464502514794006
1.3028869209969889e-08	1.618157331304158
1.3537150782409115e-08	1.6573465991886982
1.3478441408121299e-08	1.6104022787677235
1.3127912196967958e-08	1.4421726230767489
1.4343296621968033e-08	1.1965806982941043
1.3675492334706584e-08	1.628110038228646
1.3385150539551593e-08	1.6560646060139954
1.2875186172041928e-08	1.3854661507159354
1.382483725887683e-08	1.469276072826316
1.3501824332186404e-08	1.7064296236401235
1.3366956726720765e-08	1.4761810309199124
1.2567536837652107e-08	1.5370483283820857
1.3492738937084821e-08	1.5204894621867822
1.3147531734203797e-08	1.5161634394522026
1.3881183771807815e-08	1.6479810179947947
1.2675599836581079e-08	1.6722188389795591
1.2953230483322478e-08	1.650544200033104
1.3489361250004264e-08	1.6286695638268294
1.324882561277326e-08	1.5750960113371204
1.2775891111959852e-08	1.6098201909619005
1.4545146852794683e-08	1.717576417977562
1.2909851736530974e-08	1.48359079756228
1.3544109857594818e-08	1.3473946858739454
1.2251763492188538e-08	1.715035661746935
1.3394825968293121e-08	1.525370285129609
1.333442953282459e-08	1.4595363111148516
1.3312800944727051e-08	1.6541266258208587
1.3038825787531676e-08	1.692671207973072
1.3081410260339977e-08	1.6343558254964101
1.2816091640280446e-08	1.6817615806382502
1.4346821446061669e-08	1.5397841237617809
1.32212018492738e-08	1.4983309546020633
1.2863480112960918e-08	1.5706339021622382
1.2861584023927186e-08	1.5539755117283425
1.404629970883116e-08	1.5249929274038094
1.3405547575826225e-08	1.688000748575073
1.295621673693133e-08	1.545932196623177
1.2993653889017861e-08	1.5817220112692343
1.2176872753306994e-08	1.706925006332741
1.322429926700183e-08	1.5075395950450554
1.3193562051635e-08	1.6155209978431773
1.3076770607404147e-08	1.5745838115106994
1.3013903015534808e-08	1.4132721939266664
1.381423049188785e-08	1.693030351296772
1.335050449369119e-08	1.6172620193435148
1.3158471335593159e-08	1.5904523652880629
1.3015854902706683e-08	1.5940526207265995
1.3110482872803102e-08	1.507767676077078
1.3426289436188384e-08	1.7270726678625372
1.3414148335132268e-08	1.7271916137865362
1.3161711280764765e-08	1.7168630482462297
1.3741168214586076e-08	1.2192409923698593
1.3566589325315675e-08	1.728925159494283
1.3498055685907952e-08	1.6764571969693705
1.3624382744225615e-08	1.6848292520847925
1.347969190613666e-08	1.4231665063072187
1.2970574200497666e-08	1.6262015236329561
1.3645246866416717e-08	1.481237251423773
1.3194440764478034e-08	1.5849604427857784
1.3882128588309924e-08	1.6606732647082953
1.2095217340219022e-08	1.581147565567956
1.2889023402293477e-08	1.6732174627859493
1.320850436370973e-08	1.547523446532421
1.399087157819708e-08	1.3951384673741691
1.2599314770771421e-08	1.6839277312254208
1.3357330071685233e-08	1.628059618198212
1.2918405391601313e-08	1.5072313372809336
1.296226541353803e-08	1.4951804212272954
1.326124889503783e-08	1.6991714187844045
1.3575154433257763e-08	1.6965465933531023
1.2573201778131283e-08	1.7287475095836724
1.3673063480315235e-08	1.6324111722021144
1.3008032974143712e-08	1.558110842194618
1.3978685731263041e-08	1.4438629003924792
1.3595678981232188e-08	1.7281117059327575
1.2762975558185441e-08	1.7008387427730223
1.3223168185943589e-08	1.5664991128490577
1.291965068227743e-08	1.6931445882558536
1.3461526125579766e-08	1.6860835691029008
1.3895706464118359e-08	1.5185820864728385
1.2785748651329646e-08	1.6089706390133227
1.358174960943887e-08	1.6018874938428125
1.304347969264508e-08	1.6526786919879206
1.3573030111528345e-08	1.6313276028826065
1.299878116203392e-08	1.580001448156188
1.3667611587612842e-08	1.3320485975227445
1.454844998074933e-08	1.7004473172393464
1.3129105625149462e-08	1.5099070854337773
1.2828860189668743e-08	1.5583888297882738
1.2648335669193037e-08	1.5589930749043635
1.3638280140558743e-08	1.7089129957072273
1.2988400323493506e-08	1.5668681182630326
1.3545748329221173e-08	1.3740225124217624
1.4130332443451797e-08	1.646278976906917
1.2832438436102737e-08	1.529797207825476
