0.06553236163821538	1.5936373493147626
0.06604843782045919	1.4421676885056165
0.06569990095162848	1.558096948835424
0.06441756397676746	1.6156997277332357
0.06557999272413385	1.3972995529575831
0.06625931802574461	1.5589891877178637
0.06736668544351834	1.5791459826054723
0.06523091762052684	1.4362328449922654
0.06588495532668681	1.5152096061859588
0.0674131925469937	1.2909974758611666
0.06482243842018723	1.5883400954583977
0.06599855209031888	1.5419937720290617
0.06705014589042685	1.2645369001701807
0.06731359863471491	1.5765793133320818
0.06471832667932066	1.6065800523543907
0.06575953507499663	1.5193915605094666
0.06578184406156386	1.5706033715159293
0.06974423919337588	1.5612068795328296
0.07251329168128122	1.5979452944741654
0.06696705347181434	1.474110916746848
0.07001289843072492	1.4845923972681079
0.06731347427265605	1.564202128260127
0.06582625583083411	1.3763165853957458
0.07047732569085295	1.4430780570729331
0.06724456895291629	1.5928620461017302
0.06656026902498179	1.5289794696078223
0.06660594321239809	1.3606198623049088
0.06700897711983937	1.3340526770336232
0.06601500308057724	1.5154034453377525
0.06561755878176286	1.6148384418863988
0.06794949723728151	1.4895838683997784
0.06674827243839705	1.477207421712781
0.06575940728058398	1.4687860451762453
0.06656530625264168	1.589295656135516
0.06662738241249587	1.5813728010397616
0.06724246880993139	1.5959135451772388
0.06767828052897278	1.5845857836312924
0.06609607466837372	1.4964633965820493
0.06824154322915003	1.217795746360607
0.06597922580589242	1.3598575035777776
0.07187098395269502	1.3435081665140034
0.06951030496478464	1.5768002767659848
0.06817012039750384	1.6058367540225795
0.06704740414286482	1.5375587510721673
0.06635522219533752	1.5915947979802079
0.07026064091012256	1.5881223108611169
0.06651943022772512	1.3828131318264338
0.06784634837107181	1.515721552700764
0.06757296203059401	1.5862867844612358
0.06614488044273831	1.3655364216403507
0.06801761932869782	1.609012481621857
0.06823531219497432	1.4593948888555763
0.07123937347594272	1.3945493823175565
0.06908087811430046	1.4706638849341545
0.06504914840219939	1.4704287979318527
0.0665849862988664	1.5267746984428714
0.06534464500856985	1.5932714329603814
0.06653579522677956	1.5275653687158297
0.06883796706082912	1.5700215770519033
0.06998241576856766	1.5938004411686029
0.06770594586444459	1.4932042549815536
0.06721641714037237	1.4857145599248458
0.06508064951730141	1.4648811233557826
0.06667600154743529	1.3178220800369922
0.06632506552635963	1.4863170535495756
0.06648803161888762	1.4683363698359213
0.06855489725851173	1.1856488616565048
0.06847444554431462	1.2126528373889824
0.07001594777976773	1.4793902478624714
0.06769978840721488	1.5581574134490328
0.06353247930722206	1.6158875075640442
0.06891328699710364	1.4149708890740074
0.06852421861808768	1.4004418721297935
0.07230190442961892	1.5869589929836772
0.06593291889293325	1.4415670832942866
0.06709342048528145	1.564938140376377
0.06477329689377866	1.5415270504376786
0.06718519338362618	1.4271090572666145
0.06756685466773947	1.367889465504451
0.07164808098199593	1.3797976054180696
0.06782764378437833	1.4156519529129632
0.06626587950925981	1.3362205560759137
0.06761462526342371	1.600656370864892
0.0681195758861723	1.5191152317938919
0.06554285698635759	1.4484549296763025
0.0661123304715524	1.218895066613751
0.061736018220192306	1.4964630353413688
0.0655099645363364	1.5426918150830256
0.06328646869398354	1.4772913659328413
0.0655161217054779	1.571645687397049
0.0671987985312689	1.260369199960713
0.06813969738564399	1.4273006847965024
0.06629992482909967	1.4743097058888548
0.06896454132240884	1.5422390713975243
0.06735159876166368	1.3592994323458234
0.06442924899723075	1.6086192364010703
0.06684014020970312	1.5391504205671083
0.06802022307487092	1.5940956672280562
0.06531656132577111	1.4317982394150204
0.06807013771359312	1.5463262546805845
0.06620730455542558	1.458087160064331
0.06688630172054447	1.293603143250277
0.06617493755072128	1.2475797754173268
0.06764345170154328	1.2400892703489559
0.06699479611643422	1.5329092820239896
0.06551414273205504	1.528739901865982
0.06672063809027158	1.6096684553415477
0.06820510573432442	1.2408140326986543
0.0670429185651888	1.5288834721603728
0.07028671600764998	1.4401637912363168
0.07072683147857746	1.424793966202715
0.06474236632574927	1.473907054654368
0.06716440851348483	1.2649264940995182
0.0687495562406301	1.2086893909178222
0.06513471040427224	1.5971325602306803
0.06669933509729477	1.451661825686948
0.06781324981686689	1.2166644442824697
0.06924785199003564	1.5846280765729992
0.06737457909948864	1.600552374747484
0.06725932102325356	1.2569002744303277
0.06661154514781899	1.5379762558152943
0.0685272365137179	1.389686012264662
0.0671659919786518	1.2893067418470652
0.06743880827338815	1.247932865053015
0.06620220945833613	1.4610318233619295
0.06740788588592926	1.2454562892175467
0.06582092887631937	1.510922147599096
0.0677857725052555	1.5624143224707852
0.0636568919785309	1.6094093269500402
0.06993543802950672	1.574320531718045
0.06552462347427705	1.4138386132499285
0.06512343278151496	1.5230725083134824
0.06623256987400114	1.5604060865321894
0.06660126049828159	1.4733048713309802
0.06105106021467081	1.6133427665947444
0.0674821902924934	1.5779304459133399
0.06621636571199842	1.574690058641831
0.06662469994746771	1.6086423283140867
0.06910632289725713	1.4364458004549552
0.06988218356346526	1.464165850372963
0.0686479612199535	1.4156675233269491
0.06678113576482998	1.3187102501153425
0.06563151467936826	1.5295775617243725
0.06742103924835674	1.5996354258503458
0.06835061489165913	1.1623888344374382
0.06436918382361005	1.6033684414734024
0.06625165288538185	1.38931466257645
0.0654351872299533	1.396542588005498
0.06821819687944733	1.3916959820299857
0.06570040017462661	1.488333325172162
0.06808378856579526	1.5476887138212612
0.06682935518129697	1.268438186736987
0.06313160495493968	1.6143795420719917
0.06589815304840264	1.5506671917582957
0.06887570059275458	1.5879609195033484
0.06903266399702283	1.1459084129126218
0.06651731236705019	1.5113357267517862
0.0707858959873768	1.5368875938274895
0.06670068464859645	1.5412000812239188
0.06799794384940473	1.1972298976835367
0.0677462916604921	1.2346940027475526
0.06969174737421384	1.3929596092110827
0.06721529212472034	1.2812575071644252
0.0671928901002358	1.565171771332012
0.06709976439568313	1.387467374043581
0.06852619316940071	1.3944616895882036
0.06618564179702127	1.4958893127995068
0.06065503775589378	1.5884908029861164
0.06686782767418778	1.564750434727538
0.06777399832962573	1.4344604586173384
0.06786498857162673	1.1782525321904926
0.06593684815070165	1.5287258948907625
0.06717068950100286	1.2902520758959803
0.062112539750881955	1.5844531883092938
0.06849239447662954	1.5627993848532242
0.06670979917683313	1.523316824768846
0.06533571644701884	1.4191422836906578
0.07351140370410096	1.57134567044656
0.06635973614620856	1.5738921681620859
0.06566950218692348	1.5330908871872608
0.06662175297076826	1.3294350690247085
0.06648679591725402	1.58595112249585
0.06376732124522569	1.57579629416613
0.06646382974502486	1.3064978892089494
0.06545976447147663	1.5821433913730052
0.06636589579207926	1.2922000445005795
0.06779497633872171	1.2637336717909229
0.06674088311911588	1.5438113895892889
0.06625519000981474	1.6089266848760284
0.06909100912166236	1.5679053720954121
0.07015905690159269	1.46835772173164
0.06703085601822485	1.2917981073005662
0.06523587688974529	1.458650911278159
0.06631481489563588	1.5574400883504194
0.06696558867080966	1.5322857253471527
0.0697341905931485	1.5213177086188057
0.06917787451872344	1.6085742526704134
0.06713980700530471	1.3554190831564235
0.06638730808985695	1.508991816762828
0.06573439809862085	1.4209506738921964
0.0676559043811836	1.3210880979016282
0.06596896011669229	1.4909293784700166
0.06902638958123625	1.4669896819657968
0.06676378573018968	1.5861416219361826
0.06619123686256383	1.5637817875096027
0.06823380479564667	1.3419534698840492
0.06596176697796334	1.3972920805127034
0.06768304680916692	1.572475054080641
0.07036175905458514	1.563412446000324
0.0648523840054524	1.6091895321651932
0.0678762587563851	1.4064086951195292
0.06775292655196996	1.5759461643124388
0.0620827541929866	1.5570586833524103
0.0608605881279673	1.605462157727595
0.07053433692776685	1.4528522116183564
0.06612706239963226	1.6029291871715854
0.06774844208968467	1.4774818014513327
0.06743466742052769	1.5974950218973327
0.06702912174039044	1.3284248131345573
0.07050813070856218	1.4841063989008279
0.06649743238757733	1.4859834840609443
0.07104002225735716	1.327541481691715
0.0703574944446433	1.4100033943551669
0.06885630009756848	1.4884710709172613
0.06736634883284694	1.3329426096331942
0.06535696756694234	1.5893085678061287
0.06565567231852541	1.374259171193378
0.06563416559730303	1.458568649406627
0.06668853783338557	1.556909979334028
0.06576440402402728	1.5468004700107185
0.0681943130828787	1.605833627348447
0.06842067185894615	1.6024007007879386
0.07005715055702447	1.5661289235913962
0.06702031178767645	1.5728466550672673
0.06570216079051128	1.4290040940135187
0.06727974873242666	1.4750489687977915
0.06689443436280802	1.5678149978281826
0.06714935827914105	1.280487928777029
0.06735780778616174	1.4204779269813754
0.06948624187263962	1.6022822700852506
0.06653412076349355	1.5041658820415993
0.0655614628147702	1.4348788601506215
0.06582756042336792	1.5391288688461886
0.06809859330807781	1.5742790333118495
0.06674216139707842	1.529901010297231
0.07023586017038627	1.500341464642895
0.06495260377266233	1.606255841118611
0.06580703521369242	1.568871562377289
0.06704387179708732	1.3014218967244533
0.07226031927740369	1.5962103144431916
0.06698451594816512	1.1800604789565743
0.06526284536285731	1.4557043344913594
0.06421238811607348	1.5909810325477727
0.06616494730925128	1.541599441552536
0.06478042228903146	1.4859585142299494
0.06708031529005552	1.526418077277015
0.06641652867270137	1.5263751770410032
0.06667435513472347	1.587998685272876
0.06634790374805774	1.6013644775333447
0.06615534495978462	1.5626589407785452
0.06718653828070993	1.439089176474717
0.06715844002897707	1.5318635663769795
0.06772015272842753	1.3773698898695848
0.06688462894676767	1.3642066056726545
0.07017427156651662	1.609531411110959
0.0665648216645015	1.3238145576460856
0.0657177931870812	1.5333888297919231
0.06537391963536736	1.6145672408976015
0.06718328368060403	1.2613877475354673
0.06636262447794714	1.4287119832248758
0.06947171253416483	1.4602191508888882
0.0669592184282758	1.4553964870562366
0.06543165347624434	1.5171438769548167
0.06970633026333238	1.3427229087862593
0.06407008084013124	1.6019430707731819
0.06791188760556666	1.3288953474069627
0.06638500498161817	1.5292849160765805
0.06386185675935814	1.6058377572360523
0.06996863697319687	1.591987628291386
0.06463502158091497	1.509450986714429
0.06558788855438828	1.5837753621434847
0.06832215229392939	1.3933011387306808
0.06661872300466029	1.4227140515622112
0.06545165282960345	1.492197354945727
0.06544930336392714	1.4261171680992093
0.06749095918122043	1.3408254311307335
0.0660616608594472	1.2668373158523585
0.06686231620606779	1.4346489773623525
0.0706491968972684	1.0761871731344401
0.06507792195034412	1.5046420146940558
0.06608658464327569	1.5159915442006038
0.06651957825900168	1.587615498189237
0.06669968765078571	1.259545582802953
0.06759523499884937	1.5972757588245676
0.07099543905411256	1.605900408718636
0.06610085666076641	1.3229573497799865
0.06547625531103628	1.565789674777101
0.0716783744638642	1.6012550487900459
0.0659969953759015	1.5732387462985598
0.06703135182066113	1.2544038372101145
0.06528465469367886	1.4487195790589766
0.0646079224025814	1.5938799425353332
0.07226671475658564	1.592648777746711
0.06608589673829719	1.4219578909558657
0.06759273516461016	1.5519185948634258
0.0669070016335282	1.5702790100690294
0.0654776298785206	1.4151208268745192
0.06605975920118148	1.4905473627114436
0.06482589430052661	1.6070115184844551
0.06865022148824183	1.5979612577886009
0.06907416535083921	1.1310350578376427
0.06824599801058122	1.493837152326941
0.06852942078121774	1.443811718251988
0.06702583142184819	1.5659939671343084
0.06723770857034461	1.5935314938161833
0.06514957936526862	1.501529595885996
0.06645310850598103	1.454229325560656
0.06957433066019675	1.593140158073052
0.06546923608256727	1.388646847330836
0.0665093898049243	1.3899469656309402
0.06573943232157363	1.6046352126065853
0.06742321266477629	1.3272625879632514
0.06698659061440326	1.486201949842862
0.06545478075669117	1.5794877220012629
0.06736014622186871	1.58657006108838
0.06660463840361157	1.5835585472840343
0.06551600156092349	1.528158825735502
0.06280219949340433	1.531531111473635
0.06525461238624437	1.5443068925013792
0.06688848307275844	1.5307972200363134
0.0658918049578167	1.553699941830465
0.06870871241263922	1.499903150276147
0.06636918822043464	1.4786631079590904
0.06551619007158625	1.4646407024029056
0.06897388004549755	1.612480707680401
0.06708176833858961	1.585997050599694
0.06623806391929643	1.60141370361747
0.06691452580442009	1.5957345857291565
0.06992116140781603	1.590181094437378
0.06831053094918248	1.5980183348421608
0.07059403562391779	1.486959227160252
0.06976236616731553	1.5963732794052024
0.0691240815931329	1.5857989291502268
0.06730654480836631	1.308629537079084
0.06839591910807971	1.5554210131052666
0.06638945136301737	1.4730249920485345
0.06569470112294684	1.6169292241484534
0.0653243173811363	1.4865989011255945
0.06690267308433433	1.5779669897724333
0.06841992384715008	1.4586956554369033
0.06542291432817961	1.3722752163470062
0.06911309636933978	1.563589566451176
0.0654946809552552	1.4408242056680352
0.06698292749893947	1.6102042641786798
0.0691396327474599	1.346429684390698
0.06609326204509902	1.282144902544398
0.06046519906183613	1.5504138774271807
0.06565994802101509	1.44355980033415
0.0665900432379644	1.5660626442845136
0.06990015055084463	1.5891959573451935
0.07085603289520881	1.5762372821284796
0.06579733747540165	1.420195205289628
0.0681556405726038	1.6128556011513973
0.06728494861527215	1.5592590766494605
0.06955200339851135	1.1592929874075413
0.06584507479968126	1.5776570992388264
0.06595021236333454	1.5390028590420806
0.06624800029493208	1.552906756514319
0.06544257906927041	1.5604365465456136
0.0665139018514092	1.3639358390969907
0.06778995114543904	1.2204186826699903
0.05868949608747238	1.3667041260069575
0.06520807170582514	1.4908511732760208
0.06762578871846366	1.459238607722178
0.06623109130286484	1.5168491235403165
0.06467844618417513	1.5589125561117476
0.06615234368889418	1.5456812689449961
0.06890024670339451	1.4436943096230868
0.06647053096571014	1.5278287533265136
0.06771089029315595	1.5282421918065154
0.0712749223582945	1.6063964625378595
0.0691822052052019	1.5785321030256576
0.06920885593042791	1.3985393073414691
0.06652933129402586	1.5871781178452178
0.06759255282789581	1.605301873037664
0.06928415500373225	1.5927385440462833
0.06639525786235283	1.3244442724383532
0.06645780139538546	1.3889822937548648
0.06595708635839141	1.5143744789032527
0.06610866788865401	1.3307275953297526
0.06863000634562451	1.5073308827707064
0.06899209343300398	1.5636219997906444
0.06845082391654957	1.201094106691252
0.06559006650138709	1.5557986632680418
0.0699209036875847	1.59245134019011
0.06514320232078867	1.555648292449431
0.06853811925231432	1.5523333040369047
0.06776564366845139	1.4064446222904585
0.06557696731048686	1.4959205391934378
0.06652881978225562	1.2678304583418973
0.06681329619255048	1.567274763545009
0.07278073065696414	1.5657208415094397
0.06662204716925543	1.2485532444775764
0.07008027952619669	1.1070839890654374
0.062426018118846266	1.5478639058802766
0.06673664676303401	1.46722184663077
0.06765202701410862	1.5142305826016522
0.06609918959659096	1.389600742759976
0.06686638349175131	1.233603127493542
0.067514920602845	1.591056699232149
0.06706547971726033	1.4865200078301082
0.06702957375104952	1.6008923465094336
0.06509029880719361	1.6005521946290089
0.06702259412254874	1.6105126619949175
0.06745120828715806	1.270326979888886
0.06570736437864454	1.5637567417337794
0.06785211349421215	1.242216162434845
0.06844785818607121	1.4868776756845892
0.06794879269889789	1.5566805040381722
0.06572016458810691	1.4536786407018227
0.06578787297606199	1.5161717356191386
0.06875330576590957	1.476556707327193
0.0673573822974507	1.5815503928563843
0.06512762067937365	1.586546232563409
0.0656032283404226	1.5461710502005968
0.06497433716977057	1.584879532635421
0.0652412438073954	1.5561281367736657
0.06983230662423554	1.5836676439377393
0.06606242476594151	1.5305662302550127
0.0673294597471297	1.3509486900528707
0.06751875802623274	1.1631382450151013
0.06636169542221272	1.5905310763811582
0.06831413193492628	1.4329924515301653
0.06598093230891286	1.4546512291701206
0.0683867735092185	1.4719181784861082
0.0667842551453119	1.5046749741207073
0.06579485028499861	1.5325418691307893
0.06803541261176872	1.5982075365300752
0.0660828145052331	1.429198300418944
0.06772383518857403	1.6099403886854975
0.06721811834189328	1.603447453232206
0.06740602281785532	1.372111575286112
0.06716347873088364	1.5925961949163785
0.0670001432631544	1.5628480292343196
0.06621523769796411	1.4026794966137772
0.06809966839641934	1.612221242819777
0.06705458541742677	1.5829779475794779
0.0655717466692541	1.4397370307885102
0.06734459002370587	1.51013313197182
0.06828668672842525	1.4465387973158645
0.06634894541247079	1.4819578935421507
0.06564389294534154	1.4562525969873925
0.06655326144042942	1.3466161160548924
0.06667952452489405	1.5305396687908694
0.06579715650990656	1.512866852117026
0.06900253102901936	1.171767298172893
0.06522606949568402	1.5467232797679311
0.0666752937308121	1.4765303366068687
0.06617945976083912	1.3071581934454797
0.06629635810989329	1.3531103629170889
0.06575840919974436	1.6093189821492486
0.06859570881435778	1.465730286802754
0.06963753167382843	1.5876885269226622
0.06630356380459484	1.5109263588020994
0.06752526905586222	1.4813829035745654
0.06845382813646536	1.4170186502249633
0.06933591993557417	1.158685336655466
0.06676033043535466	1.567402216530554
0.06565007504984903	1.5245867572125236
0.06310283338633872	1.4797735714755982
0.06688143404638763	1.5418103785592963
0.06562527136821492	1.5519173209354664
0.06666239175465272	1.293452550461161
0.06609300783111026	1.417659446943549
0.06850688630106833	1.6039323784062263
0.06868218824890114	1.465331240670734
0.06743068992887678	1.6089369131160158
0.06990183516088368	1.5746745616232776
0.06675686252490608	1.4781617089297283
0.06541562483294577	1.5420596911539182
0.0668239346662664	1.5957815606602617
0.06862653166392839	1.5929818788280792
0.06558182975340487	1.5127376903917167
0.06408845364015454	1.505279606837115
0.06945959805022778	1.425841601028762
0.06415297816472024	1.5915048493649282
0.06581938678259076	1.558576008196441
0.06592649711003794	1.3900864835223854
0.068175917264086	1.608759812406792
0.06739085397019023	1.5050556783137632
0.0659373792581069	1.4930215365287343
0.07023182861098347	1.507890168783005
0.06587343031439832	1.4984688912949355
0.06698240882205478	1.553302763705746
0.06603886395556981	1.5982309516713844
0.0669401609466924	1.5195761013598479
0.06682726149052723	1.476119270990499
0.06499399168099339	1.582503944644469
0.06629027258973771	1.4798425440441485
0.06553048183041361	1.4207791864120163
0.06898637904509718	1.1096571950085348
0.06863132991329036	1.4420058055775689
0.06805869246162738	1.4128061622268373
0.067634717205283	1.280145035838666
0.06601164480034012	1.4469963425490455
0.06731494340324808	1.5687430113780059
0.06764364221636363	1.6058742120444147
0.0663386756875493	1.31995482080675
0.06698802088656827	1.431623453124806
0.06774439433114636	1.5908313884093839
0.06654169164447168	1.5578633162485251
0.06714402373504813	1.5938246541784833
0.06449619165567222	1.5710266706970892
0.06905546431300359	1.5543117441317045
0.07015156124606749	1.5803657681193997
0.0663438583733966	1.5150864709291778
0.06618269905955075	1.2293169001062618
0.0654720383169614	1.4944416847631836
0.07275030972088987	1.3738350805214186
0.06758264919179821	1.5973564693351934
0.0640242933248133	1.586539053655228
0.07226610918169007	1.5774870915490677
0.06696709617896014	1.3264970454982135
0.06641552034138691	1.5461388781151526
0.06212510450900279	1.4861665257492498
0.0659066350038165	1.6117440329811403
0.06938355181823541	1.5701992796681348
0.07101110490596149	1.583523929990521
0.0698574209152263	1.4244954984470557
0.07060124746391085	1.374320391675669
0.06209040345613976	1.596848178076684
0.06754187288848773	1.2468259029986621
0.06669338635899119	1.5889549969870256
0.06805286366707902	1.6071470572515891
0.07169202009935373	1.5829404495956503
0.06552879873389225	1.542535485605679
0.07140981430236679	1.3965571334653624
0.06631180436628281	1.2687354988695903
0.07038519366817945	1.5572277288887468
0.0702262463501986	1.6069039759004413
0.06332286160632429	1.6145885855084354
0.06590128074566308	1.5277273129353577
0.06902009384774188	1.451929621375741
0.06575622660059213	1.515056676776338
0.06726385181295982	1.5903449671772227
0.06529907812191957	1.426697743578742
0.06546423797461358	1.4940136095037553
0.0660514217872021	1.4447385493552223
0.06904094892565506	1.5992252873053254
0.06448164902196474	1.5681436948378775
0.06145224694407897	1.491103599272055
0.06440137493424186	1.593153454573311
0.06493896948005125	1.6086989646587984
0.06792403331040253	1.2077723633718136
0.06409496614461112	1.4271623872038568
0.06645457670651964	1.5295731157409354
0.06911601598412966	1.1707651003195783
0.0646336809621183	1.611013982224271
0.06414745035957803	1.5924805221659724
0.06850971217727997	1.4867409054693517
0.06667155566948899	1.5284822798093978
0.06327957455517652	1.286960862073609
0.06715139353674222	1.3601072421862814
0.06638327004378655	1.5440508591705646
0.06725425286868297	1.5531007020935972
0.06772497404637876	1.563201188180252
0.06779614050768074	1.3354920499199703
0.060274673174225	1.5640707542377
0.0672264351954822	1.3909825801362847
0.06699057212579546	1.5353157099351773
0.06900608741182637	1.579329969947496
0.06604246683542872	1.4384519562314375
0.06784355400267751	1.5909612783867784
0.06775311140327644	1.612340754847069
0.06767519197778546	1.5516920773487648
0.06692324035965924	1.518756123673417
0.06626686380905496	1.561157930115686
0.06609942577335357	1.5848175355449388
0.06646183928384305	1.6059747831446936
0.06709143039829829	1.4838634057096995
0.0688045805526201	1.4348164679766982
0.07031255002137171	1.4627068490817914
0.06740509518157906	1.3503042571260138
0.0666283449934443	1.4487182881812553
0.06603402110271857	1.5444241084018442
0.06641386783192021	1.5072940409520945
0.06559673483134014	1.5474911497538058
0.07140371591217706	1.5860821188683032
0.06444405605879534	1.590307339475758
0.06747947066110781	1.2548636334256607
0.06716031202997635	1.4962931649870646
0.06701997881061329	1.3115159577288984
0.06654453417421909	1.321071176705943
0.0678901350723141	1.5023715619751712
0.0662863846872135	1.2074976950462222
0.06671922306879449	1.4761495080245997
0.0649710201986725	1.5587481485012435
0.06745903688589197	1.5188207526990012
0.06688008341722822	1.2129560290807773
0.06668363768093707	1.587246065741298
0.06354477347491114	1.546269733185924
0.06584186068036242	1.563943275082273
0.06620653491802933	1.3734102108467117
0.06910721314071176	1.4387393126021828
0.06605440099657095	1.30906089705933
0.06912449621245927	1.6099608270846149
0.06629760428540939	1.3940907335324053
0.06599296776785105	1.4762482860629922
0.06774738315974412	1.4036481816461377
0.06547610247945701	1.4996540752102545
0.06755184468962662	1.483435857248993
0.06688917863730581	1.2539573964818436
0.06374178090782052	1.3540286631656866
0.06672205490203319	1.3253816164282917
