0.007930878662143266	1.6903610193724927
0.006893391584489007	1.7034477829737684
0.007193468261430696	1.495207348754834
0.0075714349458014425	1.6793685593608
0.0074090680915637475	1.630290592355169
0.00731588089612888	1.62724611143231
0.007462308886268356	1.3458535891654886
0.007599980107075785	1.6385349076559779
0.007223771139536095	1.6627908057893226
0.007393280750758102	1.3699669462556392
0.008148138043006436	1.0315247770106695
0.007272658607978577	1.6004067683525034
0.00719875088792925	1.6334510307135521
0.0073421394525903655	1.522639188012472
0.006967351518339414	1.7156346018944717
0.007287584491177532	1.426010619425679
0.00729016565039118	1.6902288009273327
0.0070727880299262256	1.6914149186423784
0.007133937334599004	1.5883869782153426
0.007402207698336322	1.6924124160354812
0.008012507704654908	1.7101676252481612
0.007385858453139232	1.716924842777984
0.007488600205070275	1.7102361432463744
0.006637531600183146	1.6586144862272727
0.007220115388492009	1.5673573101018352
0.007439723041091606	1.7011729441498749
0.007294497541174311	1.521906814953239
0.00734978672016554	1.6678799196307514
0.007275520426173455	1.5393983786961067
0.007204102215923773	1.649248413057026
0.007409380783622385	1.3083601780714007
0.007309973203328155	1.668709622998546
0.007534169605864789	1.513695112654448
0.007407383828833458	1.6155907869261428
0.0073427105685556155	1.6945472882312744
0.007349684256883414	1.6003634380107528
0.007503650197594709	1.304465473467046
0.007749282681292131	1.7073573652490306
0.007640785602834632	1.5902099731331427
0.007310170898265039	1.4375512656041045
0.007361750263110741	1.4067743964136243
0.007758220758348439	1.7040380072786547
0.007337628083369176	1.4124697708497307
0.007423759776380839	1.6623984710052504
0.007464891991189685	1.5823736065098282
0.007414625895909684	1.6839502656176257
0.007298122454172392	1.6233518711194013
0.007441406087660396	1.6446709536529474
0.007208108417615916	1.559007664610066
0.007331300178376456	1.4612704153073925
0.007337394606452579	1.664894139485493
0.007304390618957389	1.6713401854048096
0.007317926056339889	1.7099730898165775
0.007411222145122787	1.6486971295917097
0.007250166785471442	1.5349386771490425
0.007521379132662871	1.187011430144871
0.007578838789220655	1.2570940174830096
0.007520083802980836	1.6638247587670705
0.007176200992667858	1.6569250305094028
0.007533972309287679	1.5656832481387237
0.007255602178174518	1.3579810180972194
0.0074796722225188616	1.5080973236632844
0.007740990244186216	1.7160325528525608
0.007395929217458344	1.6288524089029126
0.007356672568163215	1.6874360848082337
0.007095175108799174	1.7049712698311892
0.0072791927746913105	1.609520950304137
0.007730744564447449	1.6002650844746413
0.007257223977212102	1.676371006260494
0.007387098992724397	1.6982743527663815
0.00724226732799643	1.5827735238345666
0.0072603193389198795	1.4502940218877047
0.007249191249380732	1.3596480723738056
0.0070912759649365146	1.5785381915921153
0.00742281651894783	1.455830659935596
0.007379271461109591	1.3732544588894824
0.007517815728971772	1.5195719102346574
0.007115734805955391	1.7062248625755532
0.007261786615593509	1.5555775961846627
0.0074216117400673865	1.4419539897802502
0.007133346676102133	1.6034665349193262
0.007211009121698154	1.6259904546323622
0.007538571751071451	1.6618566081554424
0.007447729342202426	1.6533269717656112
0.007557515495068938	1.5511263897686933
0.007276193562197641	1.6141099003557002
0.008169534381126066	1.6996473680341562
0.007237806583427114	1.679037295928083
0.00691920537270603	1.4639403181776667
0.0077926664957831794	1.696000982212242
0.007263438487419851	1.584949938769315
0.0072677881849711485	1.5182206427325993
0.007085379366775634	1.6984059659843065
0.007265518607217866	1.5914539973069668
0.007273237733905564	1.4134391800249189
0.007782441340545266	1.6560686499599737
0.007200701337996761	1.6975358088341188
0.007428532968800872	1.313695791405127
0.007199351514256087	1.6852319628039902
0.0073828371231319835	1.4368186921080666
0.007485945729496596	1.6822406617335648
0.00719616622871113	1.5967864880397311
0.007307840868057584	1.3970881163774882
0.0072104808007939225	1.6879696804928157
0.007269843564223546	1.462128948732141
0.007240965412399218	1.5739418221583967
0.007205419068868646	1.605288692875417
0.007313929248002342	1.4760070409373154
0.007237342655267057	1.6678443843107225
0.007460561689996981	1.502408012085939
0.007341331547111995	1.6885927967961827
0.00790354344828848	1.7164320092225205
0.007271961817361103	1.6907491844937934
0.007257164284291399	1.570885590372757
0.0077378730898697195	1.677120666934905
0.0074003804099570655	1.5670924526842447
0.007295327373204091	1.4204533193850932
0.006834721267154564	1.7179496479494023
0.007609407781569617	1.6800652867726122
0.007621937949053973	1.6169398439876852
0.007372555836575113	1.516696466090337
0.007256593029022385	1.5490550920998973
0.007275329319661992	1.7113763692824344
0.006935031088671534	1.6914002015546632
0.007492151648939854	1.5082583000521292
0.007396950604817377	1.6681488345306854
0.007491620225213364	1.7142982778186096
0.007439371898458994	1.690992432313731
0.007331423852436239	1.6196172499418635
0.0074889437736413746	1.5299949753614326
0.007757453828019569	1.7036823398397036
0.007269806125398392	1.6392549499307956
0.007619763952091559	1.6872428097892962
0.007463461642079332	1.6511996875040869
0.007621619367926786	1.507828429572949
0.007412889314383152	1.3896219552477667
0.007178831231081166	1.4933825872172088
0.007821970006566047	1.1490855696487372
0.007331169527104143	1.6666435411675908
0.007490023314125209	1.6063054273117714
0.007303546324192532	1.671535418191604
0.007327831862321159	1.5877616441749005
0.007360521899241278	1.4954382364631322
0.007618084179225466	1.5410869222217218
0.007488855516086851	1.7005002237710003
0.007412974308987775	1.395330556869183
0.007229473879216775	1.6381783162743113
0.007267186506992554	1.4868176475729429
0.00730511778336411	1.5583196450746577
0.0071773412987950055	1.4721404243856013
