0.8944975036558143	0.17139545546509377
0.8818642156594789	0.181112611625266
0.8447486069138719	0.26222847329994836
0.8799238689666973	0.19908149675358272
0.8562771147042619	0.24690770269235285
0.9086710970792592	0.14606478020820787
0.858253995576014	0.22057781091889112
0.8904704305658485	0.18595924004259257
0.8819188680106119	0.19208846353665926
0.8737072882418496	0.18409837544193253
0.9367988420030937	0.10564133211527099
0.969319279938455	0.044784846249846584
0.8943345550254894	0.18176431972676343
0.8831884703314128	0.19495861797235792
0.9416345646183436	0.09832611062099916
0.8859959834576681	0.16263790856959026
0.8961940306333316	0.17242258431587693
0.9219442152016888	0.12166540158425734
0.9280096774481392	0.08688515007429458
0.8737438184857513	0.1972485118340552
0.8886909964757906	0.16122431634358636
0.8850039320390004	0.17826151932340498
0.8774339209345856	0.17677101359355704
0.9300632094190989	0.11952667479750573
0.8873778214528945	0.18954729115079755
0.8890151452393682	0.19179103349612397
0.8770347341012905	0.18761623134446215
0.8742777602097471	0.1998612826318098
0.8826522109116631	0.2013047544426309
0.8774564794264532	0.19316927481266144
0.9343357689584241	0.11255330604211428
0.874129067111904	0.18995035870234026
0.9468998041586093	0.0603281026650603
0.8745718247265315	0.18864024692638284
0.8957323848939948	0.1420978788697563
0.9209612693007655	0.13521999211600716
0.9181766227177164	0.0997481853511144
0.8496677296467692	0.24919297597556211
0.8776544324808557	0.20679920263378543
0.8724256402174125	0.17983317673635985
0.8884732883001036	0.18874195595507537
0.8759541166843728	0.18911762317737282
0.9203028039370904	0.1346403119283207
0.8812364322494217	0.19531667380973633
0.9671757870777045	0.04814263265975613
0.9060224082079978	0.14967556608871163
0.9302798503046886	0.11126857215670591
0.9174859228044591	0.09984878547002142
0.8695589758524811	0.17889353540170091
0.86446247018482	0.20770475299014252
0.8321178901047575	0.2877364236393692
0.8822563515248593	0.19758472445684877
0.8932191425244276	0.16745455708887297
0.8802571222569067	0.19625986360828346
0.8556147334284768	0.2267463383595782
0.8434997360677267	0.2564169200797307
0.8814386805640926	0.20504304229701498
0.8941963671657064	0.13817754715819996
0.8038302811286108	0.3395274396943577
0.8869194319761311	0.19365723991711992
0.8706249875303551	0.20116901544755172
0.8654050922431432	0.22820238548960853
0.9231148663155341	0.11639564356994442
0.9153531239991873	0.13108084041550508
0.8750095644925403	0.18807335482748286
0.8881652830172506	0.18871323985280902
0.874354171359591	0.20582403179083425
0.8758038772051683	0.1725463753669791
0.8773284413434768	0.18564305319162916
0.8764441941405364	0.2070584587375035
0.8825848021676969	0.180543963414656
0.9022389142791128	0.14870987971358493
0.89992640064348	0.15810267614672144
0.8765539589465366	0.19268837727175558
0.8576534799458999	0.19786161955138692
0.9080761721448412	0.12061013072030238
0.820840015215411	0.2992621068416562
0.9184674060020785	0.14088382502568053
0.8963606302125454	0.17568075134252664
0.9004930585044546	0.1603816182390097
0.8875998152990798	0.19252462674351162
0.919821675917765	0.12367710225784981
0.8956796336392089	0.1435064107385351
0.9170379917639306	0.13884522014374506
0.8793163475718291	0.19531228348537602
0.9338671501807294	0.11279917817606461
0.9094406467465483	0.15281000750870521
0.8912251306848261	0.15105988971927686
0.9842903756597416	0.022604774091167436
0.8736174452225671	0.20079146814102583
0.8959429972114229	0.174845428898176
0.8655282299477306	0.2306163406347277
0.8950205945888164	0.18032222084160887
0.8893238392393101	0.14194185846398505
0.9058736480053634	0.15862308494622018
0.889045036635428	0.18704367756852164
0.8987899651851249	0.16179059589571582
0.8821123175747111	0.16994666412387016
0.8644960510426444	0.21329460246566256
0.9162071621101345	0.14223015518527715
0.8928173332322914	0.1701211017292941
0.8824399868411116	0.18436526624424524
0.8757799382486606	0.20291202528843189
0.9167712932835169	0.13706026386676956
0.8918836458611449	0.18609672767006746
0.8971322794943395	0.14318962622923306
0.8708706065780588	0.20141274660460645
0.8500087158039303	0.2574587583124559
0.8944526005160456	0.1781590763345779
0.8991515945019177	0.16820337114410583
0.8691109887191383	0.19925204150589398
0.8797759844565897	0.1801593624385978
0.9507164209102297	0.08338562326175869
0.9398332298026282	0.09925716400190632
0.8982612474322687	0.1736217177092041
0.9603204343176595	0.06700279142765614
0.8893079190053692	0.18912395108431046
0.8766192467227236	0.18275140942627954
0.8794085482370261	0.19642811075049788
0.8744658078066847	0.19836429810181072
0.9014662301050619	0.16405809292610157
0.8957489096155152	0.17808681796099662
0.9144357090991527	0.10557573901718786
0.8697136937143372	0.19944281246965484
0.8835468862505891	0.19773809540676818
0.8853340720683999	0.15901724574230278
0.8776962997144386	0.20395020502538136
0.8760455805714203	0.1973333787139181
0.8676383715422539	0.21162841960060486
0.8741664941887864	0.2119016796380127
0.854377854996742	0.24619044503165316
0.8999371733421795	0.15570022568186898
0.9021836151393604	0.16045603967975997
0.8978965159364583	0.1400083581194733
0.9153563649440587	0.13320381944782742
0.9074674375682398	0.14692360289217188
0.8772951272775344	0.1944595839363814
0.8747069498477126	0.19373965426150502
0.9062530305719511	0.1582033890378216
0.8389159881142854	0.26165309095930417
0.8733310750544788	0.18959510161431248
0.8990852414973646	0.15607730284858304
0.8459259755899287	0.25674432858994883
0.9159818591184553	0.14434269161643432
0.8184618353849841	0.283298035687672
0.8860170665109031	0.17831473975886764
0.8775641729295592	0.2007211143656495
0.8740528761241033	0.20020757094174288
0.803097142479062	0.34049130652889553
0.9495915315664615	0.08589638638059627
0.8898832986686848	0.1855037923980708
0.8833721830225362	0.19028337561629405
0.8678938226844946	0.228155284956313
0.8799406955570013	0.1925132663927392
0.8795224658908708	0.17102640458861956
0.8548052926872233	0.2343210446913095
0.8640088873467492	0.23236455373561155
0.9024237855371556	0.15470627957376426
0.8913464221776017	0.15744698749105934
0.8605098043047015	0.2255063250289881
0.8978551496481567	0.15509052732046144
0.9166713729675979	0.13416037483309073
0.9491555214904881	0.0848547155269776
0.8741078331922498	0.18834585364148482
0.926663962691514	0.11084625984733654
0.8435897568027488	0.26029200374416955
0.8830732958242158	0.1722281219240768
0.9090268163067681	0.1446252228737741
0.8746879129128082	0.21445740399864893
0.8641604206708569	0.22555298651888478
0.894882841754247	0.1671361070550322
0.8783441952679992	0.20553208227714054
0.8789260851027604	0.19505776131926644
0.8745287099959967	0.17604715442373786
0.862328124746394	0.2299697321636101
0.8580021873355278	0.2294633987540159
0.9002168375076454	0.15891381554824596
0.8706448961750523	0.19778670727941267
0.8769340437441332	0.2074986836031919
0.9043937135426786	0.14836249780348895
0.8941761934455398	0.155261794209783
0.8888744663929452	0.1516838571395715
0.8889522403648173	0.1884273048812543
0.8839057202140802	0.1580967382963547
0.9007216852296382	0.1638418324950504
0.9018408965349967	0.1255809086387583
0.8967928139203037	0.15898453231385998
0.8730514769555351	0.20510375913103354
0.8788633304305911	0.20693264980827175
0.8973905406912416	0.1767641597601639
0.8841890717706731	0.18283607595334636
0.8935208961579103	0.17241517574272433
0.8739434245821684	0.2070686464494766
0.8536857187012786	0.2044704507877546
0.8834663633168762	0.19680678442783062
0.8720394161609815	0.20356957790165606
0.8679899937513793	0.21268022145275856
0.9271359541566904	0.125380356763722
0.8829447899844313	0.17213175986205237
0.9091654496788362	0.15023426203303047
0.8854905895592082	0.18001005057916236
0.9320428592943585	0.11748711417639846
0.8643935873882876	0.21164873744690865
0.8873167837561136	0.17871593425995297
0.8791028904838994	0.1901129805061346
0.9125286379241728	0.11212065837854268
0.8970109482996742	0.175747817015793
0.8497198724358637	0.25607634926141654
0.8926598001289199	0.15440264811234342
0.8065085128903774	0.3083924849387766
0.9004509369424212	0.16336622565042547
0.8894076842312986	0.18550062509269694
0.9242410486785103	0.1297919944985284
0.8932732224514977	0.17038067927767295
0.9220715184459058	0.09891820203545512
0.9276865723907737	0.12341259728659132
0.8733717435183715	0.18385279242096358
0.8771457315221328	0.2040615551147732
0.9021964850815475	0.15421212345544935
0.8799158321553154	0.17768170059267133
0.8669715155973533	0.23009164082659206
0.8907338213268312	0.16219968505607885
0.8985950342635072	0.14111965853243827
0.9248775913907786	0.1288952540239735
0.865190917795073	0.2246191959858831
0.8779290387518315	0.2017274397989275
0.8848243066621001	0.16766687215682302
0.8913621200413765	0.14479809367479615
0.9210937365398161	0.09254023724303787
0.846838317062434	0.24526858474344043
0.8726546965974865	0.19841088659711048
0.8502171037663951	0.2573198004177348
0.8954828179562219	0.16806582451573226
0.8676279511275117	0.22328890708344462
0.8779332513290807	0.2068001195485561
0.8597274972595847	0.2370692952563812
0.8803358259665429	0.19124167211091336
0.8843918937033834	0.19020994583131162
0.8857566004804269	0.18250108256073064
0.8777749272107408	0.19764184149189007
0.880036272518364	0.19582129487304223
0.7829547974298804	0.3429858100849976
0.916635629818123	0.14018146056944059
0.842808060648257	0.25801868015492446
0.888453613394846	0.1795030104772936
0.9005899449212479	0.126672029174406
0.8742542134502208	0.19678589292206955
0.8765387269137075	0.19493506026095841
0.8695594198228052	0.20935472155008578
0.8640714742204351	0.22244077270013674
0.8654653541972361	0.2191514871831463
0.8711667209564685	0.1888176685693658
0.888279644198645	0.1916249175328284
0.947644359517607	0.09018556307222164
0.8804924388457975	0.17930428227328096
0.905179347374765	0.16343737965977606
0.86730934817376	0.22916260200048705
0.9267217887630674	0.12600361473947275
0.8874914910510916	0.18103335309541635
0.8737308364247822	0.1864134362738166
0.8867025098596545	0.18918592801313994
0.8857479116959787	0.16168068816607867
0.9071501345307916	0.14035977264501642
0.8797160678375184	0.17863341259186874
0.9063675151183032	0.13813908006345332
0.8753473658888793	0.18709008369058372
0.8930644022501405	0.18242967395732956
0.8818861521343656	0.18742827368253334
0.8817764585907998	0.19643164783696748
0.9373603411621049	0.09034692713498124
0.9243721983084723	0.1287002977142711
0.8700237642249662	0.21979304259810617
0.9723419630294343	0.0405336069271596
0.8954491404081563	0.13534590566410268
0.9017415098826755	0.16642010765415233
0.8797347838380447	0.1719576753878787
0.8803228915114533	0.19125826865111867
0.9014351821874058	0.12578180402302397
0.8846586697262487	0.15342892418661036
0.8645200992874672	0.22507659645753075
0.8714299111446766	0.19406470048598062
0.8875830588859176	0.15151550839664096
0.8849146136904457	0.16523054797390493
0.9495974440320692	0.07654921408634152
0.8932634740450822	0.1483191694047793
0.9559165771613644	0.0659282800446914
0.9379999098038395	0.1073602585203115
0.863251027001277	0.221212532375402
0.8912906238929676	0.17889694688637686
0.8901924518039994	0.18490436804608634
0.940925012414511	0.1011103567384552
0.8795344243539825	0.19754634097973217
0.8795892003742224	0.18314087152928935
0.8715378243964452	0.19595866909578638
0.884469523088391	0.1894219850254985
0.9145027281059739	0.1466599035747716
0.8989188148955223	0.17439224537454073
0.8912890959071812	0.1771226151414887
0.9099261967892045	0.1543110575175839
0.9267757259373471	0.11076935074180135
0.8655607787658387	0.21385099946960714
0.9040223431315332	0.1523820446663007
0.892913940692323	0.1806645904966268
0.8787164044257352	0.17665666457499396
0.8666543091926806	0.2287138023332101
0.8736466825721549	0.18716532165393376
0.8709324676898313	0.22116356478498217
0.9034042835078423	0.167045254936375
0.8901276718013866	0.18431521785885635
0.8534859341261671	0.2381482720419275
0.9276235117996573	0.08713899633392537
0.8945977748170258	0.15491098004708095
0.9325528019082713	0.10219879302477505
0.8967589778531798	0.14873460242308467
0.8094643644158898	0.31792360078619736
0.8662229711091415	0.22745071587993576
0.888703387716881	0.1890400380979017
0.8514848125160147	0.25127469398714286
0.8387027439679307	0.2789998262585789
0.8735061358147258	0.1735989127950502
0.8805127726525067	0.20131178312559522
0.8826121592093082	0.18169769224931495
0.8853541433070874	0.1939863367150016
0.930716324879742	0.11771673005572042
0.8999633904682419	0.1561389857063935
0.8948332506176406	0.1729570818294549
0.8716582100793457	0.21513187504722803
0.870798742463134	0.21376705767679982
0.9119783838492734	0.13534273316496986
0.8892038179643381	0.18764113248291792
0.8724024896857642	0.18725845877234293
0.8522630249629337	0.25385526506183875
0.9091865559687525	0.1544312967401063
0.8716386260986705	0.20800000196699064
0.8988251147760914	0.1730568886353689
0.8539363085088149	0.25074404629395575
0.8898116653207173	0.18153810388528652
0.8660325069753767	0.20773753481890778
0.8922714645063198	0.16324422562691626
0.845361018570499	0.23936440668697614
0.8660915311707906	0.21758168385613458
0.8747854792988596	0.21357103969477775
0.8603935844791064	0.22123007363219238
0.8917324529063061	0.16739119928735044
0.8998355962215447	0.1368135768628182
0.8842273094937703	0.15991619248816655
0.9267453416946789	0.12647405091612401
0.8147532081853137	0.30751380551681723
0.9286000294093814	0.12040210618610464
0.9174549620727488	0.12760486015245104
0.8877749044188935	0.19317750431916458
0.8995215632117455	0.17027664007325233
0.8916142476725331	0.1423648867847285
0.8772546245946331	0.19638348806622563
0.871564998547376	0.19505119289338108
0.8759985319383632	0.18379663756858947
0.874643148738891	0.18967652620075237
0.8680917015965259	0.22490716604783312
0.8442674601159685	0.26764379839978736
0.8673822272999395	0.20649829152941532
0.8869029565120623	0.16611572401720454
0.9088462020259492	0.11415535394503751
0.8690540487611763	0.19444649840140477
0.8984350722061837	0.1699037304807685
0.8790644788564269	0.17097149918446058
0.8833634253362972	0.15878112409522793
0.8738770551440972	0.2116082794862053
0.8858450352902624	0.1961024399322528
0.8888723186157464	0.15251442681990704
0.892702250604812	0.1795705547229408
0.8794904896019446	0.2025155302380292
0.9675847503019172	0.055734885451792726
0.8698998693106748	0.21974544936870616
0.8649195226253846	0.20935374895166414
0.8573561379478318	0.2103007300548515
0.912940073394315	0.11259467453188794
0.8770134242326232	0.1955892684832331
0.8825301468203332	0.15558842248253255
0.8807846172308329	0.19546632036648443
0.8757786471390495	0.18694205159223912
0.8712656436327693	0.2187152379996714
0.8823955228206594	0.16433277728236684
0.897684767099354	0.15492048922717586
0.8888466809714668	0.18715371543330794
0.8855894997035457	0.18625560322771756
0.876139322801778	0.1804786414236263
0.8691323698358608	0.21405436300599712
0.8698896795043637	0.21811963502772164
0.9455918177589449	0.08120587601435941
0.893576587959753	0.1829726913562536
0.8761490154609791	0.20342992769964202
0.8829438971595198	0.17397592852407878
0.8746827273321343	0.18937840163657194
0.9066135478686903	0.14148693104718912
0.8044906470596666	0.3344866879058233
0.8912730826306235	0.17532567021682074
0.8735759857696773	0.20674326903249596
0.9006733072352433	0.16020933437618504
0.9735692598226181	0.04471898481402364
0.8684199929681696	0.21290247357998726
0.9108622436524615	0.14701883432274027
0.8817940937127547	0.18957793152253616
0.8853458246163117	0.19552976867612004
0.9115242699048909	0.152956608497201
0.8946817402096083	0.15373702642425444
0.8787016548059117	0.17457370776525738
0.9036323447037236	0.16355575357775187
0.9073602426356812	0.15815683181397255
0.8650069301515741	0.2232372123996999
0.7838873823816417	0.34955281027765395
0.8765649175817314	0.19635568311831775
0.8346212586751597	0.27173450452011244
0.8960407163544711	0.16852140565403706
0.9312463923970695	0.10261596783781314
0.8935544080247764	0.17714627818155781
0.836864016724907	0.27353597306266825
0.8869888373608256	0.1876087265573964
0.8503803971932821	0.23523578873056575
0.9156046490527734	0.10001680185576503
0.9302164642424714	0.11835618712019047
0.8677380267664041	0.22709605297274532
0.8659102026081489	0.20930115748253808
0.893382328606997	0.17825409430696265
0.8800367301234362	0.19297271623843576
0.8784812481760718	0.17912114156903988
0.9079168527008474	0.1503172118669493
0.9034015337014288	0.14746530786690398
0.8788789514690958	0.20070580235707886
0.8824722630699348	0.1948654288038335
0.8877170336686098	0.19264974148424496
0.8712337384263495	0.2184179692805553
0.8900230231682189	0.17899916698134613
0.8308668039811665	0.2910780171120631
0.8951978131967383	0.1535201439756451
0.9013613067179104	0.12868932481256343
0.8895712589598598	0.1631774236745716
0.8837028504284947	0.1994320253048978
0.9213864123842915	0.13398013821118776
0.8403867713565875	0.26462538323874435
0.9179890864024406	0.13180012317291134
0.9014305794966075	0.12782898548490754
0.8907626103177673	0.17731161813352428
0.8655194328672338	0.21522961393664197
0.8936908283618511	0.17954963182294825
0.8708358959460216	0.21700457128218548
0.9035750223305622	0.15053142103817366
0.8846607405604815	0.1830994049021406
0.8759940173385028	0.18494054324092027
0.8556159616855362	0.2479649054228113
0.9054702797341002	0.11644718040203206
0.8919505333472072	0.1730263439239093
0.9027632813668072	0.16702432418705626
0.8780158003346434	0.17332394939666845
0.9061460932238214	0.1307683070470388
0.8770219301253461	0.20466412765087594
0.9033006562168057	0.14746306564826026
0.8806283906596861	0.1968691096762618
0.9473292518420049	0.08933519356386777
0.9121897104922896	0.13821750293324375
0.8763718673919253	0.1666355729860151
0.867031637488594	0.19993900052995617
0.9099856267836038	0.1379788332585852
0.8077310546781972	0.31089546257254624
0.9012259090185499	0.15878336523867567
0.8810308553580262	0.2019580705267569
0.8843163996457261	0.19589250347873094
0.9268449195763191	0.12502078570869263
0.8976110874447896	0.16022277127090906
0.7966386263665531	0.29421193832837034
0.904917715646172	0.15926621248200556
0.8960493391151506	0.1728726690253295
0.8869619953266517	0.18121369570870707
0.9028279245277606	0.16644182405303015
0.8791694882313652	0.19297412175259587
0.8700742211914291	0.21270028932063378
0.9072342053987211	0.11870954327964142
0.9607335562904279	0.042997831203840216
0.870136812952768	0.21319644591472936
0.9148460742712705	0.14738951691209878
0.9301277351295155	0.08371041570908562
0.8652095734148426	0.18430395218529258
0.8886009983398433	0.1588255785871192
0.9080691484978288	0.11435667062982366
0.902890020455895	0.16235858751906346
0.9087333237687212	0.15533221376903344
0.8948808528087383	0.15530228543705898
0.8908012712953833	0.18511075405575544
0.8700166404084339	0.2025104458265536
0.8870305865205184	0.1865106417189618
0.9313670610438206	0.0814440598296782
0.8464435685505783	0.25971667962980755
0.8801206089280362	0.2022623118535709
0.8643689769855417	0.2334176753335141
0.8735321540349853	0.1941172954820315
0.8925368565139058	0.17041482335624747
0.8773518748134003	0.16796598511924413
0.9196626717318848	0.13243340392677233
0.9030572269048261	0.16166005043576587
0.9258788216367906	0.11918700231027096
0.8922913655684597	0.1611643190831329
0.9254015787017165	0.1063772369431796
0.8726280221785597	0.2102785376760658
0.841960750761428	0.25263789485298066
0.8989313945581938	0.17284339727557996
0.8872577153935138	0.17856936858758954
0.8292139082858726	0.2669865504937192
0.9267730956898418	0.12270252984901636
0.9125993757638104	0.1501745193906966
0.9039597956657632	0.15276047143517113
0.869024297151453	0.21213705132801325
0.863034214947152	0.22615167637360256
0.8899247471368974	0.14587336533679585
0.9142986634052146	0.10679664309282917
0.8902737176865584	0.1519320403592862
0.8802380729218433	0.1754484679913741
0.8622725576972121	0.23385685760011943
0.8766398159853253	0.20211953597157542
0.9293138615421356	0.12239118065816268
0.8726999630871574	0.2137839052891945
0.8620419829751893	0.223985475295976
0.893289105157821	0.17903553665496685
0.9321521345231207	0.10660538149111609
0.856345973391776	0.23925098597716005
0.8958677648301827	0.1397908900168299
0.9057212521074763	0.15799665487181042
0.8530577104162874	0.246377220343743
0.8893275592444834	0.15553965175597906
0.9139806809341531	0.132678361680837
0.7764648335869248	0.36180176438907863
0.8892240044201735	0.16603791504053944
0.916022597472015	0.14262811062659186
0.8924325345240212	0.18374219499023198
0.8867391544606628	0.18522885958139973
0.8744205253876924	0.20540538013388643
0.9312910110148516	0.10924228926919455
0.8786699970260596	0.2034178594222515
0.929518106490134	0.1162749445183201
0.8984554576944004	0.15047209641823997
0.8978276085569707	0.1655778450543191
0.9048076442724616	0.11712430865169825
0.8638872796959048	0.22247961766878682
0.871022837293124	0.2195141294678043
0.8303805542160972	0.291684279052897
0.9162837938031039	0.12921683117436794
0.8833453693362486	0.1625978017792465
0.923505387403945	0.0934843338241851
0.9523518495039479	0.07105862740448834
0.8699209854118019	0.21852210777642767
0.9561056771074881	0.06557072639267972
0.9281263175879851	0.11124243228628183
0.8851445930788139	0.184725634553621
0.8934180237364133	0.1743765938896798
0.8756678695971786	0.21494469196119514
0.8815470843380434	0.2024120889851077
0.887853071694429	0.16853914083067859
0.896422705768386	0.17233939495587303
0.8715942502590713	0.19624840736344734
0.8821035245048613	0.19492904629731445
0.8749192612022759	0.19690013039702453
0.8766518607757587	0.1994196128314945
0.915857550661057	0.14180584365116528
0.875903520467265	0.19751912117686996
0.9081353294763703	0.1437272290771617
0.9258653003283346	0.12837307566427503
0.8911603295949846	0.15786386650680073
0.9125756000884062	0.1401060652663989
0.9033486706834893	0.16694444719448104
0.86545001758749	0.2101308803422372
0.8499937157712214	0.25697194322375083
0.9248578863217845	0.12959464604991294
0.8808630589961569	0.19644612054555444
0.8488628868294981	0.2574844945076451
0.8545718237284482	0.2458467757135296
0.880827616003618	0.17100490713263905
0.862937620805904	0.18154302919177856
0.8770163007062679	0.18751384283680542
0.9417904376662629	0.1005806544743496
0.8770531150793267	0.18187532752152347
0.8880445231788858	0.16939341535289448
0.9010965266169392	0.15695867971454325
0.8801453703929767	0.19815152525452745
0.9020934528032256	0.12022547737865505
0.8889774113628235	0.18590308091892727
0.8403028609549119	0.24275134182883923
0.8523590699994456	0.2547557380464861
0.9040678135375504	0.1338167577305908
0.8714402064636512	0.20631659682322734
0.8698871589788701	0.2114004447000209
0.8577501962131012	0.24554639260731825
0.897765026625273	0.16536346661156898
0.9082613937843371	0.1578905088928792
0.8919971956519698	0.18189607953107806
0.8861265426728128	0.19619398119524012
0.8590063553630212	0.23434966116815942
0.9062002918747945	0.12337288324058063
0.9232451452073381	0.11634817261601875
0.8955898929925558	0.15938599351434862
0.8815868055723107	0.20166322027144956
0.9081673337175631	0.11728080957550159
0.8674361688423143	0.20437564770337552
0.9283185661538088	0.12141566132274256
0.8726288576389962	0.20541593294623273
0.879129708910967	0.1952495984879229
0.8681887169032642	0.22757893716443
0.881993055380266	0.18365950027270095
0.8836713778324253	0.19633336181296795
0.8766971346573871	0.2073971803535462
0.8758138302404415	0.15885658264203914
0.8896718667197658	0.18543449999260453
0.891706838785053	0.1800934844947653
0.9040569709781776	0.14520316093776944
0.8943820777786635	0.1722674898499555
0.950036005828406	0.0863493423812488
0.8816511245409183	0.19642448460208517
0.8888062744707536	0.1622100609970845
0.9251842135044697	0.11094527889814434
0.9023431885517794	0.14132328533621855
0.9094058342109367	0.1141745208099297
0.8662808715919457	0.21375221293905977
0.8859574480260386	0.1927907392936588
0.8841747215813617	0.16097639060852
0.9452390436165962	0.09145887417968646
0.8019667148340124	0.31417053483186363
0.8899757952298137	0.18218979573158056
0.8863239048493243	0.18733837837571027
0.8731095517289574	0.21941542080579046
0.8695003543313633	0.18413730640819959
0.8894437897284181	0.17038694846529362
0.9344848196461257	0.09744928917222831
0.8730050718052813	0.21606735365795665
0.8744071733026958	0.20060749069764944
0.9362097355637375	0.10923647085871124
0.9392128119524459	0.07157999732080171
0.8740272763985917	0.19361929347450157
0.8330497060037971	0.2524089367552421
0.9120671986986412	0.1260870231808499
0.8664701691980399	0.22596717946102868
0.895292232224285	0.1561401708128967
0.8806817119320026	0.18574446568036418
0.8038771240139555	0.31275261766283863
0.8686775766261944	0.18481337152142163
0.8655443271143022	0.21332071290581234
0.8840685580884149	0.18674878853910803
0.8986376145366763	0.1570981373799554
0.8835830537393357	0.1666332257741492
0.8596692830937086	0.2232011775798589
0.8931798717323652	0.14837275888546123
0.8846059249108112	0.15485896523603
0.9214427916923768	0.09647952126765115
0.87563685151434	0.18008198149426846
0.8751537869025658	0.17428960542306332
0.842501074540799	0.2513768337932582
0.8409991000658417	0.2660236544469678
0.8756155686717344	0.20073622285087656
0.7866480058178039	0.3580775077752692
0.8751038956432191	0.20446237565874342
0.8889746140278612	0.16436857909157093
0.8107344595065603	0.32475009367983326
0.8896724443472717	0.18677578131767936
0.92588985375327	0.08968702111251398
0.8490722258491333	0.230174841147607
0.8708095591881508	0.20334866998739248
0.9207105782551505	0.1299259420120037
0.9364265709181712	0.10111205565829717
0.8993817089758076	0.17411769973876823
0.9057942820912481	0.12169267321029362
0.8929149780595187	0.16543036448496942
0.8808909551208487	0.16738439820839585
0.929899742249346	0.11411272048083643
0.8706950882999421	0.2045609243976821
0.9666002302049607	0.05759971171130218
0.8933101431927436	0.18026284689610217
0.8834652027565466	0.1861528439322185
0.8749380721273725	0.18698651954821263
0.927477460540116	0.11829391262049727
0.8945612787429637	0.17517877261574982
0.9090442296125708	0.15553283979336957
0.9305628471542413	0.109319051617148
0.8591415491914954	0.240472153463347
0.8768166750647971	0.19666091613895803
0.8750038686840845	0.205191667559668
0.9241049990153516	0.13143140696803424
0.9141924362237205	0.13768304954490146
0.905182663477923	0.11669014882965992
0.8813951275356415	0.19573633716034416
0.8873487020574162	0.1843307097960653
0.8740881781128343	0.2112078248281607
0.8589245714317705	0.2329160927836062
0.8680154490276561	0.20670056080071897
0.856166702939142	0.21606223604360922
0.8890830569318514	0.1784932840457883
0.9082897657932112	0.155357669507671
0.8812437274338956	0.19964209394598365
0.8881309377539195	0.15433904682228416
0.9144274116677535	0.14717030020743305
0.9252050614568582	0.12520744730551975
0.8960864292507765	0.13162087054158722
0.8866246731441059	0.19132386980696292
0.9270659639835396	0.11003368982214007
0.8766161823507767	0.203339711287214
0.9241150537019025	0.09189387907410325
0.8648703161136356	0.23054326893083277
0.9055520382391901	0.14806471443246016
0.8778223537226769	0.19063768919712593
0.9769538223960685	0.03968427331649982
0.873871376058759	0.21549549073193874
0.8504097096037068	0.2548510245795459
0.8826314352492491	0.20164407825576053
0.9356172273152925	0.10949487043100575
0.8768760566216209	0.17278623385491895
0.8866239091421438	0.17993666996330163
0.8762629660010338	0.19653491179849542
0.9158171508530137	0.1312535061235528
0.8946545904319173	0.16716014515888095
0.869423701167246	0.20346227309749593
0.896917203055854	0.15677620362259517
0.8950583752161823	0.1431356843918432
0.9039786139646998	0.1624144117892093
0.8986618012675623	0.16996937287455888
0.8812740196768019	0.17951898183719045
0.8708874737735418	0.1856116959103507
0.9135667439395774	0.10813195192728484
0.8759276591024922	0.18421558549934103
0.8957294037377393	0.1780539893114641
0.9375636373966826	0.10465745883345168
0.865572649110875	0.2048098109049711
0.9026392068867972	0.15365993421952523
0.8956807632574723	0.15307947512353884
0.8671739726287332	0.2076074947222073
0.882722912794265	0.2002663225081957
0.8922733175293808	0.17229120463925107
0.9361611262037524	0.10978757293828678
0.8815398479665287	0.19751054361165887
0.8707150494110447	0.20431588198142747
0.885239624289448	0.16242223750397014
0.8728653732553869	0.18585134296817205
0.9008872754513704	0.17151067885341048
0.8751098630665611	0.18310972645841467
0.9110485753656242	0.1458382606666498
0.8686532606374378	0.19523447765457663
0.8550266742695534	0.24192102360339535
0.8742193744121949	0.21593732334195626
0.853364563694351	0.23636531176532494
0.8882151166342075	0.1857182844558316
0.8420263175363752	0.268354217414148
0.898304106024647	0.17039955694371672
0.9218648193508145	0.134120726943889
0.9090872868680242	0.15659979834161275
0.8659537379749227	0.21674636982757245
0.8872669203292052	0.17203458342202915
0.8961243163731142	0.172095191589423
0.8894753466653178	0.1713790684353109
0.888156545138306	0.14790252179056013
0.9060297145760796	0.14614391148298786
0.8590961236092889	0.2090286175365951
0.8909167067309107	0.17533846009512147
0.8724169900090011	0.21805095917775702
0.8763419566013294	0.2042485749596532
0.8972257006317008	0.17341514387960227
0.8865841204463134	0.19402606270988976
0.8885463253290838	0.1671151262538254
0.8784604677495598	0.2084356351552426
0.881090824663393	0.1817227312730708
0.8956016891064694	0.17655435068649172
0.8652461947894404	0.21701682247820103
0.885082703104574	0.15948687396952851
0.8644532796118634	0.22896855070196054
0.8835982682550121	0.19063316966768662
0.9344118165710784	0.09861869385852368
0.8753370071892824	0.2047326017039991
0.9015279686188796	0.16252666060487503
0.8920702659946567	0.18223072840879162
0.8648078398421699	0.22536476934296956
0.8742515579388976	0.20349931090836793
0.9082445488315403	0.15449774342880213
0.8755689303152182	0.20433474351634018
0.9323421752056834	0.10986793696601324
0.8737473765913681	0.21137572614624028
0.8626135679295625	0.22778234207591008
0.8742542107293498	0.21620059666793612
0.8938296784565403	0.17638089872385182
0.8804426113868561	0.19225416734891201
0.8842822426110224	0.1973644651963684
0.8784263449730565	0.19440346046135815
0.8958656462054632	0.16873000510574512
0.9611200626068392	0.058151043326701235
0.8640726300354069	0.2178494506820275
0.9101692101695217	0.13683721310825364
0.8830339355905594	0.16881584847546735
0.9340204059650984	0.11321940607556957
0.8928692168022146	0.1470958285460907
0.9128509356108504	0.1390723186145476
0.8904070005160555	0.1815402881637868
0.8932189532452494	0.14588517781948893
0.8862955266226733	0.1620194405091281
0.8830096397481177	0.17719419298932654
0.9217803464928799	0.09576199747709957
0.948159901040629	0.0780242261542368
0.9091729772347241	0.15496353494120485
0.882830834279774	0.19400517262650552
0.8473247805849274	0.25703674109110913
0.8863763895402644	0.1727096086157088
0.8859145008848305	0.16170357972402216
0.8977695044311864	0.13677488437360194
0.9290158604861725	0.10786733295519206
0.8557145195848781	0.2456326844570345
0.8958029356302178	0.1760569366386816
0.8992880205230743	0.17412402931034565
0.8629629163095464	0.21463265376746682
0.8679305555191361	0.2056605517134031
0.8669502068512256	0.23033635712566675
0.877981426480774	0.2001088855405581
0.9284377102178618	0.10219408778775796
0.8269516763425123	0.2913013901690731
0.9129714243605671	0.14737192111234498
0.8852208579191031	0.15875378665448003
0.9252891290816692	0.12641362723051702
0.9154453267367152	0.14206523597201004
0.8697901235830915	0.20322643480930863
0.8940275508790699	0.13860748194960665
0.8781314517579196	0.2010416001884725
0.8855779477483308	0.17120154531263615
0.9127955429241915	0.15057914942900835
0.9071316884228161	0.1298831389979504
0.9350862440366818	0.09651776346357688
0.8769978230210531	0.1810714399595942
0.8844739266210006	0.18551908288445298
0.9340763895207423	0.11288933401011009
0.9026778586082538	0.16851367378857174
0.8861716042465877	0.19411940567456243
0.8923337081055621	0.18264980260909536
0.8857363419400537	0.1612830547457485
0.8814986187941124	0.15640534914497198
0.8875575228924548	0.16791672789512185
0.9087218274860498	0.14370383935227224
0.9076195935062644	0.15727722378371073
0.9224896120547459	0.13032750558735473
0.8854755521697336	0.19325048788752547
0.8881179185035065	0.1723872852193766
0.8750487560245251	0.19360817701154232
0.9119248542537972	0.14931906178221355
0.8757394645985078	0.17275197563772549
0.9107120950052583	0.1395494559501302
0.8818293238309215	0.16861226246976094
0.877582081550751	0.20385403843997152
0.9075877070099878	0.1523344903654954
0.8981872660977569	0.16300313093374835
0.9057929490589236	0.1624685953173945
0.8804437956941417	0.1872033844999165
0.8774057826578798	0.1835163396588511
0.8867693083479699	0.1831964562475092
0.781339890954857	0.3376359773762694
0.9290782861662628	0.12156370016967788
0.9195483263812667	0.1389632995406565
0.851630906827227	0.25399709203304016
0.881155586975986	0.170389625831659
0.8958960800087429	0.1326789367619338
0.9347624277964692	0.11259300742821032
0.9500355200781347	0.0749321086341547
0.91902271621578	0.13672631275592023
0.920370918303097	0.12371438101899629
0.8877091414984053	0.18815595534716706
0.8818505608692168	0.18792351182218597
0.8852297138330328	0.19224502230493434
0.8756717606689308	0.19769541137831417
0.9620987374244738	0.06536065813443248
0.842385977189229	0.27197846216354754
0.812187270299563	0.32212019354664756
0.9052896191249623	0.1495790493831538
0.8819250817967057	0.17737142326558045
0.8802310588181611	0.19729754145031764
0.9188912262446103	0.12528675681793203
0.8674902665113403	0.2212810562233236
0.8793632705187973	0.19254277633169908
0.8180494921434179	0.300400166966626
0.7890911896023579	0.34384349493018224
0.886358571027316	0.1917334596643454
0.912838690352648	0.13304261787785468
0.8810211195421752	0.20158338172525625
0.8945190838896684	0.16922560897009375
0.8764754045396455	0.19930925595603782
0.877358940053802	0.1766508386667981
0.8946856415817903	0.17962408944692532
0.957258902392445	0.07385475250084172
0.8785327294708898	0.17535788674742747
0.8545947533024224	0.24471105434061163
0.8975024611855001	0.1648088617288403
0.8658092702730886	0.2247793671639488
0.9108044882188276	0.15268110154194287
0.8789590531946387	0.20092322198305307
0.8791599505597023	0.20902295476790406
0.9047423747178999	0.12612648902157053
0.8761143770612322	0.19533783311392258
0.7729004274973933	0.3526477528309891
0.9070309819507257	0.15651599026362506
0.941147769893966	0.10086277265879534
0.8919457295023056	0.16878982780946128
0.8807532170340745	0.17524339347986423
0.9200497603162996	0.13582897836476
0.8754702151069292	0.21344273438615285
0.8642831286904694	0.22006876411791404
0.8650678638135307	0.2015603049868006
0.8392247596071446	0.2598452263509154
0.880085642630029	0.19936829631693065
0.8627035349003059	0.2268789989768557
0.8778870119534264	0.17152230868157717
0.8712628937528264	0.18917866844972986
0.906396276276418	0.1596911814683738
0.881797303924794	0.18955998104874372
0.9077968069536759	0.12178428329468766
0.8274386803841112	0.26427928169881404
0.8678469646222247	0.21727003987424331
0.8789707416151646	0.17514263708636033
0.9020374287800693	0.15910288994624486
0.8939162607587067	0.15677813256478804
0.9044676488098676	0.15154497328409355
0.8862896875323966	0.1867782440969709
0.931291996086927	0.08108828914389266
0.8342159939435981	0.28125238385117607
0.8475395252392175	0.26375026298569015
0.9008404491560748	0.1678645693780006
0.8905834062077366	0.1509588742786331
0.8076029220211688	0.2818185806088515
0.8290155137231222	0.28371192785615085
0.8648302986793929	0.20928439993294867
0.9053966831407088	0.12123111883259216
0.8685817721909558	0.22125146620652786
0.8867831062822821	0.18576660077736146
0.8607524755643384	0.2311095980814432
0.8819054029220371	0.16347974040489244
0.8876007331832638	0.15354746900404748
0.9017231489223048	0.15323190959662958
0.9339523042951153	0.09371622762248309
0.849813105064058	0.234153493741092
0.8813038725706948	0.20179908647470463
0.8838121610017737	0.1865314554212484
0.8966614144602154	0.16616031236523726
0.81361936896328	0.2878987588854285
0.9060977593096604	0.1372438870207927
0.8421553005152422	0.229570175325092
0.8780874504042169	0.20510158470943846
0.9598315459597819	0.0690398446146791
0.8900932780649917	0.18936662830275836
0.9556215844734145	0.07622807008644233
0.870783965549662	0.21401614712730177
0.8387860706624575	0.26227743273558035
0.8734722778812319	0.1926640436177857
0.9116304148374195	0.15300956612606564
0.8784107181378117	0.16412180710916796
0.8744767252815159	0.1935554384113855
0.8998289098886484	0.1383113623516114
0.8853415813505519	0.1922445008760984
0.884996374578485	0.196104546261485
0.8842828387449444	0.1839884606563254
0.8722289557602064	0.20917910861026695
0.8777552270112866	0.19719549260773506
0.9126982108895544	0.1497226674325714
0.8839863796352472	0.19403738172012436
0.9150258342205289	0.1040761486177986
0.8923668275886357	0.1688122622170422
0.8836714245992743	0.1983523331553526
0.8772134552773473	0.18304734023054403
0.8775573019755432	0.18428805593684322
0.8763891349771332	0.19991195982220994
0.930341363545194	0.10318416574786396
0.8627111998464152	0.23683741270345943
0.885227283872189	0.19569971048692775
0.7851778892779392	0.34091233043803243
0.8010501524413296	0.3265934678391647
0.900152189445262	0.1498325459818706
0.8816402930661853	0.1666505775870257
0.8788899692925175	0.17289006895262438
0.8566146075713373	0.24561126318674587
0.9161169687433554	0.10473699675177676
0.895461415494239	0.15288514537341125
0.8940237626605502	0.1682438027703997
0.906739448368926	0.11990963389781607
0.8868696868197082	0.1869189022385785
0.9116754324163439	0.14809147092726144
0.8895075791345903	0.190475233653141
0.8345189601619769	0.28008134818810165
0.8830374336482473	0.19542330350983295
0.8396090181112382	0.2704591318276516
0.853003513741619	0.2508162469773009
0.8859432783321944	0.17177986405708487
0.8778127762586009	0.20472907424675868
0.8949184139946462	0.17936440192918712
0.9067480332702873	0.16141818498738403
0.8945179121684798	0.16704719871623985
0.9171423739101813	0.1285576486794889
0.9058667777882079	0.1502539739530617
0.8729379600702535	0.20900784339489986
0.9297145922888918	0.12098807495690289
0.8034315975238785	0.3163550259768236
0.9248627098227001	0.12952641996274034
0.8303823201643289	0.2885562022541022
0.8779236289972328	0.20907742865625412
0.8577376933618535	0.22797485600763095
0.9330441558395973	0.11193016162970076
0.9168358854093401	0.13174620524536101
0.8422952202664385	0.24876540680128625
0.87546256151918	0.18762438802356488
0.8791209676383733	0.1751944868788665
0.8841796591271827	0.17928119441653517
0.8777465831112575	0.1939378182742048
0.8746717296592033	0.19953924631595904
0.8786783257714069	0.17847836863532834
0.8777639533725067	0.20216866524124988
0.9243072128990804	0.1295176024686982
0.9201960406874811	0.10233969307932295
0.8862834146130836	0.1837060365224787
0.9139489460397	0.1471459849214769
0.8815399190900677	0.1912716272602437
0.8732685108759115	0.20790484459658942
0.8890437777427717	0.16120341583705317
0.9021330888496243	0.15659199227895168
0.9493786228266337	0.07731566236301733
0.8838669094852878	0.18839979173097254
0.8967260293406389	0.17410291919721788
0.8603262786678026	0.2354856368519882
0.8768130575075586	0.1988480156990194
0.8904077085779424	0.14832585074431856
0.899640939222075	0.1319514138945331
0.8769439763659993	0.18399070663715714
0.9364445733806082	0.10581891935030707
0.8664987488797499	0.22715098541923878
0.8665439907949076	0.2224235590563347
0.8581200678712068	0.21598449019185614
0.8889395887695133	0.18875876013890858
0.881851006335219	0.19303112945685233
0.8820311797264987	0.19051324130205624
0.8751499985639295	0.17930327655938094
0.9003338296788396	0.1352239913593187
0.9347280666095492	0.11278601851991382
0.8992925494009459	0.17136460822729177
0.8727608293643268	0.20734095785526596
0.8938093184277361	0.17792212473826774
0.8792675451370001	0.19331512156917507
0.882505522665985	0.1855061850276423
0.8666703843828905	0.22782132898166618
0.8781673259915692	0.20656045106839938
0.8732208824878328	0.19983870293055728
0.8913246105060468	0.18298948256445186
0.8919168864034179	0.18563084241285543
0.9016133932895917	0.15733299802087639
0.8901888772275705	0.19007275288786696
0.9255519942558021	0.12850125008073332
0.9029099510334339	0.1679151451615305
0.9492990829067833	0.07316832151007585
0.9407654682756414	0.09594323802937368
0.8881197046164679	0.15053158243188977
0.8635851839207501	0.2292792518372549
0.8867563282022594	0.18947037414985035
0.8750599957115849	0.18981976497221514
0.9163465785087603	0.13313255033247026
0.8676827985983042	0.20570343891033563
0.9167209226248763	0.12489994455990513
0.8916706774015621	0.154426604000339
0.8653362814609376	0.20460390482252327
0.8799914309958976	0.17379192360625878
0.8895720629146614	0.1709298403410333
0.8766192607955524	0.20890413000277436
0.8932912016442712	0.1447016664647899
0.8957188940322925	0.17886384735278832
0.9313562995008515	0.11081625447031929
0.8022390151801113	0.335310566806393
0.8812024002521605	0.19922931003679228
0.895779128294802	0.17818201204078588
0.8829474588966396	0.17747314822401009
0.9267148076480252	0.12053442892715427
0.8984446107853401	0.16778226426438353
0.8877614478654627	0.19323155666771485
0.8950481717397586	0.16076410637283672
0.8649469668416198	0.22874445068632343
0.8843196795237888	0.1902124208272063
0.896809661951695	0.15436518835340807
0.8688217494465355	0.22605666788542073
0.8846685193946383	0.16159745050821595
0.9153745928989501	0.1301217746810686
0.8990991351174908	0.16800588314093584
0.8671552885654206	0.21749746981726553
0.8464255268598392	0.26521739293105684
0.9016267062514267	0.1287518579948651
0.9051849840609242	0.1263879752196697
0.891191141628608	0.18672998259484913
0.8758601506825424	0.17474729097939057
0.8791788394477176	0.20426695610983325
0.8687180715941033	0.20469628491136518
0.9217700350874277	0.1333494841554761
0.8677756670154831	0.22409459718728186
0.8554088872135703	0.23939958007757417
0.8784375837328599	0.197382444185836
0.8815151085603398	0.19158427143365175
0.896784117023144	0.1621721692080849
