0.0005747119876796328	1.6315572932711002
0.0005966293228979609	1.7052245787837113
0.0006149119249997958	1.483485158805506
0.0005681616358923184	1.6421843112811425
0.0005877833270860317	1.7176985830367937
0.0005665774871547576	1.4609124850688757
0.0005906894827052268	1.71462407213131
0.0005832453315077595	1.3248783223812202
0.0005721514551497362	1.6629869182147905
0.0006182032594403757	1.7061527090343689
0.0005721129989876874	1.6637455663958538
0.0005894038851353251	1.684817070094905
0.0005691704390376331	1.3920593735976396
0.0005665340639901157	1.324121618552304
0.0005948233003891624	1.3581953662336879
0.000588039615553181	1.7040386473249383
0.0005998030502671211	1.7252179080386165
0.0005773114222142236	1.3478261064967105
0.0005801935565659274	1.6081753154682406
0.0005675791538469964	1.4723966041011582
0.0006190351791895405	1.4686200575450643
0.000573984215076325	1.6710540221094643
0.0005676788399030645	1.6400333539661676
0.0005701698960643531	1.5853150237020799
0.0006111426569619117	1.7226437062459343
0.0005950196957131137	1.2129312877555745
0.0005761293827969274	1.4991951993908534
0.0005996469238471043	1.7242632247458713
0.0005833786144609999	1.6946306821878556
0.000603585822806918	1.6259039255193461
0.0005721437128171145	1.5584894750913236
0.0005803184525225933	1.4172566206066148
0.0005794008093836493	1.5614772608271303
0.0005851526770391535	1.4619748319040282
0.0005910054511882839	1.705005265949858
0.0005664518341700127	1.5175604560989462
0.0005691523037649663	1.6693063530019412
0.0005964867747942812	1.6771993871046809
0.0005994826605720721	1.6085019006603938
0.0005630612502220998	1.5679217666813736
0.0005926065871886394	1.2924854509029475
0.0006034685393548569	1.7210587695779656
0.0005775337619888787	1.6989519700413618
0.0005847502198874905	1.7306151613613903
0.0005681383800453213	1.4829991967640606
0.0006191368193041663	1.7271776244327248
0.0005651136172294301	1.5422731262258602
0.000566908967590984	1.6232767321001007
0.000590591566941541	1.7242486990521622
0.0005807754712887992	1.715276224635949
0.0005673530548268358	1.6547881887545481
0.0005712702438194395	1.5617878534095382
0.0005811118736864644	1.6045152380215297
0.0005947411740760637	1.6512969009378287
0.000604082298279953	1.5148948836423286
0.000572292323123038	1.6546177661407029
0.0005767511819238769	1.433729349688921
0.0006010248935020645	1.7205673087516051
0.000572676737107754	1.53554174529795
0.0005993115729843469	1.4640861280612043
0.0005758544694521917	1.4302119251736012
0.0005687788352024144	1.628081967680569
0.0005704784599210201	1.452661140003554
0.0005889480330805607	1.7111224441987982
0.0005791169296123254	1.5983098153302926
0.0005779852556234605	1.6440399270573087
0.0006133534736285472	1.4639792125095494
0.0005834238671278925	1.5194750504841785
0.0005787430453843464	1.5707989174740362
0.0005809907063748786	1.7149982548273772
0.0005701572209675349	1.6456923518100823
0.0005709645647819192	1.676830320230175
0.0005634089258874461	1.5549056857183559
0.0005996033078833065	1.6905430311526846
0.0005790280717324737	1.6640000445212226
0.0006124599242463836	1.7269282700925823
0.0005769462158643812	1.6909075216249954
0.0005871892599929396	1.4677302450665364
0.000595318363073774	1.5803753853767688
0.0005771883893060064	1.6114807089513956
0.0005717923877368197	1.3067776304159704
0.0005913376646892917	1.6562316346913368
0.0005858366055985283	1.5924209641910396
0.0005789774165100417	1.5496553445327537
0.0005833289535284157	1.7079158528259755
0.0005868855512170228	1.5538327962560405
0.0005670242690378065	1.650894965425917
0.0006110382748682281	1.4541937607461943
0.0006187177269219292	1.5676369778443273
0.0005744505825387065	1.6060517671912016
0.0005765459550544018	1.7136733091492993
0.0006053187825199624	1.1579171499634429
0.0005812282924163917	1.3432692840403655
0.0005738812617269297	1.3772101625669095
0.0006141638326516485	1.705919139777179
0.0005625411133903481	1.5686829737892407
0.000566319209339167	1.5956963946598681
0.0005630610660740603	1.5734062457523843
0.0005773089260296586	1.3961307968647656
0.0005837821860653036	1.6901788092801637
0.0005852035754350768	1.5551970420099002
0.0005841497282578929	1.6057735355174676
0.0005653764656785069	1.4520445269370097
0.0005807433577719256	1.6789347253250722
0.0005635137935935607	1.7237609323730696
0.0005678330653336884	1.6232332106234004
0.0005870620867392045	1.6943848400933792
0.0005938864194558025	1.6997955916758867
0.0006047431373202235	1.643652858909009
0.0005719628838707444	1.6631865979656493
0.000604182936394174	1.1888902749394687
0.0005994117707894804	1.4810526375569468
0.0005716737010848888	1.7115728919324904
0.0005963894638781732	1.7308520321547967
0.0005803791981312121	1.660631461744957
0.0005750317799994252	1.38878443022086
0.0005722351081222231	1.4593058754334436
0.000599503460787989	1.670249026478857
0.0005690899719129132	1.657579380875069
0.0005785072919446327	1.6446476453133179
0.0005832802139988766	1.5927798997890406
0.0005803755042680889	1.6997193082744164
0.0006070652958626277	1.6878530767348585
0.0005848883325738027	1.6863092114950913
0.0006004450324703025	1.7162031389345138
0.0005661500771423023	1.587795008563538
0.0005951449111844499	1.6390413783316282
0.0005689216877234266	1.6559834510479003
0.0006047260441104503	1.528979626816395
0.0005784006371448444	1.3519361241514785
0.0005795290822818237	1.5377362001013402
0.0005758144227101977	1.5021644521800528
0.0005944437199070394	1.63748021848073
0.0005902463828815638	1.3895052405030628
0.0005824698843446227	1.6634456251433125
0.0005773834350881929	1.7012046942507588
0.0005711009324060588	1.4933187344948815
0.0005852763710280663	1.6434280023888597
0.0005667385089092698	1.6372044212199697
0.0005722476373795027	1.7122020285075101
0.0005829851686214694	1.6444553697350175
0.0005763360973727658	1.7206990433575284
0.0005762381905801923	1.4045533287630092
0.0005993235896743842	1.6503999307020727
0.0005703362593632941	1.5258724828849155
0.0005686123019724368	1.5010370758804614
0.0005652872316020479	1.4161923230858933
0.0005802231549764629	1.5434349738852196
0.0006046135431206917	1.7304532630290708
0.0005711350469422912	1.5257706488422247
