0.6172382853383319	0.6116137348033948
0.6262216048970981	0.6048732169954487
0.6131872807113544	0.66348528483756
0.6115092388884308	0.6720289406009727
0.6295678418823806	0.49748912317531946
0.6495923541241669	0.6007945739114788
0.639456256032691	0.620969824321507
0.6263395079114938	0.5396552107272315
0.6214740778023747	0.6110228709788684
0.6496530606566266	0.597844813428706
0.6309313982336768	0.5643859291138698
0.6519389485508489	0.5259500584564759
0.6480887465313707	0.5632022889897871
0.6332195325392935	0.6199617996644773
0.6551588755749965	0.5235744660423025
0.6550172382491413	0.5859997285122966
0.6268397226801934	0.5394755516908408
0.6217536364974623	0.5785421704488696
0.6225336221745675	0.6168851777980225
0.6326144310641065	0.6142410764699531
0.651974759411225	0.598413630684643
0.6278218163132692	0.6160234071460805
0.6277476720293909	0.594262321100258
0.6117089110703028	0.5754903509296123
0.63029159600455	0.5538435193994561
0.6539246295213488	0.5788380650181116
0.6346191950422335	0.6320864893227645
0.6250798191738673	0.6268191106677938
0.6205626384587355	0.5488794317653883
0.6466608006060686	0.575264509458818
0.6481766520729877	0.6077337256978773
0.6137292108352943	0.6211927473854385
0.6413052790746028	0.6184492991511419
0.6213083276675953	0.6388580896403782
0.6470667315363705	0.5880851917928694
0.6241204496180431	0.6382989190094757
0.6222432672304176	0.6355920727363361
0.612508690366717	0.5707886416940634
0.6263356589793323	0.6416634764736182
0.6220417465294221	0.5205845714855413
0.618096214471158	0.6400452441949821
0.6531546591269307	0.4926611897499939
0.6249456657943698	0.6314211478859599
0.6665678505163926	0.5078520011553946
0.6421464353852547	0.5318721826328169
0.6659551415750545	0.492847728698363
0.6326356027466569	0.5935225710846957
0.6346959806744445	0.6168602802019824
0.6320990954236995	0.4885763155529167
0.6320394642486149	0.6322297967220637
0.6294185707478875	0.6256058641887716
0.61300099791579	0.5754793409317047
0.6256468824101618	0.613950299997005
0.6132356126571089	0.6088319280685991
0.6365310496040687	0.5393753225215856
0.6138723048654284	0.6186938779423892
0.6579079252858993	0.581567527022752
0.6112200399349746	0.5960361893979553
0.6319345528664607	0.6107711122111146
0.6195391952857161	0.5047927871546305
0.6202132582494148	0.6204100362494549
0.6257209534372644	0.6360323166883676
0.623140833089223	0.6331717411889406
0.6400443719972292	0.553450398661836
0.608985953018168	0.6072763312227251
0.6468193131854779	0.6103177065342327
0.6400501665603617	0.5604341056392236
0.6543084227346336	0.43697448398146255
0.6254954070604304	0.5952240422547017
0.6151780867897544	0.6072349543385291
0.6295295996177415	0.5688509380299379
0.624414403278835	0.6173235069992173
0.6359739107109739	0.5905860809598806
0.643630937783125	0.5428037706206736
0.6417947868859165	0.604475103246551
0.6342247947704864	0.5667593662975972
0.6612020824096551	0.5843636078339884
0.6288037561956088	0.6047280679209672
0.6132597918447102	0.6453649252053133
0.635874345427237	0.618171787353485
0.6319302131461931	0.6299449868296467
0.6134929679732176	0.6042164442980993
0.6421616498436186	0.6019461505245407
0.6501411494678758	0.5988304297837097
0.6205131940707448	0.5115869225833359
0.6368125892302064	0.5577445544024542
0.6300608687714111	0.5862646381919736
0.6397776873222056	0.5985389427335346
0.613919261445559	0.625994461809128
0.6222966041560535	0.6244946515478944
0.6111632150069592	0.6114501408809555
0.619313425496096	0.6159228675171154
0.6202541006848805	0.5630719063929812
0.6557053926292262	0.41002835793640474
0.6402341792177458	0.5236698384847929
0.6328901906260542	0.6112636410158876
0.6133625103033625	0.6661322403523167
0.6259779899854512	0.6082674977810495
0.6274889773754839	0.5267268858960059
0.6493150627301414	0.5897910413175936
0.6137671253021519	0.5661132316316663
0.6269756317352708	0.5913991178191552
0.6483732203120697	0.5446530340155675
0.6479048010801826	0.5963846476930503
0.6233056169948761	0.5438912823999015
0.6381791590059767	0.6227390390998995
0.614083979448454	0.6292009365410659
0.6121504746702031	0.5810303758768887
0.6244102416629725	0.6094938608098106
0.65693829766283	0.38991258008280366
0.6150738865149926	0.5268712318363701
0.6268508129182864	0.6321557664263666
0.6148812700483192	0.564037053158011
0.6299370908961495	0.599546055015467
0.6516182086668901	0.5901210529753556
0.6263720170124258	0.63773446867798
0.6697999145982648	0.4942845677794049
0.6287327067844626	0.5961035450383471
0.6488099455629649	0.4252929490630491
0.6299363637338232	0.6361432617048046
0.6749850294571369	0.5552514176858481
0.6191690274836215	0.6331397329487747
0.6642959977247612	0.5796725059247887
0.6204172244894162	0.5722942588483689
0.6157123850277673	0.5415236969040231
0.6275267384982606	0.5764994845407181
0.6776570716821154	0.34953111111886753
0.6278606863233089	0.628675423184494
0.6289948700286547	0.5923752114938682
0.6143820324461934	0.5455506289658686
0.6175599603657718	0.5744126587929601
0.6664874421936914	0.5129958121330711
0.6172947714531811	0.5147789011901149
0.6138194051556887	0.55648149197613
0.6144611545077356	0.555157874719726
0.6513709167135627	0.4803142175095073
0.6221400434093659	0.5737305958068895
0.6261413426883454	0.5130919071594486
0.617567383378659	0.610402241156826
0.6356554599929776	0.5454352378533469
0.6394788571878024	0.6029068090781751
0.6338012610649344	0.5248640963105188
0.612551581969701	0.5980402294274478
0.6273023747141284	0.5191409355202976
0.6363324695074191	0.5724465225085636
0.6169177713896595	0.5880865624968155
0.6409184372840234	0.5554546295166005
0.649301743628898	0.4174508439395843
0.6265053255955478	0.6227636619194576
0.6264137469546517	0.6269710014908016
0.626670255862106	0.6121384630410063
0.6246034302972973	0.6399306836814904
0.6336257550269608	0.6005503663973633
0.612843061999527	0.6668252346174515
0.6258626165905523	0.6179290825751156
0.6640718813865251	0.569310709157448
0.6476329085412152	0.4298995371590094
0.6579831804222883	0.5770667495529396
0.6636133192847099	0.5808215905618008
0.6254925703056746	0.6232217614321872
0.6337081799581415	0.5444654580502595
0.6361284288949371	0.5289333239845655
0.6288880772253453	0.622633492466847
0.6645934800555473	0.5161997465765188
0.6550546577319868	0.5958782607276368
0.6346564230354766	0.5761840504478284
0.6460754022576837	0.6022053044256012
0.6479053817650023	0.5218813585808808
0.6179016544279182	0.5372380711206386
0.633163877541419	0.5800622002225349
0.6194118302868872	0.6491529260805184
0.6224837516818628	0.626896315049587
0.6241907508331832	0.48571136503981194
0.6295662293651909	0.49215421420072725
0.6293110499894666	0.6307326959206161
0.6346889461218201	0.6111874556125745
0.6617031016109578	0.39091771638067535
0.6452129775261376	0.5376896842260104
0.6246503274450625	0.6360666127945896
0.6261799789786021	0.5776739218034066
0.655659838630493	0.5408545542288208
0.6101612579064026	0.6289909520822212
0.631566510780725	0.6287674053988453
0.6174041185313164	0.6174514095413863
0.6512217870962167	0.570617339219837
0.6235767860450722	0.6292916612112854
0.6400509844525443	0.5249488240377451
0.6457153728270472	0.5777763539463354
0.6166479478594017	0.5829271603536557
0.6308814984453521	0.5877942149131463
0.6163611862755748	0.6561462231450892
0.6418875634194502	0.5697521394985441
0.6245837260255072	0.46678005139973144
0.6559175243134355	0.5243863927235898
0.6193664069471345	0.6332487543404364
0.6735194705530506	0.5644687145361785
0.6362239846460581	0.4925097959458732
0.6348248688410029	0.579074089858285
0.6325448338514629	0.58264486562427
0.6263819252346277	0.6352451124130587
0.6302967224644589	0.628043217814459
0.6539928600555724	0.5816268634984783
0.6237297787264092	0.6172976905786478
0.6302753303918103	0.5797150099448651
0.6157844827439842	0.5897370192884639
0.6490681189329508	0.5283423485582931
0.6173335476678646	0.5559984002439209
0.6435582958205792	0.6023929672929998
0.6273046524434416	0.6060097366538197
0.6347395068415471	0.5489781902532808
0.6263486101195377	0.5637624442097471
0.6239528904331986	0.6235660070230915
0.6459175573061008	0.5737232786381661
0.6355453555632773	0.5100241818832736
0.6196104063247551	0.5663426687172254
0.6215952690740292	0.5927089769372929
0.6370124961254856	0.6073232121569628
0.6379641838258708	0.5221891900649441
0.6322469737246063	0.5074336391695278
0.6612232740458586	0.5016797499340764
0.6214620430523806	0.6327928027216987
0.6445314106583359	0.5363632218053558
0.6543699050697478	0.5984111935420138
0.6664765521511357	0.5748537318883576
0.6191326467900422	0.5951723121064454
0.6537346068184477	0.5274200395206017
0.6287308225585894	0.6061801968420624
0.6310446304002807	0.5375372303722961
0.6556976873907023	0.4640442380277703
0.6278625954421118	0.501875010348418
0.6248437644010616	0.5012164290696508
0.6340337999922825	0.5879708698922633
0.6356232457080754	0.47028808209556383
0.6449590405332434	0.5935218268626047
0.6178293031414364	0.6083122305186346
0.6244578595505047	0.5115757700979636
0.6434506814911772	0.5604331378130296
0.6375939323907729	0.5758952667552378
0.6459943847478464	0.5848808152830121
0.6278903862893718	0.48206956300101644
0.6365769759717317	0.6069158842340305
0.6364197236469157	0.6177986816006557
0.6247867029396834	0.6302328071912937
0.6146437169622391	0.5526591499691509
0.6602146747516944	0.5668579861312514
0.6246193670197904	0.6007117622075988
0.6146991787060886	0.5910943777725315
0.6648616968540718	0.5702895083393111
0.6263741165367868	0.593117508334226
0.6264374499907976	0.6237217455407064
0.6172054486567503	0.6305433780838403
0.6349931189683223	0.5707988963116177
0.6170707772855065	0.6442827476984869
0.6158875107645381	0.5949208597382036
0.611904023810997	0.5872059248875443
0.6136864836676004	0.6036551489441401
0.6190969765889252	0.6083231340427082
0.6382482286161606	0.4979502757826929
0.6347771852699582	0.47453386142428144
0.6213905987042521	0.5307769785770116
0.6278812017391703	0.6336706912194905
0.6198161701448246	0.626265702186876
0.6234224003320978	0.5649467717745358
0.6597878376523606	0.5100728469258864
0.6529127963494783	0.5899140281856834
0.660909096564008	0.5649142141895369
0.6264166160651389	0.6241628883393046
0.6548675913408399	0.5105550876735592
0.6243930569564319	0.5748433748089365
0.6284979087390056	0.619936423411982
0.6204722109860924	0.6298127951452819
0.6344076382914419	0.6113009532540271
0.6573048575677888	0.5857388654322786
0.6374942077664362	0.46726768934722623
0.6255682530725197	0.6381674669335107
0.637421413872796	0.6249869478331431
0.67077923167415	0.5685399213808957
0.6268712187918328	0.6221247832127126
0.6254549404541986	0.5638942918785401
0.6486018854704544	0.5528522754685317
0.6129054096600822	0.5516681088174558
0.617569867385598	0.6213725551953343
0.6436098815945641	0.6139883646878598
0.6564330149569009	0.5663139750678838
0.6360187721922926	0.44569099947224944
0.6246524301086109	0.6295613333453934
0.6363517412311362	0.5266021468024928
0.6498922098806361	0.5733117751982466
0.6430972256910809	0.447289942585428
0.6559115435177113	0.5884508805307724
0.6361449548032552	0.6199121570983763
0.6196977538476504	0.5878831455239952
0.6291373562455919	0.5899080427105138
0.6447132221334194	0.43993924994080874
0.6494178693846249	0.592670816229009
0.6489070604166475	0.5591769283690932
0.6242512801467219	0.5437492230771013
0.6123483874930189	0.5715152445874815
0.6263236686028364	0.5361685894438467
0.6365573277215498	0.5882537852966481
0.6155347515407164	0.6266984039292695
0.6370105735386499	0.4782170722379405
0.6402946155832252	0.5938177207510885
0.6320916101581254	0.5790754640625764
0.6256684335201022	0.560765304212322
0.6367214434246339	0.5090858980622891
0.6433240151134316	0.43942935932692484
0.6564392872128881	0.5225529090069767
0.6429971828968005	0.608146827227474
0.6579975471435767	0.590890274910485
0.6276652049272984	0.6403392482238881
0.6328909768002463	0.5769582194544203
0.6227206105521162	0.6017124390361017
0.6507499297118893	0.603690482104077
0.6634726242853805	0.5812451587877466
0.6643061008438151	0.5709011796967275
0.6226676960843215	0.647654360706531
0.6268582630189173	0.609435431016065
0.6419719585591469	0.6147730936105424
0.6436115399190222	0.6112768204051534
0.6555370201993411	0.5878684823385665
0.6564218253271092	0.528808005137134
0.6201977747650887	0.5565484473933998
0.6432821567580418	0.6101355919147464
0.6292472694815805	0.6246148888380284
0.6595355802366953	0.5829659993916076
0.623767950699491	0.6342652281983607
0.6597440109888603	0.5835727907176542
0.6428425197991153	0.5499053994176388
0.6556002366793449	0.5274949050822981
0.6219314974439204	0.5084367379388125
0.6435317789268421	0.6106903883148092
0.6494423423893381	0.6024552908575695
0.6517313435583536	0.6028744669659991
0.6510933985738738	0.5911221012595536
0.6146002746917986	0.6224740020121168
0.6217449130864284	0.6075378188900914
0.6124482326743486	0.5894225689492651
0.6338935829990294	0.4818959403049637
0.629214696706888	0.5833090671893775
0.6157576628724366	0.549508138698043
0.6633220324870509	0.48988666002071685
0.612646260351418	0.5731211225554992
0.6165947898809361	0.6302464009832678
0.6225360406220137	0.6157447741230677
0.6161357741039717	0.5809236253724447
0.6127152014430972	0.6461435546538159
0.6151315568675902	0.585882741615496
0.6167953392216841	0.6146121090894335
0.6443253916324139	0.5275731660022798
0.6168254111561617	0.645765693558247
0.6244470459356095	0.5268946081391207
0.6262821871751959	0.6244274537667991
0.6498577567407268	0.606064549939484
0.6400709052314831	0.606975486107928
0.6545325317170476	0.5931325146305375
0.6347060162402736	0.5479618475151318
0.6326773577737494	0.6190195432128671
0.6622444656721704	0.5280056803182281
0.6530322058346791	0.580241628583144
0.6313541991007849	0.5693357031111554
0.6134066743097121	0.5702319688269911
0.6426344316075201	0.6099348378807824
0.6264750947822914	0.6350259011837283
0.6208771820975663	0.6016514774991581
0.6568301346725667	0.587072314784007
0.6524516537930357	0.5888895388443085
0.638494131337886	0.45728848456495214
0.6450328301816685	0.581284498220138
0.6564032304841689	0.5801990778341078
0.6239272300649726	0.5153513656517099
0.6153217153542031	0.6259108172955747
0.6552133540904976	0.5287351737908689
0.6126775213772192	0.600641926318858
0.6401555404405135	0.6078839859098166
0.6108284708607925	0.6031039396663314
0.6276234966348007	0.5717814649689706
0.6399178826848865	0.6057881986031325
0.6261622264775192	0.6334366386187554
0.6451396759750726	0.4359798274364692
0.651941748211653	0.596981182083034
0.645016564857543	0.568510405711647
0.6189382447719971	0.6357492678779053
0.661212202055438	0.5178104427330735
0.6241144526113259	0.5704569860738478
0.643191663143066	0.6124660224365144
0.6504405913840247	0.41008094495584785
0.6264992302012395	0.5939397700547123
0.623438908308539	0.6147427284773047
0.636822443311519	0.6203538115968539
0.6198237291607808	0.6313890358097534
0.6600117657166553	0.5755462898136239
0.6122205880097177	0.579499351229841
0.6124095348422652	0.5684054459606827
0.6248787100641211	0.6246431356913019
0.6383383840235175	0.5013840937961607
0.6446742163532417	0.6144013345351116
0.6183275244741604	0.5656332303778429
0.63561871835398	0.6081182490916501
0.6272224297219313	0.5740337168604286
0.6351025089576872	0.46061716312926926
0.6263784507801731	0.6214766811393895
0.6292533903264567	0.5774164764301749
0.6560172867656434	0.5632967548716084
0.6371023203900079	0.6112471356444777
0.6222058999187968	0.6098039275800704
0.6601379492143175	0.39746225292351356
0.6306966980028748	0.6240803199592062
0.6617189544614613	0.5240416625803859
0.6351814788222614	0.5784772932891457
0.6372105792465357	0.5665888176905665
0.6256085357137964	0.624879512061309
0.6447923601394833	0.6138611716041449
0.6141665053553449	0.6201950528995321
0.6294798862041043	0.5489697537723435
0.6516457890968228	0.46832799107173495
0.6509391230964614	0.5987740884368462
0.6321926093180973	0.6236695505302315
0.6142568818925449	0.6054152122481571
0.633912869205215	0.6263488780397354
0.6235546619354724	0.5330492639129785
0.6274716877341563	0.505967895426674
0.6279313586322508	0.4965155089938212
0.6268089060758533	0.5711044735473763
0.6490398079244699	0.6015460512139574
0.6310537392486003	0.5505423488492585
0.6234945357674335	0.5427225780197882
0.6161999530733331	0.4975203167444346
0.6558593255177644	0.5706570251878891
0.611424675396871	0.6037466574410039
0.6285748004205697	0.6302839056108225
0.6253823376471638	0.622911947831571
0.6114302021708754	0.6049634212169728
0.6585611996857552	0.5745972908898012
0.6150817299182655	0.5603464109826779
0.6261629279109588	0.5210058119125536
0.64412237231632	0.5679927289618045
0.656540090511463	0.5052342788613909
0.6285767475620916	0.5820361119865138
0.6169981552143137	0.5402212989461328
0.634559549807901	0.6267950963355304
0.6287992418041245	0.6297539387607499
0.6746772904094457	0.5564302749651329
0.6341498391571645	0.4818759176093198
0.6245690048108353	0.6263271738030156
0.6180105199611445	0.6275984027252579
0.6149229436319725	0.6250773818418751
0.6306261099743969	0.5719058024113189
0.6578821406316687	0.582271551024001
0.644157211313418	0.5595200391263195
0.623134018593534	0.6321821248564354
0.6167471887226809	0.6350875838643997
0.679323681495085	0.5529390346339049
0.6325513855414145	0.5580125970051402
0.6474051972372162	0.5449366922274265
0.613084497785078	0.6123966872603939
0.6184291594441416	0.6552554676679708
0.6464047234266069	0.5559576928021794
0.6367807111331852	0.6174659635085045
0.6376223979755337	0.5838116953071696
0.6193462984696247	0.650145250315962
0.6504764802769248	0.5920820252717275
0.6764252626401602	0.4709617332670911
0.6344683923068214	0.6318119130310669
0.615181210981907	0.6558957535222176
0.6142369944772703	0.6321427577607499
0.6565876564644123	0.5839274753149069
0.6614478720617283	0.5825209832080223
0.6244051408808325	0.5966624026789092
0.6457514044176749	0.5406831092159894
0.6353731800356788	0.5829139065512816
0.6364070174861104	0.5163140012985212
0.6373891810857681	0.4783437761664802
0.6197622158853172	0.5181771062810484
0.6564731089448748	0.4885977927704156
0.6165253864138883	0.6005571938901318
0.6147968416252173	0.6281054186894459
0.6478520358003416	0.5569127322947184
0.6194853672555563	0.6270966898698546
0.6517128771091399	0.6031025462659604
0.6501670736468395	0.5126656980642695
0.6291936390138089	0.5838497430432888
0.639248542358244	0.6059799727494821
0.6236344124003214	0.6289448502687072
0.635407598388232	0.5695135160101021
0.6260193462975926	0.6267780857662256
0.6270938327670471	0.6262875374460516
0.6511325871320013	0.6027290554449503
0.6136570604116699	0.5751537905344819
0.621465191668403	0.6305630940974702
0.640611445817927	0.6101111707140788
0.6449680893662526	0.6110459423376331
0.6765961018718135	0.5559789859750961
0.6585516217976154	0.5667407725604
0.6290853200499867	0.6111752024363226
0.6350637478815672	0.6162398710272395
0.626954006364334	0.6062404122513181
0.6281532116188052	0.5688825227811106
0.6265598425111423	0.6303904419503212
0.6304955812184242	0.6081504286146713
0.6189094262666813	0.55001094533514
0.6348779837861354	0.6269827345430147
0.629975952785734	0.6322861299302833
0.6276355119115459	0.5979227628994745
0.6251622049234536	0.6226941559758309
0.6177156936586496	0.6107099315254694
0.6239502914312117	0.522384419700348
0.6443226898532515	0.45091193854531186
0.6816941123469611	0.46368384367037374
0.6361561685306821	0.5958000850376859
0.6328999437919178	0.6149430199250797
0.6391780634072884	0.6090403154240047
0.6321035939287921	0.6235586035419043
0.6426152163629242	0.6071191021926976
0.6628012864392538	0.5750958697159607
0.6237912377324543	0.501733286914792
0.6663373623936434	0.5576456252338564
0.6210128518812645	0.5041666196957826
0.644017043560962	0.6014418104726351
0.6479600098408161	0.5497414133802492
0.6302368418122473	0.6312654467312475
0.6498956758740252	0.5630153154439527
0.628168150332896	0.6151150348168362
0.6332128151828326	0.47692823105042675
0.64953084689518	0.43521974770692246
0.619873533747941	0.5227713872478124
0.6510855122042658	0.5814256594726213
0.6356698580300607	0.46913238694123377
0.6470155966183776	0.5326886935085943
0.6530556741215153	0.5863684933569089
0.6288207985099437	0.6033751242560128
0.6166981544552137	0.6277922183169766
0.6284758353334772	0.6005800268316767
0.6659024228195102	0.5686103532899707
0.6280265462718012	0.4927297817726625
0.6517822949211588	0.6026199874408503
0.6754390094412591	0.5541983226278298
0.6308068904664943	0.595259306457455
0.6176597420210934	0.6311620684840169
0.6397305296692489	0.6126010932823909
0.6363660170258564	0.5303394664224385
0.6295375351283213	0.6237977141699005
0.6276157663045011	0.5039142733829618
0.6383855557295094	0.623793006532753
0.6248970817526744	0.546295802866944
0.6628353337256567	0.5093079856543478
0.6242142613936621	0.5070442875821505
0.6202380591908958	0.5799001059482096
0.6496890900135828	0.6026724674475942
0.6136141435412851	0.6169371211587092
0.6357126444562042	0.472245742555975
0.6241621321997188	0.6217617858239357
0.6425253571190463	0.600557713370289
0.6547059724997628	0.5897425283227504
0.6664165279122252	0.5133391840689806
0.6404645325505114	0.55731481636287
0.6157711145492464	0.5441101905698549
0.6319367461572106	0.6263078875731156
0.6271972289259566	0.6287698493083694
0.6380956191664893	0.6143303237444535
0.6225496755240779	0.5319609245354385
0.6273253016514508	0.4996210130188099
0.6362794443335501	0.5824679943707375
0.62574581986988	0.5794872317695254
0.6425227212570266	0.5022671668862622
0.6424028633002845	0.4192807937297237
0.635732605816863	0.6161572270610358
0.6602169546197993	0.5467917041647943
0.6439557291610237	0.5928113636226009
0.6374522490256297	0.6217960607073411
0.6389861763726385	0.6150530935093885
0.6272633279720488	0.6359795781263942
0.6153603387080246	0.6322735197336249
0.6145186018845052	0.6076017485442845
0.623748987135867	0.5297600007109786
0.6168635595146247	0.6015855637334737
0.6326397517385154	0.560898187132436
0.6135657312578227	0.582437109099371
0.646717247519116	0.4771782327924679
0.6421910293725533	0.6166197697927651
0.6630285754869076	0.5788595978675131
0.6669069048252995	0.5695602769583819
0.6299920072784493	0.543364353862456
0.6393727917930464	0.46307844670718756
0.6428146338774038	0.5755977296962302
0.6298255791262242	0.5540771792703837
0.6614055197885448	0.5807423804272429
0.6104711141298292	0.5915518802317401
0.6567983372216898	0.5837732075926664
0.6382774064921618	0.5780939736539991
0.6271128854339963	0.5591500054141338
0.6201726618040528	0.5106418487268681
0.6186128399899434	0.5442450233572038
0.6268252368956433	0.6374888441508071
0.637631047361237	0.6239414823803633
0.6108066978753267	0.5996462856501135
0.6170203977108755	0.5007654474297024
0.6224600259554356	0.6404669538968337
0.6578876871692982	0.45610746381988604
0.6586114525327826	0.5733628004030051
0.6283210453677197	0.5220576068177198
0.6201610858638124	0.6061675710141754
0.6364299898036134	0.46795407770895203
0.6497416036683384	0.6053421780488099
0.6201708141512032	0.6460610324607807
0.6205936506950541	0.6319783268269723
0.6436304167440172	0.5708371689530628
0.6633149733651398	0.4863400758164152
0.6262419884475771	0.5827345055397666
0.626159588099579	0.6241520940717145
0.6684258822878736	0.3695562219670804
0.6349136640906827	0.5831066910318967
0.6308716583712438	0.5555275179851501
0.6104203023422611	0.5932317845046187
0.6565055810690082	0.5924783907901265
0.6556687100462462	0.5872353800171115
0.6579481304748234	0.5835209653862066
0.6336378083039551	0.588512065094029
0.6532840406587185	0.5460862819462162
0.6372265619114371	0.6176079203384289
0.623404016555307	0.6093163197568637
0.6259074369166683	0.5990963072144477
0.6235131886191392	0.5927793166929871
0.6578500269012497	0.5535669119591567
0.6387172453529143	0.6157940610501411
0.6230661830517009	0.5071931194133701
0.6127702417122272	0.6563761681520281
0.6115580213415663	0.6031912130569689
0.6109980930202846	0.5968335086338424
0.6455910785233182	0.5425630853310007
0.6355099913890627	0.5589568433410512
0.6427941173724547	0.5988735881438458
0.6143036939334833	0.5897263217399361
0.651500356025555	0.5131213669888257
0.6539934286686372	0.5239446519397705
0.6569271043375353	0.3951251067033436
0.628065884177174	0.5583464704575507
0.6142514414691284	0.5971963124190317
0.6342570773583157	0.5887488224065516
0.6111230016354576	0.6229701863630877
0.6473696887143637	0.5403688491915071
0.6159461779389134	0.6144918240472972
0.6452173918131321	0.6116342128925847
0.6249573616701448	0.6150053277119614
0.6257643496946801	0.6083463476215328
0.6332756810711434	0.6109480205964292
0.6274678375369239	0.6051632761105452
0.6565367929984662	0.5847526744224032
0.6171891120227878	0.5867565752945451
0.6131380592963575	0.6116318613450552
0.6277289560497181	0.6388572367632155
0.6373042071746231	0.6092246770491085
0.6196218623287651	0.5866983020045852
0.6568112421901231	0.5651068066596732
0.6912122891445303	0.526087693308186
0.6549608702151692	0.5956850675427494
0.6464086132476522	0.5239883233244695
0.6136993175627847	0.6126458929232181
0.650778391640501	0.5649890756066057
0.6367422617137461	0.6228611408737756
0.6188546529103072	0.5536451809062306
0.6718362042583478	0.5656820909404684
0.626752563876139	0.5012362893128715
0.6179031067644338	0.5654392381468447
0.6391833154938636	0.522685256969985
0.6340715036115552	0.6330974694675197
0.6349153760712641	0.6213480171246127
0.6715791725059318	0.563287176189789
0.6158760002177428	0.6275699350969499
0.6368926116708385	0.48147859271958526
0.6674344274759418	0.556944554724397
0.6228443839643468	0.53836107082817
0.6483315183063981	0.5834222779708852
0.626811307768253	0.5281623070851997
0.6276294986154615	0.6357090220361186
0.6152932007972997	0.6061809653187749
0.6398629113391483	0.45619416649651295
0.6238891075162815	0.6239412588241187
0.6399360835684239	0.5638480643607262
0.6269434410901531	0.6118127075836066
0.6229564102647358	0.6184490476210119
0.6498253923908309	0.5196311153209914
0.6451930682116572	0.6078344517065698
0.6227760426293404	0.6441446095758603
0.6474443768357404	0.5478738907589497
0.6518972417348446	0.5803890024588867
0.6243575652770651	0.5620493326050322
0.6512588480105949	0.5906791540325831
0.6267608575636444	0.5928602435358854
0.6393152033946328	0.5758952237307279
0.6390855699888505	0.5643789306722828
0.6614500117865666	0.5000556530452156
0.6574077335122894	0.587324042618657
0.6186518845725771	0.5290884634656209
0.6293990534097742	0.49462901776729895
0.6671252865519802	0.5403176369652708
0.6234612912434924	0.6017265642826115
0.6165083823963381	0.5912145805629003
0.6292302335306559	0.5038684633152044
0.6647625627477614	0.5113846678497465
0.6144896914065056	0.590474287505473
0.6498416791121545	0.5887470113728288
0.6213127912179491	0.6140227752953797
0.6333482799567135	0.6270408408229352
0.6256054807467573	0.6123311295590015
0.6555680900870096	0.535479891298916
0.6175471555270071	0.5117587822042362
0.6380947089541092	0.5723003022698245
0.6413944971182722	0.6141498841208015
0.6605136762715963	0.5851817348565398
0.6298338822201719	0.6004229271472599
0.6215122309154206	0.5208063980276713
0.6162736474438787	0.5914658122258987
0.6145302747023597	0.6012172660064632
0.6184418626392576	0.5944498780621983
0.6650846899153297	0.5062504771715945
0.6381712778766158	0.541256024078648
0.616630095498653	0.6079358227037445
0.6261299747383755	0.5690729793317473
0.6169312196869159	0.5574786922531396
0.619049173034979	0.5441424397667028
0.6567253590337307	0.576119123150652
0.6248190922577761	0.6253973152106483
0.6349682913718093	0.5799610103814986
0.6337143861256567	0.6249446077348833
0.6563637333985288	0.5783579970789029
0.6241357964535342	0.638036167366245
0.6140248856997588	0.6278724720464335
0.6370091424788781	0.5802760934910531
0.6124806976921513	0.6070122038857287
0.630175590741762	0.529007469712646
0.6347701528902068	0.6100463984958199
0.6323825932426408	0.5340382256762883
0.6497623833929209	0.5663402963100963
0.6422570631044594	0.6098450481339798
0.629005152982974	0.5407190868720183
0.613450247015983	0.623616028281226
0.6296924462234597	0.6270633609601264
0.649796632253884	0.6045099288219554
0.6555112230007775	0.5782804528851596
0.6328102485251254	0.6253453377797824
0.6353791630141788	0.5778270758474657
0.6429696387355439	0.5932498296141375
0.67024978500796	0.5109764471961118
0.6512249248610461	0.5394467003737464
0.6257956260822428	0.5751803272652032
0.6108839482390057	0.6599181725876587
0.637577893123771	0.5413767627137931
0.6257197854502422	0.5499426355144412
0.6174922308991049	0.6283918974838103
0.6132488443365856	0.5188867569925506
0.6569868923756769	0.49697738519504814
0.6562804579169796	0.5874737789633295
0.6589692150774261	0.5815951871114462
0.6250318792153011	0.6349126231103265
0.615520807444832	0.49402235089154006
0.613206025284109	0.5904686572236246
0.6226688427808179	0.6289929797288063
0.619952683051119	0.5822658341820268
0.6238504949055556	0.520488415687398
0.62620060253851	0.6248285498972017
0.617905625616961	0.5136033439328567
0.6579883954027377	0.5800835410664918
0.6149501781111939	0.6250349474171886
0.6160106948652139	0.6269236644545428
0.6425519122029166	0.5505846700869961
0.6604497006470544	0.5382272067168234
0.6309965249815382	0.5592597802451327
0.6570878632885717	0.5916316293701145
0.6412115477484407	0.4671182103275855
0.6376748309847726	0.5902955800301164
0.6545304479105155	0.5933511760075321
0.6254770074479634	0.5319312796625122
0.6265026272049387	0.6013369009596845
0.611090461135179	0.6310981733556593
0.6490773263691656	0.5754262289961796
0.6352618970186478	0.6028455683482368
0.6281108406560888	0.497047179987397
0.6334376988597404	0.5807010682406281
0.6151132899537808	0.5588826548055803
0.6527451114111358	0.6006548595557445
0.6597174818740084	0.5787788869122328
0.6604695168620848	0.5021290231843418
0.622540375338735	0.5442029044339567
0.6207679092500691	0.4973252472270875
0.6539770741974767	0.5863354479409952
0.6291191301366315	0.6145061038831645
0.6279970543380032	0.6187785504340952
0.6550825441723476	0.5728720716027454
0.626763442399117	0.6221333164411212
0.6475630195994675	0.5402225516551744
0.623691022782036	0.4653599303789296
0.6245469417804476	0.6080179337993095
0.648445455882934	0.4409828658243112
0.6363940556146118	0.5908731162059687
0.6477236301958001	0.5350591512769143
0.6231938794246975	0.588004554082043
0.6288840637211297	0.6103917303993902
0.6587778800932482	0.5508844031313483
0.6216671506993461	0.6308332689530574
0.6289521683569208	0.5854778206587415
0.6333622696987834	0.5547562737126315
0.6431118373858986	0.6175921116424008
0.6628063213119045	0.49896296329323253
0.6324142533176598	0.602871893399457
0.632558817608791	0.5778350000853706
0.631285177532888	0.6297611470255591
0.62687315130304	0.633756240594763
0.6279532746593323	0.6350703213513371
0.652660220341331	0.4986823485104803
0.6459639722311347	0.6016778246238228
0.6420919920640449	0.6050230601029911
0.6136233383221164	0.6683408382137237
0.6417403128939533	0.6055753418948338
0.6311679807632546	0.601416180812369
0.6674035182706965	0.5727657721518613
0.6137832867782672	0.6081924433191848
0.6177552191341559	0.6175303672525705
0.6145389342518554	0.629223101703885
0.6631001419328677	0.5521519340580355
0.6330461818124183	0.5818548673405654
0.6335390283876713	0.631115507449947
0.6172162267509848	0.5492064761360587
0.618160744523253	0.5735334745186798
0.6239968469040268	0.6241204050860767
0.6312972886765066	0.5913696449545469
0.6361200948681691	0.5817609841406645
0.6292487931222261	0.5948251995247857
0.6280860589877257	0.6227992104344835
0.6550291062442796	0.5410417760769082
0.6145773653251149	0.6369449115247325
0.6591666632709108	0.5832501897127014
0.6509227596226675	0.6043554951037322
0.636017174605826	0.611050997843325
0.6947154173872704	0.522633341078451
0.6465265108242831	0.5572424479930976
0.6558729186950052	0.5838495713030964
0.6259439170560456	0.6286234438428923
0.6194241554589703	0.568024392197947
0.6111281698514351	0.6159052673007279
0.6312895005740456	0.5317154264408833
0.6342660753620722	0.5714361111103506
0.6292793445649593	0.6318268669960276
0.6348300546226663	0.46475637048067026
0.6659811066811205	0.5774921038446882
0.6209426709517014	0.6081687052073115
0.6148789947517018	0.5535257213279361
0.6269894019459596	0.5919803180190902
0.6174954529546574	0.5605182905310466
0.6238226330066249	0.636474795325483
0.655782235414409	0.579314935897493
0.6439792360125236	0.6125630916216472
0.6255521840283751	0.6059489323618106
0.6157838579993319	0.5981084805819528
0.645985049037818	0.6062778262598847
0.6262582263214642	0.6311884110261126
0.6155200670978206	0.6328990493179739
0.6160420873297748	0.6196758301477234
0.6256222855076311	0.6228113961556652
0.6289202332297251	0.6364323394258895
0.6221178707696514	0.6414578103127637
0.627794117038142	0.5772222012600913
0.6429951205573728	0.5556321570270444
0.6551748311390422	0.5260056338011824
0.6588687795838969	0.5873008016656782
0.6406756186693329	0.6206273891166115
0.6216852919689572	0.6246205571024624
0.6486878628884162	0.5882177152101848
0.6207283951991097	0.6259291572460712
0.6255015694312661	0.6332345655371314
0.6195300065487788	0.5266564644994858
0.625632884682787	0.6047736323993771
0.6261763038235562	0.6048624634461914
0.6494482859307358	0.6018859641284042
0.6526239431827174	0.5670747778651508
0.6481584008689335	0.599923794856697
0.635262219668293	0.6227543755501154
0.6394174973214933	0.44346949671926766
0.6541618515068452	0.5339321678245539
0.6247912134559799	0.6310730238008528
0.6628100381629444	0.5774461801388457
0.6387818647872123	0.6067216621302787
0.641533360486644	0.6067730855198391
0.6203932614633006	0.6116371514960615
0.6261072106075484	0.6291158186484977
0.6258713997273692	0.6372723856764825
0.644959069576866	0.5707168085362785
0.6378522976768404	0.4945805579836219
0.653021689096719	0.506660914157453
0.6166251803910336	0.5524500231176797
0.6305078590752698	0.6033330639587269
0.6251199487892772	0.5331795062868264
0.6428512632700691	0.5729100953857696
0.6601332082323212	0.5859634987364364
0.6312757962313305	0.5878959350394826
0.6409542377089193	0.5731530410434239
0.619982689813132	0.566046013724736
0.6481799458038815	0.43863457680406903
0.6497656017822417	0.4037649430235778
0.6109498433808573	0.6080911366197089
0.6192266293350048	0.6232691511963566
0.6380108626186517	0.6097806847665344
0.6632090770208591	0.5021752458404799
0.6223631949442407	0.647287914137127
0.629890966319746	0.572290675276181
0.6283781929207563	0.5241951348807555
0.6300485228382275	0.6034097797001077
0.6226260598228655	0.6360445355777183
0.6456054195382047	0.4261854346775329
0.6212069094244158	0.5286193095745982
0.6461629742938192	0.6043945945813178
0.6205603636912437	0.5196035874839948
0.6455417916397763	0.6099856544385078
0.6169431297484268	0.5559549552877562
0.6344039486374413	0.5952589915554528
0.6472202359369799	0.5719807995877779
0.6569758641120206	0.5338430209842537
0.6528129977038775	0.5377288335151772
0.645420057598136	0.6067422627941643
0.6471612510212281	0.608550805929069
0.6583151799485121	0.585743211794965
0.6295769068855518	0.5488854579505758
0.6807347542073096	0.5417164109193033
0.6339174273914069	0.5884258664924625
0.6180760184581297	0.6357441379934078
0.6241930215153093	0.630265066412775
0.6297330196384028	0.6393525695708031
0.656025188945471	0.5427769870370008
0.6362942991118643	0.6152890593036948
0.6460672383507217	0.44411662079639175
0.6560425407604544	0.587039713358948
0.6170765782383795	0.5789190609417045
0.6258606266711264	0.6143634473626872
0.6370670531193481	0.5752890701947198
0.628219116083793	0.5172133877568812
0.6322371196490472	0.46279712427280273
0.6425861070207415	0.5982286997924069
0.6389612883664255	0.6180416165658605
0.6242301689324146	0.6280502130115864
0.6349653813113975	0.5447449768572166
0.6142176133203444	0.628466412214869
0.6164899688594975	0.6204848340542037
0.621999781898983	0.6239631859290344
0.6572289983241338	0.5726985823413415
0.6324926809977008	0.5354091119679111
0.6569961906140976	0.5758062539943344
0.6297948631201764	0.6196631018588153
0.6680193417372714	0.3785531650512369
0.6139712652335804	0.6232380067705797
0.6183036298404834	0.6310758065571056
0.647620476274314	0.6007660874117503
0.6258163581784778	0.6142348972536568
0.6730183408507427	0.5651780177399233
0.6428126457357304	0.5867607526299297
0.6314692812612511	0.5124035356395191
0.6283850391506427	0.631123241978639
0.6197723064249105	0.5980709281556663
0.6275532867701011	0.604628602786228
0.6120993788067357	0.5961494546160314
0.6624511108939876	0.5667415071253707
0.614030420657783	0.639343280866745
0.6360884571028912	0.6220287455903541
0.6339406153975212	0.6182741361423245
0.632423616057162	0.5674651028122407
0.629221556467708	0.5411133960355281
0.640345550196054	0.44400904147639947
0.622809954747172	0.6302816321855133
0.6319426036673539	0.6211140803153334
0.6223916748967303	0.628069369029256
0.6297705181914534	0.48754429094183444
0.6527459269265887	0.6011109405068626
0.6253728774467661	0.6244579572194182
0.6411243690647452	0.49047277980133724
0.6331664124870362	0.5456629922200418
0.6355312907256874	0.4535990270855071
0.6266711472807142	0.5957814471856582
0.6104642449546093	0.6422703873720285
0.6232607668819159	0.5420408808712976
0.6451879935464304	0.6072294108302865
0.6263678244174199	0.6224772410911215
0.6383258100267274	0.48240520510508195
0.6113128286690768	0.6106151698518044
0.6422140211658661	0.5958120793930337
0.6312757734273697	0.592443002720149
0.6358153688097524	0.579952985028663
0.6153112003213113	0.5704347364994569
0.6110725098931259	0.6075865652286107
0.6558716035222835	0.5135928381479216
0.6309364487425837	0.5869923154182647
0.632804321859791	0.6325996822843576
0.6217978028411971	0.531324877272559
0.6104269911573446	0.5858654793554451
0.6249455242777692	0.6029207191106347
0.6490783115578899	0.6046685607232568
0.6200106150630819	0.53859792761177
0.6378211794361417	0.6118830620624677
0.6248228891519306	0.6315767861179353
0.612685412326115	0.6058594566389758
0.6214335952505151	0.6320756369180318
0.6314028893644889	0.5985334209278206
0.656331576510293	0.594867435452902
0.6124581008743096	0.647372353159251
0.6306983464754932	0.629544116687404
0.655913249495166	0.5849385358964942
0.6359286819756979	0.6202798390522004
0.661682211114233	0.5078850793394672
0.6127889628154085	0.5984586875543425
0.6244544867563984	0.6362537974779999
0.6459023395759173	0.5709782423830312
0.6310747004995263	0.6255949082200218
0.6329443673574563	0.6117067421796941
0.6354421548533563	0.5802957088971197
0.6235594768473615	0.5648820081821662
0.6350167822854839	0.6072958453435444
0.62349289205433	0.5866614476524139
0.6439146073066937	0.5425036553352659
0.6295012522510445	0.5738141725892751
0.6193034831235514	0.6465491760061073
0.6511098256603521	0.6006382435611408
0.6157952086727954	0.5733994972157624
0.6352718960811495	0.6240487671216546
0.6195094233121524	0.6340756481494847
0.6150679987181442	0.6269990309316524
0.6423833450397091	0.5939775560276027
0.6492830145051406	0.6003660271353971
0.6145875087175923	0.62613262636885
0.6479856421656053	0.6057681131512107
0.6115766369592551	0.6178604985802651
0.6656710392291012	0.49129790247395877
0.6161501046984447	0.545958772773519
0.6339776692235689	0.5221009622218479
0.6210338854719224	0.5441470952313363
0.6390415163822889	0.616939520993304
0.6191299342168878	0.6161787302273755
0.6352595859199276	0.6106742267045112
0.6640243097820435	0.5049534715396233
0.6436228223528545	0.5493935118246633
0.6286222146109588	0.5903645221774071
0.6641679163607943	0.5561282967760104
0.6104182205715809	0.5875109522836766
0.6387023245106228	0.45531363646130496
0.6416497426331128	0.6119682412953555
0.6244705914638653	0.628717221394357
0.6310314842018865	0.5630531557032712
0.6341169471949003	0.4742620001717081
0.6373543762062926	0.4619912219787477
0.6221674136812763	0.6114590294160126
0.6325949517749175	0.5483211415418282
0.617312040352851	0.6132658932438004
0.6204846371612819	0.6336140443201442
0.6370425412863298	0.6044126792609145
0.6223832527241764	0.4794860476486098
0.6330326125059615	0.5980916550182303
0.6457431710280979	0.5588133585307992
0.6350558997852088	0.5154105164146121
0.6193965080112696	0.6241315023838541
0.6280251703537636	0.6394266046728583
0.6293799455095874	0.4762494490380955
0.6265579266694831	0.616193675459053
0.6355749650905339	0.5438416259910002
0.646563692741833	0.5917626138917162
0.646655783494886	0.48604247300725095
0.6552101879163986	0.5952584851448925
0.622914143618095	0.5073369405875793
0.6168785990643091	0.6368767902575188
0.6224138865940565	0.628458839951201
0.6217934323910828	0.6127301167985688
0.633131326993324	0.6261221774736792
0.6155246239652895	0.6255950312078871
0.6228765963626791	0.5116575619382746
0.6465960859912808	0.5486721855614763
0.669845113211885	0.5569726279351268
0.6398544386558594	0.5524928773731272
0.6198923149464866	0.594321288351765
0.6690831772931767	0.5116206539924837
0.62910479009462	0.5625954857178281
0.6276476741312208	0.6373161110750027
0.6146611923534228	0.6182299789004458
0.6226429432123094	0.5611680606496072
