0.12852049123850876	1.4836295404948097
0.12611772157488732	1.5111246033239656
0.1199789024118177	1.2315733938365012
0.12017926366458254	1.1816899184183496
0.11858584282110263	1.3504578477349785
0.12175215319355594	1.4626536028534756
0.11918015080605031	1.4185345557471123
0.12254725736075686	1.1370062245143164
0.11745555743756318	1.3487834436347061
0.12371023829518805	1.5177695563184286
0.12237745226756822	1.5022025597104514
0.1193966319539842	1.483769552278857
0.11717890591546629	1.2994272809855967
0.11748150779443972	1.2964209350875218
0.1205328170931632	1.460972856833108
0.11735692067506921	1.2904232052685438
0.12835857183500832	1.4238875518513465
0.12189666190212389	1.4917687010737832
0.12409323481552023	1.4860496419735556
0.11953814336044717	1.3919998666115654
0.12073498361972121	1.3918737403074932
0.12521807772877974	1.5116965775551714
0.12434240701261864	1.1661002913612117
0.12019824307086671	1.1568885221623675
0.12359559737750181	1.5032632074181187
0.12695025784301298	1.4916519940870159
0.12059423575488351	1.5018362015021607
0.12512873618069822	1.5000449215545257
0.12491750112374594	1.2224917544653482
0.11868058365721267	1.2491636179330987
0.1219075660216747	1.1084887624141504
0.11970378685906824	1.2989147334669917
0.12605047721982923	1.4963970235117605
0.11724685813817329	1.402626751251241
0.1213134904742114	1.383592680660008
0.11978473179366553	1.4724079028357657
0.12048356369365634	1.5122978956864483
0.12154097336016903	1.113324705089684
0.12355628409482011	1.4152951848533943
0.12774027439654484	1.493890294190273
0.11686729083262927	1.3256107598086388
0.12687612623045708	1.2511576070950166
0.11954912712017574	1.228336857430474
0.11874662766558484	1.4151932412688923
0.12432688211950697	1.3746200370539707
0.11874008281426104	1.4508069172576694
0.11918170551935652	1.3967355924452884
0.11951048824812319	1.32739811167676
0.12016203657229128	1.1446003931373074
0.12031903302425667	1.3115985829460477
0.12002550945748013	1.455413548490879
0.12735099486886625	1.5112832786719816
0.12344106335611656	1.3438936535855242
0.11752368993843841	1.3792262115332767
0.12061406267023293	1.508874636718904
0.12273577540185039	1.174984441999722
0.12145310102474105	1.178717422556982
0.12214730937012787	1.464571363820411
0.12854905310058462	1.50528994045562
0.12329727748787751	1.4177137848816574
0.12188491332533288	1.2724577992435617
0.12073166901743237	1.3502934596604907
0.11846241886862895	1.4502231107403514
0.1249689215443915	1.273072654556323
0.12331228925091052	1.374628856173606
0.12042286846208963	1.499698882214894
0.1171455704354218	1.4333136993929485
0.12087207706231949	1.4351192722999528
0.11837107998506907	1.3241904163340275
0.12545764664986114	1.468844124961321
0.119200521478698	1.4772599643297304
0.12854659328381693	1.502766033562315
0.119297069729232	1.481262005668544
0.12057246922065924	1.3668552346394927
0.12817535170988864	1.412901692821448
0.12040425050335193	1.274036477154914
0.12153097156940572	1.4825611868950817
0.12551620331942526	1.5108633864944945
0.12264780667032482	1.5118096848232292
0.1183760151991107	1.2573623551836417
0.12342752835127727	1.4938877367052055
0.12401939982831053	1.500406493480455
0.12059450337938997	1.456044241852804
0.12132531375483778	1.2916171426278944
0.12195538068385843	1.2228214983214638
0.11824406823951591	1.2673750167861486
0.12275038862929073	1.3782782549835346
0.12601816523249018	1.5046160061264686
0.12748275708123608	1.2667174615979797
0.11756958666716757	1.3210702750788643
0.12529679928158505	1.5033029201019712
0.12498805488623517	1.513244387424882
0.12474790116763107	1.4997146789112543
0.12431749900588207	1.47430705989346
0.11931650404000793	1.4902415880161215
0.1252861681056107	1.5051299602026287
0.12215868434653367	1.2814016870685625
0.12034683906307055	1.1721618137316727
0.12353499575496832	1.380394216168684
0.12060517732657168	1.3723244709275044
0.1269597124537891	1.480425272551321
0.12214406137438708	1.2663801853983219
0.12065180056786474	1.4621858580502956
0.12074108225355025	1.170836532425973
0.1200919842186872	1.4550866459156708
0.11831464980600948	1.2859459004797784
0.12016678427884066	1.3348891494002684
0.12267611995358133	1.2884545374022043
0.12590123288928173	1.5025353073200645
0.12109061201325713	1.126743631261792
0.11839800923450715	1.3464772041463995
0.12063771220612142	1.2142888014194624
0.11920186909176522	1.4785608995958341
0.11712210662580766	1.380844795793908
0.12308851899469632	1.493235056569771
0.12198315277999912	1.483030226754959
0.12788655087564968	1.3323231382117804
0.12238088213113932	1.2670349777788013
0.12038945435430874	1.449022057720442
0.11993928297873171	1.2329802625209572
0.11804374156610102	1.3035544946011743
0.11804231278321196	1.4529806733951331
0.12381176778282084	1.4144605680018967
0.12056866503188027	1.475503211527363
0.12425039693576986	1.3250550633706701
0.12489956058797853	1.4999831572368008
0.11764454677590948	1.2807031252349528
0.11948633011839455	1.4669058419857501
0.11936679017283025	1.4601600834948076
0.11933605299234204	1.4528575827316796
0.12223709713466066	1.1408196884799864
0.1250266401900572	1.4364289773065573
0.11947392354003895	1.2434516298319591
0.11740097752784488	1.3051412512776643
0.11836837918609663	1.3802801899953097
0.11834735411948487	1.3151952681625616
0.1236391741191758	1.2652389444603802
0.11859572474699928	1.3678992919455464
0.12175715129577169	1.5153416100376007
0.12469904243337121	1.496925048816712
0.12319147717692888	1.405267977159688
0.11940111862786486	1.2373345057489202
0.11756945610839238	1.3138787867229347
0.12571820675159237	1.4926987298427825
0.11833156553828907	1.4431155527321133
0.1169686123892062	1.3608036526388987
0.12313967069336769	1.3728385224696873
0.11793695523341466	1.443770230025888
0.12336565626108847	1.5080458667299388
0.11726217920153852	1.3083999320570134
0.11681737522768355	1.3583518078445793
0.12687476015916224	1.5005826868560423
0.11975686902897544	1.4754531666447304
0.12291733699834646	1.511543749272934
0.11817368766677715	1.4246447214716622
0.12162881703714713	1.2337286294718632
0.11979954830365226	1.3040017960387549
0.11734603324363166	1.2732847596384818
0.12000847664074409	1.448332287973273
0.12010475549942365	1.5169172741377421
0.11923508988549007	1.480561536322855
0.11910152647792797	1.4717025960438823
0.12836610490930542	1.2986070587522427
0.11780543056870155	1.4428284621495229
0.11735058877202496	1.33140084373644
0.12436392544371473	1.4871391050286353
0.12263171946409124	1.5125510189541282
0.12131416556050623	1.2554862885264317
0.11749547287573744	1.3553633682387727
0.12463625906506486	1.3378220454773202
0.1280739057174255	1.4952827467688188
0.12168254696970957	1.4876453840055324
0.11798383738123239	1.4632874279718082
0.11997805834424564	1.2094632669066376
0.12294108563036511	1.5046247083161648
0.11961601909029404	1.2483252095988533
0.1177485308398165	1.393876780557255
0.12051451115729464	1.46598419055743
0.12255121175131263	1.3075141881441448
0.11737423089576546	1.3701513316450191
0.12044160006486938	1.365998344739825
0.12478541254879412	1.1077477031587533
0.12530603901715173	1.4709991415720503
0.1191762834090669	1.3782002069758355
0.1255646575954842	1.4902118477150317
0.1222393675604712	1.4898870257589858
0.12141545947018527	1.0766292002834974
0.12227204751847665	1.502962727101091
0.11897243870244623	1.4205611383926309
0.11985341230413948	1.3823084826072902
0.1202842641861873	1.1889258697290719
0.11835658133270335	1.426810683181062
0.12120739531665954	1.4815442833509662
0.12179521967333079	1.304503174056736
0.12344393244703943	1.510389678262357
0.11664152225115475	1.3713648565209828
0.1250030580459699	1.507572323237138
0.1221259518516199	1.5145121407320628
0.12401176798341598	1.244545577578381
0.11834591548633187	1.220284352552539
0.1254568296789057	1.4697608151523818
0.11769298703562524	1.3021831794641048
0.1239078548080771	1.5074767955250552
0.1230983158855853	1.3790518259922822
0.11915917309462548	1.3436694127643964
0.12278886858661871	1.4631705718518462
0.12228820860745471	1.5068377176044443
0.11879659379597064	1.1882612764684193
0.12706851169109215	1.502063660210699
0.12707674093624574	1.5025735107738218
0.12273971556801042	1.5054340195444122
0.1243775912988165	1.5068788819557484
0.12316547848903185	1.485814612698682
0.12522237075087356	1.4717526065148234
0.12602074578797895	1.474746449347197
0.1184931848935005	1.215036371121951
0.12135930104099169	1.510761487356963
0.11937375824121343	1.3002273215752063
0.11956909448457621	1.4287871002186288
0.12094266757329336	1.499077198623285
0.11660104478640178	1.4290066116675189
0.12921572804904916	1.5029145555932266
0.12045550646043923	1.4881752430024666
0.12165676788411622	1.46579040166306
0.11899115664548529	1.502035525563009
0.11970353957310748	1.4830688430487116
0.12042387253362408	1.171137147497456
0.12681160992833282	1.4966978345391189
0.11981340011439497	1.4898999832719255
0.11903985940573973	1.4201042885348825
0.12141241135475525	1.4925609391219645
0.12496964358307225	1.5151139694679352
0.11692311671061488	1.3236267227029248
0.12395734447949028	1.3729508909884824
0.11930305243143556	1.3050063919518842
0.12572929893232881	1.499585900510206
0.12039020053771146	1.44811847881877
0.12094118211556681	1.4287325443356556
0.11777327208574909	1.3674324415209427
0.11904485421125423	1.2322608779590134
0.1252465467669084	1.5137159978546886
0.12158602224798597	1.4969641189822624
0.11951911082388197	1.232392044055254
0.12484447260888469	1.4531037299490845
0.11810952798480985	1.4222458568757361
0.1224794049839135	1.0928522904544347
0.11718430710969266	1.2171820029788216
0.1310383709712898	1.2517894278115302
0.11787480717367081	1.420147543277562
0.12696083987296253	1.2875993731304949
0.12393425487909446	1.2982231778435824
0.12076345091205211	1.1782210540712188
0.12117259580237968	1.4131672411684022
0.11790334488740833	1.3920314355652632
0.12006357097027623	1.315707010463694
0.12114268593831232	1.4584967811157956
0.12196954223487205	1.4824431083406369
0.12457961830222072	1.50627478700162
0.12439730036310893	1.5084728850685187
0.11830815099521004	1.4038584916738994
0.12288418528429794	1.074736769507787
0.12296530418395948	1.4913978081830186
0.1256661965417462	1.4918669268753222
0.12061485496745719	1.2430598861732272
0.11778071589279772	1.4111826316213507
0.12564480856922883	1.4952367576077408
0.12858170852190368	1.251243906221081
0.1170511791253637	1.4680295417394187
0.11917773368178894	1.4689324979526948
0.12277139354733324	1.3553544050478399
0.12317042686747408	1.1692917598807924
0.12443146431516798	1.4074749595264535
0.12285381120545816	1.3837625067402535
0.12428467704592022	1.497747946758589
0.1171116020809394	1.4272931966719584
0.12607260512721538	1.304453734055369
0.11921392499694651	1.2906161780229861
0.12324017594977382	1.5035471432687113
0.11946985736370362	1.5116360198025425
0.11773354784459786	1.2931228181002914
0.12004241970473238	1.3574733470688531
0.12082529128236792	1.3017126356559907
0.119434023141743	1.2583454014723179
0.1170165590184487	1.397789016455568
0.1217996843159591	1.377893089354334
0.11856990207664247	1.4586704139339177
0.12060888509189513	1.4066903422395693
0.11974023481771016	1.2980026205926667
0.12109484599737995	1.3895506364566779
0.11788797373282736	1.4700831748212415
0.11880762221616505	1.457060152289234
0.11861140336807718	1.2493705095726344
0.12429059163823511	1.4856835688900596
0.11858573898443045	1.2833782957278363
0.11974398867900485	1.4456318018871834
0.11971787527915541	1.404317084245865
0.1256915086300479	1.3175965320707879
0.11809595732731941	1.2770429342326468
0.1221243089466193	1.1069461031079255
0.12185121849281262	1.5022797178405984
0.11917772799072929	1.472906910367053
0.11926111326084136	1.4299585327011544
0.12005686632397464	1.405798142406381
0.11748121748276921	1.4444964896991754
0.12340590659344758	1.4974587119648017
0.11894002745306881	1.4856129492258008
0.1217969306309774	1.3724507071837402
0.12288811190662645	1.36518905875125
0.1203327362526618	1.5083940900964077
0.1244993714115623	1.4935146986689187
0.11988645185457439	1.1914895494840085
0.12243867978195647	1.3508923164747317
0.11775460845650054	1.503430222912975
0.11962416033168062	1.3239428800075617
0.1203826508767899	1.4667135164766085
0.12237259343030252	1.1405688691221496
0.117831802282864	1.4634502826501912
0.12527251900170516	1.405818767945925
0.12383985314306223	1.491331837177831
0.12826057499032376	1.5000575951383661
0.11702093163916773	1.417498253656082
0.12022385035582975	1.3885065803955379
0.1229135792415649	1.5036477764761713
0.12244841448599268	1.487322239196362
0.11800576279074851	1.4493227726046882
0.12619420851928095	1.2991880016846564
0.12488883369390753	1.4836543013121566
0.12284368296581634	1.4965535506251122
0.12028209561708159	1.2628588228328463
0.12362636567282684	1.508773065317356
0.12147612516634686	1.4317566754295599
0.12635961917001842	1.4429659689628576
0.11979027526683186	1.4603915951113722
0.11913970409465861	1.30197595863832
0.11705544436545032	1.4010605346908531
0.12364561510378813	1.476164684127831
0.12222297703467047	1.495021445908601
0.12114306564094486	1.5073075344274334
0.11963510229999733	1.3944662578338551
0.11982765329965124	1.3753712020453999
0.12183307763037887	1.4095530750701568
0.11797564247415546	1.5268621545174825
0.122588451360649	1.4062855530778449
0.11812674884872716	1.3775379407948305
0.1186590562647775	1.4403206982202987
0.1168444576957105	1.3642082125700152
0.12249340332980542	1.3855041506899595
0.119985436949547	1.4939110308810535
0.11925748358904192	1.5089836920622006
0.12726196464647344	1.5020003477296122
0.12474647141287382	1.5153423160723467
0.12501173118577147	1.322422976072933
0.11998541953068267	1.4363387165459853
0.11757908622152853	1.3115319079358625
0.11752494619004598	1.3601045120541708
0.12217386931061779	1.482631704798196
0.12107154869100473	1.2884076204180481
0.12182478902839293	1.4225115421434449
0.12667575934696362	1.494342261869883
0.11929501113279066	1.4654859101948674
0.12546673850178702	1.073782286800847
0.12100660043421242	1.1959340270826482
0.1169949046752119	1.5083549886894976
0.12027575488329902	1.4495948850440643
0.12216665174572752	1.499917504434159
0.12112883643425282	1.380629230660685
0.12426731423650643	1.4511880121416412
0.12326808769130854	1.476814798207537
0.12175554670155639	1.4225755343357236
0.1181475395241311	1.4921804113234294
0.12532282483006627	1.0246083609105288
0.11909973521908435	1.4037462916271568
0.12020806009470214	1.449700081342312
0.12068756609403974	1.4562748800315977
0.12108984082927925	1.4709875718029652
0.12125456606668537	1.3427247171708883
0.12503476790446272	1.5011106549216517
0.1192596341742809	1.2450000956603797
0.11970488075385091	1.3965060973908574
0.11943902943723572	1.4403951374334472
0.11918034667911966	1.4709035004055782
0.1246283596361088	1.4368707126097915
0.1198152081354069	1.4352819042543792
0.12142696146252223	1.419661943090978
0.12072277126735792	1.3314317164316303
0.12227396042212008	1.3739202282857834
0.1175500617058698	1.253381573458967
0.12125383662445759	1.434831630254104
0.12145748229546237	1.164198648970157
0.11890425292069033	1.47721735876764
0.12514290376279028	1.0286384751374626
0.12174393705534813	1.1500702102457512
0.11699078496136005	1.381906780414334
0.12688389206655667	1.4899253366328629
0.12037574790337918	1.5094453028604196
0.12073104241141788	1.300890119051313
0.12103489049871322	1.5003786489080602
0.12088404597795939	1.239954189682679
0.1242889160318325	1.3489996999712954
0.12674228400872165	1.5019569332902152
0.1310782889620065	1.2444003796367769
0.12241560490233294	1.4662556528366637
0.12022080816628324	1.4147571464346198
0.12096056001958734	1.4334740260915815
0.1199876716217669	1.3447016761172597
0.12066547174413961	1.5124959230980735
0.12130962787032502	1.4930568905782864
0.12284055716441783	1.4949564076981272
0.1173035084524883	1.4503402852581007
0.11705515844267288	1.3645579971946653
0.12065062969347896	1.430499983828321
0.12496794814189474	1.5146612876064274
0.12301175157149041	1.0673147702641719
0.12466964807610864	1.4449541512327295
0.11590767772616653	1.2525841819789398
0.12269130279519258	1.2164447698494092
0.12115199869120188	1.4667787467414526
0.1218817894971328	1.5015329521373888
0.12337786331079402	1.4943857475879214
0.12150800569568611	1.4866133322983213
0.12613753774591285	1.4995620686649267
0.11761021156193557	1.4177796379075036
0.12008427568357428	1.3540505650690677
0.12395843627438542	1.4153562352498157
0.12263333945131452	1.4830221009876547
0.12256951531110229	1.2512678371899528
0.11828665761820227	1.3801512528274489
0.12010611061437217	1.2290776758094046
0.11828303715780103	1.2851146062439078
0.12031791561207028	1.4747754705152096
0.12252786598089442	1.485330956027752
0.12309166071509157	1.338269156852676
0.12413284727321096	1.5031273793294335
0.11708994412629298	1.335388022608426
0.11758005306323734	1.4545854812813115
0.12593934891046227	1.5080505422594919
0.12222228895480544	1.4907065424851802
0.11973598644879853	1.4967970929986532
0.11709967362658558	1.3673550865660369
0.11877954397628754	1.279367191362476
0.12013173642657836	1.3319579069467917
0.13082397059385656	1.4883955372668731
0.11913091976680672	1.4074052570938862
0.12017244401051051	1.50610527858223
0.12819293629305728	1.5099610245101769
0.12184424419228009	1.4186442135804977
0.11865685027027933	1.190502490490344
0.11955270794230222	1.3019629406385331
0.12091975811305111	1.299613486623259
0.12481296811386057	1.4918022560032589
0.12392320922422904	1.4314468176018953
0.12716393540698034	1.3538539577298239
0.11731944586958208	1.2535517824454807
0.1183050363697229	1.4138082607000535
0.11651407908582812	1.3716753246396602
0.12527907553322634	1.4659955111245626
0.11691174892083891	1.3522646024653215
0.12897821631292655	1.4983961280545632
0.12073221951017382	1.4988691167281436
0.12384630794098153	1.5090974998954851
0.12042319919093002	1.3211559471550727
0.11767497036474948	1.4251920836170036
0.11907091779947011	1.4204937560740678
0.11986502179066123	1.3735863413593292
0.12271657706207614	1.1825877761672592
0.11803328130101534	1.459249542308927
0.12317044669559869	1.395295390162053
0.11777100921742055	1.4106200641927384
0.12035465800022681	1.4690699705314616
0.117689792331135	1.3093463436911699
0.11897849421835806	1.4404297262345762
0.12177613951097102	1.481476617478979
0.11807181473509192	1.2815621471682677
0.12155221139703587	1.486484250976201
0.12363085131849023	1.5160815697211034
0.11816260274119841	1.4218482971367066
0.12465333511016716	1.4191527245886826
0.11751256954501443	1.3137863015798836
0.12093676657052987	1.4824161295689122
0.11863337784345163	1.3766007529332929
0.1172173070190239	1.3098116281924836
0.12118614500348318	1.501381369451111
0.13201232601537313	1.482231010107314
0.11927369299584621	1.4511421185734832
0.12358306983849973	1.5073449302562139
0.11830154845339745	1.4603489492091453
0.12048763988423608	1.5102281551587462
0.12353542915331876	1.504066631411121
0.12058402922040595	1.464107016503557
0.11741134783236329	1.3096804065555046
0.11689947776969288	1.2817145849416685
0.12021677087916552	1.47400803007966
0.11952574537825274	1.363972633560814
0.12052419920026082	1.4336312344559747
0.11722932683459689	1.3123917659813094
0.12279561187641477	1.5007521735135474
0.1204521952693828	1.413940342787149
0.11960122046006086	1.4900141669425588
0.11915166189954511	1.4466603527389619
0.12350283698079349	1.064183825390537
0.11933332721086778	1.394427565617733
0.11941325092421476	1.3366409329487654
0.12218821884339408	1.1047353878023434
0.12455558961024044	1.4792389293564296
0.11644675073808018	1.3921023156301027
0.11763952661563155	1.2427560971974503
0.12137477043593713	1.469883766916436
0.12370862714087548	1.5031292858917797
0.12226048949680265	1.220855972266392
0.12002037484828178	1.381648376233711
0.12215218011759083	1.5165050876446458
0.1267600433838901	1.2985382714967597
0.11888303747837103	1.2876435795301013
0.1276072904772792	1.4970107071282865
0.12242185172358121	1.415170620105292
0.1277637401323255	1.4960141465479027
0.11989071665196517	1.494254477904795
0.12617656930235732	1.507572816130947
0.12150380751755546	1.4962500317006806
0.12136992309506388	1.4634129987228084
0.12027327711527336	1.5039904643632762
0.11873316383675044	1.19534249872914
0.12397120562966767	1.0174071783425096
0.12013180130538213	1.2476786576450123
0.12585674342904862	1.4485940657266008
0.11781551918042617	1.4758524862775473
0.12421519720202083	1.3460227138355787
0.12179675989721887	1.5167277813273938
0.12078434932365925	1.4018008919006921
0.11879844123900532	1.4165966261855587
0.12466019596479767	1.4135482590154815
0.12278344368163359	1.3135412194978917
0.1254491997410799	1.4998682200532318
0.11867802694703863	1.4409999866593997
0.12006606956571224	1.2284532104692512
0.12483028879572952	1.01294872142338
0.1265527894057243	1.5103977174068968
0.11795326964206462	1.2517430316421778
0.12207101601624498	1.3964571309750469
0.1252502876729348	1.0192353223684565
0.12326536814022522	1.0766067827522343
0.12562896816804844	1.495487821703089
0.11842904937010419	1.4602132435649777
0.11740300503050774	1.3714609919254257
0.12455539807028318	1.4974641063200198
0.11812210900510114	1.3923230895676992
0.11866815172987967	1.3774173469699353
0.12011632791379534	1.492607309824683
0.11795932362052448	1.4112819155619767
0.1254553198936649	1.0415989119661675
0.12881270822088678	1.494903155759978
0.12379675876786679	1.515688905515383
0.12385760302854927	1.4972164613334287
0.12106609661580874	1.4833011175398325
0.12390714959490062	1.3874515811783916
0.12431932468082475	1.368007452138535
0.12030599480545799	1.4112506490859484
0.12192286908090318	1.5061731735506345
0.12338701536015743	1.4691258881608509
0.11731249311282203	1.3701279167475793
0.1173509495692668	1.4175211179756455
0.12086413104153358	1.3764672756003282
0.11898002236451696	1.4627745162873302
0.11961206415716422	1.4806205020278322
0.12170898392833765	1.3604463322015867
0.11750796193722358	1.3053200934384395
0.1238326511452714	1.2332130510320143
0.12435253435975545	1.4938892493000469
0.12177019151339202	1.0876948709653407
0.12142060290284284	1.2182323830627004
0.12194806603904548	1.4894264100037287
0.12001963584229408	1.240852441550901
0.12127597226474857	1.2835401782077414
0.11910136991416521	1.4881208366211038
0.12069011992602265	1.4213629581154854
0.1225936508133474	1.4649333080038032
0.11952674881560665	1.295919359090974
0.12592022520058915	1.5049978402387927
0.11826250672193601	1.456837174869463
0.12160276984896244	1.4510747402370208
0.11797058551945164	1.4396610733584194
0.11751302705630867	1.2512652841177478
0.11829430512970836	1.3512991984485747
0.12950517171231643	1.4950744116595307
0.12330899345104569	1.512869151229554
0.1263962605293279	1.4852053140943886
0.11778624323223191	1.4446374804168944
0.11944907717205457	1.363230592457239
0.12253652573430844	1.4629889172024153
0.11826641330945635	1.4604166832656904
0.11901632406105322	1.4594820159093818
0.1254023480981608	1.4665298444669839
0.12247043659428426	1.3864225063078095
0.11923396107971047	1.1452700429101306
0.12082652851435394	1.4696677209890812
0.12313278884791418	1.3341640927900926
0.11991424938283501	1.1707029574562504
0.12342207532197134	1.499274695000894
0.1195848969867141	1.28553374535495
0.11973068622155254	1.4605031653268026
0.12653569513831986	1.4871963421976049
0.12669489123258987	1.4728162119008803
0.11919202029647724	1.4289781349314188
0.12006050519782895	1.4528831482822144
0.1198679836976922	1.170190462613116
0.12798013755417095	1.504607458875463
0.12374872170768111	1.3522343115019722
0.12138513612879605	1.1529780675001244
0.1246127304537722	1.5045875451715798
0.12114312852901316	1.327227475103476
0.12027704271941962	1.4985242255349918
0.11903587859418835	1.4774479462207495
0.12435294222292202	1.4807619550634648
0.12014153905353493	1.4668692760282807
0.11880515801091589	1.4415508686019005
0.1185050222507083	1.3030833770896013
0.11769538935360771	1.3781736596062422
0.11941038010533551	1.2558428177227463
0.12300156460923346	1.4039817818511482
0.12565471567437128	1.0395190717178733
0.1193905476777355	1.492352451128433
0.11854595813351955	1.371812063178653
0.12746368914222556	1.481429398358193
0.11948305996822635	1.4793052986209865
0.11935059081088627	1.3217027388264537
0.13009333760230596	0.9254227293995703
0.12319571613916123	1.4239532409651083
0.12228382515211693	1.453641815384397
0.11854708398498386	1.2977018193917969
