0.0034671907031423492	1.6979665822982
0.0036312954943644505	1.7090431644821622
0.0032781421073900213	1.5011039904983594
0.0033042891610990223	1.6865893415122035
0.0035567757751426027	1.6366178273836858
0.0033105947809232428	1.6338117309791387
0.0034467699821179873	1.3512985485811204
0.0033546114459103173	1.645544364133223
0.003344706317947061	1.6692878119956627
0.003378787069998988	1.3755076337624637
0.0036698463490532057	1.0361821951375876
0.0033958144303593814	1.6066567499970157
0.003346261873550179	1.6397895120127848
0.0033134333397887416	1.5288188255775825
0.003530930519878411	1.7215716098876803
0.003326501652469117	1.4317006320660148
0.003351435319097676	1.6969350460101575
0.003503651265117141	1.6974948116073258
0.0033631674745771296	1.5944194552719597
0.0034376801570421838	1.6991720680180262
0.003631542262330575	1.717720326594648
0.0035061779397119216	1.7236355267958041
0.003328979656432176	1.7174037520070877
0.0034579315013779995	1.663923455462624
0.003359559312905721	1.57345218659955
0.003462371284432411	1.7079898230369603
0.0032840737956074265	1.528055155234669
0.0033361005386108476	1.6746238325381153
0.0032778387601431155	1.5455975052432374
0.003301964893335164	1.6557307059443545
0.0033750225811560743	1.3136779732570574
0.0033413861939752382	1.6753808085182094
0.003394882076183322	1.5200082965561892
0.003365895474878871	1.6221689049211285
0.0033698030186761958	1.7013293667865612
0.0033961645882149426	1.6067373525996254
0.0033786034160263206	1.3098871368354137
0.003349402859278139	1.714928201015895
0.0034268934249141215	1.5969625414267714
0.003323264964466959	1.4433248531867902
0.0033346530605759656	1.412481628870062
0.0034840022267951776	1.711378386389406
0.003352143283526604	1.4181407592554272
0.00340509612833775	1.6691290575671591
0.003275011141335806	1.5890534275234889
0.003382393415967144	1.6907910665531514
0.0033260805017654217	1.6298472972704747
0.003377650514208158	1.6514046022207156
0.0034305445386175713	1.5649396742192572
0.003293980027815393	1.4672136030942167
0.003317604232738044	1.6716361335918437
0.0034049458559099926	1.677905439316551
0.0033973403120426404	1.7167266076800025
0.003494630950799413	1.6552026158557154
0.0035566625364633685	1.5406493832467967
0.0035192286520539886	1.1917980303453537
0.0034229697691918618	1.2623582322002307
0.0033072087545052095	1.670887355900553
0.0033346449152802204	1.6633362088343975
0.0033941751001307406	1.572214062252618
0.003371331981445004	1.363294334604354
0.0033734356875917385	1.5143365957013337
0.0035325164481923234	1.723310771504023
0.0033684801486726875	1.635461408715165
0.0034768652049930147	1.6940315323028587
0.0034396887465122806	1.7112483057250834
0.0032962398863588156	1.6159786029204148
0.003318619712838779	1.6073806625394846
0.0033645195076090705	1.6829443272315694
0.0032678853072006966	1.705321969162113
0.0032908175000196764	1.5890733993856638
0.003288678045118902	1.456096195143969
0.0033417987972598623	1.3649995448370316
0.0032916042571266035	1.5845789552203269
0.0033698535769077437	1.4617752129760828
0.003349499022249424	1.3788295016131418
0.003463500606759398	1.5257794003514609
0.0034588696627648576	1.7125090131509455
0.0032706595888108993	1.5618315186219813
0.003314831003658224	1.4479200564788148
0.003334349954168933	1.6096018644618464
0.0034134189110017915	1.6322101503481943
0.0034786986040607508	1.6686547837072327
0.003437573509273902	1.6600068202690137
0.00342711169578838	1.557581956145051
0.003309422929041435	1.620559633614938
0.0037012601878864443	1.7073044129986583
0.003374059608953976	1.6855719678923067
0.003385651112656113	1.4691492725508977
0.003596277211933329	1.7031739591766046
0.0034064859788730016	1.591107742238345
0.0033108511978825056	1.5242721270545976
0.0034058915208252543	1.704699824468653
0.003483588963842217	1.5975168138621254
0.0032996533105413913	1.419096748776862
0.0035193313779129484	1.6631840277306655
0.003482640849533764	1.7038931267972846
0.003383262158567798	1.3190498192158118
0.0034315587821637096	1.6916276120725677
0.0033041514113880868	1.4427226116545615
0.003363480253822928	1.689227947223301
0.0033436723632093005	1.6029826870677022
0.0033343102647820848	1.4026803559603616
0.0033808185373424148	1.694480983908324
0.0032722370859446575	1.4680167684175816
0.003373351780260231	1.580073621148526
0.003283481936418528	1.6116302276236674
0.0032806258705852668	1.4820040870918918
0.0033436736098135154	1.6743857605437849
0.0034386523457390775	1.5084959805737734
0.0033356554065679003	1.6954067763565153
0.0035602064966267113	1.7239464424428967
0.003331511021202778	1.6974603014502034
0.0032691651072418466	1.5771960770529279
0.0035314608831042388	1.6842303415408022
0.0033337845941426537	1.5735126965423103
0.0033281672085066303	1.426129897706694
0.003510808960174692	1.7236992589157891
0.0034571845417486467	1.6870947832059264
0.0033437198718137633	1.6239105958964424
0.003283966901729791	1.522943672356151
0.003399483571231381	1.5550736413085204
0.003439993278175575	1.7179881758220747
0.003547306080776945	1.697170215541366
0.0033725844444232904	1.5145185744059269
0.003331215807912514	1.6749816271229552
0.003428631481781949	1.7213160267336982
0.003374542238235805	1.6979175470122847
0.003507095777540653	1.6258569434995733
0.0033874425438888424	1.536317601425555
0.003494874907937332	1.711001195956372
0.0032982012208221624	1.6458130994048386
0.003532995110014832	1.6941911256611368
0.003371947170882594	1.6580063965321405
0.0035494208686329396	1.5140157637467686
0.0033613864632484605	1.3952940592405858
0.003316875369498209	1.4991916672587107
0.0035196143045903364	1.154068319420926
0.0033227588590642155	1.6733734711754447
0.0033888472255616435	1.6129428834222042
0.0033780693176750317	1.678145267381153
0.0033241827113488823	1.5941654104562115
0.003422539674530455	1.5013709132535884
0.003476517451651871	1.5475184323285438
0.0034954810985889017	1.7073421964064512
0.0033208663785015643	1.4010830431395718
0.003328426326499392	1.6446154649843785
0.003289907222958638	1.4927744256189255
0.0032784505907084423	1.564640655390864
0.0033532381695313552	1.477810738972237
