4.242964852515779e-10	1.2870860441785787
4.454102797812527e-10	1.273510640403324
4.243687065799388e-10	1.5843857716267487
4.847947424390584e-10	1.6673156256577393
4.1154766097371877e-10	1.5847552501793987
4.649669517910728e-10	1.6153368216640547
4.1635574043149995e-10	1.5370020592647768
4.321472759604204e-10	1.6803056351025747
4.1628610767839437e-10	1.5881385266708006
4.394803463457363e-10	1.567765763319224
4.3175322465057454e-10	1.4688827191046192
4.141322735549233e-10	1.4215091187552502
4.733806419932801e-10	1.6939795713568089
4.383926507437069e-10	1.6439279862952154
4.5077092760571625e-10	1.269644681029067
4.1232057004400134e-10	1.6661302993468547
4.529358619547523e-10	1.7130399603109496
4.320388843196745e-10	1.4780265977210796
4.3788211010981865e-10	1.6187357420531412
4.267494472975706e-10	1.6923032939044562
4.1396039548180586e-10	1.5269671818147128
4.406279176710094e-10	1.626129074458701
5.091801703993438e-10	1.71699204736053
4.672912072293312e-10	1.707577781921557
3.8365240091694703e-10	1.4851392342700245
4.5513672295192115e-10	1.6747414981872994
4.0333654832118397e-10	1.5858004544491084
4.309806994397568e-10	1.4980085461523713
4.1594545708182393e-10	1.4346242119659895
4.420220199431881e-10	1.6736251638441533
4.915380939268067e-10	1.7286844125180179
4.898860647103028e-10	1.6558891996200629
4.521996954550642e-10	1.3848461601242565
4.0799663547093335e-10	1.542974550341328
4.3043120745413396e-10	1.642522959386244
3.904310628787424e-10	1.477839491826493
4.5159105259739e-10	1.6782307947441693
4.188792074683579e-10	1.6184710695375237
4.4560138116646874e-10	1.6059635578718459
4.318977941130995e-10	1.3712125950183176
4.752465496210292e-10	1.6898311046434205
4.27993123451513e-10	1.6085612699070788
4.289425093961563e-10	1.562389593138386
4.590096516378615e-10	1.7208742290261196
4.6122140866425464e-10	1.6678031319374573
4.064729613225991e-10	1.48929508138446
4.5125645045473996e-10	1.6932522507856964
4.634838444538187e-10	1.6933819471391744
4.454163794112674e-10	1.5981324714512375
4.138287637707945e-10	1.5806676322566082
4.203933303652478e-10	1.5840514095183575
4.206955743194316e-10	1.6988417476324944
5.253112510739395e-10	1.7206656899130324
4.2691109846070784e-10	1.5762215977125837
4.4280522801706474e-10	1.6464502724026226
4.2900810644012174e-10	1.6181573524995678
4.4074765700785076e-10	1.6573466212021803
4.1610680446596445e-10	1.610402299837373
4.2658485762003044e-10	1.4421726413753166
4.588050214498101e-10	1.196580715055073
4.23690786265917e-10	1.6281100597266165
4.5420555968489185e-10	1.656064627841839
4.1994275654561543e-10	1.3854661680894496
4.4760164233171994e-10	1.469276092660143
5.230034520353779e-10	1.7064296462316868
4.085632593472516e-10	1.4761810498204238
4.3073611380184094e-10	1.5370483473688223
4.081864819297538e-10	1.5204894821474362
3.857053403279914e-10	1.5161634591255748
4.5844939898835787e-10	1.64798104010548
4.311686666840607e-10	1.6722188593886784
4.551572604232279e-10	1.6505442204737082
4.1992693963140866e-10	1.628669585003387
4.163816376139578e-10	1.5750960316581053
4.4238715615948647e-10	1.6098202109019704
5.034740516651263e-10	1.7175764424221098
4.2477726070585317e-10	1.4835908162520337
4.4010879087319706e-10	1.3473947033897096
4.5569185285199005e-10	1.7150356823128523
4.024991233658608e-10	1.525370305223265
3.922372797158586e-10	1.4595363297297788
4.506751174844025e-10	1.654126647362241
5.17311458473024e-10	1.6926712293084614
4.3083729231529023e-10	1.6343558465112875
4.622681025318191e-10	1.6817616014223158
3.9243499095293865e-10	1.5397841453093166
4.284932621795407e-10	1.4983309741314754
4.1884196801178797e-10	1.5706339216872118
4.172282826167643e-10	1.5539755314772885
3.922106698912641e-10	1.5249929486021894
4.186529703696568e-10	1.6880007707307905
4.194667078322298e-10	1.5459322161781752
4.2199377430453593e-10	1.581722031050434
5.402400136148351e-10	1.7069250268834955
4.2277502521852155e-10	1.507539614327759
3.954262927564592e-10	1.6155210186112954
4.3648455833184696e-10	1.5745838318162608
4.306181525805001e-10	1.4132722116526288
4.6068575001149546e-10	1.693030374097216
4.454824989301379e-10	1.6172620403807738
3.8810460182528693e-10	1.5904523861140114
4.1559422670905385e-10	1.5940526412121394
4.462763113680566e-10	1.5077676955610109
4.750986484077406e-10	1.727072690197885
5.184073302848775e-10	1.727191636088178
4.975082298459037e-10	1.7168630701000536
4.165610147030493e-10	1.2192410087280456
5.183945695764207e-10	1.7289251821546108
4.580803121342373e-10	1.67645721919763
4.668059907244559e-10	1.6848292741844633
4.3687961328000875e-10	1.4231665252365875
4.440120174219336e-10	1.626201544228268
3.8945134428425667e-10	1.4812372713331123
4.4136654511660513e-10	1.5849604637472283
4.456204185003629e-10	1.6606732872271288
4.406201529357222e-10	1.5811475846777467
4.5753588522610426e-10	1.6732174836128784
4.501999134544243e-10	1.5475234661550994
4.292988295294606e-10	1.3951384863255651
4.3542773347229657e-10	1.6839277518666256
4.2922814182360653e-10	1.6280596393916615
4.1302963087978535e-10	1.5072313561742787
3.9488674190258905e-10	1.4951804402228295
4.872524663612139e-10	1.6991714405890446
4.603287968809102e-10	1.6965466155805904
4.4069718772151935e-10	1.7287475304784956
4.2730900003433114e-10	1.6324111940943509
4.039092144864359e-10	1.558110861787592
4.3242315865553667e-10	1.4438629200907807
4.862941203262358e-10	1.728111728802952
4.437207636898396e-10	1.700838764435427
4.385278312078212e-10	1.5664991328837183
4.4787687400160044e-10	1.693144609103403
4.172687348451165e-10	1.6860835911962588
3.884280079003125e-10	1.5185821072218708
4.0929354652328325e-10	1.6089706596232074
4.4011371627362524e-10	1.601887514852836
4.596865564191403e-10	1.6526787131947303
4.652373288206961e-10	1.631327624780679
3.843513714538263e-10	1.580001468000066
4.344005523516645e-10	1.3320486151176496
4.5768587468108664e-10	1.7004473414968384
4.0315656863326695e-10	1.5099071046051757
4.411431479894505e-10	1.5583888491642566
4.371293001460208e-10	1.558993094300856
4.68788017578974e-10	1.708913018567574
4.172125798210948e-10	1.5668681383549057
4.2702540741529354e-10	1.3740225303707727
4.410913693499609e-10	1.6462789997118326
4.408815830155598e-10	1.5297972268759739
