1.5068521979205669e-06	1.5589415713160457
1.5220507721873632e-06	1.6377686902696467
1.594277019424536e-06	1.7223472033311737
1.5078786447830568e-06	1.5065064424604735
1.585944776410351e-06	1.7042091556672712
1.5257890818199488e-06	1.6292699526277676
1.5857782178202201e-06	1.7300536525321664
1.5796263755115594e-06	1.6217082208223361
1.571669206033588e-06	1.7129828596187866
1.516520818270064e-06	1.4223995185436926
1.5013066329046708e-06	1.4693534954986045
1.6067877761084216e-06	1.7265657800841359
1.5788704193738875e-06	1.7045379616884055
1.5266980747232972e-06	1.587335638966985
1.5848568245537215e-06	1.1970759213012756
1.5995528083468395e-06	1.564166263905865
1.5624769435308146e-06	1.7270500937199231
1.5078945734708113e-06	1.430596149856449
1.5332213439935796e-06	1.4021114999192257
1.5884614843748205e-06	1.4604217887106827
1.5212533140140523e-06	1.6711141396894602
1.499466894506203e-06	1.452481516613718
1.542973197539454e-06	1.7041377761302074
1.6164960984495938e-06	1.1572896523345269
1.5002291004075916e-06	1.713080003755424
1.5529539692603243e-06	1.682081388759198
1.6211664378140698e-06	1.7113419479538385
1.6368059300959227e-06	1.7273186828033311
1.5232530087627778e-06	1.4142730729817607
1.5034171179897415e-06	1.378691102880307
1.6114177829301636e-06	1.5787185462426527
1.5280770726365028e-06	1.5441674951401922
1.6311542783385704e-06	1.541723564407573
1.5174393016586132e-06	1.6175176874538515
1.5949222374816827e-06	1.6780597330109202
1.5223307977900613e-06	1.5962060165201144
1.4983649626513132e-06	1.5580764357956296
1.5031441922652133e-06	1.4462923525438318
1.5828108093294478e-06	1.621509384181374
1.610963101408822e-06	1.7260157903106088
1.6439297760165208e-06	1.7252517635787796
1.5928207682186147e-06	1.6843818577553646
1.5032573193954582e-06	1.5482772440243293
1.55378990577584e-06	1.5598261947027239
1.5887166193877973e-06	1.7048259192805544
1.600621458487837e-06	1.3153040205520083
1.5317324743639954e-06	1.612180909386192
1.5971890108058535e-06	1.5645535071995125
1.544014027622399e-06	1.638993392494536
1.513850733352192e-06	1.4761986556242714
1.5496275335639486e-06	1.6788626976598373
1.5388363050054194e-06	1.3681676845441482
1.5786824773603576e-06	1.731541572471998
1.5753441046889189e-06	1.6984111609188175
1.5970430888241192e-06	1.5882978362624485
1.6044436769805233e-06	1.6017263542313143
1.5087570995044498e-06	1.6314275903867332
1.5413800166820698e-06	1.5331226319547648
1.5741785869591983e-06	1.3420912374333307
1.5664071413528715e-06	1.4820784062291605
1.5775437410553264e-06	1.6408981769677513
1.52189836862775e-06	1.6628767889135072
1.5173795353485609e-06	1.6720287359537858
1.5037185205865944e-06	1.4857013502306855
1.5096974046648082e-06	1.6949199843872904
1.5887625701827633e-06	1.66892117649677
1.532842959529994e-06	1.624625582587919
1.5359739044823664e-06	1.3397489964246643
1.527153968499069e-06	1.6449619175298036
1.5011680186115687e-06	1.5244107178371302
1.4982335553088125e-06	1.5901411503821348
1.547410836132734e-06	1.4732491918784483
1.5444177450178447e-06	1.726200112504194
1.5251533734012522e-06	1.6127390725518533
1.588178608290316e-06	1.5761598933948375
1.5517542662266002e-06	1.5916667652039194
1.5358214980526243e-06	1.405381528933331
1.5051901899069932e-06	1.4511345958729616
1.5518704113205004e-06	1.583044939081842
1.507366240544405e-06	1.4706129465480842
1.502251039935323e-06	1.6355485165722614
1.5053072519601277e-06	1.6120821590143555
1.5086622588209765e-06	1.6264933641817438
1.6000413437668834e-06	1.7069857644275208
1.5224565301615032e-06	1.4271791828677363
1.5997629045038065e-06	1.5396689356799032
1.6073781180598074e-06	1.552993774154939
1.5110246791785851e-06	1.6534739343374103
1.6063130618873873e-06	1.4330804306322622
1.5637792996592931e-06	1.279338882053938
1.5597353862054846e-06	1.564286563556694
1.4946353105637002e-06	1.5070086628156287
1.5112420317195455e-06	1.431469914294497
1.5934256458937255e-06	1.7315567817734205
1.5419056482243546e-06	1.5158417458517883
1.5815951592827652e-06	1.6088653552186587
1.5304185353344143e-06	1.6500913048109251
1.497642561901382e-06	1.7083491895329297
1.4999081898185345e-06	1.5688139449477552
1.5701897555256248e-06	1.6846462526011834
1.605233842667398e-06	1.6992268589186885
1.5340524041554534e-06	1.6365165128494064
1.517962880375657e-06	1.6354808070830722
1.5125002707584937e-06	1.4236500687544598
1.60468320323004e-06	1.6310805201152263
1.5778568032062899e-06	1.6327140876848856
1.6099856433221742e-06	1.7319560744913927
1.5919051503855116e-06	1.7057632161539176
1.4982293021797337e-06	1.6101065253409077
1.5566256126319664e-06	1.7038860426530196
1.5257922921992368e-06	1.625163631117451
1.5962940148631096e-06	1.6916430130416549
1.6072655993552694e-06	1.2188739519369953
1.4938706537512347e-06	1.5230042604929084
1.553926992064472e-06	1.3186031315843056
1.5355040242392925e-06	1.6787849105288677
1.530664775353985e-06	1.6210014610670198
1.546141091092028e-06	1.3318440392951691
1.5339785791429914e-06	1.705875292919146
1.5957729592934083e-06	1.6126774310957503
1.6123328443166274e-06	1.6549368934177058
1.5170855675157034e-06	1.4520635999014004
1.5306236088868186e-06	1.5890764070682832
1.5282524824362737e-06	1.492926776722395
1.534142670018989e-06	1.577377501607327
1.5745783838761969e-06	1.6991496343737222
1.554752268896584e-06	1.4490929871953906
1.5991163991621257e-06	1.6984514342566956
1.6317543755197057e-06	1.7003516741635216
1.5643468681686965e-06	1.4609430433187913
1.6073522268430345e-06	1.1611927585870883
1.5544393670282196e-06	1.3267722209692514
1.5291094527113788e-06	1.5857644929777648
1.568593384836671e-06	1.6912586435170516
1.676230563342259e-06	1.048702032776141
1.524686562987474e-06	1.547524976673819
1.5033684258574582e-06	1.6342050277171307
1.6190459843679975e-06	1.4133686243635557
1.5977098005973922e-06	1.6988730397143674
1.6201665472294916e-06	1.569306658637052
1.531991233146633e-06	1.6988558553382833
1.5096714120253995e-06	1.6171118843175767
1.5527664133781104e-06	1.6803566582907947
1.5572749193141904e-06	1.670098971738038
1.5907541581361635e-06	1.674153146930224
1.5442447132983323e-06	1.7085399892932385
1.5623461544405041e-06	1.6850514834037962
1.5625689432359598e-06	1.7296370458102381
1.5381499175605089e-06	1.361875886858141
1.540003505906447e-06	1.6373836051277992
