0.04415414177779347	1.630095679419325
0.043017148035955466	1.4777316120504413
0.04423578231184772	1.5938918479220812
0.04486901930901641	1.6494589958438257
0.043101162700856434	1.4309136225386736
0.04343951851144038	1.5970895097831397
0.044023559940263426	1.618670844396895
0.0433103689645095	1.4699128335086633
0.04360529288350168	1.5513490075891352
0.0440607571684199	1.3233246918243733
0.04464709115611616	1.6226066500848744
0.04656926255082403	1.5740706425003057
0.0435821202278032	1.2963458814287196
0.0440575221870046	1.6158905426831887
0.04449730751707053	1.6413147071124634
0.04350558177498182	1.5555840292596985
0.045114113729290306	1.605349867005351
0.043500679877466586	1.6052502782126716
0.04515264995344609	1.6450843082310547
0.04304912731636312	1.511899160112629
0.0458084764122007	1.5232313212363633
0.043753758384516	1.6037139649993741
0.043149445058058365	1.4097262920646996
0.04516393572761485	1.4823769344599411
0.045747871553996	1.629571854764963
0.047249983085920086	1.5606098253483487
0.04509376392751105	1.391978427536424
0.043467335121596666	1.3677140840133186
0.04309307894313263	1.5525945810907582
0.046073032341477325	1.6486161021163235
0.0440283690545115	1.5278141215345116
0.043386376471982444	1.5141860471872466
0.04500530888499308	1.5014150385439053
0.04611791158451676	1.624110041912108
0.043897421424385984	1.6198831894934091
0.04551031374829691	1.6330964565652768
0.04560399133811955	1.6221035246696718
0.04373145500488206	1.532299882324395
0.044743649434242395	1.2485071768863378
0.044008827899952314	1.391844597735036
0.04722486902785971	1.37918451764819
0.0450345361795322	1.618276715678327
0.04570489727897702	1.644551418320427
0.04350740903832165	1.5763539970835398
0.0454928993059062	1.6271590354439143
0.04578757944538459	1.6299256555805126
0.043302821576328455	1.417205097079087
0.04318758446920059	1.5558177534114737
0.04473324082660701	1.625142744693243
0.044483334046684586	1.3972111749649172
0.04498869352969399	1.6487705605484742
0.04578758082551994	1.4945540925211507
0.04654965090427516	1.43162140752903
0.04498847772356624	1.5087250035888409
0.044164774102172066	1.503274359113016
0.04450578072714282	1.56288936548146
0.044630423830991	1.628582177912579
0.046278204190962034	1.5607158573598263
0.044746245685793266	1.610642350933488
0.046218005815735	1.6345262593781276
0.04439311111448785	1.5305431438116415
0.04569311165290831	1.5199963471775586
0.04329360319501098	1.4990182207158158
0.04458828172099733	1.3490091971938647
0.045520969099844086	1.5194350929878793
0.043168353392499	1.5050162762886055
0.04481367951687651	1.2158693735329136
0.04463837239156404	1.2436824549905954
0.04397100144093058	1.5208217535827808
0.04487247647416263	1.5963087995318723
0.04565119226387747	1.646741912777295
0.04499533578935742	1.4513189587141582
0.0466168826935074	1.4333787999048604
0.0463248863971459	1.6313963617510876
0.043775889944000695	1.4757625326816137
0.043770048406836265	1.6040627808593795
0.044588884364640285	1.5747968638503282
0.04306921404995713	1.4640039824841637
0.04353611475171753	1.4031428197464786
0.04631274374931066	1.4174531937030548
0.044253845648789376	1.45145251398507
0.04390755817857427	1.3682164400280705
0.04451547867212479	1.6403114289071214
0.04286068868275332	1.5602912875366286
0.0440126167569342	1.4818278701375953
0.04373806614071702	1.2480975941786865
0.044470074080137235	1.5240009646209758
0.044649266772253615	1.577129451094101
0.044666091416468025	1.5066575719960007
0.0438560662563007	1.6080742802558237
0.04419256955476066	1.2914544326606505
0.04457539120587996	1.4633933805071835
0.043656229054159786	1.5100640357276718
0.04482695189993232	1.5822224395385929
0.04327579075687159	1.3943890031966657
0.045862685036206205	1.6405425643906475
0.04413158781430251	1.5766058228791047
0.04458127551479579	1.634186585158891
0.04297187532035253	1.466027028285295
0.044328268612418745	1.5857205020505143
0.043542848225561835	1.493476977232134
0.04331206127237471	1.326284810660927
0.04402696334772693	1.2771692197289122
0.04421737216967678	1.2712473395734771
0.044014063426139144	1.5706661758784284
0.044656855183389944	1.5628606619313872
0.045697425121538356	1.6459281264827994
0.04444265111756974	1.2724570340944206
0.04463837752815912	1.5655989151046192
0.04536486089388349	1.4787687611374865
0.0462212453022171	1.462366783868283
0.043032592867067405	1.508120288637819
0.04493560920917202	1.2950687800807799
0.04552994858867454	1.2388266044013565
0.044275931553554825	1.6327678921228141
0.04366079855575135	1.4874961128301407
0.04410772889001456	1.2476042365925704
0.0449719608007317	1.625958369331023
0.0434717259317158	1.641573954841455
0.043973960409459195	1.288278101950103
0.04564661141604673	1.5725208980985794
0.04458533604638054	1.4254054938112415
0.04343549955653416	1.322105593094311
0.044139321169680036	1.2791117259723324
0.043406249796108486	1.4966986699189455
0.04386032334261329	1.2769035419033452
0.04494756169479162	1.544682305308045
0.04416475399578354	1.602003739304433
0.04616250527587388	1.639479104670744
0.04495303401378711	1.616608253648177
0.04338995398476373	1.4473278321232417
0.04445314315536125	1.556747916353854
0.043647042802471676	1.59814845446336
0.04420491924639987	1.5086559354260949
0.04583708913705755	1.6394840711371061
0.0460319601834865	1.6142267727058013
0.043799589670917016	1.6124926855912958
0.04408945766650597	1.6474810940389277
0.044988530625918066	1.4736615451490802
0.04478815892280496	1.5036681728508214
0.04518896864222239	1.4513255049918676
0.043147722447573846	1.3521060863774195
0.043203168284906585	1.5662931572633196
0.04628250752931327	1.6358939579546852
0.04503229080472506	1.1914823539413302
0.04482685777833664	1.6368576642653812
0.04371869356934422	1.4228412234166474
0.04316391799062334	1.4298230791567266
0.044556454637590205	1.4270368220159142
0.04480098357307624	1.5216259630054205
0.04550950850378703	1.5851791641921613
0.04345126309585671	1.3002155094580523
0.04589094914307407	1.6440880498856636
0.04340091514194132	1.588014006605698
0.0461117880191355	1.626783022594087
0.045358606307484374	1.1750483202166668
0.04390735411520741	1.547941909318535
0.04450073601149538	1.5803623281155632
0.044389652992536534	1.5780433138663525
0.044598083234675255	1.2272888579022467
0.044317072319523386	1.2657240928942322
0.04599112709735205	1.428446778830113
0.043641623564342785	1.3136379048696898
0.043891996678027435	1.6042687081415397
0.044171092484985054	1.4215683239545018
0.04489430039359253	1.429839784910714
0.04419518023581225	1.5311161179390453
0.04583147986321277	1.6135583621113716
0.04374393441912014	1.6035264228421393
0.04422042581169762	1.470703460180904
0.04449185492589793	1.2077970225973798
0.04462315338282408	1.5636087580493467
0.043760732548905355	1.3226317891126802
0.046032816098769726	1.6116180353592302
0.04576003365736853	1.6009376880661534
0.046264609506408094	1.5566874755943352
0.04316257669386619	1.452808746333549
0.04340748991672839	1.6224025909336595
0.0449684415198132	1.60995272851149
0.043515955699504526	1.5694414080342756
0.04386461948498847	1.3618486499313085
0.043615092279408	1.6248079955418815
0.043962361708051435	1.6091305096373316
0.04348038634096297	1.3386635633959025
0.04497743668721891	1.6168192440669997
0.043707121878145454	1.3235610118516548
0.043911723021145314	1.2961107461932517
0.044240859627572515	1.5810312697961493
0.04562921048716596	1.6444671114472116
0.04558904539091323	1.6074891075081275
0.043963125873332766	1.509725009210979
0.04358882419929855	1.3242561714609289
0.04533593656698911	1.489703735588085
0.04343909637484129	1.5955980902578002
0.04378758710685133	1.570350045920189
0.04417351708631559	1.5631185625865143
0.044587971872765274	1.6510686059836286
0.04379336997898526	1.3893407860085205
0.043187550088522424	1.5464894271512066
0.04341017157659954	1.4549042141445838
0.044499651490641175	1.353899428213544
0.043412235790328046	1.5269351229733559
0.046185158509186454	1.5029819484823768
0.04394685765427564	1.6249215993444182
0.0435262548653459	1.6017371885088365
0.04502247064000934	1.3753830261086832
0.04302967028494192	1.4315977823200452
0.04435211630852679	1.6118257342063043
0.04399640960941854	1.607752183384406
0.045064739680916704	1.6432398463280178
0.044193806830728	1.4421412967433822
0.04410163842812217	1.6159282225686948
0.046303557394231386	1.5832541025129676
0.04546944738104003	1.6317733674597132
0.04584731862334962	1.4914406076902598
0.04477280253375248	1.6395823174115745
0.04451918351616117	1.5142967646577505
0.04453474471582934	1.6367228499588782
0.04450217767785072	1.3605001459815684
0.04399375200716348	1.5264415288722228
0.04772720949021208	1.5158626104665092
0.04620725579546298	1.3630290466817943
0.04637269420714359	1.4463815177151749
0.04449659134504041	1.527411055989285
0.04407025065914014	1.366237957549357
0.044027078134745455	1.6255788601515415
0.043056170862170555	1.4074991355412787
0.0440086655542121	1.4923266007670353
0.045859688575320495	1.5916557684756918
0.04362812678803891	1.5834511865755632
0.0449827267714552	1.6458354714735948
0.044823904625068814	1.642989274632041
0.04602773111567601	1.6065971833631831
0.04344544836069092	1.612589905165081
0.04560978327087538	1.4597352897083642
0.04467304387254416	1.51080030650721
0.04346949817400647	1.6071738524234782
0.044260093758954205	1.3119071352457126
0.04410649805079575	1.4558912639805257
0.0457614351730441	1.6431347956969682
0.043577809211072564	1.5411571651540603
0.0429470494900897	1.4696044652311422
0.04402785308694559	1.5750457482920128
0.044743519925882685	1.6137332095616417
0.0449912572068267	1.5655575340563679
0.04588583052490692	1.5396346117727604
0.045545905519636394	1.6395933195732002
0.04391514755945064	1.605636514889385
0.04334080698127211	1.3344863534960771
0.047631271231045214	1.6385854993613056
0.04359651103437074	1.2096411887649003
0.042885118999612525	1.4905540813976652
0.04514411342082809	1.6233999949044804
0.04404466393910427	1.5781161865518076
0.043680012886805515	1.519484686855333
0.043693459558726715	1.5646830211344986
0.04599887005555678	1.5597573096981878
0.04617597565385236	1.6228754722164322
0.044751387262997905	1.6384059991841338
0.043666721506016234	1.6002905193458425
0.04491685378795665	1.473445522338293
0.04285815787791581	1.5717682173672882
0.04326815432363319	1.4134957875262526
0.04379344414085701	1.3979657182349865
0.04557029995913328	1.652120967335524
0.04334969333801087	1.3567386701602928
0.04445413939286161	1.568287759655792
0.04540838057695088	1.6490577242982027
0.043676842870229556	1.2931739879700985
0.0430363890719558	1.4644072894773825
0.04520778006254163	1.4982950045176198
0.043479932523897626	1.4920204705934377
0.043357229441688794	1.5529786849556446
0.04501703698656669	1.3783577634165152
0.045161939854622545	1.634306354404658
0.0441701749491691	1.3627443484499784
0.04447475727576334	1.565174454593906
0.044983319408535526	1.6382217256687317
0.04674450786086084	1.631741692180558
0.04506397422779182	1.5410338847486622
0.044910956871732195	1.618821584856775
0.043819545640454594	1.4299441799237247
0.0439025994804983	1.4573392887845456
0.04302544160620881	1.5280053826099171
0.04324223768388324	1.4600049793580454
0.04481304914615922	1.3734332849625939
0.04300003843180333	1.2981191710145763
0.043634008561316294	1.4703612504675503
0.04605807786455288	1.1046636610092837
0.04375639688181129	1.5389563850450108
0.04348407455480822	1.5526814702776628
0.04416793489518542	1.6256300238160397
0.0440944342284669	1.290052748309579
0.04302747857916707	1.6393620750370514
0.04655335181274598	1.6481516091334765
0.043657181517870215	1.3547509596126306
0.04335992362000427	1.6028454735222566
0.046634020421099466	1.6444538683064
0.043542729080285864	1.6110608106613897
0.0456123072988485	1.28320237367746
0.0437702201775489	1.4820648992919063
0.04537627255395654	1.6266500949556095
0.047053575043610685	1.6359324205640138
0.04662901217158775	1.4515825325009861
0.044900052539831405	1.5896887811981864
0.04596998339561887	1.6055133975630742
0.044698058485158926	1.4465867448583205
0.04348925114206869	1.5265693797452033
0.04526393889690023	1.6406269570066683
0.04512579146279527	1.6383232449383538
0.044931583851620355	1.1603672613773581
0.04628814469630957	1.5290411407146145
0.044870614959550296	1.480483688196352
0.04460929271784195	1.6036200510675438
0.044733514398662584	1.631977668672336
0.043720442270347944	1.5359484535471766
0.043194520322524375	1.4904603079737508
0.046643161140564764	1.6324045165674708
0.043039490277519826	1.4219758686977173
0.04342985435097498	1.4243118857726667
0.043903407690144274	1.6421395826283187
0.04388834469625111	1.3607578992250025
0.044107494217692826	1.522646182405203
0.0443560825156169	1.6151469219369998
0.04498450687939448	1.6246346144470776
0.0446475563002734	1.6208099912795237
0.04359379152141992	1.5640081487923474
0.04540721623821622	1.5599572964523887
0.04371187191825288	1.579897977548633
0.04502971032008644	1.5666571874209163
0.044037248298882385	1.5900505740055486
0.045320300036392834	1.5375716583687877
0.043606839139922825	1.514713595380002
0.04298913828180538	1.4999479347015343
0.044412158736994785	1.6550201175943968
0.04388460054451793	1.6254331324073572
0.04404932509685867	1.639467675452507
0.044134645348852426	1.6346920490130679
0.04555589702069441	1.631839049851164
0.04587638686717954	1.6364970069323967
0.044367578007377034	1.5289190107676645
0.046302524724600704	1.6366325235555113
0.04283570561313965	1.6305826405491795
0.044166234409939505	1.3410968965485845
0.04348928894865801	1.5970055195606556
0.04446066839075675	1.507623621434742
0.04514966428926207	1.652484915106771
0.04318437920331581	1.5218124071343446
0.04550738180362226	1.6141487067312652
0.044800726667681395	1.495679293443502
0.04388873425648243	1.4038946751033112
0.04351960052591096	1.606578379500026
0.043421333212062284	1.4748569854504232
0.04478508342549885	1.6485133843822972
0.04500840112109368	1.3813339597532264
0.04423187887633703	1.3121580289662318
0.044938407269694815	1.5760360826317528
0.043168241843348894	1.4783095927788135
0.043805315862446424	1.6042905527662186
0.045033550000697836	1.6316837623809934
0.04475245869609238	1.620520437706287
0.04418822797287607	1.4530458435260174
0.04505829655270775	1.652832964642766
0.04496764378588842	1.5965678560777623
0.04596863473974607	1.1886767186911904
0.045229773047689346	1.612473462440045
0.045274042138951004	1.5730702990335603
0.04333755100295075	1.5910087273925635
0.04405098943895301	1.5961542215651017
0.04316758131494161	1.3980476307496845
0.04399851204248143	1.2515656508930166
0.04598399559347436	1.3851514501121405
0.04302793604461556	1.5262251215024192
0.04745550645506042	1.4908066779790243
0.043263823745783636	1.5541580115741076
0.04482606665446261	1.5920007743734905
0.04447252282619459	1.5815651658473862
0.044764421806883135	1.481117531933855
0.043855792588128724	1.5648403835838502
0.044989070856665196	1.5654886240300716
0.04668383298878204	1.6489311586757402
0.04613005010102184	1.6176252177893993
0.04538675987497473	1.4343326621977959
0.04570671562211412	1.6225827653169294
0.045841966929170724	1.642749296252458
0.045293130895534425	1.6337945000759386
0.0439871401277534	1.3562332103584394
0.04312143162154283	1.4237035998348953
0.0437399380049169	1.5503953961107417
0.04376415331696583	1.362566912306355
0.043798101656879515	1.54751888224497
0.04302787485411341	1.6072287437194224
0.04455515026073624	1.2319040236986405
0.04381263275476707	1.5920582331824367
0.04602655304572552	1.633362474365117
0.04455702362108904	1.5899047195532918
0.04517461869077811	1.5912698840195918
0.04330269100766144	1.443351423655841
0.04386081146194708	1.5306859959829977
0.04325865074096757	1.2994357501886362
0.045969940826737506	1.6022809040301693
0.044636241710906	1.6132461835439087
0.044465891459920505	1.278190906275932
0.045684123234157305	1.1361279951564844
0.04407085868199746	1.5781668892480316
0.04335123995453422	1.5039870101216235
0.044331176782497955	1.5521060815099426
0.044555551556142534	1.421656668923934
0.04378981258509208	1.2641103662626314
0.045633275197850445	1.628392351331103
0.04587085102604811	1.5202911235119063
0.04414367673129257	1.6401624630652587
0.04464362550251598	1.6355566103377255
0.045061697339871955	1.6484217282964626
0.04567991759846562	1.2999840425483769
0.04477419434327626	1.5987932865170817
0.04411087747162794	1.2738546476263044
0.04399669978075117	1.5259048862352524
0.045522666917192395	1.5941358632630844
0.04443567271854707	1.4867959253056693
0.043051795383798164	1.5530710620430306
0.04385994140005136	1.5160268760269178
0.044052664814615054	1.6210699091113654
0.044991270743667204	1.620719078862816
0.04316494242694501	1.5833002753304406
0.04478763189886589	1.6190962362907664
0.043520595426212526	1.5922873188845719
0.04594255093638809	1.6243414206920281
0.046100442402352365	1.5632805538938253
0.043053195766751935	1.386112218446049
0.04458165133231255	1.1917490361225223
0.0439903598764137	1.628642520857329
0.04523488322945067	1.4684898120843373
0.04289011278632847	1.4906131170619492
0.04487814119105186	1.5090610423662172
0.043519556070750885	1.5421859255496266
0.0438119174769981	1.568604360270781
0.0460608150555925	1.6358913368608785
0.04351201073417809	1.46373900155359
0.04456011232588601	1.6499416398131657
0.045648250193364014	1.6405259501770957
0.0439198556124127	1.406666421950536
0.046526765187036905	1.6278284684349973
0.04587127594325962	1.5982405412614158
0.04406038066000627	1.4359592897439852
0.045863057255791456	1.650691383491484
0.043368207028068345	1.6231678815908825
0.04299046484718864	1.47452954431324
0.044473161672977664	1.5471659967989466
0.04497304489048407	1.4827345744341929
0.042874913833802444	1.519217559474444
0.04351885331092255	1.4907358589715387
0.04471059594617132	1.3781269502108435
0.04396607184056323	1.5677871537245676
0.044467291259354794	1.5474088644032589
0.045509641082863476	1.201335799802552
0.042889111616066254	1.5836831174614867
0.04566254614086117	1.5097727430958718
0.04403797526956559	1.3381517533648188
0.04511924176408075	1.3837999460981243
0.04675776652107088	1.64204937569727
0.0430724440740389	1.5058956827559657
0.04538179830580554	1.6290815870380253
0.04299873178256822	1.5486387068677638
0.04489864544391837	1.5173288571452517
0.04522637357682393	1.4523510226852796
0.04500644833268336	1.188975752497977
0.04396334359956624	1.605690395721758
0.04328792831109735	1.561075263146294
0.0442060423890809	1.509619933381575
0.04538007324025957	1.577337504964891
0.0432185960683661	1.5891329116795885
0.04347515239649446	1.325586253872461
0.043055485621316614	1.4526301252538576
0.04437164726025552	1.6454907010486726
0.04356055803101567	1.5048575002465419
0.04502504009335958	1.6475927821151464
0.04605111549489858	1.6150543010465537
0.043366912885373976	1.5152089976186038
0.04407895317111343	1.577265096024095
0.04420366312427644	1.6344634488534937
0.04465328485303514	1.6339847085679609
0.043528148395786476	1.5484405866577222
0.04295923037493407	1.539262934656178
0.045597213366852414	1.4624052802735812
0.045700799141421514	1.6228846921296534
0.044150996299451635	1.594727297428335
0.043227117994046174	1.4238676581257372
0.04500820273930961	1.6487580146032366
0.04459817289236781	1.5418387768135007
0.04302472485931649	1.5296455119633792
0.044623406208544894	1.5494216919809365
0.043567683478025886	1.5342504104338812
0.04391008951763457	1.5917139337410307
0.044686637161951946	1.634769720182891
0.04362243802507179	1.5575512161453893
0.04401623265298933	1.5122024074438771
0.04400641183000323	1.6180255644065062
0.043370585943542386	1.5161681026192608
0.043131459537473424	1.4548349410953028
0.04496677680910179	1.1382856960771675
0.045922153481777694	1.4771656357349165
0.04515640026337238	1.4475256228678663
0.04412199224861995	1.3124281964064697
0.043664594481529574	1.4816178663593362
0.04409313466280545	1.6078012657324465
0.04293841533116872	1.6484260608374215
0.043546440240073425	1.35217712698187
0.0452104130810215	1.465039244974546
0.045227266262214204	1.6292553505621559
0.04326876287266745	1.5967038747081195
0.04399092208712589	1.633382726556288
0.046558545454831304	1.601150033466587
0.044917485901924355	1.5946126878353497
0.04575844239497947	1.6218241912378242
0.043129204302626685	1.5527579505476403
0.043804518454972574	1.2587764909524943
0.04309381978996449	1.5302276044667036
0.04712912532648217	1.4117960335361144
0.04552790963781733	1.635139207800452
0.04380562444267106	1.6208109984991705
0.04362743216691901	1.6261833219627226
0.043464714979001964	1.3599104857919873
0.04412826928746748	1.58304950172937
0.04353183024271284	1.5156296257335624
0.04693064743150153	1.6444864074435965
0.045760004492492075	1.610058533248448
0.04449486810487132	1.6287226355181614
0.044582102526378786	1.463204163200535
0.04598567397353534	1.4107199290196057
0.045021554181949815	1.6259089329359948
0.044683350222681044	1.277390919630876
0.04414181231856375	1.6273490635646395
0.046076516047769904	1.6450453682485833
0.04584087862177502	1.6270215287192797
0.04385753886538668	1.57830832410478
0.046472024284448694	1.434062428135496
0.04339693017974791	1.2998732110828777
0.04328317305834989	1.6026271972653825
0.04453018600639098	1.6513138136371563
0.045682158171636754	1.6449965854889053
0.04327540080250201	1.564732154132395
0.04522630312632601	1.489037736518662
0.0434605299586168	1.551213454078575
0.04470006867525281	1.6288169391526703
0.043385145631058955	1.4601464727988152
0.044480828717928814	1.5275591411753686
0.04286793335729217	1.4806014225632045
0.046131797944105164	1.6385792132573924
0.04642390404087761	1.5984126242559675
0.04493748522063011	1.517341178091858
0.046642994560742584	1.6233927305637819
0.045040335815776884	1.6429329989400017
0.04414719375750478	1.2385820942592078
0.042852120842179424	1.459555620188105
0.04311582207889269	1.5678126386849318
0.04512401355599856	1.2009396436697113
0.046100143461959016	1.6429349392280845
0.04531089014705171	1.6245334938168814
0.044625558422142844	1.5248621278207766
0.04551741004324821	1.5631257506375058
0.044319717120579395	1.3130098237552312
0.04322795990053481	1.3949879667981975
0.04354926053526975	1.5818146126131212
0.044227391859071034	1.5914423767793622
0.044245795348797114	1.6025701286921996
0.04417287178798087	1.3693351704424113
0.04575593083983653	1.588235624147342
0.04621515182474306	1.422315296089839
0.04297836673809335	1.5748290471647117
0.04539808882160919	1.6193783732732938
0.043326345839134445	1.4734386098262178
0.04449105510124851	1.6308182376614564
0.045577737300130206	1.6506935344141884
0.044404021093296414	1.5904228835885905
0.04414332604215429	1.5558346748312055
0.043374690210103005	1.5994325687317805
0.045009649379651934	1.620606620991353
0.04515672470231391	1.6426261791023125
0.043762065781996436	1.5209705687914759
0.04520636414699795	1.4711773744058831
0.04417844430640932	1.5038244692290355
0.04384421115546891	1.3844180634933176
0.044137183873225926	1.4836275938822776
0.04347324562703032	1.5817310407057765
0.04331431422548423	1.5445887460681322
0.04491619090033804	1.581740771837007
0.04543718908150929	1.630434055873621
0.04456129368191613	1.624105107681692
0.04401876717059228	1.2864339664087856
0.045715924098335234	1.5306903840411357
0.043590969851628074	1.344450767077022
0.04395065207713236	1.3530471278906886
0.044573493209374586	1.539953247325614
0.04411589198225501	1.2361690332384017
0.045619110748838745	1.5095230877556047
0.04368000566202901	1.5942415184455134
0.04470320726804991	1.5558829597607107
0.044698036194758	1.2417903165476853
0.044062776637342385	1.6257162717129494
0.044782221697138434	1.57725035576085
0.043628153624406835	1.601132886029849
0.04459127501362267	1.4052016291559086
0.045076770485091254	1.4758795107387686
0.04303630556668071	1.3413241131226679
0.045109857520815526	1.651494445074158
0.04310025973589736	1.4287261840009795
0.04322744996980959	1.5122304098275026
0.04540926400350831	1.4372816193739035
0.043876630459660254	1.5343152928878532
0.04453511809993031	1.5200532684639743
0.04561241106386723	1.282550098935956
0.0441995127025353	1.3822909424745837
0.0429779720723121	1.3591014434602717
