0.8739888692371007	0.20471302480197917
0.8840337739789991	0.1777864867299588
0.8967199179504638	0.17444595954844883
0.9047379379405396	0.15794074755265436
0.9007207218917008	0.17055612564578937
0.9167173407511424	0.13319620546516914
0.8947723985120953	0.16374975844130263
0.9318307561049872	0.1157377031105366
0.9311531503068396	0.11199660228600902
0.9010763658590253	0.14420214820504615
0.8936339951542213	0.17779178103409904
0.9703626714633351	0.043261800867408357
0.9125633242904418	0.15040742868540774
0.8895733157112173	0.18430230147048982
0.8889171962930478	0.18713712960348106
0.9113277907114731	0.12649960154321502
0.8969436528436691	0.17117745554770014
0.9292681826037238	0.1102495476861616
0.9282907186968136	0.0865459612749884
0.8771051273556625	0.19199717946796646
0.8959310782805917	0.15073749854544916
0.9132107159385356	0.13453668383717324
0.8869237268018821	0.1630843344180528
0.9358421345578982	0.10965010339628872
0.941836980838257	0.09789051205975191
0.93298191323364	0.11581281204156085
0.8763096930211157	0.18872247442894818
0.8871591409543597	0.1793836862894116
0.9242589277511827	0.12993033843008556
0.8781128334140919	0.19213464300822863
0.9342838802557683	0.11264224708257942
0.882497679493825	0.17732138323268332
0.9486812994688827	0.058304113294163004
0.9054299630117012	0.14223052428542782
0.9255201055945127	0.10150260944113232
0.9358521647823912	0.10974454796587557
0.9198683520643502	0.09768585380190692
0.8864641313488608	0.18819872089119982
0.9384015139252776	0.10411916068563476
0.8794347063196405	0.16995295766046536
0.9594500641966427	0.06862458401853938
0.9185905548773128	0.1241150480311975
0.9341765353932573	0.11120205282829393
0.8947992190252401	0.1730115304832353
0.9636358242613052	0.05333462705433511
0.891626275059997	0.1726038975912309
0.8913955730282643	0.17332520902282017
0.9386005688213098	0.07429833599440341
0.8896677267917639	0.15131535919869613
0.8763936984003202	0.18942071894622237
0.9306929772735677	0.11878665847623676
0.9027782893561019	0.16314701606051862
0.9129495689299806	0.13651315155022106
0.8829334005281072	0.19187341475732417
0.8996853384838731	0.15753672602941526
0.9022873044615928	0.16009678075360684
0.9297291022593653	0.12152832581684875
0.9087963783612107	0.11911020815069678
0.960858310701811	0.06774581535409796
0.9821666213445133	0.030540728165509956
0.8803364134495933	0.1860684333995048
0.9130299390514907	0.14745561853260525
0.9243867778202776	0.11447010932080881
0.9306097619086683	0.1074550078558873
0.8783368306954479	0.18306681080958087
0.9250202831386266	0.12652301247687608
0.878626649764887	0.1988251625037834
0.8772075971008816	0.17059617938190907
0.8856297135498628	0.1730804548628398
0.9312009458268389	0.11529548142719181
0.8877080346639366	0.1726662038278026
0.9005008166812067	0.15135379761618623
0.9068843543777064	0.14711005558585633
0.8866820997304874	0.1768792432097386
0.902855884957353	0.13503029034302635
0.9070494637639046	0.12195723989673382
0.946891810270814	0.08870992464088273
0.9228367262794669	0.1333338806015319
0.9038690228275477	0.1629531550759386
0.924730536639969	0.12131654491866922
0.9224885665347424	0.1327654383839375
0.9190041160889392	0.12493820906831624
0.8899045804218899	0.15145075744620842
0.8895993850492706	0.1847664733864835
0.9200425923161668	0.12940165102804824
0.9100263150111243	0.15346318436227313
0.9210203608536139	0.13327037812666725
0.8916201042444718	0.1505113745821145
0.986986875487635	0.018724746909997595
0.8851760526863415	0.1824276222257093
0.9001892185624504	0.16771056653023664
0.9010727743563928	0.16965817255329158
0.9109537878369212	0.15295391197813812
0.9079694238359836	0.11802894974354183
0.8768570999730548	0.2075221898816515
0.8971452679255838	0.17338861425523183
0.9041759257133924	0.15318079979265992
0.9203525629632445	0.11481959736540698
0.8816888248305741	0.186231731762664
0.9343721928045724	0.11139679042908052
0.9297774913339484	0.1114576722218922
0.8839357204896116	0.18201955935866224
0.8791323815867166	0.1974358481089984
0.9131061566677212	0.14309597692163967
0.919684890142222	0.1382434622961724
0.9002461977627214	0.13885511982852528
0.8733920939080144	0.19747979473985638
0.9591112895533195	0.07018512226909629
0.9129677139386074	0.1469064303980453
0.8994403356659084	0.16772178457929204
0.8789678469561044	0.18424696883149388
0.8741717186344964	0.18855752609068677
0.9605949034538901	0.06667167027788379
0.9086284408866901	0.15073572668552593
0.8927083595955656	0.18309796840151665
0.9639083166413153	0.06094430447436244
0.9278355497159526	0.12329722092954881
0.8837307308681158	0.172217888466474
0.8868888345694429	0.18424367735436026
0.9138143946171077	0.13618717593633994
0.8948841449361503	0.17501722238436007
0.9017402715061281	0.16785208017152392
0.9377910907587073	0.07675809029040967
0.8860427925440337	0.17444616095242538
0.9213765296742539	0.13350313079595277
0.9035885380084837	0.13370218529975914
0.9142950020330652	0.1429192401067496
0.8756028348620498	0.19803822253589642
0.8901931788781571	0.1755663199837424
0.9164289296447901	0.14073239129158388
0.9245050936007017	0.12763254245190442
0.874738260862275	0.194910354868763
0.8805089636252121	0.19601070414987093
0.891776308239714	0.14840063032084205
0.9095156913831335	0.1423952964673154
0.9137656682912678	0.13692324490624289
0.8761366050364697	0.19629558073080328
0.9039450719472097	0.14852897689410516
0.9051971238220364	0.15998529225414315
0.8866077558072493	0.18418607058840503
0.8882047200064386	0.16733257568496593
0.8758095587569028	0.19207605900669664
0.9161313507784966	0.13975619911641263
0.9346318237705643	0.11230215765327423
0.8711012525341406	0.20115198386586844
0.9233506293542441	0.11991016690833575
0.8910789265950468	0.17856504713417487
0.9022200410787198	0.1554325931388691
0.9614800539420599	0.06661003768975715
0.9140097733591483	0.14652795377498912
0.8977718883901101	0.1722145883781151
0.9150104937048872	0.13866409034236932
0.9195190927151691	0.13899534986361373
0.9432761181184267	0.09095588079708467
0.8865175460203172	0.1610963922158216
0.8788838081758839	0.19546217022996554
0.9203628340372233	0.13607399901854667
0.9342585539217404	0.10423251806350242
0.8951593350967308	0.1519217975735775
0.9116422097256698	0.14284330503034554
0.8979815355855103	0.15489863060121875
0.9146175851891035	0.13746700483532542
0.8805738882495417	0.19931109603537467
0.9045693511995302	0.1427727194443595
0.9401359996110327	0.09048348923877324
0.8854594085420323	0.19061411485076307
0.8909301937639833	0.16065524141013704
0.8826864244304993	0.18650003576955615
0.930411236414602	0.11909326492676114
0.9063337188316387	0.15552690576618022
0.8973151576895885	0.16326872875690063
0.9127945203865345	0.1473297871023616
0.880067714537623	0.19321852384181765
0.9077099285973016	0.12949101305557742
0.9011355388213752	0.1651450858489873
0.8764871463200418	0.19959236458225393
0.9060504168938616	0.14962330665464071
0.8938989932422274	0.16223069786291025
0.9320880087728309	0.11450484934445254
0.9071847349179065	0.14403137149375256
0.8963880057514498	0.1520166836977228
0.9237182280302254	0.10412290520674758
0.8797027985081163	0.2041218799581423
0.8861260851522064	0.1550730539667522
0.8777286047989742	0.20178796847832203
0.9029588406960538	0.12415065470817972
0.9325816676449814	0.10385393155246195
0.9359117019102652	0.10354394473665007
0.9073987888491628	0.1581867329439708
0.912377501682266	0.15094629087377504
0.8865329349722876	0.17913571056549363
0.8977675817482356	0.16553877449628146
0.8852949271572332	0.1884219374968094
0.902930998677949	0.1356514366312271
0.8903835167329526	0.1851248120815005
0.8863157765279254	0.18085764140778307
0.8818085099734335	0.19041732507261772
0.9422549044326048	0.09936451647448585
0.8777799307514935	0.1797267768552062
0.928380003393724	0.11845467720056474
0.9213986822435863	0.12356213459187057
0.9337452397470754	0.11454396847392878
0.8871265511088349	0.17616809182539567
0.9034755404304442	0.15308809551170455
0.8857824602718722	0.17960923127695028
0.9117573260861532	0.11310932471506183
0.9326191267260844	0.11498349767279675
0.9341677125308093	0.11217778499318848
0.8844142612916827	0.16626337720649267
0.9243070825402218	0.12064162230797026
0.8748589146778221	0.20536433146595906
0.8933414106456351	0.1789024387383274
0.9236064322565871	0.13087923408812363
0.900161528060412	0.15938405579032217
0.9225200225073077	0.09834889522394517
0.8787927330090668	0.20685651508865638
0.8864657098641463	0.16484153582290698
0.8814320500417884	0.19694195859057323
0.9193563116019811	0.12715529131552208
0.8806993822600017	0.17652232615057306
0.9239385557178867	0.13155906118226607
0.9171967303197551	0.12291693941198814
0.8996880464853738	0.13959857413187324
0.9441312773300536	0.09585972193726666
0.8894752688606318	0.18415655561946515
0.8872157288145323	0.18638079067452112
0.9101648954566239	0.1307773415739681
0.8966864595207042	0.1377015431255983
0.9305335571171954	0.08146933871793988
0.9351073136941469	0.1039172267186663
0.8823680645640541	0.18327693270484352
0.9583565749910901	0.07154139812659299
0.9079874326010188	0.14795814145890152
0.8990970656933003	0.170205916692872
0.9430834763250542	0.0964254723618358
0.9426292108757877	0.09696021871905197
0.8810027188398041	0.19017587519022394
0.8924129282374914	0.17701294267022477
0.9220361253284448	0.12454541433485794
0.8849125045091517	0.1861001513226304
0.8933062397557388	0.1741602293001629
0.9440083996136682	0.08848075971758612
0.9034836733822358	0.1622971493043988
0.9211149457737767	0.1294838505036487
0.8728339771639209	0.20463848829367592
0.9197576091681648	0.10224787084588186
0.9414861267639022	0.09157129721030788
0.9186475838911575	0.12844868467756387
0.8864923546939506	0.18217767388471612
0.9032430780970899	0.15833824687448794
0.8834534784650565	0.18984956156089822
0.913144182939428	0.12729562579497228
0.9042050682631287	0.16430932181043284
0.960548222433817	0.06795792661924943
0.8747902611972427	0.18785959760893245
0.930186799150362	0.12033334823820685
0.9171015877594052	0.1431692104100965
0.932599045992904	0.11589753213712045
0.8986797941593566	0.16303066115629436
0.8863402141508622	0.16779798524334497
0.891114212197993	0.18181919817682518
0.9241918988019154	0.10727774128430204
0.9147499370621185	0.1288712632104195
0.8761037806667997	0.18399801260923224
0.9424855640887569	0.08485293621317301
0.8840337855922856	0.17405270986475282
0.9099245289328848	0.15366668503378178
0.8983160342014698	0.16135661072097973
0.8989836955831918	0.16784135290207208
0.950182707038883	0.07185287117970768
0.9187132335868761	0.13833049227410238
0.9167713926905076	0.14074164190612987
0.9760892998389357	0.035041782709059936
0.907771241510764	0.11939437795856503
0.9411919268409945	0.0996030557193685
0.9343792747000895	0.09382586037714621
0.8877356841872097	0.17941174335534316
0.903614945009015	0.12300013703343277
0.904532741302578	0.12699210909243092
0.9079371577442618	0.15294660747571143
0.8749987886202589	0.188677808833837
0.8970865339306617	0.13870672852174476
0.9154695313035741	0.12136219993764699
0.9463557801843082	0.08147251242136905
0.8876979518489225	0.15605291960934448
0.9554204856277484	0.06667020205187732
0.9421728083190032	0.10013440671994067
0.8955082342878276	0.1690315298074141
0.8999954171509699	0.16457195494087962
0.90204737621153	0.16494192154927684
0.9556546177179632	0.0758997607193968
0.9000763732700506	0.16386047824923844
0.9007051019126705	0.15102427880756442
0.9011324538709184	0.15081445308859856
0.9556179547155281	0.07276811575622694
0.954256035880911	0.07846806357925518
0.9019276571488626	0.1692011828044352
0.8958558153779993	0.16968206166584
0.931944455422134	0.11659020358193445
0.919263244964876	0.1221337876097205
0.9308546408003153	0.10998876695203694
0.8992237871232038	0.16000062798926223
0.9010734377713104	0.16689872584567106
0.8802416635602828	0.1744350352602791
0.9067892082576129	0.15987464213369357
0.8798497565487634	0.17797679886949486
0.8952157346919046	0.17955299240727646
0.8911750017831969	0.18819364078170425
0.9066597061367303	0.15658207012159603
0.9334780664894653	0.10812670731602908
0.9376519357633977	0.07506509193843376
0.885897034321342	0.16769856811727568
0.9435869815080233	0.08547934627207689
0.906331904938489	0.13494332571493917
0.9172076489543298	0.13814550900834066
0.9181479615026102	0.13916667836637509
0.9666493418358145	0.056646914588107444
0.9156962032431539	0.14263464290017386
0.9334084028482381	0.1151851215121027
0.8937882168153249	0.14576398788700767
0.9285028388006844	0.12045823916889381
0.883869082435071	0.1797521751675007
0.9106204946824568	0.15123444766426347
0.913886666606684	0.14631123426498555
0.8752950756308246	0.19464174660391914
0.8942371659418595	0.17393740181321443
0.8998120138605429	0.1679392918605263
0.8818487375553475	0.19548453486519657
0.929586060382035	0.10826903046735314
0.9324439018160604	0.11441100709843538
0.879297367628947	0.1771397329924744
0.917839235410327	0.14117618603847698
0.9266633712745797	0.12471138820279964
0.9199593971476893	0.12969980800857833
0.9028928433305305	0.16609914960866634
0.9043057588671638	0.16427601537186276
0.9523725692831814	0.07846741209425728
0.8743729678233647	0.19480434679921327
0.9157451997917742	0.12767378255271303
0.9100362368692086	0.13925416855482095
0.8797405223959383	0.19540406865620996
0.8992263103109565	0.17188375246140164
0.9031178144112536	0.1535262757909462
0.876337128265977	0.1911937322174866
0.8978644795035937	0.13950590585819203
0.8931641391631192	0.147571797904361
0.9164714268803902	0.14421194848319202
0.9129289797754857	0.14453983530390885
0.939795668211919	0.1015228478226346
0.9224015052263632	0.11995808981706815
0.9635049994873147	0.06282029061915057
0.886544395987812	0.19226850721601713
0.9112635292451723	0.11655551898113489
0.882553882185004	0.18790506933703327
0.886208708988745	0.17281213689097252
0.8836482239247462	0.1724581616012434
0.9342904831169021	0.09942458489767739
0.9012933655012623	0.16829744378421807
0.9184511680453018	0.14015079414793363
0.8924856950156861	0.16740984139769882
0.8779001687839486	0.17933892203818852
0.9135951145938762	0.10820811085594477
0.8851412064894408	0.17055808138737147
0.9131706836764732	0.1452531408126479
0.8883519090205287	0.15784147879250054
0.9035995529457534	0.13123303209725817
0.8902594240321268	0.18412204454088948
0.9279357894678477	0.12379634607290113
0.8977564268320226	0.1403216531065226
0.9163458585876435	0.1400012643598108
0.9022893953423509	0.16420210194830864
0.9703762113397303	0.05093523829081814
0.8856486813716937	0.19314493970714425
0.8723063475816386	0.1979053181532392
0.8940443495560411	0.15621107225526798
0.9403295682481869	0.0771718183578941
0.8783960046119633	0.19339050912005118
0.888522807140754	0.1476511641946393
0.8894227606452839	0.18130316399521362
0.8827387618254672	0.1764677000509809
0.8989404054082332	0.1716967708312147
0.9256240987573511	0.10392800263416048
0.9394805253463218	0.09163549117093625
0.8988307918503274	0.17034303031289233
0.8924803913064715	0.17503751425027184
0.8910331454062722	0.15877670235734614
0.909722964828826	0.14766213183044846
0.8939149153885647	0.17784323218316223
0.9609229640554102	0.05832367127917984
0.9072161798118149	0.1595222796251501
0.9009514172384725	0.16269104444285748
0.9208101585611849	0.11769677837957371
0.887964254013618	0.16930747094452675
0.9000851826651054	0.15137785565487855
0.9441982012817186	0.0954683678901111
0.9240772479540101	0.12242789282755609
0.8770009002782068	0.20114245002701753
0.9126792466023227	0.14084431273878917
0.9742089801632937	0.04363662223136716
0.9061037263994436	0.1519284681651204
0.9314385019399206	0.11308150369988457
0.8816445724828046	0.18981773278444375
0.9099059116445912	0.15364530943829252
0.9360729482248503	0.11051691825815912
0.8950089869939056	0.15325933198052724
0.903879832664172	0.13833703976738365
0.9036323443295365	0.16355575421282392
0.9162271750314434	0.14301899061575518
0.8823173913563315	0.19461100878019472
0.9348315634050479	0.10540712709978939
0.8765649173219744	0.1963556835315296
0.8899270674081922	0.18086129788688826
0.9172653119556129	0.13411564063031245
0.9312463921657075	0.10261596818312568
0.9482997531128157	0.0860393196860979
0.9206130662000607	0.13311092837691313
0.8927232697312455	0.1780890514260166
0.8896209790266153	0.17354073644697476
0.9204250162758357	0.09430419200215634
0.9316769260701103	0.11587917457736752
0.908444823332623	0.15720179233725878
0.8850815939031548	0.17937647665936218
0.9094782963332965	0.1513432444304002
0.877718452504499	0.19670189375736763
0.886789655685399	0.16687437787739343
0.8835334275481996	0.1901208957354532
0.9094069423481675	0.13829756981793
0.8997547212729843	0.16611323418556234
0.9617567129911538	0.06340881494452055
0.9223242958071766	0.1332722568816802
0.8960406335700033	0.17633962053286023
0.8990314565021854	0.1643369885050864
0.9453658633805754	0.09402528024150131
0.8869033464496552	0.16567034587557222
0.9054905104091434	0.12330214441350273
0.8894273656815596	0.1633900506973426
0.9165522958547826	0.14310019382282657
0.9384828223371451	0.10484294402033317
0.9177231749760622	0.13640809435831902
0.902087243650397	0.15735604910345719
0.9038351274745178	0.12471066616237923
0.9234393727500237	0.12427144902034257
0.8869201811471585	0.18097875607332076
0.9212497405852458	0.1330043294101529
0.8933695224382746	0.17914653020956
0.9086004860638079	0.1426860451259836
0.9211132885895268	0.12523151253211226
0.8812915164406923	0.17703993763504466
0.9370213288842142	0.1081594642260102
0.9079198154531943	0.1134297005345346
0.8840550878722956	0.1856698127580912
0.9396737358800853	0.10362292801516926
0.895369645266821	0.1486663548138121
0.9293621983436182	0.0984208974716228
0.9448044435590127	0.09185825099314743
0.9329394006639439	0.10226503278529134
0.8792978397037485	0.19906347049221967
0.8880584345965519	0.18986480661261296
0.9128505242125753	0.13717735122854163
0.8768803574719711	0.16595019067004443
0.8775414049798547	0.18413589994033613
0.9543762766267553	0.06993447707311512
0.9223089914783801	0.12562497803079986
0.899812976688142	0.16105471137861305
0.8950917634348011	0.1780887397554426
0.9045841900535766	0.16157209686260604
0.9400028079302886	0.10253417875326198
0.9025049537485373	0.15256462937011495
0.9216040449017708	0.11341891281735167
0.93874938923589	0.10259695436331429
0.8999063135153776	0.16645841967612834
0.9022116571930603	0.15676662949318393
0.964103611625184	0.06148536324849102
0.9045047401280295	0.1525120901632473
0.8807513220439055	0.1952209063894491
0.9171217761175171	0.10605672217011172
0.9630950402865662	0.040411941557006295
0.8887683892923794	0.18260897961491296
0.9207259280732795	0.13721231364195563
0.9337230330964801	0.07940307161525133
0.9037920421654377	0.1315487109122189
0.9344441540680434	0.09346533635619719
0.9106547463229897	0.11114033624325301
0.921526432773212	0.1312002905606321
0.9383474257734068	0.10493020272709641
0.8857668369425001	0.16876726809108525
0.9518932443304651	0.08154928104749998
0.8781259770707648	0.1898763256745094
0.889157546920486	0.18299906511702374
0.9439430542954097	0.06652061399772766
0.9222893665328485	0.13143537854788861
0.9314081118156116	0.11572926551026314
0.9223615708979221	0.13361383874263844
0.8921812646284148	0.16549251039204876
0.9028795400354868	0.15401341792380907
0.8796185537796098	0.16486177977628252
0.8980058699520889	0.16813391873968686
0.9118974150955513	0.14691830927089017
0.9281152685455591	0.11559079123040938
0.9003296710176563	0.14913661089484187
0.92639755846385	0.10495697129543256
0.8884113405607469	0.18422184007390802
0.8832922343801866	0.18656633944568457
0.9038165270980606	0.16448904331332964
0.8756287610775101	0.19698814586171148
0.9095355513952438	0.14142129978432227
0.9326561272731925	0.1128446386100107
0.9383868470188383	0.10586566993030877
0.9250079617490253	0.11928149462526225
0.895608502650605	0.16907948535328166
0.900028452921881	0.1650684727770192
0.9289465253603265	0.09416112336759304
0.9149249061709515	0.10601625123665308
0.9009143625150571	0.13719851576111597
0.8931031092524657	0.15660148573308763
0.9053353858376891	0.16073753221421522
0.8858982308469989	0.18695008295380616
0.9369634953509913	0.10914604188138988
0.9020038079947824	0.16457189752968238
0.9026851647334951	0.1579981366838416
0.8932891052115791	0.17903553656477356
0.937649812155286	0.09796720227682776
0.886358417471187	0.18926626221326376
0.9155894165721579	0.11331582929123818
0.9217924203297352	0.13106385319848207
0.9399597485870688	0.10066911502308046
0.9289302012222748	0.09988188275954213
0.9412513741074524	0.09061535849239691
0.9407739418281338	0.0958600505157714
0.9455306819744878	0.08164198345769064
0.928539920341575	0.12136855677943037
0.9036074794264528	0.1646536267490647
0.9027603641630219	0.15902748003005585
0.8868872681986905	0.1850140219598697
0.9276555925957893	0.11502233983341434
0.884963190574348	0.19286689981502636
0.9101494497111163	0.14822768273553916
0.9043770464620161	0.1416972882822368
0.8957543847261296	0.1689376561478802
0.9223804304323847	0.09550282009482061
0.9057411815436307	0.15406837689551284
0.9241601933269383	0.12907641005159287
0.9695529331353916	0.05235797527008201
0.9247764137060691	0.11610838441020802
0.9297813671428653	0.0978734858749321
0.940383792030016	0.07285717644755398
0.9528615714313288	0.07029846903232766
0.8888394363517123	0.1867406571839414
0.9561056770752187	0.06557072644088352
0.9534809710117912	0.07199978849809524
0.889172028530053	0.17824818095089578
0.9463644346868803	0.0877520526314789
0.9221862991634998	0.13452389098837947
0.9163931787586326	0.14286715735360145
0.9087832648636511	0.1370843624657406
0.8941611175426172	0.17610238904989522
0.8835431335278708	0.17798638003207945
0.8966594495300403	0.17086240163116112
0.9360937010878635	0.10060028994022147
0.9145891076360694	0.13808564275009347
0.9339305617450538	0.1113472748286714
0.8890301847505878	0.17662596447340448
0.9098092436056822	0.14110830018809453
0.9335951204414656	0.11498797008417527
0.8933396314855984	0.154702950808894
0.8781179779153316	0.1953277409769304
0.8798014606040059	0.20761720355997476
0.8777722854950646	0.1908868123995669
0.9025310381220492	0.16697159500050834
0.9268315760478338	0.12619070105902463
0.8939605614861397	0.17484951472947946
0.9152788081314711	0.14433511931476345
0.9390911229815557	0.10296664244317744
0.9022775926510015	0.14022553408011806
0.9180704546242454	0.10851801884131079
0.8855882186342738	0.1744441979944987
0.9417904376747501	0.10058065445968545
0.9121110044862581	0.1300141915341163
0.8880445232110353	0.1693934153042513
0.9421778953581803	0.09176301794523828
0.9320848233178755	0.11228181916379476
0.9171988739893713	0.10167660066809342
0.8850273645665683	0.19251728329172207
0.90434339291244	0.14540504522590758
0.9464760051695569	0.09235612919923164
0.9038530917570565	0.13411627527042114
0.8920108856129713	0.173304156466202
0.8771389902563684	0.1996180537774856
0.9245654413631224	0.13021236766666366
0.9082801986019807	0.1483553407942728
0.9098794608662865	0.15510566785887248
0.8822331298535829	0.19834051631891225
0.9241289657699918	0.13071913870337343
0.9075961522925751	0.15358713831835652
0.9041618434609571	0.12605401373852143
0.9266388050061267	0.1112039232113905
0.9042389482151865	0.14618288225308695
0.929374275044193	0.12027891990778972
0.9081673335007439	0.1172808098524043
0.8806849599764983	0.183949787604974
0.9283185661564438	0.1214156613182783
0.8895903716975541	0.1780615010872162
0.8794194901527003	0.19478149610653628
0.9000882925865077	0.17250268451418505
0.8767351521068905	0.1918426109428597
0.8947538402828514	0.1776289615586299
0.902047579485651	0.1647573701311134
0.9188775689464143	0.10377026844243221
0.9376479418533158	0.10479849864378582
0.8917068392127679	0.18009348378346768
0.908015580461208	0.1392120783576737
0.9079455451053274	0.15014487636841234
0.9614610441434912	0.06660423269686289
0.8946320713992103	0.17487991321180885
0.8927558348994077	0.15644841900699574
0.9265379699251735	0.10893777632828539
0.9074998765243535	0.13386082496166096
0.9115432657415831	0.1114807466728205
0.8774798993265304	0.19585038401202276
0.9009646534316913	0.16742082100606914
0.9010374537795368	0.13754021327209243
0.908664816093049	0.15254322869452192
0.9186915848572711	0.12899199369596706
0.8971207436072283	0.17035842927805284
0.9068232764884909	0.1535553826147098
0.9063909853688402	0.1618660948587592
0.8963955339161634	0.1461877326853333
0.9273950017777647	0.11189732408541775
0.9380889433448124	0.09208840501334134
0.912718887223543	0.1484988363709705
0.9067323469437981	0.14897498794225422
0.9661765931438094	0.057920274042447706
0.9466380784814766	0.06283636934053881
0.9124890195494711	0.13450383322428366
0.9048860728696082	0.14380091608669998
0.9096821876040332	0.12950689545515412
0.9157388193531187	0.14259181798163767
0.8857415080370704	0.17038220593270434
0.8908186778934103	0.16996410747535293
0.9197023285925795	0.1280488408026838
0.8995014826236526	0.1414341081443368
0.8778812783581829	0.19374751693760728
0.8922792662445479	0.17352252501712717
0.8915349489138937	0.1681063189126936
0.9099918948975	0.12883296960449322
0.8911187956240207	0.1731795687273523
0.8878074562846754	0.15583502386098572
0.8853029045817141	0.15392361781422476
0.9291816081372145	0.08697514449738243
0.8772272853873089	0.17777898026948902
0.8929925887426571	0.14938602479540516
0.881272672607623	0.18949525882551224
0.9063175742272982	0.1567396239381728
0.8837706542471017	0.18757524234918893
0.9525654305740158	0.0796114068094641
0.8859663262127602	0.18667992863115607
0.894607199790033	0.15602976441208927
0.9440392084983565	0.09601997402789864
0.8853718790493623	0.1940562964969808
0.926807217027908	0.08857684141989514
0.9043295612758159	0.14590374872850734
0.8996874336037239	0.15789424381183575
0.9284334784892886	0.11727097409945991
0.9230256891854481	0.122425845384587
0.913623381692215	0.14947280397904072
0.9312242944335769	0.08884279689273977
0.8963252186240623	0.16016205217246707
0.890949861812452	0.15324857800333347
0.9067995157220512	0.15171642947331238
0.8787301959351632	0.191849349687294
0.9420381822618987	0.09995829349921553
0.9088794390747872	0.1539570134846347
0.9048678437372988	0.15196423606169654
0.8915819326369686	0.162101427806248
0.8953174398439867	0.17075118599279968
0.8863168064932972	0.188876364092039
0.9389919464453067	0.10432274697042049
0.9305628473219045	0.1093190513531874
0.9143868629168772	0.14615790050906968
0.875925609625157	0.19808349298360262
0.8875869223222426	0.18453552619093228
0.9323616004734109	0.11713301139088073
0.9332228279016779	0.10714771856771085
0.9297458226118729	0.08646066970480565
0.905077735828819	0.15665238634624323
0.8980510305242579	0.16681854758583453
0.8882550104363279	0.18744400507792647
0.9262862090485866	0.12170176158187462
0.8764449070505548	0.19349921497847677
0.8793254230701015	0.18127387369879097
0.9056825692788202	0.15178048985573672
0.9090936505316586	0.15399588409083048
0.8941940590480888	0.17787119069273993
0.8915769476264495	0.1495847933371126
0.9600396130962193	0.06872507016149831
0.8995652892549014	0.1681286728514197
0.8981933724495896	0.12895213636172975
0.8941752744243097	0.17858202996967415
0.9297642706931739	0.1059628244244561
0.906960885059341	0.15333085919124723
0.9416520476055376	0.07065722443151948
0.8989900041039145	0.1723320441432878
0.9063917876216383	0.14674825137503555
0.8965224012749081	0.16145940690199992
0.9769538227685653	0.03968427267507979
0.903444391063478	0.1649688839893328
0.9274828803722948	0.12354453078283151
0.9283437241244435	0.12310846375988077
0.8899903807890961	0.1870918026573779
0.9001890128089893	0.14006994984782695
0.9040736955871658	0.15224250234180067
0.8762692714801427	0.1965248966337514
0.9158461623523789	0.1312082729074274
0.9024522745607261	0.15478692437765398
0.9225176074708558	0.12073204593740372
0.8819347501354258	0.17956266421011322
0.8969141370233106	0.14060450825578816
0.8810172142729461	0.20125224134753938
0.936229967353143	0.10695821114597043
0.8741822040514681	0.19024212362108037
0.8902236691799443	0.15781405205090487
0.9183227341941888	0.10218199084727242
0.9078361485909171	0.13683966729718955
0.9196176048041247	0.13726214913970358
0.889951708294458	0.18446581573047166
0.8757617713732286	0.18928594474203825
0.9109197677944632	0.14059111664227494
0.9236848467246328	0.11198589993712232
0.8757847362781533	0.19414884430345583
0.9125510472495515	0.14933079079464823
0.9032489052010064	0.15473754775314674
0.942532614707358	0.09883013874156721
0.9014907611039109	0.16424606073137443
0.8991311428077328	0.15940841859638225
0.8843523559469004	0.16367800290706103
0.8833381759864515	0.17054171016357858
0.9335469334270694	0.11499442288282646
0.8769576598855271	0.18040054878931
0.9064239202655644	0.1534205074800154
0.8782183521166179	0.18101687584947115
0.8921758613241249	0.1799291412140387
0.9097273246090839	0.1549780803182894
0.8899998773372375	0.17731193729469757
0.8917317581644618	0.17987577147571748
0.9460503640245816	0.09164572298487272
0.8999037791384156	0.16771917743983067
0.9104993189735099	0.15362985407486496
0.9154104386179768	0.14570798514175232
0.9027080353515742	0.1573164356272298
0.9212070155540834	0.12024082279412185
0.9082268761275303	0.1520443744305216
0.9010390655126701	0.15344841401646553
0.9204437056099015	0.10520576800098211
0.9129137461462932	0.13543776862192394
0.891092447273095	0.16156258982311114
0.9255918851347931	0.11960222219238006
0.9567209717044195	0.07396779267708642
0.8961646294456349	0.17150705189278764
0.9312661292602576	0.11597738108680006
0.9610386371967653	0.06665309877480596
0.9139449170179136	0.12903213913580747
0.9373784082064928	0.10739362755664073
0.8838416960300197	0.177518717102517
0.8977104355803925	0.1729881209143868
0.9300281702145502	0.11268746095367255
0.9060924273923682	0.13032872858893407
0.9142567616829034	0.14483939525604778
0.8947734303041555	0.17233140962475996
0.9197669218507573	0.12063882482584332
0.9190456102255279	0.1329504648027558
0.8881019109898175	0.18468617413308552
0.913883547769805	0.14540074579552204
0.8896478467329271	0.1839565810510036
0.9390347072711734	0.09866042756708765
0.9084242110587174	0.15419522833760502
0.8821710481218629	0.19349306183585063
0.9326049915158953	0.10944115579337244
0.8978864812598962	0.17096135185386968
0.8953463897236404	0.17351236287457394
0.9239473983550919	0.13076078291884174
0.9117374802124618	0.14663064345515092
0.8977005396916431	0.16450256893336204
0.9066803278351737	0.15916301529419108
0.8759836689557696	0.1983094437966555
0.9088997523874576	0.14761070371769772
0.9510426149277401	0.07322344662519147
0.8897971686063869	0.17662098728870002
0.926939008104316	0.11129215869965915
0.8993893576341212	0.14521024574446376
0.8940583514672931	0.18179333627295263
0.8935211523659568	0.14620068898820765
0.9378859407148158	0.09912150295474073
0.9337204906088983	0.10979169555422597
0.8960110926784364	0.1420705330853646
0.9030409229122741	0.13815864016098817
0.887839133516808	0.16987941723303684
0.9269385784613395	0.08944692735594523
0.9551497962772215	0.06750377619981841
0.9283835971791239	0.1221875451051248
0.8959615782327937	0.17226368260512392
0.9285739220631255	0.12024954915506847
0.8860792563845985	0.17316125551211636
0.8929225057918663	0.151770507694882
0.9339446996864265	0.08837584140019572
0.9306314096546645	0.10541234820427915
0.9200805108119898	0.1360555380430954
0.933232169115937	0.11281450050973602
0.9348807841066799	0.11258660901877271
0.8796700637826635	0.18846528868299384
0.8795174697873278	0.18761723222781576
0.914366183237999	0.14824962093455107
0.9106957687457747	0.14645778650676905
0.9271887471255458	0.10397766185013657
0.931431802366268	0.11542447144201684
0.9248831095697537	0.12720098392228796
0.8884464892836148	0.15429233848380985
0.907105129930238	0.15718164347813846
0.9042357998584045	0.1608990155804188
0.9102713356794389	0.14004495704828882
0.9001605030802038	0.13058583982877348
0.9612783833148586	0.06387748022403683
0.8864204842342127	0.16994091813870524
0.9063132964718407	0.16177228324251863
0.9154052991451844	0.11831188812433899
0.9591434299086049	0.060748060399440695
0.9390127321890895	0.08977932482945697
0.8876819724075576	0.18036739985078004
0.9449139401198544	0.0943308257527451
0.9087982737555649	0.15791615068811915
0.9089368745075523	0.15529622184745756
0.9143914481575611	0.14523008845705127
0.898573770048601	0.14316303604882152
0.8819773901512592	0.15577343751227235
0.8781096945930388	0.18202570569926113
0.9223273604740718	0.12228396127009364
0.9055461149487183	0.16080731163981887
0.8968855002637024	0.17337876763062315
0.9191191035891022	0.13647979089453138
0.8770594000176922	0.18942618863285757
0.9298591295242035	0.10868115942476719
0.9442144434620848	0.09457659016816522
0.8837751200125924	0.16158048547922899
0.9129213273495365	0.13609661234572867
0.92795739349857	0.10279425717294266
0.8812936711726264	0.19767338659557016
0.9075877069138104	0.15233449052403625
0.942945054104304	0.09134549736365363
0.8734555061345827	0.21823744569102616
0.8964728096457915	0.16210484879976575
0.9012161810539943	0.14787357237171625
0.8948099535251474	0.1701874594736567
0.9398532531150441	0.09287339039199186
0.9291234536113722	0.12148628069606543
0.9381486189090574	0.1068352168567237
0.9233753396267331	0.13117584327462128
0.8827920137782155	0.16804344780412012
0.9024266652963553	0.12435580049130626
0.9473780244744696	0.09081984937680504
0.9616591500604698	0.05750006279035784
0.8869121623138562	0.19094346391721756
0.9259049168764232	0.1151165773840736
0.8872073252821384	0.18899680482361275
0.8910006867508213	0.17336970774205993
0.9441992190884504	0.093468638349193
0.8884473980671468	0.177380759577165
0.9215573770890348	0.1352741600371496
0.9373981831601379	0.10802557773169358
0.9602781521769975	0.06812748704086524
0.8833404392559203	0.1842440716248348
0.8942956443901846	0.158788439451664
0.8785428031349732	0.2000786355498923
0.9219166241061795	0.1206134980740251
0.8791090069594429	0.20187865391933718
0.9682668331573052	0.050647858840073834
0.9412660037833294	0.09696978853179283
0.9336945698288506	0.10809738483619036
0.9421426510371235	0.09761571799951696
0.9172425437533163	0.1263205965183125
0.897302867990719	0.17399756229219393
0.9010283645052086	0.15878261115834066
0.8890296402963281	0.17905276065292852
0.9277622162283578	0.10405051205762325
0.9433996239029195	0.09653755833006816
0.9579629444912334	0.0726381984611264
0.915088635189494	0.12258345337925343
0.9220049840699623	0.13126240637828568
0.8939593691678475	0.1705059054743193
0.8831723828380119	0.1956948733074625
0.9133822393420564	0.14826861628190946
0.888422900714385	0.18521360646690982
0.9309567622658245	0.1194274714780742
0.907135250323702	0.12295818624338084
0.8923814427859319	0.1696885826649407
0.9538374197806575	0.0716827865408865
0.9150302826846226	0.14304893960467518
0.959205943680241	0.06991411576072182
0.8763417019581425	0.19316462678947455
0.887667770678139	0.16508186278824968
0.929182942395166	0.12031244213047643
0.907455762607557	0.15861984422188957
0.8829206641425004	0.1898474706740157
0.8785695345760443	0.18139164128934898
0.8832520054484572	0.18868831417159398
0.8893581039410091	0.18395200376631177
0.911507718642934	0.14623129733814305
0.8973491827588693	0.1441853601562363
0.8796880388989329	0.1767979509806268
0.9512195293273756	0.08322116561621384
0.8765972563826778	0.19789922326796427
0.9055507750688924	0.12475089837933703
0.905684353820937	0.14444529794188687
0.8897269733261781	0.18129757545095299
0.8959563544099491	0.15056258878145273
0.9034893529943094	0.15674479199524274
0.8815985711541122	0.17498209471329898
0.9270729719475674	0.11568567485478082
0.9086391925070588	0.15006740226551307
0.9350044386864313	0.07670691285882883
0.897849989918362	0.17329737970083803
0.9635480988750607	0.06306026872254411
0.9020392621876989	0.16583513064410504
0.9091992050055274	0.12527520114540044
0.9130394832463701	0.12737765904748696
0.9366892292060326	0.10505058808042372
0.8747806928995855	0.19387811980416453
0.9209624119457183	0.10128413619896329
0.9262673441887306	0.1241339080393678
0.9090231587699253	0.1492750594881218
0.904750592268326	0.1580857715609431
0.9071725530127489	0.1285021272049075
0.8942816403013756	0.14442075129769433
0.9300972904532869	0.10899133979530065
0.9329372119860765	0.09515655980783047
0.8753739922403826	0.19430200711164203
0.8912674640221542	0.1848596656489569
0.9206372235312744	0.12741139114575128
0.895632465413175	0.16781478145024553
0.9050023924680842	0.14674107042879786
0.9098470653668634	0.13176404614438625
0.9047937185469858	0.13846852505382357
0.8880469774594316	0.18834601041660276
0.9621993995715916	0.0649700776959466
0.9768419273386197	0.03990080006634111
0.9561148755904818	0.07538075209640904
0.8848750191965897	0.19067761160183044
0.888538679799022	0.1813353785976058
0.906304870844475	0.14266978135787228
0.9226882789017856	0.13386317113443102
0.8867855283880807	0.15281744728879865
0.8994679351835713	0.15501928167175455
0.9128900076760934	0.12027723467284704
0.9004532691755531	0.1669071648345567
0.937819114111425	0.10603104353121479
0.9206202556243327	0.126212541135366
0.8844579199305246	0.1891585801752656
0.8829127016863227	0.188875866874131
0.9422050800057239	0.09911835340107322
0.9388397334569951	0.10229297170451312
0.9186968275544263	0.09957992503867819
0.9094262035924036	0.14205627434927964
0.9503818084851103	0.08460418276441872
0.8795461637836652	0.17956979235606554
0.8798543890550853	0.18083071859424787
0.8831771005217728	0.18893399688194767
0.923922895374027	0.11269173461982686
0.9183114450103642	0.14092122583623906
0.8975558401509443	0.17467820837498665
0.9458376157886584	0.08595309189312544
0.9203800915840403	0.13070300036765065
0.898031582880796	0.15301474776290686
0.8851373512876681	0.16172671635449232
0.8925755476033174	0.15335328439408097
0.9689078646616406	0.05325911172874187
0.9296653250079199	0.08782041511642696
0.902246891795816	0.14296155079157347
0.8728712845482034	0.20182466433882695
0.9337265319899369	0.0852110259615651
0.8958612522724018	0.1720626404942585
0.9259727376577476	0.12411955664089741
0.9088136376012591	0.157193982608425
0.929931294999674	0.11859326833753941
0.9453768615923127	0.09126538933492978
0.9321407355053312	0.11442761647546679
0.9114202344584021	0.1511413294071594
0.8859266290811253	0.17180493935332838
0.8914785705150595	0.18183154600033108
0.8895874714220394	0.1884638204153693
0.9177574275397187	0.14236103795762767
0.901755930794097	0.15558467687464814
0.9277740039284749	0.1120621560944085
0.9396002994713446	0.09640905534484573
0.9018802622753659	0.16139985465083018
0.9335039882718505	0.1144650748042691
0.8986884760982503	0.16304965280258055
0.8828106315300239	0.20201845607943414
0.9461242585930373	0.09165423880976753
0.9580297610860625	0.07188147517930066
0.8866542819545941	0.18163612246361616
0.9480405579525345	0.08686065898299794
0.9133343602062622	0.13729322105076117
0.9133392069283129	0.13669977205904799
0.8954111249408817	0.1575704777327851
0.8844294803649088	0.16750066153095008
0.8941889463495926	0.16378756907431352
0.8785874019895327	0.19260397760973347
0.8765662415584397	0.19652293183653252
0.936632059489234	0.09322164994881418
0.9221871205260732	0.12869629226280743
0.9266667818855272	0.12548015412402935
0.9213654430874942	0.10084006469328127
0.8988597397797516	0.16338932684861454
0.9182544638038417	0.13978361545771745
0.890171662506598	0.17733437855426068
0.9147805457644425	0.1398037497381709
0.8999051711955518	0.14542337493696766
0.9197461363617772	0.12841022821168596
0.9399125293400744	0.09177353231383069
0.8829693827778247	0.1898558267336542
0.9184313480893486	0.13751132373391323
0.89693166454411	0.17377007201217765
0.8910988861628016	0.1757878713100492
0.901753525449748	0.1329700449840496
0.8976197246020285	0.13460889319766783
0.9102561670456768	0.1341830391879377
0.941468070468373	0.09745486514653906
0.9244671465547298	0.12851836179546933
0.8987913037976247	0.16867879199196778
0.8830965941400393	0.17796260639196648
0.9118792036892752	0.14977049040045137
0.8902975594497679	0.17923120076389387
0.8803076576387293	0.1932966359196791
0.888251063072089	0.1604881883278284
0.8985039792858807	0.13770667603486111
0.9375408575739752	0.10792568303836292
0.899742793718328	0.17059846887418684
0.8945326415617281	0.17186298065138617
0.9391379371001494	0.10197417877694431
0.879980637933462	0.19217332733667591
0.8825055228139986	0.18550618479395248
0.9041614859795557	0.16375999833726235
0.9048344110591768	0.16134790718330594
0.8759343051366196	0.19556160372624054
0.9043622023584482	0.16103656205442185
0.9025479642881177	0.16737215354070434
0.9088995628307468	0.1456814639724214
0.9417579661540673	0.1008114973000166
0.9551557770709942	0.07740353348182
0.8806364415572526	0.20643669929358832
0.9492800441333119	0.07319579705052612
0.9058920145480204	0.15242839920976786
0.8930105713771487	0.1439510678700976
0.8934696536955781	0.17905091837276454
0.9072654693358257	0.15515609784301293
0.942715736591245	0.08703125535160877
0.9118980521019432	0.14021228066750036
0.9029957476575918	0.15080509627150912
0.9212539651376717	0.1181013971170041
0.9045205085372825	0.1361087955190392
0.8825157476028277	0.1785019532833092
0.897222475084294	0.14883856966897419
0.9291342541978189	0.10969208458774304
0.9226932457060308	0.13089320386027942
0.8919375600417268	0.14653726201738362
0.9029074356448498	0.16653399912433253
0.9104325627403668	0.14459488412546073
0.9535915827063081	0.07868707127196045
0.958339125308541	0.0698672981434505
0.8799593003745659	0.20522850208493104
0.8874542064907808	0.17064009123743093
0.8979727728304859	0.16780734507503903
0.9444259842359821	0.09181525738080193
0.9329068161679256	0.11550862076450058
0.9110308859700553	0.13628195286261133
0.8873516149545241	0.1907968473963143
0.8825456997856092	0.193129364513984
0.9153202298357083	0.1266747344602669
0.9351590090758044	0.11173909004632027
0.8882757349696486	0.15654317705836954
0.9296275587684136	0.10820611983300754
0.8995372779146049	0.16727634957691045
0.8992465313811044	0.16495669464956086
0.9282648839991495	0.12388387248438537
0.9003001845475819	0.13048802161745432
0.9107023476374397	0.1190333552359035
0.9054378755328808	0.16228075655023827
0.8957224405991363	0.1467878454455386
0.8961082810597688	0.17564510302610326
0.899497769377831	0.156704227942611
0.8867389595770208	0.19306286705095593
0.9023341050214624	0.16552474798049172
0.9268639853203131	0.12109133725753823
0.9011888770909562	0.16044087927368864
0.9211042455878488	0.12757057414326983
0.9083094762491912	0.1440635947069133
