0.029391652255299754	1.6552715696333156
0.02844596285175189	1.5002318072504521
0.029713229456120094	1.6181105602148589
0.029881743918669833	1.6753412012329776
0.02961004214999983	1.4510877803771205
0.029169316601070427	1.620915279522345
0.029599662572748847	1.6430935614775666
0.02895840879720436	1.4919640084681907
0.029051626335534233	1.5749562233007754
0.02866104851118181	1.344642798456913
0.029347262826465603	1.6485924433587797
0.030156980027895536	1.6011665720539536
0.028568726601010598	1.3166953033769975
0.029094198717085244	1.6411840027431581
0.029201241232632968	1.6675895242857695
0.02958357724665831	1.5782259260516773
0.02998984280940157	1.6307767234066468
0.02946694098068959	1.6288024781928216
0.030695717392564173	1.6699918213533143
0.029286968861427717	1.5336421736813397
0.030103194054141327	1.5483025751778192
0.028844563008616635	1.6287180735549716
0.029507707987185293	1.4298246400447845
0.030008554352838505	1.5059055679329871
0.028721775591579447	1.6586472384606041
0.02971345674519205	1.589334753004024
0.028830296458334577	1.4156858817543574
0.028623029203926224	1.3889394608524175
0.02831622755454731	1.576570224788796
0.029972151084626857	1.676442312086467
0.029972994564148224	1.5502771308276757
0.0286672240530004	1.5374844141256396
0.027783349504941393	1.5284909050874385
0.03018253897041927	1.6512421151508958
0.028675149948018588	1.645673624769941
0.028804101319048942	1.6616801664930054
0.03000235608404243	1.6486202612303527
0.02849012339322856	1.5567221962834543
0.02913001431653046	1.2689139875714432
0.028858467385511902	1.413902277817404
0.030940561924325014	1.4027567788331616
0.030185906149603887	1.6434390834785106
0.029842586101643413	1.6718871829802933
0.029350448830713423	1.5996854698206668
0.029536395344464353	1.6543602679712173
0.030506423762934328	1.656027964832861
0.029047196331744816	1.4383226933407987
0.029088864736117503	1.5787428723847983
0.029716346034051353	1.6506901610412545
0.02874792884474657	1.4202203853472573
0.02912105178529475	1.6761651059284237
0.029451528189346966	1.5201407583734767
0.030541885856421334	1.4556573304811198
0.02931255769860714	1.533489785944095
0.028707103116591668	1.5275851606138335
0.029907186164256954	1.5867680951823622
0.02882627456291306	1.655522910040804
0.029069254348849227	1.5888774040762068
0.0291237232931665	1.6369833059731518
0.029600014254125936	1.6630050351896621
0.029994260901501552	1.553604992495004
0.029708943085773657	1.5454555345013294
0.02829508140327532	1.5225186985263652
0.028525142269910143	1.3716898095840375
0.029930381742835313	1.5442537477547331
0.02872916351726372	1.527727916163082
0.02955102022009884	1.235297415580591
0.02986380764136495	1.2629158703062346
0.029806200520624593	1.543354686586703
0.029440846327982658	1.6220997503596055
0.030015911936213682	1.6737208027018962
0.02990399646466112	1.4742532413361311
0.030015986299969297	1.4583376779465465
0.03080718516165181	1.6579415876621397
0.02870378302165352	1.4990236599117397
0.029242792174943168	1.6284320562525827
0.02898277483343202	1.6005202953076945
0.029429656370628943	1.4848710786787358
0.028782152825474475	1.4247870407765837
0.030355785000478832	1.4411698177766767
0.02878964211664901	1.4749373660988851
0.028490673038476612	1.390278779170239
0.028936875245931342	1.6670557253096177
0.02913155498823163	1.5826719874365223
0.030189012222280126	1.503255142946343
0.0296448006329202	1.2664918961488096
0.029645942368232724	1.5476443800869584
0.02866034840942254	1.6035245677401937
0.029034752773992513	1.5313097637736979
0.029494160321134232	1.6322286054936241
0.029714841748638473	1.3110162451693874
0.03074729974854871	1.4845734268629411
0.028892447098822997	1.533376004539923
0.030368807974496606	1.6061720262636516
0.02931940483428162	1.4147299027650302
0.030167147324212027	1.6675294532620109
0.028770662373104897	1.6019420764749543
0.029174701641963393	1.6605386083096105
0.029973648883798425	1.485938408927478
0.029289060227546987	1.61067465763266
0.028330494318840865	1.5172305769486154
0.028625581807763343	1.3466451119122194
0.029193900002845122	1.2969860254462922
0.029159096746273455	1.2912757351659032
0.028781380845503943	1.595693175107142
0.029501780635240806	1.587653083343982
0.030963302130997256	1.6713407242138838
0.02943787691903716	1.2924379703472584
0.029023786935414173	1.5911873263583218
0.02990559216591031	1.5027157988364848
0.030030496765219895	1.4871910030512852
0.02932997257913746	1.5297147541438525
0.029535514682333355	1.315951331901188
0.029434305442722235	1.2597174756389147
0.029698795750235128	1.6576716065782016
0.028379519152169155	1.5112647125880219
0.0287796957912283	1.26760996277183
0.030163595174153252	1.6511699704968996
0.029803216275760873	1.665031567188913
0.029820898513068593	1.307349841590744
0.029254761548538576	1.599530312832678
0.029498047201365143	1.447914573080982
0.029289654714071498	1.3416571242003184
0.02971127712024771	1.2984190170192444
0.029524271534481034	1.5184185885321153
0.029165562128225846	1.2965280728167092
0.029162090405460597	1.570213404128976
0.02941574627690125	1.626723444520845
0.030569482102332058	1.6662807724737776
0.02995363424537894	1.6419977416303713
0.03017623260056897	1.46731987256295
0.02993102500447011	1.5804069101650722
0.03019629069740177	1.6206258238553282
0.029013924673242108	1.5326338618553677
0.029935285891653545	1.6668072387337054
0.029940361815865003	1.6414556606942325
0.028721819492599	1.6379191483548798
0.030897622428240085	1.6702167980489833
0.029350143067960393	1.4977928682916577
0.029577028546477507	1.5276131153614092
0.030124212723318857	1.4742241349542529
0.029270844955312014	1.371715184832094
0.030077495808400627	1.587780112804071
0.02848538908493552	1.6664210257309358
0.029544826610029534	1.2108055625878362
0.030002002512220523	1.662262668752331
0.028417150834511372	1.4456082331224749
0.029183584038311602	1.4507142270923563
0.029150323955319524	1.4500471985840164
0.029749487912940485	1.5456028999417775
0.02903355851964859	1.6125417548704566
0.028996569653931614	1.3198634540661613
0.030261675981670757	1.6710198782866363
0.02949195807054744	1.6111037408488784
0.030129947644662338	1.654038822869706
0.029943644118869538	1.1940222779201701
0.03009835966107258	1.5702990745295597
0.030082378937873928	1.6042097858911202
0.02843951894832549	1.604382503749095
0.029256023335402177	1.2469969397484688
0.02933989637948103	1.2855601408990147
0.030310458915325255	1.4519255960515445
0.02884421244269306	1.333963381827172
0.02909499908006599	1.629096823938482
0.028440802660986066	1.444963391381953
0.030274372476070517	1.4517265295899613
0.02954833811680793	1.5545790839982419
0.030379327217472645	1.6396889140923638
0.030518145275423347	1.6257044807057288
0.02874327678315711	1.494518885039026
0.029010753916013803	1.2273656969230862
0.02902168344243467	1.589142760808175
0.028805674460832216	1.3433170254427373
0.030133492912518853	1.6384781165332685
0.029460122448572056	1.6282842079004805
0.028949702349975487	1.584948877425699
0.028092221512845635	1.4756907357750666
0.03135012161016883	1.642852161020824
0.029544045578414883	1.6359545376778946
0.029333378082508042	1.5927128099122214
0.02914229923434249	1.3828180360305984
0.030066647351785984	1.6478255290347796
0.028575535179746266	1.635028456560664
0.0294535205990286	1.3582943726435506
0.02935496837166181	1.643267527471732
0.0283805257379275	1.344773849006128
0.02976694023603489	1.3152859682012885
0.029343571082040863	1.6056745905144676
0.02996044261126143	1.6714658143958532
0.029715591068424217	1.6342243464517927
0.029862412253375752	1.5319921419711577
0.028904383567998203	1.3445883900949631
0.02925337289221442	1.514799741714042
0.028238643157690906	1.6209533123167623
0.029141572786248418	1.5944026193346268
0.029499996766880116	1.587115022613341
0.0295451739998246	1.6770643968916121
0.02889251150517443	1.4109913056496022
0.028400448014115405	1.5703897192287093
0.028733621302166428	1.4772261897802275
0.028711272229801205	1.3762708252381481
0.028232379344066878	1.5511656816703316
0.029979916434529165	1.5285174982028593
0.028628947818209002	1.650956138060923
0.028538886131073884	1.6268354475898557
0.02974724585325555	1.3973827949469912
0.028420963602468312	1.4534519521305365
0.029677290412948913	1.6365767564469662
0.029829200992669776	1.6315777848935726
0.03081560031018067	1.6677595751126226
0.028790237892800254	1.4653825385781476
0.02871833520275703	1.6419334076778358
0.030031348259623603	1.6102679831550444
0.030312017777048016	1.657685047163472
0.030713983173263234	1.5150955965200383
0.02976401332753475	1.665343880161826
0.028799639402950303	1.5392099333806235
0.029378739018604185	1.662685260105732
0.029928403701643316	1.381251236312607
0.029825338423554597	1.5490640325826708
0.02943706904373822	1.5449775240913985
0.0302437312420592	1.3858419143471388
0.030510879393469463	1.4704393814577081
0.029910585235594665	1.5507273799212755
0.029271572247126718	1.3873885872713043
0.02974888017291666	1.6498581427932746
0.02941775901076784	1.4275588844068925
0.02931085837433682	1.5152702487240097
0.029283854431115076	1.619306861000556
0.030161972126462613	1.6057469056099316
0.030031084359623306	1.671602485461724
0.029318899502313478	1.6696592857882637
0.030209629417306975	1.633236655456542
0.02910031309508095	1.6367733877253847
0.029244207091405575	1.484766360508157
0.02882195843322962	1.5358679805496782
0.029182794724816916	1.631178540383802
0.028847111189358475	1.3330639391799575
0.02861989785426872	1.4794784166172013
0.030232002608057997	1.669875436816917
0.029218985468211774	1.564294650155639
0.028869179244722487	1.4912217654677837
0.02911526336222435	1.5996155133398884
0.029360425324515656	1.6397201681867886
0.029806489337714542	1.590450110087509
0.029828128580142905	1.5655465985041732
0.03019471878980965	1.6659641040407784
0.02906989046427865	1.6305674473312894
0.029619648255940316	1.3536266065838294
0.03099103638206632	1.6672156367292346
0.0290989307544156	1.2279774562988364
0.028922435481352433	1.5122987385109752
0.029484035078694144	1.6500245059518095
0.030128895586257115	1.601088702586287
0.028951923891186306	1.5428859604845402
0.028416054002701037	1.5896795008924147
0.02991044199780285	1.5860613071223868
0.030057185297428166	1.650300645879725
0.02977088732217274	1.6640999815114343
0.03046704178891853	1.622378344568215
0.029785491486024638	1.4967892889193442
0.029419867236893438	1.5938358746316295
0.02892685190900011	1.4346839298906278
0.0286486404601927	1.4201072902888896
0.029834870308014808	1.679359048103058
0.029856633717141524	1.375874769985838
0.03059358331827788	1.591036369984096
0.030051877912983006	1.675586093939189
0.029086279850601447	1.312903863197055
0.02911201824164497	1.4857152576304544
0.029392926223077043	1.5231122537683435
0.03075456860395804	1.5118700316323417
0.029383893856130334	1.5756624839556026
0.029644918398044198	1.400544838806554
0.030420495100710356	1.6595378966322287
0.028779743557051814	1.3846867725615648
0.02994139396991791	1.5889804703520864
0.02983796630787665	1.6642018441280837
0.029854130604351985	1.6606539124544746
0.029403051649444054	1.5663067948791025
0.03001205172890242	1.6440743813467722
0.029282408640542816	1.45168410814656
0.02860711992332526	1.4806535486992336
0.029764963603851693	1.5491784447213224
0.02890232285649753	1.4818875789837604
0.030160133295050035	1.39450225196814
0.02880859428987413	1.3173691046037417
0.029609763723289197	1.49192277227143
0.030039405187584058	1.1232132657527631
0.029081983810985767	1.5625730467601615
0.03019550651758492	1.5742523744404182
0.02989318751654554	1.6499077800958781
0.028653896480153162	1.310890693887926
0.029542623494598342	1.6624625920510514
0.030905203848169655	1.6752013872170313
0.029927687471568015	1.3742000994762542
0.028660619377933596	1.6274740813446313
0.030487562252769714	1.672304773586336
0.031019135444235155	1.632155606559901
0.02926702038034506	1.3051790935500516
0.029122729219044564	1.504767112369068
0.02993803908134974	1.6529563800627027
0.030688481686257138	1.6640265359163249
0.029143541776093095	1.4782055404619405
0.029481778948104175	1.6153512855459278
0.028459105401254226	1.6349820188157984
0.02912091853067688	1.470174767871471
0.028282591013349824	1.5508388631236303
0.03006699313048889	1.6667415240627554
0.03016714478578352	1.6639885088491277
0.029266903828732874	1.1793991773650514
0.029961183975524275	1.5552173851495952
0.030412679964202143	1.5028939891051742
0.029225645719520993	1.6294414502051449
0.028890893729291926	1.6590432085351563
0.02894312006536011	1.5596833593128148
0.028612748566744565	1.5131750106834863
0.030342554315244866	1.6603155600716546
0.028899805931943273	1.4429864430381898
0.028388867352706723	1.4467075842510508
0.030065423065774796	1.6659069534967692
0.029269506615179238	1.3815637321901864
0.02920988280452125	1.5463766657053784
0.028614893016595287	1.6417513226994793
0.029975776704382603	1.650166873072054
0.029012089249344442	1.6473364542425777
0.02892958617262653	1.5879884789677048
0.029538238592954458	1.5858897441788569
0.029223303114737444	1.6038347596523326
0.02997576172740799	1.5913536382075473
0.02977564736432013	1.6137718609614407
0.029295201379892097	1.5633810869318276
0.03086787445721633	1.5348892760369024
0.029743914787362713	1.5207075168754525
0.02934752457403774	1.6811111492372244
0.03093059783280255	1.6474554376823864
0.029623297861028956	1.664208497295366
0.028806200921368385	1.660906291539404
0.03037359973529872	1.6577966365756156
0.029901283559873232	1.6638972393424833
0.03014653243560016	1.5516713017398973
0.03052003763527339	1.663716721996301
0.0298750021651097	1.652661920120702
0.029854986050447865	1.3611765081417309
0.02955286218787249	1.6202739996757485
0.02892533427297462	1.5321348434306035
0.029684461390065794	1.6792493341410508
0.030074491617383615	1.5426636444582045
0.02981676176399299	1.6406832168594272
0.030236827248832792	1.518483878204727
0.028880275550483083	1.425932168033053
0.03036853658807657	1.6286679225806384
0.028606481334126674	1.4976985859786422
0.029121284302949902	1.675546025995975
0.02979403475293013	1.4033405627067408
0.02970894121727167	1.332096326584979
0.030451214719371428	1.5999427483055904
0.02842139464707836	1.5010935414590807
0.028552285507869944	1.629881881503812
0.03005864668956537	1.6572703225957692
0.030323965032700607	1.6449975160088275
0.02825206784123254	1.4772723407493387
0.029296394131176552	1.680113993226755
0.029096504629425417	1.6231003085665927
0.029744708519884717	1.2088909423378624
0.029782593966464224	1.6385615888131846
0.029764855567554243	1.5986242714135432
0.028412038223606377	1.615831088840587
0.02848034215848894	1.6221526316420436
0.029449350163808594	1.4180916219276556
0.029568674536663807	1.2704567187394047
0.030503500770763126	1.4076278338959711
0.02970942017195607	1.5474661318428615
0.029806010621523747	1.5184295201978841
0.028188628931012278	1.5786467216061109
0.03010240473086653	1.616540892529633
0.02997942975644416	1.6055537707719663
0.030566983790001327	1.5031310276991154
0.02975668235575061	1.5879152052406644
0.02958342851907419	1.590742112853503
0.030398740471601682	1.677099144704659
0.030124358822508735	1.644768550947881
0.02950295414689466	1.458198517392518
0.030429417356736026	1.6485587218407738
0.028557853613997368	1.6725069087241242
0.029585259356028275	1.6606754569012159
0.029031952952815913	1.37744916085987
0.02904806456851636	1.4446428328759129
0.030718176535439432	1.5715077271950175
0.028746515917792124	1.3839659593009934
0.02946203892938009	1.5707203921000583
0.029632910676831693	1.629725502905102
0.02927682227447405	1.2516031551836309
0.02906453288706433	1.6166139161191613
0.03025836145535197	1.6603602618973912
0.03002114782645804	1.6140931411546187
0.030074908248152676	1.6164343957252045
0.029810461631873016	1.463706898992495
0.02933379843717803	1.5539423332057842
0.028919188128631104	1.318911453179199
0.030195366520354535	1.6287740935658293
0.030897791377480353	1.636445203159116
0.028949288307632857	1.298947026720288
0.03024587563494608	1.154507470674682
0.029701685269942008	1.6018893104240446
0.028423840759994615	1.5274549906607093
0.02888869554073822	1.5771862855164331
0.028909053011960156	1.4449379272292973
0.02857568180099878	1.2842234550907718
0.029905133615536636	1.655228560921923
0.029807976556943266	1.5458854002403108
0.029507888101143423	1.665276144425274
0.02982906279298826	1.6609189323105467
0.0295589059463999	1.6751827641781218
0.029059196490727756	1.3226249495293594
0.030827559917721327	1.6221362336579983
0.02920466973718053	1.2937192339611308
0.029504185170141847	1.5490368135550718
0.029656568105977263	1.6206348866011724
0.02917713502030702	1.5105372172607694
0.02940524239884216	1.5752186207461145
0.029129329585424694	1.539383290403963
0.02912182205863126	1.6463892326959657
0.02930229570885866	1.647344407394123
0.0285347622971487	1.6075092213178455
0.030199063580447248	1.643824031748868
0.029068141858788234	1.6163468631174465
0.029685354013179382	1.6520202972341376
0.029892640912819846	1.5898424080095448
0.0291054576463062	1.4063151494166468
0.02914277298243636	1.2110068496425717
0.028677318941233924	1.6547295690877615
0.029841972759058994	1.492165092849275
0.02952502452703487	1.511428047652628
0.02932134377589986	1.5336402693063946
0.028305452960603644	1.5667164591692568
0.028563484057960074	1.5936190614426422
0.030586832143792382	1.662427362418596
0.028391665910899703	1.486878067263917
0.02897729930480174	1.6768514772614391
0.029999722164150082	1.667425692666388
0.02861944602459992	1.4291776858185319
0.030593871635064156	1.6550300895833279
0.030034138027579576	1.6247689909728893
0.029146835392407804	1.4583615873753064
0.03050700992861066	1.677257900175159
0.029759259323386765	1.6462589046771336
0.028336020342126695	1.4971086415787256
0.02894371350551912	1.5723109044980428
0.03056396519793638	1.5051055038949466
0.02935799647099214	1.5406725798310856
0.02880108147934327	1.5136744294906177
0.029481268079473363	1.4000972003545489
0.028591780401122528	1.5929992470472163
0.029469906699083937	1.5716959302453235
0.029317736739966106	1.221715172074234
0.02964086052478657	1.6056043303990655
0.029966466633163737	1.5346041200038565
0.029804560306337297	1.3580756297288246
0.02881999189600826	1.4074205928588124
0.030475080960299328	1.6700978325540323
0.02965747651900374	1.5270065198306408
0.029795801355872887	1.6556795092248284
0.02830898849144356	1.5724099450155924
0.02945740021326176	1.5418597060095776
0.029307885501877257	1.4765653828178096
0.02989502161571177	1.207789617702322
0.029331442767112338	1.6302650838161707
0.02813500808488731	1.5858004125716458
0.028855759822110996	1.5338647953223992
0.028257405927575113	1.6056296289613066
0.028425365480664506	1.613703215304203
0.029137849708615656	1.3454553993612357
0.028395290917647142	1.4748841223755864
0.029044749234985456	1.6718819943835836
0.029686617847894708	1.5266866950981932
0.029328710972429128	1.6746732393533894
0.030298306593153804	1.6417241176201385
0.0287585814301547	1.5383471009931111
0.02923178111375654	1.6017628579871956
0.028837230021542697	1.660740880850952
0.029193974131175197	1.6604256612859836
0.028848714392814948	1.5722052498429735
0.028814204089770347	1.562013182463148
0.029752792354501238	1.4866832531335574
0.030155756803367646	1.6493206476728768
0.028540322455125305	1.620771963075753
0.028420237685382814	1.4459032303976458
0.02915995418869426	1.6761194295286663
0.029050701865117528	1.5669294695786289
0.028352624858449735	1.5530976454723608
0.029846965231000062	1.5733859991756514
0.029655337584788877	1.5565677475084165
0.029282036452222084	1.616066952879129
0.030150208071487078	1.659645028161496
0.030908102884397028	1.5782577121446613
0.029812716670404683	1.5346699344005572
0.02860776243596358	1.6440878818584321
0.028433185282863496	1.5398424848669587
0.03030914244913265	1.474330152963071
0.029598706972560253	1.1566026023862475
0.030072001370831887	1.5017058764552162
0.029412799022127397	1.471392637527845
0.028770681045504197	1.3335056702173556
0.028296415737672657	1.505427262172679
0.029797940482064564	1.6318452726656747
0.03011637720508789	1.6705105140624408
0.02931504573175024	1.372296625668291
0.029647090904773635	1.488919771200218
0.029873530323028166	1.655455466617078
0.029824408741411314	1.6191413696923749
0.028740123877050886	1.659439372814204
0.03044009132133821	1.628218358692314
0.030723188583940665	1.6183115895156281
0.030150142480770626	1.6483519799127262
0.028487126962289357	1.576518318305709
0.028461390090256566	1.2789748391521363
0.02982911267020943	1.5514397372960196
0.03089398948733345	1.4358503949305534
0.029646027205280097	1.6623470108586453
0.029406305627258357	1.6452187704998362
0.030878871066286777	1.6478605407979146
0.030157116500219596	1.378829957969744
0.0287532180665344	1.6085126118856234
0.030261049636592832	1.5366586457043545
0.0307690943935766	1.6723725777652465
0.02983959984236859	1.6369205213021547
0.030352648265977493	1.6528289985289146
0.030014774739183594	1.4855137459719003
0.029933061672832342	1.434457245606609
0.030139421802898945	1.6512466691772585
0.029783560036910836	1.297314006590709
0.028692178044939197	1.653652073981472
0.02900752102662361	1.6744809274654138
0.030294794585324043	1.653530538430315
0.030336942202333718	1.6006268290635723
0.030288436846084645	1.4584018028458998
0.029077886996969723	1.319330540072142
0.030081553267679025	1.6247416561404486
0.02996406521243671	1.6764880641743085
0.030036549297326236	1.6719655596064011
0.029978904730559815	1.5864786995433238
0.02933520796001377	1.5138210338117601
0.02821067168533259	1.5759440439467456
0.02953956876890829	1.6546660764170609
0.028187449737617276	1.4833437521972344
0.02857434737608605	1.5529883441761465
0.02948252129973757	1.5013075098679143
0.03008332213365487	1.6661476957907086
0.03039608617886524	1.6252789294396939
0.029578587011996955	1.5417423961707195
0.030575457128303552	1.6507528100692432
0.03078859807523885	1.6674519928874532
0.029053483262611653	1.258140335269557
0.0291553278412814	1.480441871558797
0.02843091395704431	1.591873214753169
0.03001763688189232	1.2199388088783325
0.030444301633879615	1.669899540769951
0.030182608543351048	1.6502763245619518
0.029187415452063808	1.5495027697664672
0.02914016685660131	1.5899462404179077
0.029981555192572066	1.3327090346768466
0.030049732537074637	1.4142020197024212
0.029901206568528033	1.6043862833825093
0.029492117937242112	1.6159778564038176
0.029742866696428526	1.626888054916036
0.028917946438006954	1.3911896514334123
0.030771329168709748	1.613175866331581
0.028459133223043314	1.4487936542889432
0.028856868393719672	1.5980667097308223
0.030159687537082706	1.6452286645764502
0.02845224166747632	1.4963472362713763
0.028938430938532777	1.6573627334126102
0.03040967884463805	1.6769270130332377
0.029229395519154044	1.6156784019203232
0.02898814000983114	1.5805025613198485
0.028759963815261393	1.6238677045574792
0.029144952196235318	1.647528812695903
0.029884348626517006	1.6688993962974255
0.02982671762230085	1.5431358204077186
0.030552597653114546	1.4937563788169743
0.0307088309963636	1.5250166404727872
0.02873496736601619	1.406294739106105
0.029463251931554697	1.506403508973975
0.030048890531392636	1.6039298125217827
0.029031642161128066	1.5676484143190754
0.029616874521673473	1.607078393799397
0.03016957891961572	1.6565117861968894
0.030049043972481117	1.648773795187422
0.02864362162379294	1.3071238176220152
0.029822428350192887	1.5561838631055371
0.028620275600290374	1.3654954882532373
0.028910785832007114	1.3743322716659692
0.029932909504338526	1.5635508911621112
0.02873407299984249	1.2560611186297665
0.02957604575264872	1.5348980478819705
0.029786485452211953	1.6174028314861046
0.029034885598039316	1.5814018088554556
0.02948273879111284	1.2615685748315644
0.028746324363518903	1.6517642224338969
0.029235592450381178	1.6029208646932804
0.028501149764166556	1.6264581226933177
0.028737157979310955	1.4285196400792044
0.030139144209530195	1.4989663263882043
0.028759309387094544	1.36133540440784
0.02934532071740169	1.6787594086566795
0.02829386814938688	1.4508332851526893
0.028368467045058625	1.5357158305131193
0.029548119838345977	1.4611629856088706
0.028805161370058598	1.5585008595700902
0.029285486404882124	1.5443139743675054
0.02925258523044902	1.304535188101479
0.028773136083601568	1.4046007665005584
0.028221173722379384	1.3800581041775581
