0.09736797914558956	1.536664392992213
0.09631944233787039	1.5626520390020437
0.08968340689440646	1.2739713844467202
0.09110606407903149	1.2207382215868796
0.08934842188190606	1.3952539339259122
0.09298294152029296	1.5105664912918058
0.08980275952712484	1.4658459835323858
0.09397280180255958	1.174033100439339
0.09040994628946376	1.3901169683619392
0.09464854947820599	1.5681055849578738
0.09406155683686376	1.5506701050191816
0.09287520807137442	1.528456732305671
0.0920304696918114	1.3364433472327812
0.09066492098346875	1.3358145397047438
0.09199509227113435	1.5083797893157418
0.09080213504438218	1.329246272475966
0.09369734124975097	1.4805091087983464
0.09473656348252579	1.537909722275479
0.0926632313990554	1.53937329145402
0.09354896461552559	1.4330884533270605
0.09239187513107193	1.43674079141165
0.09543930032232474	1.5631568040914274
0.09201599416655512	1.209148898191398
0.09112783055483463	1.1951144364770987
0.09316468185540362	1.5554602017909605
0.09553356330644806	1.5453290903510903
0.09070871325201581	1.5528742563119962
0.09384655202752745	1.5536810202752258
0.09169387046872239	1.2689052235740081
0.0914987820097805	1.2876905323051235
0.0915548379566804	1.1468055234597068
0.09079272572408936	1.3415742413778888
0.09285068128524478	1.5532424985909965
0.08786813066675518	1.449307286402962
0.0921860335090329	1.4294572021092051
0.09252657458337778	1.5180048466094782
0.090497471302577	1.5638579377174224
0.09434291681726241	1.1477944610616513
0.09284142710037063	1.4648940220848607
0.09600049952108335	1.5482499536293604
0.09253362166666641	1.3621363842558347
0.09639378664500138	1.2948377906292776
0.0929692215647803	1.265419082761294
0.09019833557054512	1.461038569401537
0.09327366525170071	1.4233669647031717
0.09237941833514583	1.494204141645064
0.08946437486028298	1.443859106686766
0.09166608868921662	1.3693754468999044
0.09169581196574861	1.1816327254872805
0.09065755847594964	1.3558236479936814
0.09180705326103673	1.502084814427776
0.09572397828312097	1.5660560235433756
0.09420842684865481	1.388711580866451
0.09319965620108933	1.417242353743859
0.09418196024549019	1.554227566815932
0.09235999103074012	1.2156689621803185
0.09065102605886854	1.2200435514813779
0.09485938965852249	1.5100973458153935
0.09653711735172237	1.560585359008529
0.09785111018050309	1.4588627185370249
0.09404872991169899	1.3127946175300886
0.08873457732245667	1.3994314328155193
0.08884614759208156	1.498945027966022
0.0939879940203955	1.3181464497787805
0.09279656574135674	1.4224769023922605
0.09048183196511432	1.5507490259224772
0.09007550639131273	1.4772619340492568
0.09486889175731338	1.477567784511807
0.09269736952842281	1.3627518570565567
0.09474577248409255	1.520426482021465
0.08969125546954008	1.526752338377533
0.09720686073323108	1.5568094112288449
0.09016732392852253	1.5302555813752896
0.0935293558602277	1.4088871471780602
0.09174338061637029	1.471944292422045
0.08981534579284774	1.3183424897972826
0.09529112846494982	1.526845244360811
0.09660065953948176	1.5608213577725618
0.09284459394979332	1.5631650994128403
0.08991948496380481	1.29794674319242
0.09376598081253185	1.5444380603271144
0.09301537732326244	1.5535111360732563
0.09209563510342843	1.503230225124446
0.09162966629960832	1.335268573487402
0.09010714962558958	1.2671753964774521
0.09002170917782336	1.3079398845700783
0.09242639080170115	1.4259213730518576
0.09532944171533793	1.5574486197743238
0.09676416480280695	1.3113146057238652
0.08819891185611209	1.365040569921025
0.0956563529507483	1.5542442788226194
0.09186395696343995	1.5705291542787347
0.09355704762893752	1.5531591447538946
0.09348191325269882	1.526222133816102
0.09250523081953467	1.5356100712045027
0.0903430053247463	1.5652570546740099
0.09366375158063328	1.3229962831168864
0.09120048289371337	1.2110001277721214
0.0926512469791309	1.429034775663122
0.09172251361892991	1.417396815191554
0.09613691715281673	1.5326918698493244
0.09117836676596755	1.3110507746756346
0.09077452011064616	1.5118659927111255
0.09122462092227152	1.21014116788327
0.09172247553030198	1.5020007465981213
0.09140773781107886	1.3251898701871965
0.09432832588862178	1.3740914403866693
0.09455640983948935	1.3297516785275927
0.09443328101835351	1.5566272595274886
0.0934075740320596	1.1622327125786533
0.0957328529072748	1.3810938640935426
0.09220730497881995	1.2535476206741476
0.08975894254836043	1.527985573001808
0.09019598064343645	1.4229579817884552
0.09211261517419894	1.5459818919067563
0.09334586433268216	1.531400556452087
0.09222613294747758	1.3868013714871583
0.09372943738591247	1.3083995993065787
0.08930537502860703	1.500228261204291
0.09347900493537159	1.2700515690084133
0.09260861316533615	1.3411482818559555
0.08983328745322205	1.4994536155939047
0.09109236985265323	1.467280608809653
0.09066138113446436	1.5256814252025621
0.09351333154233216	1.371561854798514
0.09370185000835882	1.553458207992363
0.09008794967079013	1.3207004074010429
0.0903039922012169	1.5155226249361684
0.09209452865646822	1.5053796677769042
0.0905073130683834	1.5004172149176584
0.09184819080672496	1.1803158468812058
0.09458559211334604	1.4864035314664363
0.09450874575870344	1.2787066800015667
0.0902009176016688	1.3453632766175994
0.09216688862006585	1.4213011759976886
0.09140317051763047	1.3553889464135689
0.09336871790544263	1.308941673903702
0.09111788763812517	1.4105436436701149
0.09673392944166008	1.5585172867258872
0.09421473769869838	1.5490587965963871
0.09361397781275278	1.4526720700933504
0.08997183267636953	1.2786857631234538
0.09074425487571694	1.3538196784938499
0.09458125644141797	1.5458601779461039
0.09271067656627417	1.4850518429577075
0.08787290718333951	1.405641857119215
0.09255589957524973	1.4207213810619428
0.09469448899789172	1.4818137474618818
0.09258860287131782	1.5609906418089616
0.08944066501257336	1.349637167413768
0.08959997241914237	1.4002126951320168
0.09540482844001402	1.5546679801672643
0.09067238775760926	1.5242042315291366
0.09357187173370625	1.5621170378139109
0.0894724196050039	1.471013387808886
0.09004766518958737	1.2780863815723136
0.08996202290067887	1.3482055755754758
0.09044414760741798	1.312092449034587
0.09467781790289508	1.4900227019736334
0.09666808463222068	1.557321505333364
0.09477637082941033	1.5216765242683292
0.09149628278769012	1.517822222793725
0.09564154856488881	1.3473618629224329
0.09297531083372153	1.483438101693444
0.09582018688586912	1.3638776061669446
0.09346992077320575	1.5396080288104081
0.09420906133991938	1.5615506482555874
0.09342174056979043	1.295339619213087
0.08852844433351467	1.399851354607287
0.09099274497159654	1.3892395679731702
0.0961019781548594	1.5501120172525762
0.0914484019250061	1.5388543018744971
0.08848787805204401	1.512221980751682
0.09108185399317156	1.249176933193067
0.09464004661505616	1.5531761133310273
0.0924420018509297	1.2868561364461577
0.09279011774270705	1.4333087947977425
0.0941133723004442	1.5099913432254999
0.0879409086477596	1.3590880953281608
0.09337404200789756	1.4074082211620993
0.09280749359265539	1.4089154991916568
0.09311938299565442	1.1478269842957396
0.08961927266756936	1.5310146498610664
0.0912090000704319	1.4219598321537767
0.0943918150692457	1.5433365751898602
0.09449356560896897	1.5369819954113986
0.09310435412616679	1.1113220059266478
0.0930815595619824	1.55294656920213
0.09071331243750833	1.4661259065571346
0.09131545638722592	1.4271285831356533
0.09086664201042646	1.228683453465295
0.08829652427575134	1.4754584807347846
0.09230302787574719	1.5302737561737172
0.09162029883878664	1.349325612840224
0.09465031081063972	1.5600038336247422
0.0922939420827431	1.4091631192029184
0.09446522226412783	1.560187359734813
0.09704351559173104	1.5577844692794902
0.09501680898522188	1.285739678908036
0.09092264111395852	1.2582405002074564
0.09409334769117947	1.5224704107637295
0.08837695332432563	1.3454502570533395
0.09331602125085696	1.560115641191188
0.09215141153837482	1.4277202066351249
0.09111699415954912	1.3864460608844738
0.09220882846311265	1.5141774653949014
0.0928427190227269	1.5573891340884378
0.09169032820588581	1.224812798538809
0.09585855956772596	1.5557669983870315
0.09645637147543892	1.5552807282344547
0.09451825660409835	1.5538638244260494
0.09442227317933201	1.5584296826524477
0.09342383322732488	1.5362124586450268
0.0951233968480516	1.5223920396847348
0.09402846639855018	1.528729996678216
0.09075291916773894	1.253272526786048
0.09131883170198256	1.5624139821631562
0.09135714492286676	1.3415932999745894
0.09118663097904664	1.4748469300986198
0.09351441281155964	1.5458512482723996
0.09249501077161464	1.4680010906454588
0.09696911231014921	1.5585700258672048
0.092674161704355	1.5351808348593858
0.08875696477520009	1.5206940132016307
0.09191569338203635	1.548196591935434
0.09191402164796401	1.5298868981595297
0.09363688267796783	1.206803462111933
0.09510229690883595	1.5510495193194294
0.09026601814610322	1.539915109503125
0.08915029079064567	1.4682861558145075
0.09297758907156	1.5408665441626805
0.09512880273481969	1.566783348133824
0.09622978388271185	1.354643555813512
0.09518361165177094	1.4180456382293092
0.09073981031403522	1.34733106860824
0.09532785070226636	1.5517317439717642
0.09411758815872462	1.491371584339114
0.09103219273886227	1.4773435651471265
0.09766592906413123	1.398598390466458
0.09393124148049428	1.2673892526785
0.09395822898199563	1.5678588274736827
0.09494758587235852	1.5423604633598391
0.08980056961418652	1.2739885104839779
0.09479962349804932	1.502990042658393
0.0902662453077599	1.4671493847920374
0.09295111885249781	1.1296264189651384
0.09050113924590751	1.2539714166331364
0.09849826488391435	1.2986653305203661
0.08982158224128191	1.4653108815346827
0.09528147423793702	1.3343215972823819
0.09548558518860886	1.3403806558373277
0.09092276496226466	1.218209069231005
0.0908794467627811	1.4618790651854052
0.09160843249649918	1.4335272789418707
0.09189466653953265	1.3578259906694243
0.09283126555987196	1.5054806484968692
0.0914410575174391	1.5339865842840914
0.09466473581850249	1.5577472386184685
0.09353395059825638	1.5616437196056476
0.08994649136625917	1.4490168502920602
0.09353107988553556	1.1107033558376789
0.09234635853540693	1.5434653360094404
0.09544555714425176	1.5434320982638998
0.09217448306125899	1.2832619360533541
0.08983724753010199	1.455880517885085
0.09464159701608722	1.5482554186421558
0.09655921264242177	1.2972240666366137
0.09170129022470697	1.5101773819155966
0.09532463335874329	1.5087119126896895
0.09404056548165646	1.3997447202895597
0.0919764349540963	1.2108903542025966
0.09381281201370238	1.456694391989347
0.09305568561570762	1.430771237427325
0.0939046548616453	1.5497073160379617
0.09464768625365055	1.463608765327758
0.09553608275133843	1.3500335852786733
0.09007954436642958	1.3333067972840773
0.09349053569134606	1.5545645204304597
0.09337204409563904	1.5564390227479823
0.09351720813935406	1.3286162921717446
0.09062093964860539	1.4028606201623017
0.09152255671449498	1.3450984831650834
0.08999983112063069	1.3004074174361506
0.0879102821166971	1.4438651174048167
0.09146754379956355	1.4254841070941893
0.0893885594694073	1.5069623445139841
0.09091572661543175	1.4541880694184401
0.09068663016676926	1.340844127686626
0.09224662055703305	1.4351597329999515
0.09539907710647623	1.5075620296222527
0.09041841538594543	1.5040019814178989
0.09343187164214624	1.2850625578965909
0.09432940515309522	1.5365141778116858
0.08893930422483387	1.3265448209350974
0.08997275499768692	1.4945246712770117
0.09116135931911763	1.4498733918238278
0.09433903566200369	1.3648451978018141
0.08866440032128994	1.3196613599336184
0.09177621384426549	1.1452131447319962
0.09351405189034875	1.550757096098621
0.09329914285767815	1.5161809601773961
0.09099751610695601	1.4758470162500767
0.09093238530747577	1.4523274461132036
0.09266412465926858	1.485116818895841
0.09327288896452236	1.5489340186154168
0.08959840283532793	1.5350877850391103
0.09437608691692277	1.4153038440715076
0.09305322675306629	1.411625846729667
0.09323432904063911	1.5548606109891718
0.09583364858986698	1.5424154955206348
0.09335788922102103	1.2274036712553593
0.09187822205538852	1.3979361942980073
0.09649995889943956	1.5396501712717934
0.08994283881559906	1.3685787872187762
0.09317021091421725	1.512088762370968
0.0926524777147462	1.1791932768356288
0.0883953633749951	1.512283107219717
0.09349390419863629	1.4568917867774531
0.09329646919213215	1.5433204160518827
0.09433134982580789	1.5584417755998976
0.08974025601786263	1.4612935274484102
0.08941852372562309	1.4371250826754398
0.09284174806545735	1.5552019232652876
0.09503489845292135	1.5337841597530546
0.09640918852583592	1.4848109941506864
0.09695877255059768	1.3426557012637326
0.0937379410731667	1.5364671982399374
0.0927090810133669	1.547967471579462
0.09075738969947725	1.3052423359724883
0.09277332925693191	1.5618899420742598
0.09378921166055174	1.4768788677450075
0.09468129032550492	1.495288127461082
0.0949681076852091	1.5015750584270084
0.09285316603589093	1.3408293849392194
0.09451460534191237	1.4368284430755442
0.09261322651422586	1.5284368207081394
0.09291513535278581	1.54493828207696
0.0915005266208959	1.5581467787431922
0.08891764603710554	1.4431216010863799
0.08990670533318632	1.4221261476253755
0.09281388039671253	1.456132031365172
0.09427720962988834	1.5678862372681968
0.09364079566295254	1.4526818765206728
0.08863132574806472	1.4236115282949797
0.09294854387717527	1.4823377898089025
0.09008102112795499	1.405549627771967
0.0940385733635742	1.4304317730862026
0.0906549855652096	1.5437023487791368
0.09325663722543882	1.5535311646906054
0.09541075311086622	1.556816946599064
0.09658881488177129	1.5640921777631758
0.09420345605907457	1.3689853956307776
0.08998782287208217	1.4853000751874514
0.0880744488294763	1.3553843062273534
0.08884970229263779	1.404299901420404
0.09590225906893038	1.5270039567951117
0.09218669107279977	1.3307494863737581
0.09479343679138165	1.4662982604161023
0.09502383222927692	1.5485017712019715
0.0897319933887025	1.5146785303281174
0.09286137882025663	1.1138162788994668
0.09173586995972444	1.235758970693482
0.09406044201999862	1.5475317854503547
0.09213947030632051	1.4959573837853846
0.09525410578144629	1.5459018576841128
0.09143028100006298	1.4272830468747495
0.09464099056742778	1.500282178034165
0.09119329892905234	1.530843312544085
0.09159311170307774	1.4714324806263521
0.09627608973860913	1.5291890385030729
0.0953402162805044	1.0597303833822116
0.09153779334489644	1.4476672384616511
0.09504309348199838	1.491166310447955
0.0914698144819137	1.5046639122834626
0.0908848971714495	1.5215400614562862
0.09067131228953722	1.38945598790339
0.09433819212609369	1.553774412611956
0.08953812850196485	1.2870139272513872
0.0910694657535644	1.441933512328058
0.09099572573505708	1.486921837701547
0.09188659580824404	1.5164820402797912
0.09410313533222278	1.4869760607559819
0.09147571898267264	1.4814939682808066
0.09203200524451982	1.4671604421696596
0.09052143145513936	1.3771636203076139
0.09388483604998085	1.4183582311242855
0.09096924764616048	1.2911354460632092
0.09267835798203565	1.4814901561340923
0.09338027277369121	1.2014051002612218
0.0917861104248405	1.5226827817539543
0.09421995922344006	1.0649970194694751
0.0929787425219916	1.1877380325592677
0.09173734158910635	1.4214283437577007
0.09559181681792199	1.5433235677789756
0.09038133166637538	1.5609160650558354
0.09077423489267436	1.3452116142697257
0.09305415009225158	1.5481413018651446
0.09111841337397165	1.2819372986081992
0.0960555168569707	1.39249218021203
0.09537059306943357	1.5559145770103413
0.09862631292460546	1.2908755117319994
0.09275876770471876	1.5158058789222348
0.09259651540162835	1.4591792764040012
0.09036435229642448	1.4833681116960018
0.09010933109535338	1.39035723489733
0.09153448428961403	1.5626025643648416
0.0910584286021453	1.5444592536269948
0.09436708417473251	1.54348418818664
0.0881893877359282	1.4981770927558495
0.09153257578825193	1.4040021873988053
0.09725639242008828	1.4685570487120525
0.0956804123143347	1.5653573696907261
0.09389433453578161	1.1027513332168093
0.09029980940884523	1.5016902634334595
0.09232084214191627	1.2860020687894362
0.09663123343644674	1.2525787272287925
0.09311953947921625	1.513564328923825
0.09333676390894255	1.5503433469425805
0.09467007456886493	1.543324176752743
0.09118676978262846	1.537923934844918
0.09558920637971254	1.5519834976156615
0.0907154932861102	1.4609927217830752
0.09375378641495162	1.394569006650984
0.0934153415351923	1.4647024779087805
0.0920744475571104	1.5346761176019352
0.09141271778592919	1.2956992757293964
0.09144083976273241	1.4221731746533304
0.09080397328135577	1.2700082962898604
0.08951060635850763	1.3270508200580622
0.09266117977078238	1.521141625217143
0.09318183449936872	1.5350061164188442
0.09626356339620189	1.3792121078664534
0.09344494292344915	1.5557927054565317
0.09123716625487893	1.3744899556887593
0.09388838752313013	1.493638941985189
0.09498360717179632	1.56145967703389
0.08974640953759717	1.5458594648150772
0.09223429469218596	1.5435608498263098
0.09261418582913362	1.4052759653864344
0.09344912500841279	1.3161422193925771
0.0923671757681332	1.3739883194902833
0.09886334680480355	1.543125589875922
0.09529819895435249	1.445483897058657
0.09186622686043613	1.5545603909235055
0.09590647320282523	1.5658808523196128
0.09284084733949528	1.465498659215302
0.09101219706924103	1.2278443913091956
0.09422755095878972	1.3394125598898126
0.09275230249898068	1.3412556524411725
0.0942737401623242	1.5438579738039604
0.09291960660742281	1.4821044868465312
0.0927408016430054	1.4072475991870554
0.09068640713473047	1.2913750844563632
0.09107337509308971	1.4574745503508195
0.09231344564147989	1.409248545616315
0.09398352766878548	1.518445534216624
0.08937751525866022	1.3944275114292588
0.09786663996692149	1.5519165639467727
0.09342871603620383	1.5454128193903907
0.09324223425482984	1.5618103190104184
0.09159612648447284	1.3644552457611498
0.09027331847352599	1.4694531167303242
0.08928067436587726	1.4685303751894683
0.0936436252583374	1.414508873720722
0.09233211456846478	1.223546368328985
0.09320117055889829	1.5003352720385645
0.09461326749867263	1.4407383161438947
0.09201943785861241	1.4517949559983108
0.08995438218800673	1.5198405824579364
0.08952495113163036	1.3511429040445309
0.08966536873219472	1.4883553410374226
0.09641706252109732	1.5242548671845022
0.09452225519416001	1.315782874654208
0.09227709650962752	1.5360227640104922
0.09565333742701566	1.5644814857168794
0.0901166976696255	1.4670686773242916
0.09409004576197808	1.4687033507470062
0.08978198904359393	1.3550696734901768
0.09218653002994631	1.5308993475626984
0.08941295742939367	1.422239936142429
0.09100478550500025	1.3487039464904071
0.09094481098309977	1.5530462074909388
0.09913104139153753	1.5383811850261278
0.09256920893038854	1.4951421686162312
0.09730894283215998	1.5525336649519477
0.08962755974776518	1.5078414101547928
0.09054110296368346	1.5616499489365692
0.09431886857336279	1.5542040303597893
0.09124729521852463	1.5129486563197831
0.08955723733807433	1.3510133453677122
0.09107992299507489	1.319188574706447
0.09135595221492517	1.5223620757782519
0.09231493186859992	1.4061258308511018
0.09338087766418546	1.4778774928812946
0.08997675066157197	1.3529074487724106
0.09369794087748441	1.5505334942491156
0.0918242960279749	1.459961879591586
0.09199145606015786	1.536741787491169
0.09246911307959584	1.490482409066037
0.09255785459784685	1.1017551389307787
0.09591485397204329	1.4315078431369155
0.08980200418526554	1.381587787427856
0.09386334553822388	1.140382539694068
0.09403712181334951	1.5308060021410645
0.09022489636188388	1.4334167516617877
0.09100687953336621	1.280266712806785
0.09698622904745281	1.5106842355115468
0.09404712162373066	1.5540085698689716
0.09180790454174556	1.2632127532571658
0.09264770950889785	1.4246259606440654
0.09447768948872964	1.5643134946214603
0.09614401209826126	1.3440653778144802
0.08977402646396285	1.3301828027359597
0.09644368102108906	1.5504869186090147
0.09198528334492112	1.4642522174888475
0.09567132581581897	1.551057381991533
0.0902922719401009	1.54450688335776
0.09511986263118231	1.5611537171359402
0.09307906612577196	1.5446628997045306
0.09237553829470485	1.5117049485685083
0.09054570999494531	1.554813039504661
0.09037317298106598	1.2338097380966817
0.09404116548080546	1.0521674943175332
0.08996991752561276	1.290449084763776
0.09666679252042884	1.4969664455936573
0.09196089203410442	1.5191060421782077
0.0951790562942418	1.3906493219465421
0.09154526808824119	1.5689745460374684
0.09047761134479225	1.4501212468633131
0.09141411207889184	1.4606189590024807
0.09399660267533179	1.4630655649915951
0.09440765429355259	1.3560310342746047
0.09513054436693966	1.5518651854175713
0.08901343252733299	1.4895028964586123
0.090191397755678	1.2701604741937473
0.09549817685228669	1.0468986226932384
0.0968115644616066	1.5618273604621673
0.09022944492741504	1.2910868704691194
0.09438530354371877	1.440494759659953
0.09367351454900112	1.0560277466251164
0.09339243645770515	1.113289947419601
0.09422247674632056	1.5492041774991099
0.08900160113302891	1.5089561718674536
0.09038039057797942	1.4134512341681578
0.09629212538999257	1.545808954494953
0.08923191031202665	1.4379354029200464
0.09347204479262687	1.416795879403096
0.09153067662641964	1.5410991200732727
0.09208212770599195	1.4526859228800584
0.09482844789642747	1.078076083773296
0.09667190165214654	1.5500547788629389
0.09378748968229904	1.5676000536087198
0.09460638841724456	1.5472030847195737
0.09235952226128213	1.5317467329118877
0.09477550509234836	1.4335868124026914
0.09340166268322248	1.416307698115783
0.09478550103364913	1.4521919459321113
0.09162168330726364	1.5581490553177169
0.092472769031261	1.5209354328408478
0.08862487903691495	1.4146574933005494
0.08823211780358796	1.4642855244387645
0.0908935177658837	1.4233924095417707
0.09543888328916272	1.5018603250067057
0.09191605699934412	1.5271991457741478
0.09194408367916998	1.4065512662511697
0.08825635759003729	1.348587007215372
0.09104691542336756	1.2793592549881123
0.09427082956657253	1.5452098288192282
0.09223506801683969	1.1242743653415153
0.09142573106064075	1.2598230740403373
0.09165404509597994	1.5408137062588203
0.0921671624571101	1.2801269651777085
0.09165463153221545	1.326807665794917
0.09350925305956179	1.5313541452492108
0.0930703316185683	1.4660090435295405
0.09130194738072744	1.5171784948150389
0.0908360594845722	1.3381475808793561
0.0959051191172639	1.5566781000188152
0.08935105467050489	1.5046056756410398
0.09327236291844808	1.4978753635386644
0.09029159214502294	1.4848391237235306
0.09041128772381102	1.2896924412380906
0.08925652401673768	1.3958024046442143
0.09743672294066943	1.550151955628877
0.09523969654944583	1.5613071676594283
0.09622433155483434	1.5365003203130425
0.09198074553153772	1.48689434718331
0.0901551981458724	1.408582100274618
0.09419199109387427	1.5102475681416059
0.09018911904621392	1.5069211485394967
0.089262242533366	1.5087741288912464
0.09301734741818204	1.5208331803003174
0.09366292411404464	1.4319359400642098
0.09181170071924566	1.1809275182349313
0.09379724459428355	1.5148511431317557
0.09357738996102972	1.3791329905222374
0.09068144667284718	1.2095888598394169
0.09359438789144355	1.550291148548383
0.09171559686853853	1.326226965676494
0.0914236398562034	1.5074689406532036
0.0950082711363603	1.5408762343164488
0.09558282241128979	1.5252862580345434
0.09622488892209831	1.4662388425003154
0.09001613897801095	1.5024899151558926
0.09369166574671786	1.2049935115253065
0.09458856784327309	1.5622222071332257
0.09187051571599554	1.4014288804560895
0.09338743693202849	1.1897185489576134
0.09437996961230281	1.5565506442486394
0.09048002970389003	1.3735341133668801
0.09200103313810686	1.5466897133267783
0.09022426373225445	1.5257673501223974
0.0943187694484215	1.531551208566107
0.09415282156738727	1.5101967575447974
0.09101409841411905	1.4870143962942577
0.09461108727259215	1.3384049504044504
0.09001178814909909	1.4214158794957994
0.09075666962355401	1.2967069792988921
0.0879360510717726	1.4601179620210891
0.09425717455487032	1.0768479661304926
0.09375493266665742	1.535796650821132
0.08913656664387579	1.4175820705755366
0.09638376829648129	1.5341982148149764
0.08987169608114354	1.5290536288416152
0.08956086260984904	1.3664119783279158
0.09788987350775494	0.9596813676267372
0.09310301331017579	1.472824582621935
0.09464082265396731	1.499423157332493
0.09160573125483654	1.337365699128956
