0.5970055641698042	0.6439435360481638
0.6191288294596393	0.6163512209477637
0.6321523200994741	0.630955267253023
0.622288185247941	0.6533830302528076
0.6204035976762625	0.5097966718445271
0.6182719210120075	0.6544953035839441
0.6418453020879358	0.6168551349556848
0.5974624747227077	0.5813605602641051
0.6018816932989396	0.6426492255468927
0.6310663400767043	0.629561872290934
0.6304852937767444	0.565068119571694
0.588247317104031	0.6221935684475284
0.6176097551887735	0.6119811715093524
0.6240961345796783	0.6353828995318089
0.6275477566714371	0.5654966029709149
0.6206783508782192	0.6443289579921938
0.6029222319385422	0.5740529231237996
0.6073898238901919	0.6005121670531476
0.5974629653480243	0.6578576127021659
0.6186023013745153	0.6376683048423073
0.6252977050330893	0.6442836168367531
0.5964307253665287	0.6679814413529434
0.5972743428603183	0.6429098377521749
0.6104391502646316	0.5773722769188667
0.607057552645024	0.5886493939888722
0.6207378544397536	0.6343455362543688
0.6129822522710696	0.6695170795736416
0.5961632907636367	0.6751638878994758
0.6248522123295586	0.5426742998849395
0.6143277605678822	0.6279052876367943
0.615858357634179	0.6635598031973514
0.6217178228121253	0.608345625726523
0.6172904100746425	0.6598549235883101
0.6342381698709677	0.6170452669856796
0.6151431166280541	0.6412788317061701
0.6398303655140487	0.6116211645959666
0.5915235994335659	0.6872792450221101
0.6062015775581983	0.5800792458017853
0.6289532968671331	0.6371684191645718
0.5962852472574408	0.5560605427425513
0.6347934165439002	0.6120618484210432
0.6296269374384762	0.5260801058869773
0.6121430303571728	0.6529749709629329
0.6301128846989529	0.5633767229649415
0.6197004081459851	0.5652333635170663
0.6345434304455226	0.5391923740185005
0.6100866049930637	0.6299532628505774
0.6114564916247024	0.6561029848222117
0.6191718031572276	0.5057438972225036
0.6150623651493714	0.6613998485878905
0.618626695023011	0.6438244261731253
0.611463978438875	0.5777649358578154
0.6033215797370894	0.6505644635490622
0.5995787498031987	0.6303301177024434
0.6059946701895836	0.5846902510111265
0.5919189775558721	0.6538697779827999
0.6259074654106722	0.6359693377889927
0.5883760274063926	0.6310582059026579
0.6264432232018164	0.619883474028593
0.606233761582666	0.5224463453662525
0.615141662186361	0.6286948675808972
0.5961043175865467	0.6863614432735778
0.5981842464103813	0.675102008060533
0.6037280668715274	0.6092885964454517
0.6027921786996019	0.6168957619660286
0.6259634032196144	0.6463579873685439
0.6345640450389887	0.5689758781936839
0.617880323355271	0.4830217439541967
0.6214685004219221	0.6016242618844373
0.6365431073669447	0.5735217305088236
0.5928272501202267	0.6252067654267328
0.6258227811986632	0.6150086557263297
0.6132724964600065	0.6274162414050062
0.6259834508634942	0.5696835518855463
0.6232909247638507	0.635700567190684
0.6164450852533906	0.5943085734466776
0.6329802300741704	0.633041071874553
0.5974572336295956	0.6557957237601119
0.635995687775466	0.6074248572542222
0.6130368073859025	0.6569428037113652
0.6166398258360477	0.656114216624472
0.6015089652458062	0.6229507257378257
0.6341683991933047	0.6153921840674277
0.6177911423869925	0.6542018134554031
0.6171873344275962	0.5160705206246818
0.6010657196052712	0.6126407905577296
0.6097229946088468	0.6184952821844354
0.6257745807825857	0.6218062537474016
0.6023687845619152	0.644722499336946
0.6143840507061648	0.6375772644232622
0.6169696439575967	0.6023194671975352
0.6039453817367084	0.6407872315749907
0.5940856285392447	0.601873461656669
0.6304614884101345	0.44009190343862076
0.6062628649350873	0.5731179840168485
0.6122238314341027	0.6456745819487941
0.6200836690037065	0.6545524514747869
0.6041525642550498	0.6437619252253609
0.6072734188894338	0.5553114847972307
0.6244896568180838	0.6315430541585016
0.6032624742492148	0.581510217088675
0.6314688080147404	0.5842755604487728
0.6268717196643948	0.5779578283035245
0.6193895705084907	0.6446842149423531
0.6086300729107056	0.5650806094829863
0.6365901340405062	0.6254739503266402
0.5836367334181553	0.6788423991835879
0.6057967645861679	0.5905487543129622
0.5968644160550005	0.6541942585877809
0.6319330813108639	0.41833268164733584
0.5998725825057339	0.5476781594214215
0.6077562828975062	0.664504000531444
0.6039823559935309	0.5799993808455177
0.6309511211560666	0.5979032050376835
0.6221740456760357	0.6399962786628179
0.6311893378324639	0.6295119273440755
0.6176132773877347	0.5724040188573414
0.6091530793282752	0.6275404250179343
0.626773856743667	0.4519787651370786
0.5997784041708214	0.6879851096538172
0.6440546891050142	0.6080924154446188
0.6121878987441445	0.6447460105490181
0.6330820102064406	0.6335708516162815
0.6104551461299715	0.5873140137454078
0.606304038232164	0.5547815864118031
0.6090282945377263	0.6051306495404727
0.6435378858941356	0.38652809746870276
0.6026409734441468	0.6712804721116095
0.6216716996872299	0.6040679462550896
0.5982621889261689	0.5683560776511746
0.5877885956923311	0.6191282925281791
0.6238160294207374	0.5786312898323598
0.5912677592012437	0.5497879780694372
0.6042660770249048	0.5702477204260578
0.596031296461727	0.5816960068530651
0.606638348415656	0.5419432942826208
0.5992419481442619	0.6084983387501398
0.600603017176692	0.548141271099978
0.6112805807112659	0.6204366322393426
0.6027426398924969	0.5947067649073391
0.6078495683209358	0.655801109466177
0.6029156129200974	0.5691317741557429
0.6332607393426628	0.5660749183041311
0.5975491850237866	0.5605849847511135
0.6104305819009023	0.6132185030773945
0.5904796520389479	0.6286728950558627
0.5909059324511932	0.6328177698934008
0.6276262423024696	0.44325210230670886
0.5951800591746085	0.6749952972379885
0.6119209534655488	0.65129352721061
0.6176453168541916	0.6269364060929354
0.6060846611610405	0.671499242242613
0.6035383312197189	0.6498688259760977
0.6189119090545263	0.6563724699525381
0.596695456028193	0.666101859653352
0.6259099106032077	0.6339853149605295
0.6221169023253014	0.46102991093187085
0.6103597204788541	0.6574192750981873
0.6349503962081261	0.6303123864996496
0.6057130989383263	0.6561369882297374
0.5993661508802296	0.5955123216961482
0.5890120176194533	0.5974229835490134
0.6199499865043663	0.6376293853499975
0.6304518227347828	0.5687446847595938
0.6382536123852398	0.6249013448307611
0.6097866759826902	0.6154061758497461
0.6219624058048208	0.6432337451221173
0.615824870726825	0.5694317039070856
0.6064307279574139	0.5533664278183211
0.6008439043571385	0.6311683852698494
0.6170173312539666	0.6532371204339289
0.6209745688755683	0.6294024353668364
0.6005596053171754	0.5162532316156909
0.609342771909843	0.5190228762973358
0.6024898899399719	0.6763692938965066
0.6229391170102349	0.6308456293315553
0.6287549517154807	0.42899082783230824
0.6132148389421864	0.5861837607879359
0.5950327994622732	0.6862564013592898
0.59837859580185	0.6206361312842991
0.6184910618506041	0.5992354939268354
0.6150234745845479	0.62114593831783
0.6111578626787914	0.6635967384813062
0.6103602091191714	0.6288192051865349
0.5992982504280852	0.6555666544014777
0.5928356694753981	0.6806836253528388
0.6126130812877506	0.5649641994889434
0.5922979736956264	0.6648908030087355
0.5858155506720981	0.6298110667757889
0.6153333029659203	0.6125535789565524
0.6242209279051735	0.6427035275661639
0.6099643541166498	0.6205415423285658
0.6235768858976308	0.46803192277351624
0.6370857458902013	0.553086280261383
0.6209713544980164	0.6305786509761326
0.638578701114306	0.6248795795988209
0.6231516553172385	0.5102081872045895
0.6168450110286727	0.6075855324787389
0.6101102374871695	0.6182176472537027
0.5952225718758161	0.6882238847585
0.6278107209242688	0.6322663786617222
0.623409806474029	0.6330359920317679
0.6109611870212821	0.6382454608933913
0.6091436347261013	0.6128487501845433
0.6265842786810529	0.5731602825904332
0.6392901179935926	0.5430635302440312
0.594740764752194	0.588824771831019
0.6066868727937499	0.6647063432672845
0.6046673141277659	0.6428184800984762
0.6030270796943783	0.5966412449495364
0.5990162078379715	0.6050013699402517
0.6106401815060365	0.6456413069979635
0.5976222002944398	0.6519767225449695
0.6084096005319857	0.5479984304513205
0.6067435120198611	0.5854995315228837
0.6056591711959586	0.6176702617673435
0.6096884106968494	0.653039803374681
0.6064645004741654	0.5676233526584545
0.5959906443865667	0.5574609124329474
0.6320355960595092	0.5449025154652896
0.5923304544683147	0.6814913790454401
0.6166994278443511	0.5783586397380257
0.634415506311636	0.6329595032882018
0.6341493204951789	0.6305722424725577
0.5997073351489471	0.6255277824437749
0.6202311178032648	0.5784514502489652
0.6323171442437547	0.6003247223854188
0.6016691602310673	0.5803348427034949
0.6052202300682615	0.532076813944141
0.6016707330000016	0.5371980955131405
0.6071036677616487	0.5249175622115839
0.621255188023982	0.6085013221440271
0.6177669792093677	0.4933345284622739
0.6133905564024295	0.6462948488844716
0.5891093226891898	0.6540266599946954
0.6033578061549366	0.5403189520269632
0.621696389762884	0.5946270777290474
0.6286997436066039	0.590028918700471
0.62220094207849	0.6241918531515236
0.6091956793157465	0.5062886341809831
0.6129193568857703	0.6464240712698438
0.6054864548982093	0.6703607535651717
0.6181170161507492	0.6414356495772381
0.6010384162681919	0.5721712073757993
0.6290092705045089	0.6189174227624357
0.5944325798869688	0.6490188843677891
0.6065845859815937	0.6035430668805779
0.6319374521546575	0.6263151883220885
0.5951627662611079	0.6426643923339804
0.6051835156499621	0.6592085496283926
0.6237522490412594	0.6197594167771712
0.630916341369078	0.5771741738066034
0.598287692583966	0.6758855001235345
0.6070795141512145	0.6085628554155604
0.5949372286290433	0.6128774166536539
0.6125183760845087	0.6054804388375639
0.6213817864140285	0.6046741667516324
0.602426634060632	0.5472585979497588
0.6018700575055754	0.5172900797562533
0.622467333861241	0.5292674908796405
0.6472461605934045	0.6006946445377606
0.6267090320698666	0.6149112923604305
0.5970698393213646	0.6044812376698374
0.6336901757082801	0.5492005154785591
0.6220577858268908	0.6423556144949893
0.6303042411764054	0.6159008896104419
0.6150589207165365	0.6431387107085806
0.6319214494851251	0.5444993628937205
0.5997265421288499	0.6125939619343103
0.6142234519877777	0.6437566275849077
0.5929241977129626	0.6755277381414928
0.6034946286296393	0.6629900864347578
0.6288498011050632	0.6343746073047694
0.6226045432087454	0.48646037344244986
0.6101423704009227	0.66445876448113
0.6203785667802972	0.6543641846426838
0.6382132704994863	0.6247789281121217
0.603309389443487	0.6614098738132596
0.606243252165388	0.5928183454398057
0.6218964570029184	0.5948677453449307
0.5971183878429938	0.5741669932943617
0.610031751722682	0.633620487017033
0.6114293877445146	0.6694288715185273
0.6395891655747149	0.5940783055022316
0.6172388648371049	0.46868678892420784
0.6186149031057518	0.639687930278304
0.6169726124710094	0.5546652285364593
0.624436043008073	0.6149969950971754
0.6127520075828429	0.48532021817422694
0.6231084739071208	0.6445498133279136
0.622333579472607	0.6434430647681817
0.635014910503028	0.5642054041323709
0.6007812059015785	0.6350123998895008
0.6226113012675074	0.46730728920865805
0.6319802396194293	0.6221497125090243
0.6400987176851615	0.5732057551477237
0.591573370345861	0.5910377090443718
0.5952145846338749	0.5967756310164976
0.6152300590837577	0.5520862285018138
0.6069482199633535	0.6361779038620963
0.619480378065092	0.620266826939577
0.6173798499894919	0.5040793879343197
0.6092746221120228	0.6450269119914416
0.6161106702983328	0.6042289273185859
0.5989424162093442	0.6008020645865109
0.6025057010012834	0.5570346460524436
0.6240042808159394	0.4632315182174743
0.6244929439987783	0.5711430241084453
0.6311346646669328	0.6283543787615486
0.6306199752773638	0.6381915174346127
0.6289297315057923	0.6381645226560737
0.6173520346311004	0.6013796306416931
0.5932348259259139	0.6487384995115733
0.6308799378132328	0.6380364307786428
0.637293999041921	0.6264604972254233
0.6299088876703449	0.6293991435512234
0.6156974082406367	0.6596181848225579
0.6076526034650622	0.6408031614201957
0.6366816861314533	0.6238570668471825
0.6020866247901051	0.6825002771967427
0.6332289790464819	0.6259399009393907
0.609475157920077	0.6010645550852936
0.5922213105973899	0.5975441463692532
0.605935125843704	0.6740145182002562
0.6150787437163345	0.648484900890222
0.6318265633997782	0.6304112352365858
0.5926999672068294	0.6866407280428626
0.6327151801978996	0.6299299180686131
0.6098137902937988	0.6007588119813732
0.6241045956779765	0.575734747062256
0.5991752618430003	0.539039938465902
0.6191389363201697	0.6524794557349683
0.6169927670596639	0.6582219184551197
0.6145129992759109	0.6673017102898404
0.6181411191994535	0.6469502814816555
0.6372299426235338	0.5859239501136434
0.6060035786878715	0.632820905087168
0.5905057475554305	0.6227946163461124
0.61872865823688	0.5018571191823367
0.5835944926995602	0.6550774960029283
0.6050375900714671	0.5648390033175037
0.6297413064464835	0.5387486329101414
0.6355494285295525	0.539234036636974
0.6040103086387953	0.6509329326259512
0.6094168873314021	0.6371456254597745
0.6039463730900646	0.5993705411057032
0.6390611511944518	0.6021881355759162
0.5996857780125514	0.6093957508617825
0.5863591819407351	0.6634278797040893
0.5988269204266025	0.5950611787465181
0.6152381288396557	0.6484407469042515
0.5957181521862744	0.5672007728237715
0.5952938298399371	0.6762044373711175
0.6348809253277574	0.6319880903421717
0.6270760597573197	0.6288896707715794
0.6248330202765322	0.6441235558176138
0.6049579777849531	0.5925856049177459
0.6085748407108149	0.659637592272281
0.6254351828078666	0.5855488097875081
0.626890760154641	0.6239585247042738
0.6189208864554763	0.5885376817574617
0.6004499916551407	0.5893433040948487
0.614399678209452	0.6581245944203415
0.5979666170626624	0.683492874877845
0.6063828445339121	0.6246533629008069
0.6295175885552294	0.6337968127420434
0.6295325350445091	0.6277239324411675
0.6132662147996256	0.4892006517593794
0.588325972058326	0.6741460932423982
0.625775097007087	0.6319178842251517
0.6096540843028966	0.5349105726687546
0.6155644645334105	0.6255158396136519
0.6237413807202385	0.5769978878689342
0.6347576269332484	0.5664011118405574
0.6215340922339163	0.6393411331814365
0.6142386965683367	0.5978190706423259
0.6022034490689161	0.6108137666997475
0.6300069942682825	0.6224618931626352
0.6081668897289602	0.663928221942222
0.6206934023407709	0.4660144112965662
0.6231684857489465	0.6463323931205973
0.6099661483176128	0.6246440856380915
0.6412765171980506	0.59848092450395
0.6351787823417571	0.5576004725676272
0.5961219684072496	0.612939354131657
0.6285602712188547	0.6375809917039627
0.6183963743955819	0.4476731895331554
0.5950172094946685	0.6440023821060685
0.6111878183486857	0.6347428523215177
0.6176197269567106	0.6531545121476818
0.5954719667783999	0.6718319486115978
0.6180179715375465	0.6466351393614005
0.5929050634623796	0.6083645606704207
0.630773204634938	0.541474933328669
0.5941610607914152	0.67579344167913
0.5926459777851351	0.5647290678911923
0.6195481814237737	0.6578472934345849
0.5904939969666317	0.606882125926844
0.6125063757020816	0.6466905854158103
0.6005508609434127	0.6151048031626749
0.6177041389571805	0.482579462211719
0.6160654219839599	0.6386312240776855
0.6440742192212533	0.5543338896312208
0.6246398510168397	0.6146795920127633
0.6138497787615874	0.6504125816239166
0.5912064682975811	0.6598406411002233
0.6331051917394153	0.4290765525014468
0.6026586760394222	0.6714613686076975
0.6245839106649433	0.58156871101475
0.6093519473268166	0.6194340885148248
0.6100368229668208	0.6090276143091636
0.6176830626591342	0.6381075533167238
0.6423714399900752	0.6180449467049819
0.5837188507765294	0.6691371095231202
0.5996124567957922	0.5932219137971189
0.605556165227796	0.5302909594534632
0.6102484470812866	0.6685742982311913
0.611972527254904	0.6579555649266526
0.6115973924904263	0.6095892214923271
0.6233202922430979	0.6444720190563766
0.6000267891458083	0.5663648983592693
0.6187207099318318	0.5178534721084488
0.6033985863018022	0.5292538281811214
0.6115162282217648	0.5945072740889236
0.6254545721413517	0.6419711642969594
0.602758834029418	0.5927640630580177
0.5934807174109085	0.5859866961325854
0.6018315545765874	0.5161460835426783
0.6236298072063075	0.6241002895463534
0.5874665486613108	0.6409714579347462
0.6173471187644748	0.6493365360009273
0.5941132207056323	0.6749060434080807
0.6053546567092074	0.6144224239206928
0.6251492209688629	0.6308253248341638
0.6019860019949264	0.5794105726798894
0.5970667393815496	0.5615563203027838
0.623227632398794	0.6013414404948927
0.6241494691663783	0.5528813310065027
0.6315342655545853	0.5774015548816954
0.6055244235295482	0.5564049135132435
0.6411410418026784	0.6155066718966682
0.6141585238737612	0.6545923842093608
0.6431859804996333	0.6102928480827123
0.6031183836373745	0.5227486920503713
0.6236862990500031	0.62779978158332
0.6390695756717442	0.5929989427465929
0.5948802246869241	0.6576117800252614
0.6185104665179327	0.5906645912153092
0.6326178083816231	0.625270481135326
0.6120852458996341	0.6099493520524344
0.5956222659344138	0.6783323191235286
0.5859098295549267	0.686188119464743
0.6471487645247334	0.6084179287784998
0.6179340501500037	0.5802106866484351
0.6196489576681926	0.587834072622426
0.6353088826243476	0.5772206873998127
0.6202825991140443	0.6520726341057218
0.6271312857160809	0.5862613101631037
0.6130025012084538	0.6578884734129238
0.6193449290942309	0.6132577759531728
0.6191790014089708	0.6504309887415709
0.616219951354437	0.650111525087008
0.647639897061903	0.512858717488039
0.64157800358289	0.6195231341492946
0.6228796942123621	0.6427742464557324
0.6101139880554692	0.6388990527201657
0.6264744670920929	0.635130989034975
0.634184199939732	0.6294315171546931
0.6263268379530312	0.5936096335462103
0.6134811647495646	0.5899365818803414
0.611878785570418	0.6204734290821324
0.6177149798739314	0.5428573098773655
0.6051490458323384	0.5208738586593897
0.602197763209124	0.5421134367600183
0.6073598738627147	0.5584514749181282
0.6048958628195684	0.6187701180541892
0.6050119156855343	0.6440605448886212
0.6284231268078736	0.5876390402462428
0.621692601636396	0.6234591178689877
0.6376870568022426	0.6273900015997873
0.6030458468913569	0.5817199087701455
0.5952758642500585	0.6372546631416067
0.6070176159815436	0.6601205603305285
0.6163070754557594	0.6411895692050411
0.6102230027414234	0.6088532486888416
0.5962798122532771	0.6766204720911293
0.6028392045588358	0.6670226410913082
0.6202891193839307	0.6560165036179753
0.6148583583940765	0.573365402505756
0.5927844716159337	0.6783394231936983
0.6182382817262161	0.6480926734017143
0.6252060203672346	0.6450584682891436
0.6469934028239753	0.6068703904819761
0.6273303217494937	0.6185623211141354
0.6008226985349367	0.6577449780735927
0.6252540906648241	0.6328046871094344
0.6029505635840003	0.6452486238253899
0.5989954818826241	0.6134904725313286
0.6116450112365889	0.6555676139556168
0.6006992534052922	0.657190842232597
0.6151648725843388	0.5554152918412933
0.6472218011767835	0.6057860933145841
0.6163072954696824	0.655642726618459
0.5964171135172676	0.6480515792026287
0.5953506904569063	0.6722181262982929
0.6282032463671942	0.5939557711002015
0.6054405688878716	0.5480969530417971
0.6120743915446559	0.49179490265431536
0.6476366892751972	0.5132961111400761
0.6024952406020871	0.6509203921247011
0.6012549467627161	0.667952736784459
0.635872720252041	0.6146194862938978
0.6021186742330674	0.6743809392435569
0.61441901299231	0.6550183258289031
0.621875940947654	0.6448944668410292
0.6013515056774534	0.5316601829646923
0.6332547939716091	0.6129360517688511
0.6016049531758312	0.5299849481913197
0.6204955486659834	0.6411819447087554
0.6112929765734646	0.6070002114041351
0.6028325989793293	0.6780503986962831
0.6228636774122207	0.6064864413120715
0.6290832876701844	0.6136011388566278
0.5990528276688981	0.5213459836113471
0.6149577683085559	0.4781533023625077
0.5984368527727557	0.5522523217427948
0.6265250678037599	0.6223528008840612
0.6148184066571644	0.49598191166313577
0.6020640574344148	0.60052505242335
0.6065630369302805	0.6649454164784636
0.6126591448739619	0.6296469081588999
0.5933215967248784	0.6660795921053376
0.5892521406524482	0.6639863132709839
0.6410097144932246	0.6109759753193313
0.6150511001016967	0.5099175372313364
0.6222163642292174	0.6537863139153373
0.6417161796678216	0.6117811383030249
0.623319017385875	0.6073321919521024
0.6274399639023543	0.6150170119695915
0.6257484640067096	0.6363761544979709
0.612968369265578	0.5644636039060601
0.6305463648568134	0.6220990112288667
0.6146775263208771	0.5214224362165518
0.6092568334512551	0.6740407041408116
0.600124532889184	0.5823742731003267
0.6357896525927704	0.5501621520492087
0.5927588397993565	0.5494868025430222
0.592428893804482	0.6223649667490416
0.623957480740684	0.6469409501291519
0.6191551741107874	0.6080898318735062
0.6245225214548635	0.48675211469774793
0.6056339467510994	0.6524136138050693
0.6295553789776579	0.6223472880161445
0.618030265820859	0.652382545995299
0.6100902134616071	0.6000176520420129
0.6105814703701293	0.6036364586463906
0.6011469308410141	0.5648196366467158
0.6180613271676508	0.6499187323553951
0.6024025531102656	0.6705885958036464
0.6129422813603982	0.6570279504548027
0.6239558815158345	0.5299790832414857
0.5974219139701988	0.53971056273122
0.6224934443095863	0.6045451183034944
0.6195096083318983	0.5891432493980205
0.6158766121057052	0.5397058141732659
0.6214684015757239	0.44382634185459235
0.6085050868809336	0.6622124953480444
0.6302180868602619	0.5950670146850636
0.5813535122779299	0.697043642009827
0.6411065567600223	0.6155286541443399
0.6110351936207477	0.6626727060645093
0.6100389614422753	0.6653685440671484
0.6232140042318394	0.619363606265862
0.6140638078765421	0.6083186019017144
0.5924781930600684	0.5737891603023976
0.5888514685509321	0.6455690321615809
0.6151532492277848	0.5875971770312399
0.6052321150101009	0.5949976083828955
0.6069719834367205	0.5308620731258117
0.6253276265730137	0.645680828641958
0.633931198073876	0.6288439436103153
0.6342708699872396	0.6253650633993623
0.606371001789367	0.5780522866575064
0.6090947766611277	0.5019581981446315
0.6110165729222846	0.6268397273547442
0.6110425716153207	0.5821915902966497
0.6315053721964948	0.6320258002777073
0.5950953603010664	0.6149020255414162
0.6253122533277216	0.6373298600882198
0.6083409412083237	0.6259375158703061
0.5959883450624549	0.6058217359122902
0.6014775006425965	0.5357757206147522
0.6061906943498389	0.5619716058249178
0.61767092354084	0.653127020191979
0.600524886945531	0.6878323664272041
0.5923860306257667	0.6280277727802736
0.6028039971873015	0.5193541193236503
0.6072992354066149	0.6661860459374658
0.6073623751784742	0.5234683013184364
0.6255845955290414	0.6288314778401379
0.6085512364689387	0.5498261392899234
0.6419683997174728	0.5713662750514396
0.6181245729395732	0.491515136722215
0.6173907342682946	0.6612533166524694
0.6323471954500732	0.6253499187110358
0.6126389687806757	0.6452284650386786
0.6126474000059039	0.6204661451378963
0.6419241575790975	0.5172390174032672
0.5963348920313499	0.6293633308854845
0.5948516084699556	0.6764229038208467
0.6370166199218615	0.4045634427201616
0.6350695222006866	0.5828577583881506
0.6019328181318231	0.5990796386937305
0.6123582610990501	0.5902807612903742
0.6406723202892667	0.619788484785065
0.6234130271771379	0.6422454204636131
0.6198423233217886	0.6485272973428959
0.6041414058767297	0.6358941069606557
0.6212032288701247	0.5966143605057294
0.6411848795769848	0.6108690357212454
0.6194038887059174	0.6157883568653129
0.6132824803034553	0.6193147387795617
0.6124772228528895	0.6101554691854761
0.6244693663022747	0.6075737237662083
0.6130687670493884	0.6595110124161512
0.6094215251475686	0.5255530444043239
0.6148533517191057	0.6528451798049552
0.5964528195610432	0.6266472901188023
0.609687611516799	0.598844139583695
0.6388222466445569	0.552925460783982
0.6367098306488128	0.5571168522595342
0.621108149979804	0.6352312007600682
0.6338175406777987	0.5598898185572028
0.6290086013132796	0.5462376129405333
0.638677888810866	0.5471363941346472
0.6280179053645963	0.42842050973083307
0.5967517881438209	0.60535510519145
0.5930533707828033	0.6300140880511216
0.6153869359395676	0.6191247308689478
0.6133756321974068	0.6193615345608856
0.6150012038711126	0.5899701464851282
0.5941373605870008	0.6493862559864731
0.6197746161063102	0.6554967691006632
0.593930390015772	0.665884216990211
0.6221021279197789	0.6142995464659395
0.6312919308562946	0.6142528689649771
0.6328232052336803	0.5964637001095944
0.6269036717485307	0.6352036297187764
0.6045154416905605	0.6061822489995046
0.6279140138568723	0.5882709575183305
0.6209999727555956	0.6504048973813823
0.6153646533451943	0.6460768210792729
0.6485915956487058	0.5420151520938359
0.6258499681511351	0.6160887409571256
0.5899576176491662	0.6985972676565255
0.6222155998283876	0.6522174052350587
0.6357831937588193	0.5397341699462147
0.618245452146717	0.6054360410949733
0.6153317175752552	0.6223365682418118
0.6231955456109537	0.6460890646247894
0.5913133926561136	0.5936511422337061
0.6402931979109744	0.6200552851095683
0.6218087449942103	0.5078753742511306
0.6010897789516818	0.5903201399219217
0.6149990164275805	0.557719048684471
0.6194048998733476	0.6584723440782294
0.6078174902953881	0.6674666879519988
0.6380090391480615	0.6208646013724546
0.6393671659937489	0.5891907934922689
0.6050789295125083	0.5236633771860002
0.6446246190046311	0.5951439345519205
0.5947132288808317	0.5785161636611594
0.6230504683173844	0.6253638466410532
0.596023774793053	0.5717349414766656
0.620743970555657	0.6474639604451105
0.5953859598165584	0.6375487253363974
0.6097151411321535	0.49438305993275816
0.6182773880413257	0.633250702882625
0.6218462893650287	0.5921760777516664
0.6050560019009292	0.6477081049774036
0.6104584498648852	0.6389489365381489
0.6179904277976662	0.5668716570344368
0.6241694224093093	0.6438509301748269
0.6017393723680677	0.680066659295806
0.6248593717243262	0.5829711458024127
0.6156730639719734	0.640785290329356
0.5932319719044963	0.6086205326743003
0.6178530394798665	0.6472601299516618
0.6224121407326028	0.5997678291194622
0.6083899410747611	0.6252727162955722
0.6265141591805178	0.5840374391692416
0.6281611138433129	0.549225058390682
0.6384453494441785	0.6198322605733375
0.6059014230348604	0.5467786573607881
0.6196615795662938	0.5076253070834753
0.6049258204545174	0.6412789511911736
0.619002360888348	0.6088521446826594
0.5858048182339217	0.6385491088154305
0.602834896311321	0.5397391820365265
0.6334866350224423	0.559094225715956
0.6162591416807481	0.587764074920571
0.612667314229687	0.6512510129020344
0.603814677132174	0.6423951108911328
0.6051271543499802	0.6753040763733554
0.622553560366078	0.6173226178365352
0.6215849299547471	0.5883126816702109
0.6241396659762857	0.5029373675698625
0.6110932421391254	0.6149991740527885
0.6358549249758905	0.6236369878099075
0.6326146108154975	0.6332721066428776
0.6155056807137934	0.6236637919266054
0.6014854750575475	0.5483635965277591
0.6098536788463752	0.6013613847235735
0.6537111398792383	0.540106856821303
0.5881040907966052	0.6417147192664439
0.6365919172293315	0.5493195138321942
0.5958666194437594	0.604539146239319
0.6070101095590383	0.6231908909757431
0.596756520222374	0.6137827397972713
0.6042741993588181	0.5758984108597094
0.5977897305755936	0.5745089964692891
0.6296088601241716	0.621628845426424
0.6043703347549928	0.6594837992980027
0.6089940404489149	0.6212288028857609
0.6145159588939128	0.6577003402043119
0.6244080466092506	0.6321411067299971
0.6084649010495409	0.6646377909005408
0.616550412597352	0.623764153251632
0.6112442492143335	0.6214637744008791
0.6148519678489086	0.6032978342651982
0.6064904988398476	0.5628873062601406
0.6264669156425454	0.6239153635294173
0.6070314788423228	0.5708658184518338
0.6273287336625296	0.6026158967401908
0.6157202927695226	0.6550823297492857
0.6028322805328736	0.5788656320486584
0.5910936070994396	0.6596837243095938
0.6037744189831651	0.6709518668925831
0.6388225067430634	0.6234531156739982
0.621786961875853	0.6348921113734802
0.6199862723246282	0.6471853093382709
0.6039408404711006	0.6276484577925762
0.6236602711870377	0.6253347172061554
0.5832309054299293	0.6458197191765165
0.619610160517422	0.5883449202407076
0.5898671969150289	0.6304050308948422
0.613256122063554	0.6558951038700589
0.6097819206225579	0.582897666995517
0.6011099775727053	0.586102662354113
0.6260486817344861	0.6143351780900911
0.5998132561717334	0.5369126857300845
0.6082533925031682	0.5675853205762447
0.6274066338232255	0.6368239394188062
0.6324785285870255	0.6267725037856753
0.6240449901617418	0.6365836673484421
0.6015500685265566	0.5119735363334088
0.5900904503801989	0.6257562350213125
0.6053008841282389	0.6579445355589736
0.5901604963178922	0.6279100781661581
0.6023376267335705	0.5502563630595925
0.5953416739065852	0.6764111360635001
0.6047284870287768	0.5313157806921928
0.6289299624308816	0.6293693502892715
0.635078224091512	0.5923619491563258
0.5935833489016275	0.6635398767486497
0.6028363177889186	0.6117594201954734
0.6123718937759468	0.61443619179685
0.5848741098301579	0.6291626768523936
0.6335296592498758	0.6322769642775115
0.6048457959132998	0.514463950715399
0.6206361935567943	0.6180547124989095
0.6227124181975779	0.6479993070345003
0.5952947624305959	0.5747988219348199
0.6057240500764174	0.6347907512058357
0.6268557871659175	0.6055151843413
0.62493972360675	0.6150059164266819
0.6037954822389691	0.654853813570445
0.5985004309427596	0.5366228714978641
0.6088705173266137	0.6196199328253654
0.6155425874041082	0.558259284622932
0.6328915324707425	0.6349960569355138
0.6273647957761513	0.6338068435391554
0.6190074568798216	0.563446945173831
0.5948054695059483	0.5841897409650154
0.6238043456894519	0.49334326221121094
0.5954154106959113	0.6855681190760766
0.6285527212945403	0.6154445769052137
0.6100188430562338	0.6486829682513651
0.6221662448851966	0.6275426260891134
0.5941643982096894	0.6764713791559398
0.62508559228936	0.5746764081213951
0.6080078555888069	0.48475441213463444
0.6342805665100614	0.5922550620716354
0.6248165440479087	0.4706224919696344
0.6139845391310903	0.6272894098385435
0.6158808812280493	0.5834238890152894
0.6057569254753299	0.6152148560694225
0.6306346515601771	0.6075124567389634
0.6052192972539401	0.6373517984691921
0.6223821887763309	0.6296410124298306
0.6086455120839186	0.6175197727891069
0.6181320927482643	0.5778009183707598
0.6421771362131514	0.6192096045477538
0.6309557681269464	0.5460938776731421
0.6091652821187659	0.641002183849428
0.6010946561689928	0.6273152831879165
0.5998524400307075	0.6834479413103018
0.6004500306276562	0.6786359314626075
0.5967042953843983	0.6884112002204131
0.6038565058753874	0.5687507724895233
0.626874356949468	0.6341202804607959
0.610555408567688	0.6583338545783628
0.6286340745801839	0.642375791543057
0.6096532970185587	0.6598128302544308
0.6126760245093684	0.6315690990133846
0.6435062449285439	0.6139193650792307
0.6202320469962561	0.5980372970008447
0.6230263841166461	0.6090146082143096
0.5877675833706376	0.6729244088789377
0.6244877029128771	0.6154346347570103
0.6219183743208928	0.5994995098837397
0.6189162857076483	0.6562986521275606
0.5933581221134132	0.5834373565729939
0.6347269449664213	0.5486505679985514
0.5994545412508222	0.6648577064089579
0.6241890486474448	0.6027706931517487
0.6277102757678855	0.5952063669915075
0.6225383149473395	0.6055913452452484
0.6088187773752477	0.6550637922428704
0.626480796839399	0.5858160695143921
0.609302589839139	0.6456619434345527
0.6336311116179515	0.6269478382142779
0.6225589101384982	0.653461670801476
0.6217661608591541	0.6349754677980621
0.6599957928019813	0.5820717615929364
0.6145113084461332	0.6077136439738683
0.6067357237464601	0.6672162453147781
0.5946467211162649	0.6812202387925907
0.6019438276473472	0.5941144678636608
0.6286413531864575	0.5881674343517009
0.6081274956742965	0.5651172290249434
0.6056051181837258	0.6162170428407305
0.6041992090652075	0.6745714597353999
0.6126210970067597	0.49302198944627806
0.6403737589215485	0.6217651717080679
0.6195199664178476	0.6104513266155845
0.6212819929189577	0.5443228366997493
0.6063671834698973	0.6247084697536681
0.6047436758518372	0.5792046155907556
0.6017625025040131	0.6737995210492145
0.6238937210956723	0.6329829755196361
0.6262753303639738	0.6430241216368364
0.6059925235417422	0.6376012878668909
0.5983145360723195	0.6253029382123783
0.6233800714937987	0.6449905885621321
0.5958288717416244	0.6825785881977989
0.621790264104114	0.6225775698733524
0.6152597452314628	0.6209384646012232
0.6156171354649426	0.6394558737129958
0.6124027700740712	0.6647611481050266
0.6161896865039297	0.6515209485351664
0.5868235162432118	0.640759994348177
0.6155863281600078	0.5982904155500955
0.631469381787233	0.562166567041725
0.6350331331009623	0.6283368999464851
0.6375603064835589	0.6260081764179908
0.6215894372133635	0.6247788191249758
0.6234223854557108	0.630520840662518
0.6365408458953948	0.5998331516051625
0.6092002783614372	0.6607982083343003
0.6171551497961986	0.5299438030085255
0.5983756876748844	0.6488064370155796
0.6222263583302238	0.6112536413891976
0.620060056646435	0.6523446040576686
0.5975789142430319	0.6569331516533359
0.6141032945526853	0.657991029276813
0.6062000844674319	0.6723751519958734
0.6076082585639557	0.4825907158523145
0.602610429716952	0.6135213123727892
0.5956455681405916	0.68009381217104
0.6298974655828082	0.6338097777127436
0.6188825440755217	0.6401456454813597
0.6185325209046726	0.6457063888298662
0.5898647604374518	0.6608258605239166
0.6002217065277241	0.6726710316729847
0.5962114821983284	0.6877936406378131
0.6176670315269608	0.6145878766853201
0.5999328774656034	0.5463666327983496
0.6442060245054795	0.5195336285039924
0.5984690635368265	0.5786133146610963
0.6220312904261355	0.6171742085149805
0.59660315440401	0.5737380004027832
0.6171743949984477	0.6140989210425319
0.6289955492753079	0.6396478598651523
0.6339941545184703	0.5835617693659114
0.6204153449035389	0.6059397498906518
0.5969206158348498	0.6003975937546352
0.6162318761884712	0.4784660981409688
0.6269805452217695	0.4300325144293069
0.6164034289032806	0.599567101961031
0.5911604002884123	0.6692093773329753
0.6263289070896088	0.6294592610173115
0.6190687579771937	0.5679910801009316
0.6195738487916785	0.6520689895744943
0.6088856398325951	0.6047707051749205
0.6093424751491109	0.5510461712160162
0.6083666014256262	0.6387741024037903
0.594912649472503	0.6827540757417723
0.6245631160005926	0.45149034557122725
0.6202640058522002	0.529935165242881
0.6200823233752187	0.648943365041119
0.6205269972197379	0.5196492794376977
0.6114395751557379	0.6686720167491811
0.6036860755526885	0.575195766626809
0.6105774727040979	0.6340529664453447
0.621305250808593	0.6139981583623403
0.6244575815688251	0.5844507082396682
0.6264253680362394	0.5785984202985763
0.6310751521483241	0.631288660803117
0.6482023817799717	0.6067551387464125
0.6266053930079488	0.6401026429370945
0.6193495586538825	0.5640401359987537
0.6401537993793879	0.6105725407071827
0.6226576001315259	0.6065244434466701
0.5987039227949789	0.6679905976390563
0.6194672588761388	0.6381906326586098
0.618102750566213	0.6594349501515484
0.6346874071598169	0.5764470597733273
0.6158711655729117	0.6498393305601811
0.6137638766834428	0.4846510425243586
0.6267259498104176	0.6370749798887709
0.5979151473530214	0.6078880843652854
0.6309181382730032	0.6060586537902785
0.6127571330720131	0.6138229961464433
0.6072005481867401	0.5464539570764256
0.6156746257498925	0.4836395609537412
0.6106427915262992	0.6516944672700211
0.6220146676572825	0.6470515717892706
0.6303856064807858	0.617762202788811
0.6161147474592477	0.5728759747839983
0.6263314096601017	0.6087321931659545
0.5963179946700269	0.6531212791043572
0.6046786434122098	0.6525551079348486
0.5917566755703306	0.6820891265833431
0.6138251657510118	0.5626051900977579
0.6276247726158917	0.6251125465463834
0.6108752209940721	0.6513315012352587
0.6316274571753392	0.4200503509270365
0.6044734225439794	0.6385721412879722
0.607635878783835	0.6487132800269511
0.6277383323851224	0.6346628293886349
0.5944305000730373	0.6657558275507873
0.6241998488143786	0.6495593210520154
0.5983470706415648	0.659805483908608
0.6031248006578538	0.5518135802804439
0.5982239378443409	0.6823466157485559
0.6030358779644929	0.6243961313759191
0.6285177130457358	0.6030629567734851
0.5902043004183999	0.6297991533451226
0.6337877270311442	0.6148670672857517
0.6275127724038625	0.6170103005996782
0.6102429548206539	0.6662060894464625
0.6158702947454077	0.6487948996056987
0.6141555825165332	0.5956673268509912
0.634817300899104	0.5329469766402316
0.6179634858235109	0.4716406722089909
0.595961748890258	0.6751447753721409
0.6258581207009366	0.6313819300570769
0.5885785895750861	0.6843100865957699
0.6196689269002759	0.5008467787377371
0.620756748603444	0.6564855107683015
0.6033704751759872	0.6611332921025148
0.607716628927954	0.5361309013323834
0.6014196444393055	0.5928861392706888
0.6092614727642363	0.48629309262752113
0.5894443300685509	0.6551903218848127
0.6153841756792044	0.6341583571632445
0.5965944059444153	0.580407625031612
0.6321655100109433	0.6295162412108066
0.6101673295064574	0.6494675273553148
0.6020880140062527	0.5307395953005913
0.6121381303970959	0.6093186471157761
0.622798099788863	0.6281449296815216
0.6254050459799724	0.6018757200368743
0.6061162006381885	0.6272480100209983
0.599906794415302	0.593277117747012
0.6131225512743484	0.6043839692870093
0.6230780230798251	0.5625354660300284
0.604265648655532	0.629411987162648
0.6173818387368945	0.6591693248602007
0.6208867637362658	0.5326047686752385
0.6020940164468006	0.5983971540670824
0.5993185149486419	0.6441175475543399
0.6286641163310388	0.6398439928857504
0.6054139843368922	0.5592872293946215
0.6362079362650118	0.6146085559769522
0.626117948753421	0.6293966702278937
0.58938087810443	0.6423137315103961
0.6348954178522597	0.6095990251840746
0.6006088204573821	0.6485372838867034
0.6237895789282972	0.6511954927400632
0.6311454190990046	0.6161559783604296
0.6126545901532958	0.6603030925196816
0.6239989867412286	0.6391919533911088
0.6118354210413326	0.6613282910305404
0.5978934370561209	0.6036452422329724
0.5987777288010175	0.6201139192342994
0.601757639479655	0.6747070734761045
0.6219532848676411	0.6095958066665605
0.6233785355151009	0.6386454678688098
0.6017643126681947	0.6636690279444977
0.6218393205782383	0.6019484218033849
0.6052307993641229	0.5923857956526146
0.6288043740981163	0.6176326759118245
0.6399580061968763	0.5610060284192073
0.6400604244323592	0.5483755847672562
0.6081075872369872	0.6069478559371365
0.6287959154628396	0.6304278719353047
0.6264449911790948	0.6431004392609154
0.6216149692690417	0.5647139006924258
0.6289799022918752	0.6348143509216033
0.6166301276654788	0.6388739043093896
0.625735865187688	0.6096226062222538
0.618048643266373	0.6343958824268354
0.6305037675391434	0.6325128074735704
0.5932693336522181	0.6607656630373294
0.6225714523319366	0.6495024253466548
0.6246097567370327	0.5971288674525337
0.6444577897807726	0.5224708673723326
0.6028258733822778	0.5649101416981074
0.5968585142239999	0.5750484053492286
0.5908059345234018	0.5875505845483584
0.6225800465165984	0.6450749764395916
0.5884562447771449	0.6658031998519662
0.6343700266494533	0.6121635898204005
0.6327446899995743	0.5519650651086437
0.619457868247519	0.5866463715242187
0.6099298555396783	0.6200790233286405
0.6078298478083723	0.6494225221763721
0.5961573927061209	0.6090170724412527
0.6212829710781891	0.4772658096807487
0.6196608900984124	0.6495194335636125
0.6283770655050167	0.6221769413290075
0.6088969314303058	0.5968309151989841
0.6207623532023275	0.4915723850333211
0.6035533905929641	0.5050518785068175
0.5939599542037902	0.6571080983924141
0.614264052027482	0.575678468077105
0.5987392103631124	0.6430292628157734
0.6132302966409526	0.6457254171024713
0.6143021870766614	0.6422809144637894
0.6236948162314778	0.47782066493745323
0.5916201627735478	0.6655865917426023
0.5860775704867116	0.6529313314264863
0.6024682649457205	0.5614340298553451
0.613502680821226	0.6337964773416295
0.6237223661032922	0.6468231468396164
0.6041506130566404	0.5086693236097396
0.5980976276486941	0.6631542551866688
0.6037962165204747	0.5912659372724496
0.619462618572219	0.637138264781399
0.6074848382069885	0.539924048616643
0.6401184206515009	0.6213134966487819
0.5993032564110906	0.5391033807163446
0.6153617953692624	0.6393982288051774
0.614078596109733	0.6423321970542529
0.6160270931944485	0.6220721272025417
0.6235616051279895	0.6424544934575839
0.5914155472267293	0.6648238597747691
0.6077164142611456	0.5322259534456628
0.6169246051313517	0.5947382182423196
0.6281159166200081	0.6273699511839426
0.6069015049678708	0.6030453847626756
0.6151109725002388	0.6017972056100691
0.6070601199910606	0.6075126575478158
0.6120624333289388	0.5884463264035591
0.6233374501147079	0.6446934658468757
0.5922504304628152	0.654185363034713
0.6081596222896261	0.5827062218360881
