0.0078229761543708	1.6852782758380287
0.00782947988948082	1.542469866158912
0.007645779789532431	1.4874689278604978
0.007686655927533094	1.6577029701050117
0.007949517554054203	1.4502345092934423
0.008086701479036805	1.7080987626927802
0.008063801627844291	1.4807269247313684
0.007661025896411605	1.4239341581107607
0.007648396562712773	1.345209428720799
0.007457508013726714	1.5770880352218692
0.007374483291165964	1.4940880007582344
0.007735737267187106	1.6624807848515826
0.00763888462190206	1.53761934293914
0.0077387120277752726	1.284429427665862
0.0075961011673394245	1.518657162496631
0.007817058244237283	1.6686871411340658
0.007611823092924895	1.7176535629506187
0.007586853913820318	1.3888772026916643
0.007625383115006194	1.5670811938753115
0.007935626063056578	1.4895772231763988
0.007733904966190507	1.5408211454671294
0.007538014936234945	1.7044255946685727
0.007551446461826011	1.3541624409866193
0.007825623875817858	1.6484560080033384
0.008102237907707983	1.6961308787157856
0.007731217656986954	1.4707279847338872
0.007680253049928139	1.504513315413743
0.007753437904598961	1.256230983674055
0.00771093617653376	1.603340040721312
0.007485517547748897	1.6089928705308818
0.007539898728897865	1.3345847657308927
0.007951989933579068	1.5372894441338558
0.007755626328794387	1.408047190163384
0.007697368737084038	1.6610215878927916
0.008259950124545085	1.6937468436328054
0.007600302794181694	1.5093290724863206
0.007419294335899528	1.5759610316532218
0.0075783620134292325	1.4689417192998582
0.007716971751280734	1.6034521264122392
0.00767176699019415	1.5247655059717211
0.007806558575916184	1.6439642654175066
0.007793194514152768	1.6626183796122724
0.007839268468847794	1.6757392757938685
0.007809795801715967	1.4917926502719938
0.007660310391262892	1.6963156797929486
0.0077105391107978915	1.336680074614475
0.007915655465682353	1.7021121875554037
0.007764685732627717	1.6524051817913978
0.007468227442059826	1.5052885320197524
0.0077865423186011026	1.3386008298957337
0.008012038345292	1.7108176040425733
0.00763744414077272	1.5161168414312027
0.00812022384392843	1.609341004387349
0.00775109870056935	1.2689646989028087
0.007690071478643278	1.7036934004252475
0.007709313941949006	1.5188818364986172
0.007595441328322818	1.515954401553511
0.007593609359888748	1.663760801680072
0.0076751667844666815	1.6289089881299648
0.0077879344121516755	1.7056906012078628
0.007558946523264397	1.5319543981962411
0.007767671858413744	1.5765433923011922
0.007517820566217783	1.4728490964101173
0.007581561012296011	1.3833033551771012
0.0075285904512731976	1.6665712479051908
0.007537830961020394	1.3752688815746943
0.007620954012381699	1.598827008582089
0.007611133659797347	1.5964460802804599
0.007395227399176906	1.6708506658602529
0.007656743398258216	1.3888716013361593
0.007461451691299732	1.5998723381422169
0.00801847422159943	1.6405502528448603
0.0077288096515892545	1.5824527110391027
0.007603081506222953	1.7043800367120514
0.007791709187951617	1.678944360166295
0.007645947272018001	1.6453956874166296
0.007846743404712735	1.4303865053435558
0.007390108916890432	1.5238277854974989
0.007788271995780575	1.683038120177175
0.007541480747867456	1.4324496370352766
0.007495121304659845	1.4139192484872096
0.007785440767749085	1.5699103303825153
0.007692661064041205	1.6884706242436105
0.007628112706750123	1.6331846675757271
0.007786935457869085	1.6320820507693399
0.007542787070443747	1.4160086697722964
0.0077286124839201775	1.5204882000215165
0.007868545186568219	1.7106219745207154
0.007535552966679387	1.4047920835714287
0.007544979052456762	1.6702041093140432
0.007928590911936075	1.6847934498776616
0.0077519552802757545	1.2791487372123918
0.007808264321898125	1.6900499489142955
0.007922947462622296	1.5528928122930794
0.007841317054052247	1.7170487448826188
0.007592255568677591	1.6114867044949714
0.00775848024175808	1.5515294097271821
0.007668018994434159	1.5500123835362252
0.007761487010698876	1.564132498968399
0.007836828889090713	1.5692828325539658
0.007879199269400327	1.6887974768379883
0.007663014265777587	1.6373836415896443
0.007561713585760991	1.685343825349923
0.0077274561111873455	1.650014655631206
0.007520413889347537	1.6584943292128176
0.007773456287095018	1.6111880028378334
0.007536571529427939	1.6164548162606445
0.008070792243102256	1.7113125856601603
0.007913442443243901	1.6888161976204805
0.007907468072521037	1.6790564735460367
0.007712902949626023	1.4726589827013297
0.007636297400031472	1.6065687673996776
0.007844710934385888	1.5742437582679187
0.007834234566902158	1.6970762311232883
0.008138216688249903	1.698582652677722
0.007464699425463112	1.566246359814274
0.007633269992623011	1.258284119269601
0.00789534655272571	1.563310825627552
0.007666726391012895	1.5679950809496461
0.007653410563248131	1.6205756275647876
0.007721617624711875	1.7011515432598776
0.008034870668036842	1.5655292887398788
0.007929894323126435	1.707219822403868
0.007520390258014677	1.6124630795780128
0.007565840369950171	1.5062876861304297
0.007589177918963349	1.5415791711167934
0.007340723384194254	1.582477212906122
0.007835587359678256	1.3928151264976782
0.007539198002765809	1.428946169136689
0.007617533176913845	1.4172138543652315
0.007897473576366077	1.670708048051389
0.007663389129799842	1.3682544054348527
0.007847246174520962	1.710452085217282
0.007995863260757569	1.550232518505117
0.007913181483407448	1.7147344182403415
0.007601890673990549	1.6329271794224032
0.007637056448935971	1.639603694162176
0.007556277755300271	1.5946622347618489
0.00800756129946123	1.6617870983225282
0.007878500851126406	1.1856762242100924
0.007532378384593269	1.3852386267496688
0.007840742328509629	1.5541912929275083
0.007781034313397564	1.577924801365087
0.007469544937414298	1.6161089263768138
0.007530256117321136	1.4639255607843813
0.007555218444733023	1.6738171081435134
0.007657311982513009	1.5902699442771449
0.007411043843539966	1.4712404227078169
0.0076774592854090455	1.6498684840520224
0.007380282502096126	1.562261176485145
0.007880873212046996	1.4762333818449473
0.007774138828571224	1.5125213844959557
0.00779156861649404	1.558349080290775
0.007610018412703635	1.6657536524759284
0.007674521524068765	1.5717834363760061
0.007604853951531934	1.2865826777687484
0.008042985211110234	1.536444902342762
0.007601090540627746	1.4843925849168538
0.007556236597418275	1.5841522446704703
0.0077550382999658895	1.5450396402165452
0.007995596864932087	1.6642920652254576
0.007614712878661827	1.6839362669281397
0.008022883058480064	1.4828772686226266
0.007740092472821319	1.5813368985827099
0.008047087353645746	1.4730785111843634
0.007958047633751443	1.6959859872270437
0.007434585261238715	1.5018185851460177
0.007755228785262615	1.621625646202054
0.00766531747089245	1.478542563811108
0.007757149226075862	1.5936132078179865
0.007614215599568941	1.6420905419629308
0.00767868817845428	1.49023526817758
0.007611301516519335	1.533932836714586
0.007973075643888975	1.7145657261339973
0.0076505414818960815	1.6673832537556974
0.00782190260495716	1.6020404627114657
0.00759101300663294	1.6990386912984288
0.007677477627161474	1.4788068847048557
0.008018179201733902	1.7084974611814738
0.007834566374094567	1.5412456962480134
0.008020053402252456	1.6943350759606357
0.007749962246525569	1.6016281740359615
0.0077859650434669355	1.704323138280429
0.0075782706732747725	1.6689635625798367
0.007679469221171018	1.6739613360396306
0.007845535652336305	1.616109610472984
0.007546417439276235	1.6685484084339546
0.007766052884831065	1.702671729716413
0.008027165300791603	1.706238552854201
0.007530438367057373	1.3929838233176413
0.00783380229787211	1.4269176397176695
0.007940019313163809	1.7177910224327841
0.007614214288269046	1.3249067632187188
0.007962411792429886	1.699574878521867
0.007871912144825686	1.6797168241279308
0.007770638516854972	1.6591188253008613
0.007878350522832213	1.6075651255049772
0.00780387747197335	1.709543495808302
0.00788224580992727	1.4299685164927478
0.007955046072839752	1.690006866889016
0.007935943508071391	1.6085055811082702
0.007891436778841222	1.677533531036656
0.007632894607713156	1.338796648048317
0.008010122040649615	1.7049885023028328
0.007881387633997873	1.6989144040466444
0.007847680519352933	1.2520455976217222
0.007740956561288158	1.6335591419842457
0.007886327689661533	1.5473829982452985
0.0079756950625702	1.5382922315179495
0.007828975387798422	1.7069749157061418
0.007710379150320839	1.3637220399971912
0.007585974698365013	1.689037792837534
0.007581277284312758	1.3205715206657094
0.007797276485336034	1.7010541632314142
0.007745703147088178	1.487399748939844
0.007848386334164828	1.659737022004075
0.007910983365577136	1.7143359936761282
0.007660281677939565	1.589372325972946
0.007605714148224018	1.3946637707554146
0.008000133494482158	1.7126463386668582
0.007669954976311137	1.7163411854734125
0.0076793656585320445	1.641390744210022
0.00763454881602591	1.70078424964065
0.008070258291507374	1.5398216077143971
0.007737725573701276	1.6776132812128661
0.007786487642012192	1.3746822974493007
0.007518233610519416	1.636036527674776
0.007750972802202862	1.6133995456863108
0.007620847255883924	1.6026844946752474
0.007872280750238742	1.696868420240233
0.007660057668589915	1.652961700899513
0.007458266218853823	1.4349271191793205
0.007772931898180968	1.6298663050972517
0.007818620607708073	1.7051722651464196
0.007525192741353547	1.5675489406724252
0.007833136871576279	1.7034211936185768
0.00762067152033146	1.6958090634287646
0.007866910068247735	1.599182642834135
0.007644279920956358	1.7187646567207178
0.007859072866330969	1.669812554311039
0.0075974149737134	1.4789367936354378
0.00735285822146357	1.543815281006565
0.008028001510317104	1.6924870942125343
0.007629583428276546	1.541377143343095
0.007901359202095344	1.6138232539643225
0.00769377506288788	1.4778633734037137
0.007725699054092556	1.6483083079548475
0.007996807921869195	1.6998663765667237
0.008036751769414121	1.6923889014178757
0.007730191169937196	1.4823655684675432
0.007802697618657607	1.6533253038830815
0.00778950904656642	1.68926471956101
0.0077145495969882195	1.6908138057988409
0.007898008484382121	1.714492700554254
0.007552819125859422	1.4370748846907384
0.007940763718242611	1.6876822947570278
0.00788519626754747	1.6830612307106017
0.0077175669632939745	1.5169608596867064
0.007416443563626287	1.5043720385512898
0.007731630432539433	1.2198085798603697
0.007850240046948533	1.6024251232997666
0.007886937071054359	1.7158774214533024
0.007789137189241111	1.6703399465084006
0.007485737152402022	1.5882012483753858
0.00746808691288148	1.5144432514708026
0.007699414089937359	1.4184714078550453
0.007709448248726919	1.6756927887904713
0.007617302405224166	1.496664243683017
0.007676732112704883	1.576331418582116
0.00786253575533963	1.531661635519574
0.0077315284353313436	1.3125610180319833
0.007738524156261012	1.6492029569169482
0.008077255942380866	1.699838886667374
0.008065582126289234	1.5788087664566481
0.007903584933504765	1.6900467873752538
0.007476902433034635	1.5638067223638612
0.007371364272579679	1.6144837986805118
0.007478120128019972	1.6396037016513505
0.007508417544310108	1.5277585112979568
0.007931237238302049	1.4791620865901547
0.007847347770242891	1.69399188661684
0.008096107305733876	1.7123039217531537
0.007925226761344157	1.6908155755283525
0.007911514121475494	1.5535990712043253
0.007780969717011332	1.6601529474071643
0.0078860499646537	1.7091075351301148
0.007549972239836268	1.3075773437376002
0.007571462685423334	1.403390694492005
0.007891747760867424	1.6949290783375761
0.007860699437811933	1.5433585902658251
0.0076191005573874575	1.5547073966301754
0.007871108805125097	1.6967333424274995
0.007583042709755549	1.507795453287674
0.007961796275511884	1.707506791057225
0.00795610820560081	1.711598260681051
0.007669295092550998	1.5765194570912917
0.007760109391784758	1.44676145488863
0.008084514332695723	1.6957498791394316
0.008008327283053994	1.6232353650241143
0.007640106002017623	1.5421041305720642
0.00776078872671901	1.593969683425091
0.0076810162794117495	1.673477108859105
0.007842587224671158	1.6314607099412015
0.0077134492509027585	1.6485466907930817
0.007933639011760557	1.128899163909219
0.007867403792961088	1.7026214926887793
0.0074808231336386775	1.5158180203960503
0.0075864888348777405	1.5876601561704935
0.007559377126827831	1.4692066936019081
0.00771931754478713	1.5935941349937677
0.007621679305923084	1.6133128027157584
0.007816136729121364	1.675715580439674
0.008006647692163296	1.6357485154809264
0.007402583631010472	1.5219193730733644
0.008068810134357604	1.4452549118977844
0.00789168277680893	1.6854913214253664
0.007786260704874654	1.3585602797447747
0.007948289902237811	1.7154623369414246
0.007839063859562415	1.40018071247521
0.007715895822330198	1.6444336759230311
0.007577250471675619	1.4711332198953229
0.0077237820223683895	1.7031282949273914
0.007807562237550288	1.709944642035977
0.007743391469408608	1.542227613822517
0.007703914143939318	1.66958166439202
0.008078626125407879	1.69450880439772
0.0077908675644425265	1.4867521355677975
0.00738431885845828	1.5009673572316655
0.007847306449711643	1.2674088500897625
0.00787621136561926	1.716553896688664
0.007556051438088725	1.3213587501863058
0.007609240830527528	1.6463447954300563
0.007736091170480131	1.6652242247239246
0.0076392140494824096	1.5592696973907547
0.007691650500082962	1.442177576504206
0.007918799203149413	1.702812532019037
0.00784320500169679	1.5328338350737676
0.007757634548927251	1.4698463061842042
0.008001544099236793	1.617404385682566
0.007786183085031234	1.5224252294178675
0.007870733600692617	1.5735956942226608
0.00807525770910429	1.706036109093465
0.008004089859984772	1.718144271858413
0.008026075564313359	1.7151542514727742
0.007770720296726028	1.1640285548821137
0.00787690143085317	1.6164947552442093
0.008103373954500745	1.695651192672754
0.007625311287879154	1.4104062166552933
0.0077317948031209015	1.5201100035592356
0.007725603872995927	1.6678861954147444
0.007806249699958703	1.6568875254159332
0.007903898984336936	1.698428382800869
0.007790087637819458	1.4773788216736614
0.00772568979237056	1.6143209049561125
0.007509665040885769	1.4218247644220507
0.0076012743158911	1.644860308172358
0.007673879557595005	1.6226775231642638
0.00775706407051803	1.5486923504744499
0.007926755842912034	1.6833077812374675
0.007685404720830006	1.532080882188407
0.00763370076852917	1.308491339815737
0.008049154543622716	1.6329182982101424
0.0077250385711736735	1.5930703644746382
0.007807970936162677	1.6394212324404838
0.007902566218979766	1.6998294544859442
0.0077814933452366964	1.464076467388105
0.007967030971031333	1.5232845949913532
0.007750460306829933	1.589200920072395
0.007743035709975085	1.2679721979108542
0.007562602635064791	1.3194684370162182
0.00781023999162471	1.690519620413092
0.007763878564924064	1.5267714754888426
0.007885694137340861	1.5303920461036549
0.007694060533839886	1.4513946559598545
0.00777523935694573	1.4590441405119234
0.007854541914860246	1.6865532455123444
0.007718030198646688	1.6558617411219316
0.007737616299257856	1.4790633291457829
0.007725043757685661	1.644207944730801
0.007756558402868838	1.6506275379510522
0.007538117305236034	1.4826434951619827
0.0077387366889375905	1.7010453121511477
0.007838455903671085	1.5987260159069074
0.007653190507056343	1.5277751215981252
0.007713287379555388	1.5399251814968278
0.007519636684548227	1.5632541393785049
0.007839725575326764	1.3760593617436847
0.007575392926432831	1.6807386004170526
0.007871447760705681	1.6748062352627733
0.007977565685130847	1.5110098246147636
0.007822971935657105	1.3430076582931678
0.00785911705114867	1.5833309035098866
0.007920945420569878	1.7133342970497822
0.007453522949999487	1.6123563576925581
0.007679980818937971	1.5459447833217108
0.007973817127255447	1.4501114479085433
0.0077337947101940255	1.668890680978656
0.007725872643517552	1.6423796093747192
0.007989681575026017	1.7049941376143165
0.008050341026235296	1.638400737365398
0.007969932430788118	1.6673805850223422
0.00794893535515582	1.5130535193502372
0.00800915853392948	1.5290266445003131
0.0077358326627997055	1.482413821988098
0.007998639748129557	1.56203594717842
0.007777268676688962	1.7173816864427711
0.007481057345904884	1.5708447006129993
0.007510181301364596	1.4519910249427874
0.007832790613542563	1.695142655388787
0.0076199302303232045	1.5729139041322189
0.007620912334871804	1.5667142308779352
0.007631616695621889	1.5456435166359628
0.007434588939227239	1.6020434692707446
0.007767001643804981	1.664753184716279
0.007901817883042863	1.2158613156883435
0.007902266896510692	1.7083945393227769
0.007735086887732138	1.6026921414223323
0.007541964718656836	1.3659877499676119
0.007728975762388269	1.6354045487715054
0.007755489515563876	1.5938788696400454
0.007689247546837525	1.5564949743443468
0.007500685842457457	1.5220217532260516
0.007788438281327745	1.7138638584916754
0.007562287891312008	1.37519036238786
0.0075236077390212226	1.3588516434765965
0.007912413990809301	1.6108965070156662
0.007531044214678767	1.5857196868166534
0.007717745853379905	1.2963044966578567
0.007849295587763283	1.7087367252958914
0.007769818175536251	1.6765459361131816
0.007640453248537237	1.5619277398722695
0.008003887684069903	1.6698976388746378
0.0076503362679580895	1.6347517690440596
0.007497090931645455	1.5904988044098527
0.007491241837572947	1.6602963438617515
0.0077241660949689895	1.3328728153850702
0.007628845675732806	1.6131570868548026
0.007636413237228065	1.5310689070534322
0.007577116590580647	1.4034023556664488
0.007800890029765369	1.3889497274612452
0.007714500078425575	1.3778694042710382
0.00788665002163388	1.622721210824448
0.007816810349785352	1.6515973699907949
0.007902672347554882	1.628226201427377
0.007556850383794378	1.4149998576020875
0.0075960851620142916	1.3496326002037795
0.007623102494311393	1.4835394231377643
0.007837624937838709	1.6089641730671682
0.007752003928769534	1.6601869798544113
0.007996754332512035	1.7147916812934532
0.007916394469204913	1.209012892538681
0.00752959493643278	1.6710927411222043
0.008064977894495933	1.711067798216549
0.0077874663893521615	1.6961997194288023
0.007904096427098387	1.623209686302012
0.007552331578325722	1.3439780254347213
0.007669747735910416	1.4879201818169594
0.007522747822267782	1.4509227285061796
0.007410114080024209	1.5816494470884297
0.007508232452190313	1.6615263997712344
0.007751572636618247	1.6903722143767441
0.007886377226684596	1.6838938214695438
0.007471365753812828	1.658145187412773
0.007692108935378807	1.6326046960169684
0.0076141477031181895	1.6297185977747612
0.007630304509175817	1.646434170097029
0.00798798001771391	1.7109040753212188
0.0077659020547619795	1.6418428194857246
0.007743474453528877	1.6569621320072916
0.007466505437469507	1.4787338116244677
0.007729832765561252	1.5742884886405026
0.007921049252732668	1.6973454662111571
0.00752833597103688	1.694871545393843
0.007538189121356568	1.684457593061492
0.007814958100458206	1.6948427665799113
0.007643839738323352	1.680386515888439
0.007645280891349858	1.4047010227320487
0.007565453767795204	1.3175927577036892
0.007833977848669672	1.239622623051285
0.007678773291675173	1.647175200904047
0.007434545058999725	1.6817866774312131
0.007961908916353816	1.7107082209143878
0.007755105492149868	1.5817675658746493
0.007696869826333765	1.47040410070811
0.0077726273269690315	1.6876484672323109
0.00795970747615859	1.6400887736109993
0.007742989286217355	1.659067694757591
0.007926957505972174	1.6438193588142012
0.007660631954512067	1.705411326456642
0.007529437685454327	1.623670349217034
0.007825437099622945	1.686662824495483
0.007972441389385014	1.6898078181609062
0.007872633991765823	1.6411452403498217
0.007676187183908326	1.5426930224141027
0.00824079405605874	1.5376551696903298
0.007600043641159843	1.5046062654662313
0.007864104503811042	1.7066755877314157
0.007516206550224238	1.3993260659599795
0.007548307423450145	1.4890932122154674
0.007804817366350774	1.6800087414191407
0.007626094847495348	1.5533875820457983
0.007578616674233124	1.6741304195460505
0.008204754582521222	1.7020902075739666
0.007572572169345205	1.4362462784972019
0.007526808379233346	1.583547426920906
0.008133549770990274	1.7125394566658254
0.007574545631160719	1.357934163781496
0.0078289234962926	1.3948741357877308
0.007871914022201455	1.6966525458878507
0.0076407766125937545	1.5291725935802698
0.00768630023535745	1.2828679991886802
0.007528739367803569	1.392369694178354
0.007405213334358456	1.345594702260733
0.007811438408994526	1.5332941820931856
0.007837516020332985	1.6894486225011858
0.007838071893742384	1.6307404187509829
0.007434537309437873	1.615824473978796
0.007846917792023227	1.3755793627777502
0.007860748747382141	1.6518162764328896
0.007447674898277167	1.6431717359803266
0.007909659907525972	1.666786846405388
0.007841539690913292	1.1937592563464043
0.007525053056232637	1.667191067947754
0.007758707131301552	1.6910974814623103
0.00794054926363733	1.6719699018735779
0.007841830561532898	1.6983900007729278
0.007451306352541649	1.6092326522819738
0.007414846229805053	1.588102949657891
0.007451264027930003	1.6165979303036695
0.00759362300329647	1.391801997793171
0.007791143735076256	1.6385528290855333
0.007868479445980256	1.5435141962399086
0.007685549311328745	1.6988685811609106
0.007882233472862796	1.6970775723410898
0.007878740363362878	1.4661554345339551
0.00780446311575661	1.626279766853553
0.007913969143458814	1.614626944651157
0.007854190627915224	1.6917335869002705
0.007635992512304089	1.5547321664321347
0.007906096752629283	1.6352103117757526
0.00782271640436147	1.5444361947066447
0.007647807483253758	1.6599295419122964
0.007737290207470995	1.2477918264405214
0.00781571361977585	1.6666936696815196
0.0075430852017124754	1.5534054080363704
0.007831710629561861	1.5695683662253246
0.0077461372057666044	1.6078522046130628
0.007942956227297737	1.4937680458529226
0.007864916994796703	1.668071255496132
0.007730680348731024	1.604934439007652
0.007531651120665995	1.598300278292498
0.007903764353024806	1.65168383830061
0.007872725773962414	1.6189419807997645
0.00791998314529024	1.6617196742679856
0.008045637395639873	1.502814805209284
0.007812372679637908	1.3379756251137733
0.0076492412800538935	1.6551022489344147
0.007725062049740549	1.4398263693836668
0.007847479075526598	1.697708139670525
0.00766401081388589	1.6983551960059367
0.007559864959406479	1.58865432768507
0.007939364896293674	1.5370749705576034
0.007640532712035923	1.310393947533154
0.007584964969042767	1.6061382590572384
0.0076576415670003275	1.295479770042311
0.007739123139154019	1.6467329699397988
0.007795136046018686	1.7072700281224198
0.007530702696940272	1.566941963253925
0.007699166395644653	1.59143180461288
0.0075142524878295865	1.5984231880356408
0.0075588403422028605	1.3231016915364833
0.007668269121032172	1.713091361568921
0.007549104855634953	1.5327565186655137
0.00809704412148457	1.4096678914808882
0.007533666952794792	1.4879013681637596
0.007660797245076832	1.5776657872692301
0.007594312500175245	1.6594767196361873
0.007863873552108798	1.270604603774775
0.007630449387268644	1.4143762519907874
0.007611569561080251	1.692066566298592
0.007808106946256163	1.613438867991446
0.008059335077335797	1.4707944631438277
0.007539446506136861	1.3529727627687855
0.0076801037950043885	1.6325025303217349
0.007672123851637514	1.3196760158873626
0.007944249390924668	1.6809810840704928
0.007638404485691656	1.6958267468045551
0.0076348176828580205	1.658137311128064
0.007758648799821031	1.6998463416448404
0.007603844905154962	1.6943902674908293
0.007772620860268297	1.5891969120971854
0.007883045034333269	1.656344896898787
0.007651805204203364	1.6689302458823239
0.007891116270196848	1.7056155663637198
0.007552577304215097	1.5563603636629488
0.007767017850583689	1.6602336255292585
0.00775937855075354	1.3053230935976612
0.007631036705103076	1.5892364825745933
0.007691475150784682	1.3622559822977818
0.007560324382126946	1.7072441149940605
0.007908469871698262	1.6018265364914765
0.008077584086682446	1.710758223248915
0.007679986536029469	1.5597757184370271
0.008031844975721314	1.6509670287090723
0.007894660343366194	1.6816857054821988
0.007949790222742743	1.6864955083804023
0.007957693229332539	1.169495412100912
0.007977976953821598	1.5223321815539637
0.007909757827749482	1.6859316823929182
0.00786382573936019	1.6688626108415505
0.00808011227650206	1.7133544621852494
0.008078454461362485	1.7103323162000328
0.008126778628834907	1.7053850189310955
0.007588215160408843	1.5308760558346795
