0.0016260866466475561	1.7011035920730437
0.0016409476233583992	1.7124571521059466
0.0015342261641125858	1.5037303994216913
0.0015351254093907436	1.6895830864381634
0.0015828364671240072	1.639859942931308
0.0015469816553124998	1.6367027136645547
0.0015397405903177022	1.353884427560408
0.0015549735623859944	1.6485157158325885
0.0015358754162272143	1.6723174044709186
0.0015410888197899524	1.3780439714792836
0.0016537247878613379	1.0382789592046757
0.0015900260363682917	1.6095679178948286
0.0015346841989882856	1.642770091884716
0.0015589830420322827	1.5315099791794122
0.0016003304936400792	1.7249070533024358
0.0015054304897909264	1.4343165626982382
0.0016175181263176608	1.6998872850995772
0.0015949041602789902	1.7007462919524179
0.0015400713215031664	1.597336044225002
0.001578339797089612	1.7023423054847568
0.0016387893743682322	1.721155794782037
0.0015794266798344373	1.72696822876535
0.0016432393923489874	1.7203085185705245
0.0016004593501649175	1.6670248714269886
0.0015876750480386384	1.5762495597114143
0.00158345860952031	1.7112101366872479
0.0015581165213618142	1.53070120296253
0.0015467850043618793	1.677630292829471
0.001552001734883469	1.5482737268669235
0.0015121001961348245	1.6587040577865015
0.0015711342896960448	1.3160557265431339
0.0015106534772279358	1.678458265951198
0.0015588064704464425	1.5228086535919567
0.0015313979787035903	1.625154819993621
0.0015504015747435094	1.7044352340536393
0.0015363754764989325	1.6097357282104574
0.001525983430995453	1.3123220866527696
0.0015904233423409257	1.7179548621015595
0.0015507490579754807	1.5999689764354958
0.0015366417312457116	1.4459121291060657
0.0015402605999068006	1.4150246553668442
0.001606728097446729	1.7146023450388177
0.001517216959618499	1.4207516952973593
0.001569095406379058	1.6722040503680144
0.0015266584999519704	1.5918407818974263
0.0015749526136618086	1.693857443006607
0.001604812252318903	1.6326620638148819
0.0015532220827780387	1.6544276826380262
0.0015098927858163721	1.5679557250443663
0.0015575470663024345	1.4697697410235184
0.001500676509868411	1.674683485533303
0.001593334191792814	1.6809555378020664
0.0015725668407824713	1.7198699237657085
0.0015050492486153727	1.6585073254339362
0.0015331350283012265	1.5437780572919677
0.0015970541089253831	1.194096964655487
0.001556104455015316	1.264722979456405
0.0015254250125461269	1.6738743945860584
0.0015100978498117357	1.666381197990751
0.0015480733200490342	1.575126414464835
0.0015407790508634369	1.3657983589413198
0.0015622745597373535	1.5170885869435573
0.0016248873550079711	1.726609863364563
0.0015302925932942728	1.6384778543616179
0.0015754998446871134	1.6972637431387572
0.001551937399378025	1.7144898669819106
0.001491508135186585	1.618904655786308
0.0015868072025417071	1.6101736132209
0.0015399466812094113	1.6860253478743152
0.001581085824319525	1.7082079363875864
0.0015017792646449212	1.591925698853276
0.0015652427836588287	1.458613962797978
0.0015178592274452843	1.367497569414809
0.0016178917098462764	1.5872398434917514
0.0015273809248501009	1.464477600480047
0.0015170230065336503	1.3813646651326748
0.0015889582010935356	1.5286494790834586
0.0016120364990675562	1.715682708990862
0.00149605302938569	1.5646122498990485
0.0015349433625979935	1.4505057626721334
0.0015507939297227965	1.6124822838893742
0.0015172007506280949	1.6353157776838168
0.0015681013894392301	1.6718540401397093
0.0015425310463662995	1.663163454845363
0.001603236551296093	1.5604325604995914
0.0015807376214447945	1.6233703731736004
0.0016657806293271294	1.7107925065798435
0.0015893140646798351	1.6885904695564482
0.001557029762855974	1.4718449167870067
0.001610851902817534	1.706567688646879
0.0015054991668224762	1.5941427558046484
0.0015923315075228744	1.5269003202764393
0.0015495456088003585	1.7078751518396038
0.0015525563557967671	1.6006124548606984
0.001550133368220337	1.4215877061343003
0.0015976516367002267	1.6663914226681862
0.0015959146334179504	1.7071191416837497
0.0015291977228338277	1.3215037247803165
0.0015998053154669238	1.6947369266113568
0.0015989281672329633	1.445190931493849
0.0015477808294499101	1.6923054284828378
0.0015306290563681698	1.6058987143393175
0.0015626684325090268	1.4051737167949045
0.0015466735228213768	1.6975994507276093
0.001594781493950439	1.4704873858003062
0.001601632080869179	1.5828825441971817
0.0014958448235902477	1.6145207285383083
0.0016184724329333996	1.484475513104002
0.0015889228368109675	1.6773337473572187
0.0015478993150713897	1.511358015463066
0.0015330590620988248	1.698473138742322
0.001625943391269932	1.7272929226019689
0.001558306192352355	1.7004803074367483
0.0015555894484267747	1.5799075862309317
0.0016033220679261607	1.6874892802506138
0.0015218865023081092	1.5763732777561297
0.0015588594180155806	1.428661586328045
0.001583281676918794	1.727033441944922
0.001587323262142709	1.6902603603976556
0.001554552219531418	1.6268257918037823
0.001541663725940985	1.5256058444380827
0.0015325299064341126	1.5579867949609794
0.001558941973244473	1.7212309548601934
0.0015975043076329948	1.7004911413782313
0.0015263807430976335	1.5173241462314349
0.0015235562236376803	1.678019543670502
0.0015428841849127934	1.7245731612923767
0.0015537224149810053	1.7010196170054983
0.001528683865659122	1.6290848789223185
0.0016104556009700708	1.5390568969496494
0.001590057907431129	1.7142717703707775
0.0015179815247628493	1.6487527037071097
0.0015975620877040262	1.6974817448527681
0.0015422370993064243	1.661050331522687
0.0016039791309290698	1.516971685014065
0.0015123552857887641	1.3978827028895258
0.0015180758265498579	1.5018973870801156
0.0015945911923469073	1.156297774430366
0.001613400383426793	1.6762434023908521
0.0015275425934695162	1.6159552700003996
0.001520997176365407	1.6812722674292244
0.0015684610484876069	1.5969736563239092
0.0015509720494693941	1.504190480529189
0.0015891798319334967	1.5504493113350388
0.001582792860751774	1.7106192646727951
0.001572729901006297	1.403540488362498
0.0015492074796113514	1.6475513677516382
0.0015025943174333417	1.49545128724116
0.0014837463241977181	1.5674579590410511
0.0015259693314041696	1.4805201818916303
