1.3913461106795455e-05	1.5935678937583808
1.44674161265887e-05	1.6994245100672165
1.4122014871274859e-05	1.72225589637307
1.3760727351010144e-05	1.6032507151145228
1.4568276033248088e-05	1.7298687525356564
1.3859440072174696e-05	1.5522396034675097
1.4308671335857842e-05	1.6902002689463147
1.4060131076989226e-05	1.678866805495295
1.4446464175803246e-05	1.230568766191844
1.4117685344206757e-05	1.6522619622695318
1.388690522296355e-05	1.3966094656619714
1.4918750008196069e-05	1.7143503300804008
1.444635971054147e-05	1.7246130684027028
1.4131070559429135e-05	1.6880856042203116
1.4242596643044585e-05	1.1696111468304133
1.4532362733789473e-05	1.6621247815505438
1.3931519992773013e-05	1.358695640066669
1.4981606141310273e-05	1.7151014658543446
1.4602723080542746e-05	1.5745649385265956
1.4063433087007026e-05	1.6475780599108352
1.4056686229198649e-05	1.6260737700947736
1.3904204008320075e-05	1.7200653029818496
1.4110607972622852e-05	1.5105048309944593
1.4286056972281522e-05	1.597146061554148
1.3699839415800282e-05	1.5099768701254983
1.3842181583039761e-05	1.6271563693333335
1.3724777831807383e-05	1.501561591796486
1.440627479287728e-05	1.5842506620558587
1.4367775041712832e-05	1.6261703029551224
1.4450690385293519e-05	1.6875862855814656
1.4078678235535107e-05	1.640613446488958
1.4807334182450837e-05	1.7282514611611215
1.4576868422166988e-05	1.7289914558497512
1.4573744259448814e-05	1.6013252789072274
1.3859305361735781e-05	1.3643047600486717
1.3993198480775355e-05	1.7224511866617642
1.4044105617922846e-05	1.4790918823373929
1.3891717882700421e-05	1.5281594962423495
1.4684640231881308e-05	1.6381400284428258
1.4268239492706761e-05	1.7193211462811218
1.3596699497431937e-05	1.687708450037091
1.3815120806344961e-05	1.4561665794763619
1.4344380606235776e-05	1.7117475318382662
1.4055821392755379e-05	1.572222120184756
1.4600379384139968e-05	1.6921638676846387
1.4379516892533738e-05	1.5914628962269948
1.4288948705349442e-05	1.6018028378360907
1.3561548561406663e-05	1.626696912739252
1.362732699805625e-05	1.6278659062646932
1.4032524735539163e-05	1.6916740158720325
1.3425755830716946e-05	1.5131428559792255
1.4147505648478802e-05	1.4403143492983734
1.4411249822695721e-05	1.2056270434409178
1.3727137571291696e-05	1.4265669706919921
1.4466093105354257e-05	1.5169065755327116
1.4258081029565026e-05	1.7232614144692813
1.3962137920588088e-05	1.4384464709795308
1.4018168073684541e-05	1.5973587146620514
1.4278697707858163e-05	1.332531712306164
1.3947262098561335e-05	1.4488010360480448
1.4159500249102095e-05	1.6648424733120462
1.4585808215307324e-05	1.7310717937609348
1.4270930945142925e-05	1.3517912856512388
1.3962985844809615e-05	1.6621146782663172
1.427938740465539e-05	1.7300413536168617
1.343402678262615e-05	1.5239795124065858
1.4423502276134407e-05	1.5762966252749493
1.4218203530704802e-05	1.642835901639276
1.3715217722345532e-05	1.6305507746404408
1.390279538000447e-05	1.5894037388213285
1.473407094171012e-05	1.7294034720150093
1.4507516453677147e-05	1.7097924753051803
1.3483334865814515e-05	1.6613195567123835
1.4567413866113666e-05	1.7271644126723622
1.3677812425198253e-05	1.3846254855834657
1.3721126565270806e-05	1.5937327334923919
1.4240763779230089e-05	1.5443342486190301
1.4166094647170733e-05	1.6020734266592156
1.457118128879289e-05	1.7295001542386554
1.4037403041838403e-05	1.691228034995088
1.4018817732286682e-05	1.5743486751275677
1.4488767328589804e-05	1.187972328861495
1.4707426081250384e-05	1.4742050439846635
1.384339730112108e-05	1.6759766265402987
1.3720594720175903e-05	1.6143315485426961
1.3816516537357931e-05	1.6940437456047834
1.4341011433125992e-05	1.3917725344031198
1.4012992612344191e-05	1.6934516417284033
1.4023092262559098e-05	1.5719986232826868
1.397343822019476e-05	1.7091148774841418
1.452552032853146e-05	1.6971454964155321
1.4205067077272184e-05	1.5554856856188075
1.4304144482289032e-05	1.7140451091388331
1.4391510276937332e-05	1.6423671858890065
1.378054182287578e-05	1.6247442499356028
1.4224244935925207e-05	1.7134225324877874
1.3867827206983185e-05	1.409719279043232
1.3792553251980695e-05	1.4619667443842304
1.4100317650653782e-05	1.5941363326462452
1.4419617744106924e-05	1.6868468548042523
1.4139096827671667e-05	1.7133207087496034
1.430778814778396e-05	1.6319918308867174
1.3743965774186538e-05	1.6583013798676283
1.3865985795663731e-05	1.5544000682997212
1.3647253529969159e-05	1.6731831843468963
1.4160383704020873e-05	1.2807802395008223
1.418517564975218e-05	1.7095020758198918
1.3788568919043456e-05	1.6767809482988603
1.3528158473123047e-05	1.6762105807455252
1.3738935810682202e-05	1.65718662728072
1.3795074156576371e-05	1.589532326474834
1.4142434718477502e-05	1.6686009757655753
1.3569350034449081e-05	1.6179798404006975
1.3737156407946228e-05	1.4540939792545133
1.4423222674769906e-05	1.6481319704329107
1.4012717692737407e-05	1.7057803973977217
1.4066596208912165e-05	1.2410347304791984
1.4726775256545183e-05	1.7172849313082619
1.4417652950242275e-05	1.6818445567380291
1.4513139955346908e-05	1.724055460872718
1.469949920200576e-05	1.6796304418191836
1.3806232382312455e-05	1.6375528420305026
1.4172974934333418e-05	1.5320565613472943
1.3716347702370609e-05	1.3548897282587924
1.4114798559816433e-05	1.5309613916292621
1.4452851100302578e-05	1.7107146607598422
1.422960645719959e-05	1.7261158210804481
1.3773280958895917e-05	1.49758062471053
1.4481188014079192e-05	1.5521671456079615
1.4139628624375908e-05	1.4205803208475702
1.3832895205988696e-05	1.68534803233878
1.488865147646859e-05	1.7220924343350594
1.3842630194708755e-05	1.5596390246066927
1.4073555477698646e-05	1.6372518151506879
1.4157378388590338e-05	1.2478481906003749
1.4336284447197707e-05	1.5216530569771236
1.431720115718801e-05	1.633452532768463
1.4848122228333565e-05	1.6947252439127893
1.3530405635509734e-05	1.6660859509966446
1.4056673288224566e-05	1.5847929725162868
1.3768572361873841e-05	1.5649034164529483
1.370806810052316e-05	1.596141243192298
1.4515089695736265e-05	1.6681914342533923
1.3779612710717264e-05	1.7022314752235335
1.378481481206539e-05	1.6984881103713456
1.4248980387027538e-05	1.6480667903774475
1.4647763817267535e-05	1.6933450265332246
1.408307102131697e-05	1.578544098871606
1.3671176448151365e-05	1.564441794126246
1.4516880079416598e-05	1.542335844420902
