3.559100646795952e-13	1.287086044394057
3.4979442435641854e-13	1.2735106406036543
4.0214930274726877e-13	1.584385772070602
4.590581766720097e-13	1.6673156262875648
4.245870002896762e-13	1.5847552506197715
4.410996310757972e-13	1.6153368221640485
4.28513669083292e-13	1.537002059582595
4.305613401808555e-13	1.6803056355887205
4.5042633812548414e-13	1.588138527049297
4.091464995574254e-13	1.5677657637445126
3.8935655329867127e-13	1.4688827194692422
3.9713755588041603e-13	1.4215091190524236
4.4359272012652516e-13	1.693979571980214
4.3491218089005537e-13	1.6439279867357406
3.3195983960580816e-13	1.2696446812798692
4.120965239557928e-13	1.6661302997779657
4.772680727596829e-13	1.7130399608986466
3.9130332519368664e-13	1.4780265980854452
4.4257784914278036e-13	1.6187357424958377
4.5218340947293426e-13	1.6923032944120764
4.3002328017955447e-13	1.5269671821948163
4.53197377232318e-13	1.6261290748980193
4.555633105677135e-13	1.7169920480982324
4.115012997238481e-13	1.7075777825754488
4.117285329656282e-13	1.4851392345500027
4.4223051577946853e-13	1.6747414987491502
4.1170353671632344e-13	1.5858004547614823
3.9462842627301385e-13	1.4980085465542616
4.01167016543162e-13	1.4346242122592177
4.047363982050298e-13	1.6736251643911682
4.784032437811552e-13	1.7286844132084038
4.689841631097249e-13	1.65588920023775
3.74117637686939e-13	1.3848461604224762
4.279963559152718e-13	1.5429745507184707
4.4208235402245665e-13	1.6425229598502806
4.1316917714046486e-13	1.4778394921223694
4.323260006848222e-13	1.6782307952691342
4.390975601992487e-13	1.6184710699698068
4.3931566489708683e-13	1.6059635582977718
3.5700758199378706e-13	1.3712125952956389
4.63618310200397e-13	1.6898311052750619
4.2176152010831976e-13	1.608561270331908
4.2012930643688547e-13	1.5623895935233234
4.768746662393215e-13	1.720874229630162
4.3652245165193536e-13	1.667803132488182
3.6708314753952515e-13	1.489295081692338
4.5346205541835526e-13	1.693252251356907
4.4216017227510117e-13	1.6933819477091456
4.469805186428089e-13	1.5981324718957266
4.3972513672802784e-13	1.5806676325908569
4.45759366499884e-13	1.584051409891216
4.4435326933945443e-13	1.6988417481334896
4.656398712309137e-13	1.720665690679108
3.987746911785009e-13	1.5762215980323417
4.5091651068164736e-13	1.646450272884847
4.4478790212268294e-13	1.6181573528618785
4.3848125082927354e-13	1.657346621729709
4.3658259318875026e-13	1.6104023002281633
3.7834528367824927e-13	1.442172641688412
3.198446944693176e-13	1.1965807152392967
4.4483054745347425e-13	1.6281100601163159
4.350284872577978e-13	1.6560646283709308
3.5301919880251504e-13	1.3854661683354568
4.303847902747022e-13	1.4692760929775046
4.704277681455138e-13	1.706429646976314
3.5970613265047794e-13	1.476181050151231
4.004922915948425e-13	1.5370483477053605
4.1541189802891087e-13	1.5204894824292041
4.078782745836467e-13	1.516163459441279
4.737520943597819e-13	1.6479810406305662
4.624841439811994e-13	1.6722188598377365
4.547745225604138e-13	1.6505442210154033
4.461750558681384e-13	1.6286695853981548
4.349406693563057e-13	1.5750960320724163
4.555136711358031e-13	1.6098202113425102
4.4383254412721763e-13	1.7175764431312683
3.7914304118092437e-13	1.4835908166353182
3.6375150788089553e-13	1.347394703694975
4.4718622610193607e-13	1.7150356828826872
4.41113584997332e-13	1.525370305577538
4.001354438139132e-13	1.4595363300220872
4.645424501045084e-13	1.6541266478570615
4.704034833624513e-13	1.6926712300294753
4.627232608030506e-13	1.6343558469584853
4.653680119680856e-13	1.6817616019824926
4.176075900173172e-13	1.539784145669309
4.0826068377048305e-13	1.4983309744913267
3.8228386795852545e-13	1.5706339220641197
4.3529149248142236e-13	1.5539755318828994
4.247445222633974e-13	1.5249929489434433
4.939437822926178e-13	1.6880007712280425
4.026263113560573e-13	1.5459322165090206
4.5144435477379076e-13	1.5817220314039706
4.424540994023567e-13	1.706925027651891
3.979999708532252e-13	1.5075396146881577
4.335168287915549e-13	1.6155210189386047
4.250195460436444e-13	1.5745838321930288
4.0084366233302435e-13	1.4132722119563896
4.3663879986458473e-13	1.6930303746487638
4.253480663947388e-13	1.617262040795709
4.1436597165428604e-13	1.590452386482615
4.249282205438528e-13	1.5940526416618808
4.0398944938725113e-13	1.5077676958833428
4.66514166239589e-13	1.727072690866213
4.772888995735747e-13	1.7271916368640339
4.813319124679731e-13	1.7168630707962307
3.006165849003417e-13	1.2192410089072103
4.872311660658467e-13	1.7289251829103471
4.624303827664247e-13	1.6764572197694425
4.788217114899467e-13	1.6848292747637386
3.877962856747727e-13	1.4231665255504484
4.258945356141988e-13	1.626201544730641
3.8754629332215414e-13	1.4812372716286784
4.1649202487779187e-13	1.58496046414324
4.5332475560500986e-13	1.6606732877675694
4.2134339399388004e-13	1.5811475850556498
4.613120734971597e-13	1.673217484215537
3.865535769163846e-13	1.5475234665526352
4.070808810057669e-13	1.3951384866357037
4.682092527669105e-13	1.6839277523664147
4.517413074755164e-13	1.6280596398307758
4.362021725276745e-13	1.5072313565514408
3.757293372440855e-13	1.4951804405251865
4.4761910202173155e-13	1.6991714412715562
4.7316675460157e-13	1.6965466161690685
4.3565851666634303e-13	1.7287475310799985
4.364852685525033e-13	1.6324111945607267
4.0740586043341895e-13	1.5581108621706805
3.860857684420829e-13	1.4438629204443367
4.856454680313631e-13	1.7281117295036337
4.4501985905864625e-13	1.700838764969581
4.2839875841733413e-13	1.5664991332379348
4.5207269554351245e-13	1.6931446096630802
4.597852497408316e-13	1.686083591685437
4.0361098778213725e-13	1.5185821075455255
4.3102167554934337e-13	1.6089706600380267
4.63414120239035e-13	1.601887515300263
4.4026185557646944e-13	1.652678713700909
4.5055586007587415e-13	1.6313276253045967
3.759890867888929e-13	1.580001468356152
3.6644118387075287e-13	1.3320486153854316
4.469415414777171e-13	1.7004473420757045
4.185475331498298e-13	1.509907104940954
4.102591676689942e-13	1.5583888495160427
4.3858166798088353e-13	1.5589930946844404
4.705579354974165e-13	1.7089130191743187
4.3335684756992505e-13	1.5668681386636
3.7624786924089723e-13	1.3740225306431912
4.486928582660851e-13	1.6462790001981857
4.0533787500288357e-13	1.529797227217365
