0.004366673651767765	1.6911490341642776
0.004356106964404806	1.5478697172546716
0.004254529130382293	1.492552173217193
0.00435857855381742	1.663262669347263
0.00431797046135849	1.4555433065865553
0.004448461894199017	1.714363899517278
0.004451318268987355	1.4861195108504828
0.004349427873809762	1.4286860600970959
0.004292010611917712	1.3497592697365903
0.004393492936624108	1.5819565638308042
0.004250862171622523	1.4987896377352254
0.004304451157308997	1.6682297042061645
0.004371515975029596	1.542681985110573
0.004348283120756863	1.2888181574424329
0.00441761447965919	1.5235211413462049
0.004382813684309546	1.674462970868336
0.004396327166620747	1.7232190343689693
0.004358585665051297	1.3933951478565143
0.004459971047603041	1.5720797676365423
0.004396260481774231	1.494891554073587
0.004282067790614112	1.5461812638239256
0.004414308467747772	1.7097901580830386
0.004182536001395689	1.3587592052182118
0.004327161457553973	1.6542685562116526
0.004476167031910135	1.7023314076577467
0.00426156535657137	1.4758706586003927
0.004231278774098097	1.5097425046326491
0.004381103669684275	1.2605005179971207
0.004281258191806332	1.6088817122514694
0.004443300270627445	1.6139246936892135
0.004317810023851049	1.3389175852508741
0.004234189369606742	1.5430505922880875
0.004229633042362115	1.4130507609283336
0.004376289931979908	1.6665807624999691
0.004547672754692516	1.700086870012787
0.00425563962395295	1.5144159315159547
0.0042770926255334815	1.5809500339790679
0.0043576337539407185	1.4737089088951536
0.004365534855335137	1.6088677875333792
0.004487178029251637	1.529658797563263
0.004375202509153944	1.6496496756611894
0.004311326588276888	1.6684528665110852
0.004371049177385171	1.6815970275668184
0.004325212640445147	1.497031842845381
0.004239133383820961	1.7021638749844117
0.004364231541895131	1.3411877740583198
0.004393325748757757	1.7081554240731294
0.0042996817990769275	1.6581755775557827
0.004453291319870741	1.5098610292385457
0.004259202963859549	1.343359583519826
0.004416708036261786	1.71701823814545
0.004224203453878802	1.5213315400901561
0.004296190427821273	1.6155455605508755
0.004317713082094544	1.2733555781891026
0.0043741619723891454	1.7093864737080802
0.0043903369721463425	1.523962135957548
0.004299711358787542	1.5209888165106293
0.004364142690466552	1.6691749748510538
0.0043198112448451865	1.634416830535999
0.004437761307633053	1.7114498123433495
0.004263208774116511	1.537041773332993
0.00429619945140592	1.5820591638899069
0.004350425472709029	1.4775495284159612
0.004365532516877968	1.3877860842657448
0.004416262364090301	1.6717975108022847
0.004354813336474424	1.379679634170679
0.004215203632271623	1.6043140306167785
0.004309913546889106	1.6017567201799465
0.004326112182647179	1.6760169045732072
0.004398302182523356	1.3934320761915744
0.004387732982719088	1.6048268636318532
0.004396514091993118	1.646540291421272
0.004376730976002753	1.5877985338740155
0.004261853044875144	1.7101183889631502
0.004349786190079206	1.6847685376693318
0.004363555799446617	1.650838132840949
0.0043599655470398894	1.4354133900129211
0.004389046090505835	1.5284349357608145
0.004377168291877234	1.6888242013164114
0.0042992581321664195	1.4371292488467062
0.004201980598799485	1.418610646113504
0.004262117243520655	1.575485033904667
0.004363273062424435	1.6941357781904158
0.004337510848747807	1.6386001378952302
0.004237457487155161	1.637920554103732
0.004286142101205359	1.420655154729259
0.004203219031945732	1.5258902696686039
0.004342635144883506	1.7167013092389358
0.004472692596568536	1.409127434841706
0.004291822819331453	1.6756788510344187
0.004366824693488351	1.690842248724283
0.004261595939255353	1.2836483064155177
0.004405023534846534	1.695846859643696
0.004187204980460461	1.558740349674883
0.004436239115784463	1.7229416377241318
0.00427565267610281	1.6168722544319718
0.004311823609414197	1.5569188124319158
0.0042606235474124225	1.5553347003006492
0.004309731819573684	1.5695737335124362
0.0043363194346536784	1.5748195119558674
0.0043737167288860485	1.6947645426080218
0.0043028420475621386	1.6429280192578464
0.004489750165942017	1.6905605875931529
0.004276476480224574	1.6557531666911376
0.0043665856084874	1.6637645699247516
0.004299404315699502	1.6168292053366993
0.00429974198310571	1.6217267371794082
0.004437566079612945	1.717580760456724
0.004361381825475532	1.6948628247625708
0.004364776758095564	1.6850522638515297
0.00425678750358779	1.4777882234948674
0.004263886667629699	1.6120284690587554
0.004425087920600158	1.5796696429507533
0.004411238873678447	1.7029311848341657
0.004499423215749914	1.704814157482808
0.004446661217209137	1.5710089021185412
0.004356506369565375	1.2624389337195847
0.004330094028257569	1.568928779184226
0.00451295054095121	1.5729783916501012
0.004309768848827839	1.6260360426328573
0.004271120944173956	1.7070670382029887
0.004418160898542779	1.5712372162734147
0.004411218553882129	1.7132749922830297
0.0041406753413103705	1.6179540392610436
0.004490237507017643	1.5109557466511319
0.004350547730114069	1.5466099554766803
0.004381927926662501	1.5871940643973574
0.004215792042365409	1.3978966488833526
0.0042848313423809745	1.4336318098824967
0.004278522774175461	1.4219822697301177
0.004364660863567633	1.6766573309877566
0.0043026377870195535	1.372888279444956
0.004409163704365251	1.7163792726462792
0.0043597008680419345	1.5559148508393892
0.0043886328191882	1.7208262892241726
0.004251085753911331	1.6384407131292502
0.004245980123984571	1.6452065044101267
0.004353478396959614	1.5998085045882613
0.004374012468208789	1.6678740243245693
0.0043717876311157745	1.1898670682690597
0.004169404078531263	1.3899325047242697
0.004333002685850219	1.559686074508961
0.004310785009523061	1.5834435352673706
0.004389999292459771	1.6211232623912026
0.004345964906107156	1.4686224952008726
0.004270812736447803	1.6793564535728855
0.004199721565803763	1.595810875031923
0.004456834703036229	1.4756192260988263
0.004359018694557157	1.655385833827418
0.004435120826567321	1.5668964982131874
0.004369351674204816	1.4814583847451908
0.004180654276202722	1.5179991919619569
0.004286936900811097	1.5638534072429469
0.004356918573859297	1.6712140692868274
0.00440245893443852	1.5769661852751549
0.004338199491953252	1.2908177055786494
0.00443708496481505	1.5420300909840847
0.00441739333067586	1.4891546382464331
0.004258188444755938	1.5894166340260534
0.004476584619594238	1.5501445700376144
0.004460868148533944	1.6702223019631663
0.004379470962842341	1.6894260109470953
0.004424628888894035	1.4882561924139592
0.00445993115979708	1.5865644000450232
0.004445371595517301	1.4784271623336669
0.00438337322661542	1.7020972183989131
0.0043394940155752244	1.5065016674763518
0.004285806950229232	1.6272957223651003
0.0042388553913204905	1.4836478676134701
0.00448139738101414	1.5988743003015151
0.00437501663626675	1.647450411143539
0.004266538909436224	1.4953595208973287
0.004246893152647881	1.539133194672469
0.0043867570026401015	1.7207641254660366
0.0043244995155629655	1.672971795804413
0.00432348005207885	1.6076892615516079
0.0044991226131960585	1.7043321151554574
0.004286458733988204	1.483860344615639
0.0044452860144751525	1.7146510809472473
0.00434937529732369	1.5466596479596078
0.004423427309637773	1.700478234161162
0.004286599722385612	1.6072185179860807
0.004390809681863048	1.7101549866891095
0.004169538238181388	1.6746960551892083
0.004361712021900476	1.6795581135945812
0.004443002318943537	1.6216519599937103
0.004258725843857847	1.6740757929639232
0.004364286932172839	1.7085091541822255
0.0044267389035499306	1.7124314505937344
0.004215029468845937	1.3976371760666064
0.004206424337081369	1.432134476987634
0.004431129273049862	1.7238668040660867
0.004328653380778901	1.329293224542468
0.004439072602888385	1.7056111203398827
0.00435757658600956	1.6856667499854128
0.004273851145151435	1.6649658461426884
0.004344665627108184	1.6132908634786065
0.004322576770083811	1.7155417403455635
0.004186766301220755	1.435294919864192
0.004377672689992169	1.696101132636258
0.00441989573166946	1.614206404998176
0.004362735335664637	1.6835001310756963
0.00431782682506169	1.343268986572419
0.004443476671431122	1.7111186952427189
0.004349431490774255	1.7049625630987726
0.004416705183103325	1.2563753134134739
0.00435213476339976	1.6391381698247147
0.004342595504856529	1.552910097695863
0.004432705414551792	1.543786203212811
0.004472080423533327	1.712750266282114
0.004260893469037475	1.3684627321815932
0.004258299786848025	1.6947013249365743
0.0042956913719674255	1.3249435171680166
0.004343038271659929	1.7069761851677945
0.004250481763629482	1.4926391229841043
0.004392614497376046	1.6655180663304612
0.00444546470016334	1.7203244314924468
0.004287185826795596	1.5947748157651795
0.004289512693958396	1.3993242026933634
0.004388858812662301	1.7188810535810446
0.004339326954535505	1.7221018636630272
0.004308709343065649	1.6469661236657036
0.004322564116552973	1.7064605570989446
0.0041620673944222945	1.5458884857778372
0.004255749088983908	1.6835002429025219
0.004275491739157547	1.3795466778008934
0.004269408059639396	1.6413919885540333
0.00439923592508307	1.6188494787239411
0.004234478464929803	1.608153453529837
0.004433573046874798	1.7027497542611245
0.00430381219434459	1.658552270210579
0.004186981156172073	1.4396564474197286
0.004357935294849919	1.635475895960706
0.004274972461156957	1.7112624122329199
0.00455081628670639	1.572246773429955
0.004343165861478317	1.7094130189903576
0.004320808400382263	1.7014479734970143
0.00432880462599753	1.604885584172514
0.004429341765848002	1.724332944344778
0.004368457996980748	1.675687397664314
0.004193976137710658	1.4840087986819797
0.004370016918152835	1.5484543473888133
0.004484805016895269	1.6985324405999613
0.00438133484423735	1.5464224127704427
0.004354188247615825	1.6195933525581008
0.004301406823862283	1.482915701650343
0.00424913431610394	1.654083374925031
0.004399999539943278	1.706029757572159
0.004453550120621272	1.698502203208867
0.004251268294687652	1.4875627793871242
0.004291483546264421	1.6591761352240888
0.004350849766154238	1.6951191283361429
0.004376888691233994	1.6965010434140213
0.0043477994304052265	1.720627964428862
0.004297915134534356	1.4417880229495363
0.004370565040855218	1.6937558847972665
0.004415427566047267	1.6889474781075995
0.004266386186378801	1.5222368839152791
0.0043648889602705045	1.5089970128315076
0.004378976104934407	1.2239300419965533
0.004329451907974548	1.6081115625813707
0.004443842240808374	1.721832316017277
0.0042677571012779535	1.6762680229367728
0.0043730551715462605	1.5931820991226235
0.004460625329173507	1.5190321516758452
0.004279447372535418	1.4233601734905261
0.004346537254015549	1.6813717763543916
0.004212249054587724	1.5017995827111006
0.004379099841097986	1.5815697935400632
0.0043603013165948385	1.53706838440409
0.004353804541074073	1.317029031316551
0.004287836236557531	1.6549382241416264
0.0044432258845445065	1.7060664539297399
0.004176034182818989	1.584999551129633
0.004381960425939816	1.6960459121528895
0.004210602650899018	1.5689530626042445
0.0042146043244420716	1.6196181838968524
0.004420364133585776	1.6446549837932287
0.004280202294119925	1.5327277557851946
0.0041659452364478195	1.4847760897551994
0.00438336669011313	1.6999062545640684
0.0044689210784375835	1.7185654610491155
0.0043738890827955575	1.696868201017567
0.004378577621018534	1.559131608819521
0.004279684965295489	1.6660111984817754
0.004378627153438427	1.7151497470709303
0.0043068418752962665	1.3118502478323784
0.004296184058361024	1.4080222577474453
0.004345589235166418	1.700987376096882
0.004446152450523326	1.5486702137664352
0.004304169951907224	1.5599007121550623
0.00433893929181348	1.7027740391933444
0.004516321292238515	1.5124547737233047
0.004392090328418481	1.713651007202187
0.004382701442052789	1.7177635491846794
0.004359302322737879	1.5817780548333977
0.004291655585503751	1.4518187251339485
0.004493180475603105	1.7018895191001313
0.004441815187173822	1.6290713903891494
0.004302839073494088	1.5472901655442628
0.0043204374146081645	1.5994963907246174
0.00428865396092625	1.6791980925126107
0.004313422532514691	1.637263915622151
0.004357190221290647	1.6541226503911712
0.004458382559401429	1.1328537522893112
0.004450015170224676	1.7084861516467225
0.004413823099064232	1.520502074900319
0.004296168430256503	1.5929240008770358
0.004408890229773811	1.4738706667714159
0.0043743142668659744	1.5989661811289844
0.004254342866952619	1.6187870929886894
0.004346566853641705	1.6815753938402438
0.004420333751771283	1.6416621717473785
0.004472086765675276	1.5264126146217922
0.004437947595658991	1.4505451194969616
0.004371343119417904	1.6914720211513867
0.004378792869194979	1.3632258576064082
0.004445651276878985	1.7215191226725337
0.004207841040805124	1.4053052522230687
0.004299590797227626	1.6500952470464583
0.004440891001615278	1.4757824508889927
0.004470146215179556	1.7087127875356927
0.004420306406940854	1.7157822393994937
0.004338289507145631	1.5475200374041704
0.004312693140472393	1.6752875423935425
0.004488032629497466	1.7006426497328508
0.004403411084739692	1.49182798902522
0.004154654655570683	1.5058510404490832
0.004343803950312067	1.2718843407101734
0.004406122869484449	1.7225577784603567
0.004318821899164485	1.3256688591690637
0.004185082572343964	1.6520253653818129
0.004310355508461329	1.6709733182474638
0.004330724706496579	1.564468237326684
0.004220897297459356	1.447221817485298
0.0044309609252058514	1.7087990729640377
0.004268683379207823	1.5383562965584543
0.004276546138146981	1.475002974676304
0.004278237507029332	1.62347505280478
0.00447425571800835	1.5275069584737235
0.004354966507706536	1.5791719796390211
0.004445644196179778	1.7122787719229786
0.004429068451428699	1.724336235446249
0.0044444789722281565	1.7213469451219043
0.004364924646857894	1.1680240461154727
0.004348786270825033	1.6222432149468091
0.004477011258719934	1.7018504739977822
0.004357204146124563	1.4150509931514006
0.004291768145947302	1.5253799687831178
0.004345080688508529	1.673568421999108
0.004346631941920795	1.6626648219406608
0.004381176249795164	1.704459141586216
0.004284276616154406	1.4825988974778328
0.004217057877043778	1.6200290622573896
0.004223251158123386	1.426532825024825
0.004371517987400777	1.6502134972205817
0.004387705188652816	1.628051161100283
0.004391065466086806	1.5539459996576865
0.004460708916319335	1.6891888225779637
0.0043871290182327044	1.537173244199563
0.004317259958372328	1.3128642554240615
0.004335247181655387	1.639032015756695
0.004329332141911989	1.598522078454875
0.004337448493600037	1.6451556548239976
0.004373977684473898	1.70587523035379
0.004281814815504714	1.469240447846305
0.0044472000868228095	1.528689359077077
0.004374829731014339	1.5946073778255232
0.004336310158653129	1.2723255392733874
0.004333451597706659	1.323761667887489
0.004408318053652422	1.696315906585061
0.004353083163835129	1.5320197274065164
0.004267960001412593	1.5359726042246475
0.004328705016785924	1.456316987691008
0.00431642768904081	1.4641302450895939
0.00442766445500748	1.6923786124026448
0.0043007299361887885	1.6615643306425565
0.004342692535369334	1.484123792312571
0.004345603468111373	1.6498077057022
0.004395945499440264	1.6562180210625885
0.0042876225152710685	1.4874994246847475
0.004363095974069844	1.7068322132686333
0.004386921658423413	1.604287668266425
0.004282951684438107	1.532963798558456
0.004373606753880243	1.5451080164861488
0.004537585892963195	1.567951162529862
0.004259928435055974	1.3810242988561587
0.004300781882835592	1.6862843770363591
0.004377954449966245	1.6807035802857118
0.004253080660829073	1.5166828147293447
0.004262759768269561	1.347826750119098
0.004388399142060229	1.5888697287083096
0.004386114809131814	1.7194389985782568
0.0042318741984574	1.6175898112048792
0.00442801182575635	1.5510110567056337
0.004409263493349156	1.4553219958965258
0.004380167051744477	1.6745311410858497
0.00430082671005288	1.6480486331324515
0.004407262368535228	1.7111513354095933
0.004430689220730937	1.6443793070775683
0.0043086362496075285	1.673534404718026
0.004244053341322639	1.518704120382384
0.0044093184621248555	1.5345753362377603
0.004471051302159148	1.4872913104373335
0.004298852507949969	1.5678617463130224
0.004369949095962837	1.723279221404501
0.004319058501470858	1.5758491483013075
0.004261233905036675	1.45674416434122
0.00431650958059842	1.7011503100569745
0.004437391224377909	1.5779582011769056
0.0043325623470911855	1.5719056993258504
0.004389014732925088	1.5506939664336332
0.004272949145356819	1.607146492535001
0.0042964967256184546	1.6705759442140025
0.004442338678117073	1.2201010643478254
0.00444056862224928	1.714355591576937
0.004352279614231298	1.6081560035033797
0.004310442243074499	1.3704355149701402
0.00437272739948725	1.6409361260375912
0.004427203791396141	1.5992252174717834
0.004239350882352133	1.5619063304210619
0.004457988142993734	1.5266878038931844
0.00448047315986336	1.7195777627495632
0.004330347023426332	1.3796687632779419
0.004171188210830659	1.3634416174256394
0.0044177843208696365	1.6165708918260053
0.004453608307790165	1.5906366675181598
0.004341422027978752	1.3007152817331227
0.004390090801159942	1.7146943587813661
0.004367831145840915	1.6822941865028822
0.004247507931153601	1.56726807788625
0.0044251141832262674	1.67592204294733
0.0042841257677090315	1.6402971113476623
0.004124337074743831	1.5959036862778013
0.004213009668611941	1.6657802621039757
0.004319926149796489	1.3374455548644681
0.004263464886482666	1.6186277092590153
0.00426861027575261	1.5362649243883597
0.00419451215731254	1.4081857550713461
0.004213588193139861	1.3939714835364334
0.00435844589834268	1.3825295594120544
0.004449580172008534	1.6283429536910088
0.004342316235053163	1.6573810452252868
0.004418692284833795	1.6339440956956812
0.004327488537764672	1.4196041984694199
0.0043001213308652446	1.354114989046661
0.004389187153677654	1.4883739178856286
0.0043206320796508515	1.614667589814256
0.0043589402561110486	1.6658641091128796
0.004440507685636012	1.7209390625592427
0.004375469563928792	1.2133280771038533
0.004145489613123164	1.6767907990311588
0.0044395200922966805	1.7173216394067583
0.004341617912353478	1.7020904404403503
0.004430679226175329	1.628892689754415
0.00431847030948505	1.3483573379374567
0.004212314365920286	1.4931043277973508
0.00415507836158701	1.4558459931471341
0.004375932144462985	1.5864842859769377
0.004375592915763158	1.6667707387783937
0.004355530728899027	1.6961576353674344
0.00434998921830805	1.6898960592987007
0.004320844194166392	1.6634085339601974
0.004291663119032911	1.6381993142380944
0.004227910251637584	1.6352795538667606
0.004236835318812482	1.6520642529739984
0.004397339947649857	1.7170967832776136
0.004333205372974716	1.6475228786675622
0.0044573996233111405	1.6624495250517624
0.00411827568631502	1.4837221979804163
0.004486574332873418	1.5794340876735617
0.004401100743601196	1.7033677375624356
0.004303693629487613	1.700378357074487
0.0043510316989987755	1.689867001727431
0.004322396356996697	1.700808733368103
0.004312107099835625	1.6860282389154984
0.004351606990734847	1.4093632942035106
0.004303429974819194	1.3219235409693455
0.0043462524598731145	1.2439802236931052
0.004291459602688427	1.652797875251859
0.004376775513379008	1.6869677121517852
0.0043906502387894356	1.7168666352268191
0.004338873708631261	1.5872134841783547
0.004330077976707707	1.475393044500897
0.004340817213158488	1.6934855255900245
0.0043902536166950295	1.6459899665836435
0.004258644274176784	1.6648935686838906
0.004243920167284481	1.6499219821263833
0.004365730934741081	1.7110738666113647
0.004155646005955492	1.6291898333432557
0.00436608736851833	1.6925436007284498
0.004447276597208441	1.6958125414904017
0.004365622260184773	1.6469464265767413
0.0042640510447229316	1.5479976201124117
0.004228933034739112	1.543875287237507
0.004240043232882078	1.5097004592274028
0.004434414715296921	1.712575351929043
0.0043258916259917984	1.4038241654368717
0.004255314440171279	1.494034080910588
0.004352928377872419	1.6858535628580464
0.004363369711152759	1.5584948069376532
0.004204690753374657	1.6798219454570744
0.004526317675636165	1.7084030342056478
0.0041914539676760525	1.441139450832044
0.004317523054453508	1.5886680241936568
0.004474124917958468	1.7188577563203276
0.0043583920378085115	1.3623348216048141
0.004236886748316108	1.399924110810384
0.004338798810338556	1.7026945771577353
0.004518976216601864	1.5339831213566053
0.004389591882832362	1.2871299998532293
0.004202589821389874	1.397036055825596
0.004175075502618419	1.3499735851769399
0.004469316351577759	1.5384589829232203
0.004334741537048399	1.6954131269259074
0.004321538452959206	1.636520274894675
0.004365696378818669	1.6208203240953418
0.004208121792359024	1.380624403479732
0.004358285433438042	1.657647540443791
0.004356337413058766	1.648289449428447
0.004371526359954962	1.6727311785086374
0.004406438685469733	1.1978923497844136
0.004382618681100725	1.6724698294304448
0.0043387174609064464	1.6969262410188757
0.00445701076958279	1.677840892276158
0.004413258476273895	1.7042590776257183
0.004264764115741514	1.61439903640807
0.00437179847016642	1.592971723994012
0.004329284971731969	1.6216828039202287
0.004300302787364214	1.3964207202864394
0.004347232502999204	1.6442401704721787
0.004424816082819482	1.5488716948959866
0.004396825223778931	1.704498963768219
0.004403161858914717	1.7030287352048363
0.004343568460356571	1.471379706715687
0.004294395923926597	1.6320330191531967
0.004354202797968251	1.6204204892420346
0.004346672452502704	1.6977143472361014
0.00433961300471709	1.5598965891787722
0.004391185050121454	1.641003735001315
0.004313854583419527	1.5498981351159893
0.004287788497486325	1.6655499202597315
0.004351801834564883	1.252049151318922
0.004298642330164021	1.6726017258104835
0.00441724887393599	1.5582980043635275
0.00432181316368773	1.5751208759055988
0.004287373704547155	1.613456799090745
0.004370242502139428	1.4991475808636392
0.004397697622524631	1.6739006723474934
0.004346216622036794	1.610408600392034
0.004492933640395336	1.6031939184774213
0.004365594018385034	1.6575743341507139
0.004354819886148712	1.624682459541047
0.0043866819337562875	1.6676379026755463
0.004279361947898442	1.5085207274943813
0.004223322595674632	1.3428154975306965
0.004346356575004183	1.6606109985929969
0.004376323890007691	1.4446855080378256
0.004437301117084398	1.7035434187896494
0.004375811266358371	1.7039828572491098
0.004232689314718373	1.5939803234809637
0.004203314682201896	1.5428635172145702
0.00433322257613182	1.3147611948134046
0.0043745891924669225	1.6113339757470095
0.0043362660219444585	1.2998157482364159
0.004366245324295685	1.6523305191638147
0.004465401879373809	1.712999445051525
0.004511748509155844	1.5717083837508736
0.00442985173653265	1.5966750646723122
0.004193004031437808	1.603772141971986
0.0041851680785596965	1.3275994004790057
0.0043454121177801215	1.7188277070377997
0.004277157123100078	1.5378097653706928
0.00448532159824619	1.414800782001921
0.00420240065395549	1.492895588641301
0.004366881373922765	1.582902603835218
0.004382879973080454	1.6648467992141884
0.004370518101252016	1.2750784591260338
0.0043142518388912645	1.419102667726205
0.004224029310290183	1.6978424736192932
0.004374882845275857	1.6190217569929044
0.004241552476078593	1.4764552589050555
0.004333311182012723	1.3573435296995482
0.0044078633722500855	1.6378858152789122
0.004443886437361637	1.323969181071589
0.00443852877622659	1.6869213248641415
0.004288944396860432	1.7015505717009551
0.004260353366650362	1.6637756842667966
0.0043596271569194414	1.7056693347077925
0.004276728143337924	1.7000708963718314
0.004391586804947928	1.594612131424236
0.004415873026480766	1.662133360277687
0.004475706199372466	1.6742718061541022
0.004385449771809883	1.7116424445101142
0.0042513650944605704	1.5615373390047274
0.004343015878304755	1.6659627670822266
0.004279058349002057	1.3099015619996366
0.00444706823238452	1.594335472006306
0.004357660822113319	1.3668326924633958
0.004497579748414795	1.7125128007191117
0.004335137190975293	1.6075960234166882
0.0044703892962504954	1.7169795144017346
0.004299391312116629	1.5650894985408155
0.004433553229276969	1.6569557905486059
0.004344528960384281	1.6877034184812587
0.004397151645033768	1.6925350303170579
0.004411411956407074	1.1736760399334283
0.004329832762370007	1.5279305323732166
0.004351904910574685	1.6919778026946326
0.004436699734390968	1.6746273461679702
0.004449608303065626	1.7196254728389144
0.0044551530553729865	1.7165798359901525
0.004482526741510724	1.7116507920561288
0.00455899695484883	1.53554887178672
