0.5817524387201922	0.6683164570230542
0.59719575486414	0.6518447903006347
0.6058190108639571	0.6761238005188713
0.6086334710400227	0.6770035742706324
0.5863133156891427	0.5555798041210209
0.5922574996987939	0.6990985631086064
0.6095716021754942	0.6724406057902268
0.5848248899831697	0.5996122582629484
0.6088601572249096	0.6313844724269229
0.5957832378803088	0.6897702465650877
0.6003250698244239	0.6111896426060217
0.6034601920205612	0.5992056115407578
0.5874511879315554	0.6602472441185716
0.5987563737197533	0.6782141981954151
0.6093143431069441	0.5931805104140191
0.5963404228203711	0.6856702098334969
0.598508542954151	0.5804337665430074
0.5831479349034904	0.63759105643169
0.5776120714749633	0.6902995013463414
0.5898370679468784	0.6857616145405646
0.5940328201190402	0.6980421697012011
0.5931663933250081	0.6733845118025722
0.5883131390976615	0.6572154722578888
0.5753874478871033	0.6293227776566681
0.5868912522371134	0.6188596209420072
0.5929432732342496	0.6808341424234007
0.608892184376937	0.6765926473681413
0.5734990332034572	0.7130556592533515
0.596740930223213	0.583338994805998
0.5850970581212079	0.6754952118030508
0.5933441682259348	0.7024504347906202
0.5804711091506832	0.674677743242782
0.5868014636305595	0.7124229332639316
0.6070512084894036	0.662910046911727
0.5849230954673326	0.6916338096249466
0.6076597213419039	0.6662516635897322
0.5693031709356389	0.7246660788782335
0.6068601396345453	0.5791091601671278
0.602834815591014	0.6820195693976049
0.5904613812666857	0.5640821026723778
0.6117501384096427	0.6506808439360229
0.6046833731221015	0.561510093332614
0.5889604954922117	0.6920038300916869
0.6095242861178771	0.5947353097316349
0.594829719797689	0.6021982804646675
0.6033740286695627	0.5851795176093348
0.5901164826763919	0.6622174627319095
0.5923920984729145	0.6882955320687596
0.5952192213187629	0.5375531807470821
0.595731669073458	0.694613850805857
0.5895567848479664	0.6928994872565981
0.5836465938036592	0.6191302367761757
0.5956371647186909	0.6631671338199057
0.5835756028991309	0.6555217514299041
0.5997733928224588	0.5939224109596846
0.5940938661641273	0.650384945674502
0.5946486544484769	0.6891103215552749
0.5913618678499672	0.6264806321001385
0.6082932952388527	0.6500016276744287
0.5974793696140438	0.5340616126077835
0.5793306795215284	0.6871947850630302
0.5746067915871161	0.7228933340915553
0.5894236047303301	0.689821009835015
0.6003234239175822	0.6145234111102971
0.5810735481043766	0.6506265458313529
0.6068763944097916	0.6793414994243103
0.6059770109754112	0.6134852719478221
0.5932775128635652	0.5141211433209744
0.6040212000147286	0.6293543695268697
0.5795484199013251	0.6634572701770518
0.5905996913728446	0.6286271436314619
0.5945339273920488	0.6664359339034118
0.589180265057987	0.6665028259766934
0.6111831055640062	0.5922267075261389
0.5990118983723666	0.676671682203588
0.5860213406578404	0.6414493909784589
0.604213594606698	0.6826581858361056
0.5744641798327222	0.6932544675654887
0.6113592385304515	0.6485364352310107
0.5847623980031799	0.7049439317971917
0.6151522554435609	0.6586601672696275
0.5854020210770856	0.6481302948729332
0.5966156807993701	0.6785623676687154
0.5894110941123107	0.7027780792259027
0.5831554358851988	0.5619489911615971
0.5858215714423493	0.6360511301572027
0.6101788706750692	0.617772828152231
0.5968244479197026	0.6699092759809121
0.6032433238365721	0.6433045142164782
0.5870721490195969	0.6827347523212925
0.5845171294974059	0.6533514047725251
0.5887297213671342	0.6654050505201637
0.5883633860842294	0.610358172021677
0.6007689105310339	0.4754534766088614
0.5967998397122295	0.5868922243804061
0.596633736196108	0.6716331865286322
0.6129547553704751	0.6668347555356511
0.584397048126508	0.6758900835720172
0.5994665844061506	0.5663502712124888
0.5954241750808369	0.6804261367159261
0.5989669011715784	0.5878063687525971
0.598091151292073	0.6371930597330204
0.59765360956901	0.6232152808950923
0.5960848792613387	0.6841580848549931
0.6015793943262556	0.5752607522992723
0.6048978492536721	0.6800203466061177
0.5948818799665274	0.6605082115288021
0.5819975132814752	0.626201983279518
0.5682634730535914	0.7006068637927596
0.6070970609955151	0.44656048059479614
0.5944304173503595	0.5551271740733736
0.5919550231347783	0.6912730725852486
0.5839189022350201	0.6093839068475184
0.5990299419174271	0.6496193230628897
0.6046016939091297	0.6697619408929211
0.6060571309884213	0.6724093421742832
0.6094158866609278	0.5846748931285852
0.5841298810477891	0.6677174550870375
0.5944727639246636	0.49109555346701317
0.5802571156424783	0.7215424088318672
0.6142940504637767	0.6589351097647695
0.604162846664608	0.6580878332924851
0.6082655649153718	0.676422324737014
0.5839467399281618	0.6272805497930649
0.5850898501960619	0.5846758246972542
0.5842906567790536	0.6434185936445178
0.6158285478923822	0.41657459406989406
0.587012334990992	0.697682791168581
0.5998103642946846	0.6389734290382998
0.6023143632585227	0.5626232891358391
0.5688807052695424	0.6475273367817745
0.6045863401190188	0.6082096365827337
0.5906772792475653	0.5505822358925772
0.5821684176729948	0.602090176027144
0.5949036777053223	0.5833197250324884
0.5926252465912915	0.5612494633899118
0.5934092754120676	0.6173544843761067
0.5893194745008611	0.5636270551465169
0.5885876973637635	0.6566568348360899
0.5881152108206983	0.6166044863739639
0.5971916548351015	0.6736245540526803
0.5875438126426314	0.5911638163325146
0.5820901833990813	0.6450584670614179
0.5903642144522381	0.5705931310099962
0.5943092238209248	0.6385950203554105
0.606048453835125	0.6047725351678012
0.5980010344971445	0.6218425272535191
0.608402815148823	0.46613455393830117
0.5786144437416662	0.702616744171384
0.5899366363939477	0.6881886998223278
0.5944670887399872	0.6649411061111636
0.5873253144283164	0.7034779084025027
0.5776860538889378	0.6922451524680128
0.6083521108739816	0.6745602878840002
0.5881027531537549	0.6802936545380399
0.6008258099462744	0.676496335450617
0.6087613254900744	0.4773241575831341
0.5947973900212784	0.6836767657786463
0.6033508039098854	0.6848737782311578
0.5799832440158266	0.6989543110243286
0.5953879299934528	0.6014256501922532
0.5964244511003022	0.5866480745118776
0.5899454687417238	0.6879695025433799
0.6067657602013876	0.6051981785055045
0.6081021066124581	0.6769867758154853
0.6036744360107325	0.6250458011405823
0.5988853056707976	0.6824996006182299
0.5955951114260514	0.5994166389810048
0.5912154822886551	0.5747593737167708
0.5805784114564864	0.6632133385360645
0.5950001846430009	0.6907908235803684
0.5820833716796928	0.6939844191054939
0.5959532013626481	0.5222067379693506
0.5934071608575716	0.5401947530455028
0.5988952369529948	0.6824856487792447
0.6005952837277457	0.6682282118391776
0.6033272729004271	0.4583736870384607
0.5954860300170924	0.6130522680015547
0.5708339978064526	0.7272636298940456
0.6091109770687981	0.6040510999105727
0.6070925512399757	0.6171391167591647
0.5838048536244328	0.6715160734535592
0.5967050438599647	0.6882618725022893
0.5918800848422547	0.6586433076820455
0.598469070550921	0.6569232311535149
0.5980383082691206	0.6719860289033924
0.5953982261087282	0.5900703050535432
0.6053622948832759	0.6435851767307448
0.5938606121197149	0.6175777037395295
0.608271508589064	0.6237989699737059
0.6006412577393277	0.6830323758704442
0.6167728907789894	0.6097092507520326
0.59794872221667	0.49989712518904245
0.6074373164829869	0.5982708916419739
0.5961369191876214	0.6718949601829034
0.6081725183489943	0.6774503682108091
0.5919940729603445	0.5523918768407299
0.5890298111502374	0.6516933048308986
0.6008114196392524	0.6329620541217611
0.5876295642546496	0.7011339158989627
0.5982635646212526	0.6824603916699745
0.6056642175435485	0.6628657557534843
0.6040682331158859	0.6495538352650411
0.5972798508048776	0.6314507374989513
0.5837587746635522	0.6388936638686736
0.5996523675986372	0.6027397901254664
0.5824438236261682	0.606691714575271
0.6043744032271305	0.6686144589217605
0.5828359378721032	0.6783167138763401
0.5797075566263062	0.6316899562426185
0.5929167131431605	0.6142042422718426
0.5851051593732016	0.6879837991632701
0.6006462077041999	0.6470768934753477
0.58909931963228	0.57502157412131
0.6103409901481718	0.5801434297847823
0.5854254537127357	0.6493630631754401
0.5864564838535455	0.6919097046370356
0.5835501754267554	0.6006742617199958
0.5872128322112095	0.5695727289452406
0.6019414755525315	0.5894675923840341
0.5912483967590989	0.6833002289056829
0.6075698902298922	0.5921341134516196
0.6103513800558933	0.6746232435859054
0.6111992084789981	0.6701285544045917
0.5814932616788939	0.6539904798335057
0.6065336164890514	0.5993150330000373
0.5822430846341222	0.6820818548250828
0.6019051874720996	0.5799909706802349
0.5927871760651464	0.5488338523372602
0.5901391572331222	0.552749904163529
0.5875345260977459	0.5510623370387442
0.6033436096510121	0.6372785324898895
0.5947901457210121	0.5229899080291331
0.5871149013630276	0.6902198506769979
0.5882208630653017	0.655440847058161
0.5911656320011197	0.5569275298937287
0.5950601075688486	0.6364946523807357
0.5969407264843213	0.6404968034082961
0.5964826400698401	0.6666831041329493
0.6035743668663942	0.5135710680018388
0.5822733893363552	0.6976027893579237
0.5960199856356364	0.6864462582259103
0.5878428738336582	0.6922860801117976
0.5999954213769098	0.5736670196809591
0.600470266994997	0.666528549122217
0.565292699906875	0.6956506685234809
0.5777918411532362	0.647714344615018
0.6023732011975809	0.6766233207692399
0.6204918913944804	0.6024553269230409
0.5930719363591649	0.6794307463564229
0.5991945725301717	0.6602110905297216
0.5960725618594204	0.6316629846236042
0.5810195221354171	0.7049393921860156
0.5983492184290348	0.6220845064484217
0.580073114411043	0.635367461571729
0.598188486314926	0.6278723857343117
0.5910918680721082	0.6530488367415037
0.5889775573378164	0.5657712134859014
0.5828658223356317	0.5419822751364185
0.5837648493156021	0.5835249597651585
0.6173866172636071	0.6515416255280264
0.5745910836830941	0.7007636642390949
0.5908470056093003	0.6138168163660235
0.6074309375588507	0.5885704317935969
0.6057912012750697	0.670002517973018
0.6064278836182135	0.6556781105002822
0.5946835923013899	0.6771807061006392
0.6016153790519857	0.5893311957173475
0.6163142413122352	0.5872075063442526
0.5850900192985099	0.6923724402221761
0.6053547511103834	0.6548996792560733
0.5962397643238054	0.67512082528597
0.6048453285699409	0.675403354920601
0.5974287162188867	0.5189118563069701
0.5852074951962223	0.7069568332967782
0.6156845007627443	0.6624554787937742
0.6080702714051941	0.6768336585059572
0.5837597998477085	0.6940052800153512
0.5877425569396446	0.6206719672342893
0.6094497039956752	0.61445013761662
0.5892753427289744	0.5853445141727125
0.578097239866173	0.6855076882047124
0.5825497764110874	0.7191826228704655
0.5989660933540973	0.6610387950435723
0.59126181220922	0.500495403392595
0.5930868540133644	0.6825055050103108
0.5967856869622012	0.5838980876357148
0.5961140783429322	0.6613750429370552
0.5938509210351696	0.5090080864825567
0.5965402195048013	0.6899861318171991
0.5942292833453068	0.691325305418673
0.5740629096580041	0.6584269196382287
0.6104554092258605	0.6196242489286822
0.5981697829252695	0.497572370592962
0.6074647698399023	0.6635939340355632
0.5910922741750981	0.6512570898876662
0.6071245212936136	0.5685335039758956
0.6083433745736698	0.5774198400137073
0.5901231036025406	0.5881108834625961
0.6088656831188058	0.6330743746251718
0.5907622405289055	0.6670788887055573
0.5947701107599156	0.5338663803650272
0.5788108908657019	0.6953178006963607
0.5994908424592906	0.6303879788223314
0.5820258749119714	0.6261437944225687
0.5900362464186083	0.5745089047711825
0.5976481040032209	0.4957026639684371
0.5953420273676521	0.6154813192593581
0.5935117835733604	0.6924441692956065
0.6022347613757021	0.6872337003361115
0.6077592461827207	0.6745734020724152
0.6078996648977046	0.6162352241203476
0.6058421684146346	0.6286313984855855
0.6095659770650428	0.6748783281303251
0.6059817558056749	0.6805425455378493
0.6035271754770284	0.6742654656721894
0.5941409219618595	0.6966178060982384
0.5847011742493466	0.6782886870804449
0.6066356531082263	0.6754493739694916
0.5884338185798315	0.7059175448824779
0.6065630987047648	0.6714485086155453
0.6024567064741774	0.6118667933584069
0.5918623597082804	0.5980701400226619
0.6049081656970714	0.6757710463606137
0.5922737632542779	0.6869049290214848
0.6002352347405396	0.6845040255984844
0.5796127931566784	0.7087035465901489
0.6050961216363442	0.6772993446247876
0.6121160479409534	0.5972140901675967
0.5953634176952503	0.6197557556883146
0.5765789880554599	0.5694280180240615
0.6002040147820921	0.6849181807129976
0.6005978036855179	0.6863976898688474
0.5892706962320952	0.7109976895606156
0.602165736103417	0.6740159832641861
0.6072511732783761	0.6343438199377722
0.5953971193574872	0.6498565653880191
0.5914087028334246	0.6214213231128651
0.5827945441547064	0.5491562182708083
0.6021427892691303	0.6258978346898827
0.5817873007909904	0.5980894339759674
0.6058538589955955	0.5735063033766084
0.6061432697612951	0.5827428220138804
0.5800466890297464	0.6903246378363319
0.6034000293546293	0.6469607316806272
0.5853795945706306	0.6274687059290094
0.609048003878183	0.6522618843146787
0.6188748105942489	0.5801844106791169
0.5924327728870938	0.6536866032443898
0.6074705676979826	0.5822400319750402
0.5918615960164184	0.6878373127807471
0.594512721809248	0.568891971785911
0.5815897192230081	0.6991019889595365
0.6057266569600883	0.6824514916518614
0.5959648026952281	0.6813549219923412
0.6132600739133741	0.6639931279430995
0.596623186556276	0.6050882679873968
0.5955630494938347	0.6815653259036738
0.6083267549444122	0.6122940328115987
0.6033779622123239	0.6632794772538242
0.5879748418132107	0.6363306799197537
0.6002677446093182	0.5896121216994122
0.5942768637334342	0.6924692730091179
0.5780876367699789	0.7172889275603735
0.5930536130037191	0.6458062755332908
0.5980865973092934	0.6875668743093687
0.6021938225285249	0.6740469317643931
0.5945119971389597	0.512923884261763
0.5959859653126985	0.661602298452822
0.596495178709717	0.6813600882922333
0.5891362011417891	0.5630272563339539
0.5847862411473983	0.6755951493209377
0.600465900687637	0.6126911640619259
0.607458263834421	0.608735711413924
0.5882529741365612	0.6955628094838098
0.5841226487593	0.6444902830020385
0.5997429627039118	0.6145918259639733
0.5919579011823051	0.6864742127160274
0.6162732215390181	0.6501927250583504
0.596146457601493	0.49617267923178515
0.5957025475230857	0.6934413129202189
0.5892060355013942	0.6578916656414558
0.6100452146047877	0.6505860688437709
0.6048318652646432	0.6039833430919539
0.608145785423374	0.5946915910458662
0.5974153435499149	0.6910416539084925
0.592310887786959	0.4782750292617761
0.5873199130516822	0.6562425991258476
0.5961159695218521	0.6593479155514624
0.5956328528581395	0.6907109109420242
0.5978780668276665	0.6678359464760228
0.5998545839748012	0.6773828808066902
0.5984623975447305	0.6000596548510002
0.6083845142497285	0.5743081804976922
0.5716204081330417	0.7133276055210755
0.6071799687472389	0.5445800900459739
0.6133486840467146	0.6685669755888617
0.5955278950777275	0.5994219598615577
0.5857518311227693	0.6913414158078657
0.5783072485747455	0.6493573561659668
0.5941314797966266	0.5123356859635787
0.5881763563645142	0.6850214924587406
0.6128327909408591	0.6029906135651097
0.5975373914243572	0.6590618442310112
0.5950620792039183	0.68205766558344
0.6070863360471511	0.6342086745844427
0.6035115020721407	0.4636858139364401
0.5831595690052366	0.7044126281577889
0.604576621238991	0.6125626237768794
0.6027420584176651	0.6299151096887607
0.5822283807888873	0.6524576358976909
0.5901319079263411	0.684091913988453
0.6104321567223031	0.6732416363219382
0.5868910828421862	0.6640380119562247
0.587137209787975	0.6117054806080244
0.592313381688362	0.5480945800703634
0.6085194863334545	0.6715401330303082
0.5975984248417219	0.6823288924301714
0.6168289955710591	0.6013783372515421
0.5972170775025464	0.6891327511353191
0.5945863917774816	0.5740685395505613
0.5937378909750106	0.5517851329063203
0.5936453595079042	0.542269244766896
0.5917929555168208	0.6246903343445833
0.5968458620544835	0.6910065163729491
0.6043779073151139	0.5903480786600455
0.5957742915415163	0.582680570237227
0.5955766851350052	0.5242542759483072
0.5926002239505848	0.6755538112789173
0.5940801588453121	0.630695599460494
0.5926671139913459	0.6912168656514605
0.5666096782991501	0.7206387647781529
0.6000464843573468	0.6226867052012555
0.5949141123673991	0.6817070977204605
0.5962702813392445	0.5877312573668247
0.5882426028189347	0.57385426177911
0.5960253780636444	0.6447571583479617
0.5960573440528598	0.5942052357223365
0.5813187212864634	0.6560914590685323
0.5954910700593727	0.5705568851505481
0.6091144866334524	0.6704378863312941
0.5801762137769235	0.7122444583475831
0.6125346058416342	0.6627188003025195
0.6036207421922207	0.5220870154529693
0.5982599136168577	0.670218325423428
0.6081864425805933	0.643739096630386
0.5786945962446236	0.6838851455319008
0.6062014867543749	0.6097227248263627
0.6061934573059192	0.6702437190541712
0.5883660289876602	0.6472449713443655
0.5665095502151897	0.7271680840684941
0.574931224948854	0.704380746546161
0.6175039163433816	0.6595342500949246
0.5870373476907986	0.6271308504475553
0.5923708323591115	0.6299925254970129
0.5789962621233096	0.6663503863867286
0.5992764221114203	0.6881456535107653
0.599877955608557	0.6291117087164615
0.5875507638990726	0.7011559484133062
0.5963922197680185	0.6502359447714647
0.6027868486499194	0.6784283002504388
0.6008150021949402	0.6762070322070696
0.6190449223414275	0.5544785885786192
0.6112582231923721	0.6719300889735813
0.5978993139567924	0.6853514952766809
0.5843843853899919	0.6810616804273076
0.6010212193341793	0.6784108855838988
0.6013349299699604	0.6859527659118294
0.5735874778664346	0.6773903151530196
0.6085626193033402	0.5974436672374855
0.5876246515598338	0.6592475159897042
0.5814924283248353	0.5942945251895229
0.5931812640056603	0.5366613466567185
0.595504930128262	0.5512342370159371
0.5971461952597646	0.5729783749990544
0.5836630205569641	0.6520227395205558
0.58732125011111	0.6729066295219851
0.6001458372769586	0.6323588290155693
0.5832682003550025	0.6867833970957885
0.6099554805494415	0.675410680949655
0.5963170027452714	0.5915807518225128
0.5891364185574332	0.6469214708536818
0.600341124123661	0.6713355402520211
0.5979794946567519	0.6718168049067279
0.5821030365379586	0.6527781926860861
0.5835766993417627	0.6979104311174251
0.6027049928649194	0.667248046618665
0.5894275965555082	0.709335145078499
0.5943199582255977	0.6039411876385239
0.5640776700614049	0.7261591988429943
0.5878796485831014	0.6996306007861288
0.5969672563856584	0.6936602464131786
0.614710801110491	0.6623689428160183
0.6023053123240705	0.66009918021349
0.5951253083487863	0.6671328610251407
0.6043083405425761	0.6681741695299256
0.5987020043911211	0.6521529957272658
0.5879249798287044	0.6304270586029856
0.5970689003865416	0.6801730046090113
0.5944668472086589	0.6674484746373207
0.5963375956153638	0.5825878568888835
0.6141160323232239	0.6626348851244881
0.5962026845807643	0.6899968901070485
0.5757528723733544	0.6812331004089522
0.5689852049174485	0.716017428237772
0.5942263390693672	0.648234836144465
0.6032566598983032	0.5511307009857483
0.5937789016941092	0.5149891142607338
0.6167224712235208	0.5583295962444703
0.6041072015833732	0.6482807802729621
0.5873682515773574	0.6912148587309148
0.6087220175830603	0.6604478321911829
0.5895503844102766	0.6956833089364323
0.6067782382712437	0.6679983420497975
0.6024529124208053	0.6780206415088148
0.5929172342712674	0.5429086044258217
0.6054069248969483	0.6594777996641931
0.5943647688297438	0.5396165657431568
0.6034934978809932	0.6699073205193352
0.6001826449375735	0.6243499716227876
0.5834848262617608	0.7110812188776939
0.601488341585868	0.6408608851954423
0.5784772595528115	0.6973178209408261
0.5902030403269195	0.5328532379454551
0.5958541304500358	0.5018765897771452
0.5944557488205207	0.5577273607644329
0.5953664124086308	0.6742750981662184
0.5982260096650259	0.5173472336864791
0.5927933994921057	0.61451540049523
0.5975251018028608	0.6802203756244422
0.5877636844004724	0.6701160440811091
0.5800049531216803	0.6878903016684652
0.606049380040574	0.6368330687667574
0.6113249762469131	0.6614972920077093
0.602724109718294	0.5262463241935538
0.6127237113012862	0.6702141471494775
0.6143868279843885	0.658446884655925
0.5820585021930026	0.6738575550305761
0.6065024696696952	0.6495803410801904
0.5946327708819075	0.6892851828677438
0.5953339066056343	0.5901824639565681
0.6063845640103888	0.662783500394184
0.5898297343318534	0.5550467304597897
0.5838423626801217	0.7178812348025414
0.5977073412057736	0.5858946447293789
0.6043186930850275	0.5977009738676744
0.5781246423088281	0.5692325924403167
0.592398942748835	0.6224107022967007
0.5917357075334414	0.7023750659695602
0.5886963829330113	0.6567229757349695
0.5869461506790076	0.5354644316353293
0.5971687415779906	0.6664179000591608
0.6031736186530364	0.6666686684853991
0.6016987009699951	0.6802759283869457
0.6110439722054376	0.5985499482247605
0.6004395897792342	0.6193573563902808
0.6116732904302473	0.5499131584016322
0.5945294208412373	0.6899613565184677
0.5745252803421462	0.7176064560707243
0.5890020107998918	0.6976664034353737
0.5986174235558764	0.5656899268906413
0.5854874643392508	0.5557103122201394
0.5931917924702648	0.6514692585884534
0.5809657824893015	0.648823691528466
0.5970792584968075	0.5661167054480889
0.6042758456992089	0.4639845247211422
0.5959033218275273	0.6835283439125139
0.5975966578247072	0.6475626498180133
0.597502339461138	0.6701559512155757
0.6107818494668897	0.6675377577349633
0.5835965395262963	0.7094194730247315
0.6208924647144697	0.6468498230765625
0.5950728474901203	0.665622247828443
0.6039561000030885	0.6242505275606675
0.5908380038061447	0.5760985405581718
0.6064389468830707	0.6179538748727413
0.5996390107478873	0.6112848467758465
0.5900080000929235	0.6179435275163596
0.5926724828650795	0.5501763769367792
0.6026946453446845	0.684684724073265
0.6063069809460468	0.6762976505266385
0.6083627131519698	0.6696657625022306
0.5963700030385788	0.5927389591918799
0.5937570563575415	0.5216532392634885
0.5889064113377338	0.6624698511457485
0.5825169389044993	0.6248887655147746
0.601278092661135	0.6838703024687716
0.6011724932392827	0.6056730837442272
0.5940564458975232	0.6904948209212101
0.6011527704955786	0.6374254302146549
0.5730976483347016	0.640146690300037
0.5942711077324674	0.545464032719296
0.5975035950138303	0.5743682229026983
0.5760611326684207	0.7242084011191168
0.6078462790697622	0.6752260980870999
0.6022006238600095	0.612906021337089
0.5957638762573181	0.5285594380570512
0.5905040362028632	0.6946777840675551
0.5990405699833272	0.5345630129660714
0.6005032183824353	0.6709557047523607
0.5936034850415812	0.5708216442552041
0.6101632073270004	0.6221227286412876
0.5957781303127806	0.5202774346462054
0.594381389201952	0.7010197496739521
0.6051951003888841	0.6715336013301271
0.5931159271237958	0.6777480557706826
0.5990574946964096	0.64223462212837
0.607707535427423	0.5666647812328987
0.5958201893086108	0.6301658154540114
0.5664193792238802	0.7238924519439432
0.6094489309977105	0.4352890344444768
0.5903991548459727	0.6542041428824071
0.5939041614810068	0.6111625356132755
0.5757775783992621	0.6459839301332689
0.6086647889870315	0.6749968654572478
0.6040830601255311	0.6752114647310203
0.5968067491875833	0.6878246719652742
0.5802658634247442	0.6742469859207084
0.5988743370181211	0.6317829219835551
0.6048335736816067	0.6727557453820272
0.5942861419307565	0.656427805235517
0.5947381611756875	0.6490128247764687
0.5862527335223953	0.6514459856020719
0.5970670287580944	0.6519081635366213
0.602274713690246	0.6779091060636344
0.5900616778954481	0.5516031913470081
0.5919629199738544	0.691645746018485
0.6062097275986269	0.6114962984180551
0.6091642691290834	0.599647087507273
0.6082461062733442	0.5997343418589793
0.6064751626459502	0.6034826625344158
0.5959605665573764	0.677392386366966
0.5692141198848865	0.6586678911412085
0.6086431710751593	0.5762231167531714
0.6044921887916176	0.5989025054804032
0.5984763707801393	0.46244418852459107
0.5759578603888263	0.6365708922758524
0.6137101712702618	0.5980342794305245
0.598964002519514	0.645561285380192
0.5805524214880771	0.6719434094946579
0.5945805502254418	0.6212626495885007
0.5763905101000721	0.6777814805627642
0.5966719482226012	0.6953250520003946
0.5800739280286387	0.6886064279454078
0.592854174567301	0.6618441499340388
0.6017621525801057	0.6634482963071977
0.577101868614665	0.6869807346514496
0.5960138645840645	0.6877941168032711
0.5834786081076131	0.638426630796987
0.5789761944610523	0.665642046317584
0.5952661206129952	0.6945669613889465
0.5972971752531371	0.6764249908773836
0.5733672237451368	0.6580418289564562
0.5963667514890727	0.664636853442744
0.6263764309049935	0.6365498195709149
0.6124496104652385	0.6690776785525698
0.5991492585389631	0.5940221277746986
0.6166167694670622	0.6080190180347755
0.5940897136797059	0.6567029987767267
0.5833422962322459	0.7144235768987948
0.5810527724619631	0.6085555427910757
0.608549498392404	0.6747744300940659
0.5808618933037202	0.5628631545116591
0.593356425913055	0.6017642037913069
0.5979467443907434	0.5824212633386958
0.6065794411521008	0.6806618306618641
0.6068580535635977	0.6690995809082648
0.6117106932438334	0.6659699045771543
0.6082411038247253	0.6400435931775557
0.5911011139783349	0.5421978911314637
0.6104641642544008	0.6523521389840614
0.5943812652320737	0.5789900166221711
0.5934956490662648	0.6743956503712758
0.5974092559555916	0.569774113234917
0.5957731595935162	0.6900940016464632
0.5807084176141986	0.660676069898993
0.5981384977094842	0.5090474679132553
0.5883508063437594	0.6828967765003691
0.5948521718069827	0.6344479640463954
0.5748032017656107	0.6973226932233835
0.5897066680988025	0.6729872281815235
0.6021846331429922	0.5903261923618811
0.6053435658212195	0.6761022849030212
0.5849239032598883	0.7087806197213914
0.5996736338980065	0.6221099575754145
0.5945444825657951	0.6760128086254453
0.5724548010851366	0.6397080614330098
0.5957130132409674	0.6847597249792345
0.596913519952836	0.6402703295449079
0.5954264173287926	0.6459712083814256
0.5951654201632163	0.633058942144235
0.6057252297785013	0.5823640069899096
0.6086761273426183	0.6708672125573708
0.5970727701844841	0.5590276712725026
0.5968575240112399	0.5380611376016832
0.6074299948451117	0.637214209909807
0.6042437176474627	0.632437150644306
0.5838073575966256	0.6416285186347347
0.5740418798683502	0.5788682973564746
0.611044474709821	0.5933283995342746
0.5957524693576176	0.6191735144587415
0.5873549637121921	0.6938105347783414
0.5820129398866587	0.677745560812077
0.5904946869131757	0.7003282455871394
0.5974665407973584	0.6583530342550832
0.597560300376896	0.6256631874293728
0.5980863483891825	0.5377992185756475
0.5928564079808417	0.6438380607986665
0.6073967816488615	0.6723745707140721
0.6045535191925164	0.6816417673042041
0.581033461977855	0.6795789864420656
0.5852758742338519	0.5706683168067598
0.5842898214680045	0.6407648491122035
0.6217065308648235	0.5900244567480256
0.6054584206053335	0.6146774784674198
0.6055438869801018	0.5962510205612623
0.6068785572311374	0.5880664968895932
0.5853095866992183	0.6576028911431682
0.5935972685322812	0.6185914825427795
0.5991295371747928	0.5833854202267771
0.5844578993449314	0.5935519139770651
0.6022352681925213	0.6675700478897193
0.5965496631036326	0.6725202490559026
0.6024094675246626	0.6316903476661586
0.5982575762582333	0.6854398641544528
0.5964451724587057	0.6792041016991601
0.5856898898301884	0.7032987773233211
0.571838583482564	0.6964976680195876
0.5932322848898814	0.6502576464164695
0.601278483772228	0.6245594086815555
0.5998080586811709	0.5724460608240658
0.5984101659363965	0.6707787818594934
0.586239109574988	0.6010709169782564
0.5985996844501683	0.6490712672433822
0.5935724369805324	0.6928378205967404
0.5876201079875798	0.6010371315025415
0.5945396149024548	0.6541243217153543
0.5779035311791416	0.7147605488704905
0.6079530899493296	0.6767389223435751
0.596779840853685	0.6768706321137486
0.5880046859837412	0.701651796577482
0.5839141435058128	0.6593854474884936
0.6011247286249091	0.6627802911284872
0.6125062234820469	0.600455084587366
0.591057441375318	0.6325071073516121
0.601184148786215	0.6130100228868782
0.5912548626087872	0.6932079591694191
0.5960015356825233	0.6034824493425094
0.5963069374345648	0.5931599324137329
0.6111384045804888	0.6388300984804067
0.5951589743108436	0.5431571278876868
0.5979539180031795	0.5825077996072617
0.5989978411107709	0.6853792840158243
0.6004163809189461	0.6814514113700223
0.6022306942878698	0.6735205989083848
0.5975407743095529	0.5171251309914627
0.5887233272932741	0.6278432461594485
0.5866567846450205	0.6890233570767466
0.596348015613588	0.6184302557241791
0.5859946379596022	0.5728706061181439
0.5805782384187763	0.7010891212341367
0.6005390158255356	0.5369471811093527
0.598523975905715	0.6809407358681567
0.603876642553423	0.6430101452269739
0.6082101835520455	0.6396592408668978
0.5940681277288063	0.6252652443873425
0.610404854721292	0.6175541803184548
0.5878376263463484	0.6246711863711352
0.6020933037246785	0.6865145961653679
0.5910046735609598	0.5324841524849272
0.6122540070153178	0.6317108647332941
0.598582337225253	0.6894432254217788
0.5670575924684325	0.6149037934605258
0.5973637980575958	0.6482508941852042
0.5947436890204656	0.6576246968551074
0.5973712018771002	0.6602114608098872
0.6015768361197684	0.6585208309995569
0.5729038957417687	0.5708338328002688
0.5871061966648451	0.6540985582009333
0.5885626050387002	0.5974361223193454
0.6037628287174103	0.6853806534867501
0.6007126299224255	0.6791389134073811
0.6041985517436967	0.5853477212152325
0.5970650147214882	0.5809320387138163
0.5980596942314556	0.5271048173733934
0.5974988162986272	0.6820377906896604
0.5973007355128008	0.6672254520644592
0.5808200558600484	0.6972513557503865
0.61242587586789	0.6437203674090701
0.5992818413094465	0.6679413148240421
0.5997731907929246	0.613475770519133
0.6005340921685729	0.49399679069977376
0.6082329405251158	0.6344372294159305
0.5936957092277277	0.5096598338430437
0.5832853117042217	0.6771767905453999
0.6028426410627012	0.6032271750571343
0.6029435974216186	0.619605044066324
0.6001718099280257	0.6576161165364205
0.6038840277375825	0.6395075178895475
0.595525247262915	0.6744223530940262
0.5875648983781893	0.6507829553710527
0.6002159516958023	0.6049096713117295
0.6106211386308903	0.6738170060347108
0.6000535580541076	0.5918214795968912
0.5837662758812939	0.6826587146563255
0.5922510645397671	0.6412226430994352
0.5715670713165545	0.7317590618838568
0.6040325398754834	0.6725510367391969
0.5883649186522676	0.7026462150731705
0.5956704664078065	0.5805036255336072
0.602734658217807	0.6751452617641762
0.5896200727239925	0.6937238449546161
0.6079408602567749	0.6781701900612942
0.5993217107004775	0.6772765699440036
0.5887576126655688	0.6705703764294931
0.6162608001468666	0.6608388578436744
0.5734067563256774	0.6717751414988302
0.5974670405556558	0.6503066587694553
0.5689289522233253	0.70367641725457
0.6031949642589954	0.6503317311719055
0.5886693627639485	0.6522203108396284
0.5966677494267647	0.694614864091827
0.5932326398230705	0.5836173947337346
0.6082011419534616	0.588493082219427
0.5700062206923299	0.71373840755398
0.5933647740260247	0.6522103630511582
0.5958837517078839	0.6460897208063188
0.599944744160191	0.6418399804543403
0.5860405776375167	0.6932076832009936
0.5954013110164137	0.6345601824630421
0.5798426301540016	0.6943471262105985
0.6074160590244276	0.6718082809903134
0.6055090224745883	0.6829800469907903
0.5926814257039567	0.6838026519360652
0.6271588823697848	0.6382870609801377
0.584144493528618	0.6555861967977025
0.602796994124171	0.6738987347972452
0.6023903276760867	0.6682066484638668
0.6073081289485639	0.5861080375294788
0.5854088388475994	0.6566402092754687
0.5950263897650019	0.5840102633330326
0.5868348704538263	0.6455443670094408
0.6068118251222332	0.6701187242490583
0.5992727544342468	0.5100105924911542
0.6124521782223852	0.6700393642856586
0.590631755199064	0.6568002682302821
0.5922378026158617	0.5860673953418877
0.5760606032066874	0.6728060281498153
0.6052635047004354	0.5784428636590841
0.577458030110735	0.7149215699796019
0.5961072325994979	0.6797473481293923
0.5956288255525809	0.6957539611113848
0.5816614851862573	0.676974909733274
0.5852422317486092	0.6456525675539411
0.5926408326893188	0.6976338987743458
0.5674017328577251	0.7305873522317086
0.5921106138373847	0.6714337541119249
0.6086881671364479	0.6315444398319168
0.5878712039677537	0.6856137556180006
0.5872839978223703	0.7078419097611929
0.5968302428110225	0.6843837525672544
0.5952016253234776	0.6277671030826619
0.5867798733964023	0.6431239557011267
0.6068455162688782	0.5997284771290952
0.6033126489637525	0.6829477495200984
0.6068277860771794	0.6790895838920707
0.5954665151405703	0.6679093498494473
0.5950344588224373	0.6780520232771243
0.6039836787975975	0.6535637233272557
0.5770840465957544	0.7151031303547948
0.578650089110807	0.5832435098841126
0.5876083695733717	0.6662005665024445
0.6017173513303119	0.6444380773243295
0.5965548978729682	0.6927022020455199
0.5972055148790282	0.6575427082339971
0.5999216181078906	0.6821721527460196
0.5960739149339136	0.6896646041026538
0.5917349868727023	0.5021127718475955
0.6093480909080505	0.603119180446321
0.5889557697713783	0.6913455510345219
0.5985027246472038	0.6875740509163297
0.5885976441611109	0.6910138135557448
0.5973434039915974	0.68157300633782
0.5998623827967364	0.6447173022692956
0.5839872607315387	0.6999872756528908
0.5940901983072382	0.6914069320167331
0.6104792267005963	0.6261420403869438
0.5889035331452968	0.5614292694881262
0.5895181331902116	0.5993893893295029
0.585724451699145	0.5969785299653613
0.6029364406821809	0.6483536381315869
0.5928250265434994	0.579111506783957
0.5880151295502462	0.6608739361308282
0.6004993418862522	0.6887781008503457
0.6075606824689788	0.6257074452072097
0.5904906332711867	0.6537092580586001
0.5777152727917831	0.629004469231961
0.5974908129288795	0.5018316745306165
0.6070662957200994	0.45299049872866304
0.5995678153205218	0.6258814144604727
0.5964755519748887	0.6605092676737192
0.5942763999462256	0.6834525932365212
0.6137905237372537	0.5758612404769728
0.5968352712495101	0.6910440212204223
0.5946784280074667	0.6267389742775302
0.5878989708364767	0.5812935367401827
0.5805345850570471	0.6841695445153264
0.5818013672003807	0.7048524735264329
0.5999919379259946	0.48103898650872534
0.5986896716652396	0.5600429204427275
0.5963073581935591	0.6895537573918811
0.596283762315102	0.5528478981988024
0.5891261329988708	0.7070711264208052
0.5996104927491112	0.5811109208279106
0.5945851721702602	0.6600914333624377
0.6059089535987983	0.6389610028501391
0.603069920583063	0.6177359857402455
0.5975311634187129	0.6233502308259763
0.6078493295793107	0.67103171012881
0.6180840110757662	0.6587011305581485
0.6029858910272947	0.6805930660968378
0.5863652498082744	0.6129156186628737
0.6149864203380218	0.6532755358693536
0.5923110875127083	0.6553021627888149
0.6028137172437196	0.6611495039779663
0.5986341788838878	0.6731297458114389
0.5961413927753538	0.697356372475345
0.5954746387153169	0.6383230682067219
0.5966146811576228	0.6824159554314642
0.5948951643729484	0.5083275982381235
0.5974591084099709	0.687025337774964
0.5744737163511774	0.6433277844501913
0.5786191117090491	0.6919373731767581
0.5917103571066944	0.6471844759452622
0.5802182643505955	0.5839911168284454
0.5998341772974225	0.5035733671714837
0.5859210517711946	0.6930729769497268
0.585414310103063	0.7097056402334783
0.5990445284521398	0.670144722896882
0.5974965923989184	0.6006600421798386
0.604515476745104	0.6442718693191685
0.5885333307172022	0.6657161671873925
0.5998014428495536	0.6606058800131814
0.6019650073906497	0.6650331412958381
0.6064327799960124	0.573374909468662
0.5990124481909046	0.6731445359715702
0.581670138761382	0.7002160521058344
0.6051796255833349	0.45020846438547785
0.5936187502540278	0.6560968582659226
0.5938741342347353	0.6714661923413294
0.6057393944603	0.6721684589001773
0.6033892801919366	0.6510496919242726
0.6127621782251305	0.6693289925620709
0.5966961567261878	0.6625174821917201
0.5870814877149437	0.5741201340012659
0.5822953314024054	0.709398577582544
0.5809615247415095	0.6591175079184167
0.5950853927092432	0.6573368607036785
0.609797413636446	0.5996872558100312
0.6077128940943538	0.6586464740430273
0.6109236624312651	0.6444895024958868
0.5982195175886947	0.6867575770951924
0.5940075067614408	0.6857211386888152
0.5862543259023001	0.6387413385253883
0.6031023251678661	0.5792317553874049
0.5975295885648952	0.4968672060121215
0.5828680998987757	0.6970241610067325
0.5995997644261597	0.6756941350846317
0.5682203698157197	0.7181715599500105
0.5887647698092997	0.5415435522158322
0.5924465668458105	0.7054915881673093
0.5942408585682795	0.6763512552285965
0.5903091779559475	0.5599215411293658
0.584274671343426	0.6183891947145943
0.5860806052746194	0.5151428091401519
0.6105129115417156	0.6215677666796596
0.5846149669170527	0.6848909314515688
0.5670377863674084	0.622932784884229
0.605732162650905	0.6747545805334907
0.590907080992669	0.681555412556577
0.5910641471108821	0.5454433560834808
0.572511122122307	0.6715714153395785
0.5931758490944145	0.6774741259794653
0.587346636107414	0.6630255903159052
0.5952232261332655	0.6445947417030137
0.5797019258536679	0.6232378519393985
0.5730579302710929	0.666973336410081
0.6060178463193576	0.5879968481513851
0.6101113948207034	0.6201143795686425
0.5978812120257736	0.692764737323337
0.596789398070738	0.5664584320093325
0.6069198526755101	0.5911397445668123
0.5785842831747531	0.6774489666961765
0.5976545855760955	0.6932761087904036
0.6029664103625538	0.5627564270156937
0.6047964806134132	0.6676766443815085
0.5955328179461644	0.6808839759821768
0.6030027090633735	0.6210056905383814
0.6019841899008179	0.6645494516037866
0.5766363669429313	0.6874641072285856
0.5942022027793591	0.702409294673849
0.6010180855283651	0.6664824149909918
0.5914292950459613	0.6964855995088888
0.5957872054436901	0.6871512486066398
0.5845569735909631	0.7078034461895062
0.6040432560751902	0.5944130900286471
0.5793370997542037	0.650160617874868
0.6030663721412414	0.67248980260892
0.5941018237841195	0.6545059545568758
0.6021818004709106	0.6745892470904844
0.5798928427747083	0.7001183408154292
0.6000541158021057	0.6366256644339805
0.575256279198605	0.6373651910789916
0.5878092209970461	0.6858445414145334
0.6081863305598275	0.6105116468530127
0.5934169004394543	0.6194379837959727
0.5939361830255595	0.628895980273358
0.6045511824509087	0.6716034841525267
0.5986382228108511	0.6909716885542937
0.597397660368855	0.6008565856894466
0.5979532351053796	0.6879008918203934
0.5941064255837081	0.6764089495148343
0.6049596403181174	0.6434640972291298
0.5914383632319247	0.678593793460443
0.6045836443314513	0.6768835167253758
0.596657448667054	0.655261406167968
0.5954528603993401	0.6961697782563196
0.6045309914361371	0.629067924471578
0.6123029679776505	0.5697225217604915
0.600236604719948	0.5685929196760878
0.5843219944585404	0.5929307269512331
0.570528504653662	0.6166663923722742
0.5976786674015362	0.6876356741390801
0.5925495652201193	0.6591809493272878
0.5985350776614363	0.672160998710351
0.6068688940915781	0.5908550007588016
0.6009187836504426	0.615226352038253
0.5909308962140716	0.65028091473251
0.6008350503288319	0.66100570614866
0.5911115093287121	0.6166265447130921
0.5934161886369537	0.5123840152784169
0.6043675583124996	0.6756364326843624
0.5975131815121757	0.6738497396354256
0.5943003052577952	0.6191056515983077
0.6061285615959131	0.5105408811802287
0.5884668464267487	0.5242713327549424
0.5830513683077815	0.6747618254286731
0.5964285683068592	0.6022964278489895
0.5857556802487928	0.6638356560985864
0.5859721897800335	0.6912337707023721
0.5885072804047974	0.6852357243968363
0.5980507264702924	0.5103827356979292
0.5881848550687391	0.6711855330673249
0.6105598836860124	0.6143123337258378
0.5868178134008369	0.5835371610146705
0.5977666361004806	0.6596011833936419
0.6050694626740537	0.6788875817326765
0.5888885652259165	0.5282811653935555
0.5828537831509493	0.6883071804728308
0.5762843078096298	0.6323227246337788
0.5950640394117316	0.6779890961271057
0.5964762644813557	0.5550668870952548
0.6095456525053197	0.674095507646744
0.589394467253126	0.5524348135750663
0.6050407590280097	0.6565552669687789
0.5847200251176763	0.6911969534984518
0.5975605340378153	0.6519896852725844
0.5938314881790284	0.6931938640559876
0.5727087401890346	0.6952624424825729
0.5983297421941848	0.5449612058807363
0.5885818395360278	0.6387413730677607
0.6054511035782421	0.6656055823579664
0.581465326223011	0.6420665725615063
0.5835401881717086	0.6511600308151559
0.6148073094210804	0.5955349584681222
0.5860868540655164	0.6278475999768538
0.5976450026085759	0.6886685120357297
0.5885469614299709	0.6601271356685605
0.5858293944307708	0.6159135262604152
