0.01940633126851519	1.6723004958541638
0.019354825534025615	1.5142699490789127
0.019404697601251412	1.6353017090183841
0.01966073434170741	1.6929923260881319
0.019629333468665962	1.4660125889968434
0.01925672209717751	1.6374655144559962
0.019569085414805662	1.6600774557637248
0.019450091495018598	1.5065731326545748
0.01889560548040253	1.5914301045940977
0.01959188063178639	1.3571974183024387
0.019304308219091768	1.6656497682296778
0.020058585746968064	1.6178385602239462
0.01915198913726676	1.3294589175730507
0.02004985110564469	1.656472240382178
0.02015395873473813	1.6831304933903295
0.01936809181605717	1.5948397668480048
0.01967232980470375	1.6481224799709027
0.019517818061501366	1.6454996488013365
0.019950724208626053	1.6885041203919586
0.018933427672576116	1.549999868391119
0.01983532276887105	1.5646937741746147
0.019511938281394543	1.6443697540048283
0.01949959432238331	1.4445695768524425
0.019718861189129216	1.5218802513149159
0.019648409165548993	1.6741417834712964
0.020037296692530283	1.6051843569732633
0.019313623335429964	1.4295584518440219
0.019808592416958207	1.4015429293787998
0.019998737723377104	1.5900654659204096
0.019485582144695313	1.6945656349366087
0.01935703920287375	1.567243331486219
0.020291866915032864	1.5507414372398967
0.019687070938400268	1.5412196401360683
0.019747408949474465	1.6690093000698814
0.019347159052091507	1.661477635746063
0.019579173034506347	1.6774636766875561
0.01987408437596625	1.6658343998982383
0.018539911153217407	1.5726661579711092
0.019390574265044997	1.281643304467311
0.019240588284017705	1.4279051195378925
0.02020674929806537	1.4182944515832472
0.019763900787933254	1.66110012908322
0.019441062528939155	1.6898122884276665
0.019529416672665095	1.6158710874036688
0.019536068436123443	1.6714079382027713
0.01995565421474838	1.6740501259389815
0.019736321095964723	1.452115375225798
0.019303457733376952	1.5946543610863264
0.019526647342384507	1.6680253344264435
0.019839210868972192	1.4332472228205093
0.01916186945062412	1.6933590454444356
0.02010091048755373	1.5347863484690496
0.02001769350475139	1.4714595786871034
0.019409604349690694	1.5491344488391268
0.020093346930249167	1.541132306041669
0.019749444116431855	1.6033829806563795
0.019900728851159764	1.6707379483222304
0.019927162130363888	1.6038379600344905
0.01932609505909665	1.6535029740732656
0.019800784877070567	1.6797982833701406
0.019192832462974162	1.5709050480221836
0.019641831069224524	1.5614901808803876
0.01839277593012049	1.5380341548682455
0.019309777817239096	1.384701594099841
0.01945539144067783	1.5609288839792248
0.02016450918154005	1.5411994022100943
0.01956237996718425	1.248012088630591
0.01950211149095634	1.2764046470514354
0.019552663354739843	1.5596657007614017
0.019490879740773587	1.6387291729518667
0.019874086887238285	1.6912206604531075
0.019813442530485552	1.4895878389327957
0.019908059570389713	1.4735345989117263
0.020101968671505117	1.676254376773163
0.019055557428503796	1.513913987072018
0.01901328941058031	1.6455919084655974
0.01904758329325537	1.616896395839857
0.019037045971438692	1.5007706852501457
0.019320642842437716	1.4386671778119702
0.01978217224885483	1.4568852434232717
0.01912041542887793	1.489621624382698
0.019575839222972465	1.4030363553762086
0.020252256958529308	1.6819648926635153
0.019172488423723592	1.5989068704978227
0.019931459473852407	1.5191548585818797
0.01923472206509668	1.280078962156751
0.019526269706707743	1.563784524397714
0.019677176931685646	1.6183543300557757
0.018869076096584707	1.5473420574072219
0.019861248687553183	1.648429552751872
0.019626989329393527	1.324646607633484
0.019989441152513884	1.5010508955322988
0.020406089832297095	1.5467759380071868
0.019581661384415767	1.6240406893623254
0.019476752935058548	1.4290751920741696
0.019718584216205814	1.685494700241911
0.01936247845184211	1.6174599002296386
0.019313776871254844	1.6774051303540747
0.019830907032074713	1.501475605078789
0.019429095206644997	1.6270350334496153
0.020066688164233137	1.5301342435827692
0.019357596798476907	1.3594935938943653
0.01934383995728922	1.3101455948277865
0.01937400337256901	1.304290487220142
0.019088581787148888	1.611618254178157
0.019293936661510396	1.6043522535596673
0.020164850903519712	1.6899652936801484
0.019179464054500946	1.306098468718645
0.019508393313685386	1.6067806782164227
0.01945042669245876	1.518911276523518
0.019802699949713932	1.5028726171250129
0.01924791341518312	1.5456034436259287
0.01923397719398437	1.3299202325495862
0.019631984567117972	1.2724401125280083
0.019588406424159984	1.6749442897861293
0.01937565505605845	1.5252693804124595
0.019543382500479507	1.2796649442141252
0.019790302624683873	1.668830752323355
0.019650557989473627	1.6824553484476557
0.019468071608478053	1.3213006333496757
0.019392157600969576	1.6157812645270146
0.01994240772434606	1.4621708552182668
0.01917107589724919	1.3556424118015344
0.019090729161560387	1.312631200584359
0.02005216592258056	1.5332387646740469
0.01948990165710319	1.30944970490407
0.019504813019426838	1.5858328873085248
0.02020619776538877	1.6421588777865592
0.01988081635736417	1.6846527113445633
0.019769279771054728	1.6592368011610907
0.018812678848556412	1.4845126541833333
0.01984702746459076	1.5968354526759334
0.01979214990438098	1.6380120424091604
0.018859050940732255	1.548662622453254
0.019617033697577894	1.6845365068928655
0.019759953570344043	1.658682115733622
0.019949455300392355	1.652712462541468
0.020224955020519464	1.6886107972764128
0.019843514286171992	1.5124623813906888
0.019545667358568542	1.543404207870874
0.019509144958665084	1.490359179563552
0.019025000425248892	1.3861933535884106
0.01959951517578728	1.6049327504621975
0.019986623067596822	1.6809988017372324
0.019496684847886334	1.2233423043896139
0.019462583245107544	1.680323822737598
0.019940989934804802	1.4582198266602209
0.019650588141685525	1.4649596112315195
0.019633818552878924	1.464260915021881
0.019507871143494955	1.5619177303713774
0.01955294920052063	1.6282867669898962
0.019387275885053616	1.3329251542296419
0.019760151536307703	1.6891157456618262
0.019133160458074828	1.6282999894765409
0.019771364681095964	1.6717045898763767
0.019675307884119177	1.2066613603272207
0.019906377298378318	1.586800191556403
0.019561536875840318	1.6216108902994133
0.019626297729317795	1.6189361812619265
0.019497812199860295	1.2595321289599979
0.019509000364265314	1.2985803608702944
0.01977508631895542	1.467700312069946
0.01952489114610081	1.3467642460267846
0.01962456732151706	1.644987410849204
0.019940239502196203	1.4576059587151862
0.01973542753358193	1.4675038438453178
0.019300511694972725	1.570995209847196
0.01974656266341178	1.6576695808158584
0.01990121483807035	1.643507796259459
0.01900764041235662	1.5094995714695303
0.01941190796092059	1.2394989870732085
0.01989702754530246	1.6040765452362367
0.019394429819986344	1.3563342814379635
0.01959284596803446	1.6562853294089006
0.019451548042974675	1.6450756906877162
0.01989002918991182	1.5997360813837602
0.019375767324716468	1.4889253152063109
0.020350761471685856	1.6615073252625876
0.019627495143044033	1.6526714485371288
0.019742257688280907	1.6084503453011725
0.01925942708978225	1.3968944695166818
0.019686888421570715	1.6654597630816168
0.01920363338880071	1.6508025354265108
0.0193197815999568	1.3724766925513805
0.019486296447831484	1.6599748381602797
0.01947392688461924	1.3571010630431275
0.019139435640814762	1.329693030020525
0.019073321274528834	1.622663793555693
0.019417921656591224	1.6896315306689624
0.01963871340262741	1.6511965647685853
0.01941697464149149	1.5484870479956694
0.0193387418308748	1.3578330702334713
0.0197462919538693	1.529635048217009
0.01999603436381472	1.6347024534330357
0.019586607188368278	1.6100943636197074
0.019532346382812493	1.6034157002145506
0.01978126692996322	1.6939376201295397
0.019486081391909427	1.424658578597511
0.018850829477176114	1.5858247024399654
0.019154589413593097	1.491795207187704
0.0195277325964817	1.3892834725678174
0.019772491709288326	1.5646696172727856
0.019800175047710793	1.5445583133370686
0.018699809543521028	1.6678318435325097
0.019302209713703024	1.6423034394615672
0.01965049747646214	1.4119243898111542
0.019947235046319737	1.4661283859051906
0.019814471761838755	1.6532116961407162
0.019680216648632766	1.6486457665437833
0.020114791877724348	1.6861733833933892
0.01927351211841919	1.4797415826470188
0.020071737132037505	1.6565503192799598
0.019598342649102353	1.6275880634200557
0.019702811685449743	1.6758215226305686
0.019588385846369773	1.5324860707720744
0.019771992264857926	1.6824945026451714
0.019817590661566086	1.5534451614610076
0.019121214926267723	1.680256515547084
0.019264207997084077	1.3964356139991863
0.019418121069113347	1.565681087965937
0.020236324912775695	1.5596236046636738
0.020050136225208008	1.4004091944847712
0.01995456769858179	1.4864503052619846
0.01965330964189123	1.5671240520882295
0.019078531272069002	1.4019567283843253
0.01986682086130063	1.6666620358160804
0.019551072447768207	1.4420710766434968
0.019234566774726368	1.5309995942205739
0.019727986141332837	1.635247548868068
0.019738006352921198	1.6230057161576426
0.01970726353184585	1.689394111849849
0.019126225283399464	1.6871916073178561
0.019758847661365715	1.6508369537887424
0.01935131704975647	1.6532085534786014
0.019747598441033645	1.4992913781964334
0.019706738889622353	1.550283230106157
0.01940611001988305	1.6476054415554466
0.01933556695317386	1.3461200673892875
0.019599990258388055	1.4932163535777316
0.01974393727948291	1.687935181744697
0.0192066350877284	1.5804283259292298
0.019765231395154514	1.5052013497779717
0.018924921262854708	1.6164049721636289
0.019541413696698977	1.656307614050005
0.019632694925836622	1.6071281359293113
0.0196452345253665	1.5819785273406082
0.019744016096025004	1.6839166723420433
0.019107086652514683	1.6472988509823574
0.01897809616056368	1.3684709797471566
0.020155939425341114	1.68585782039306
0.019799974669666077	1.2397386014874476
0.01945667332673653	1.5270401563837757
0.019310355499080844	1.667321306034218
0.0190968179806642	1.6193007461660223
0.019086557991909062	1.5585609151191278
0.020137771775318343	1.6032242034512414
0.019782219885451886	1.602620583603323
0.019596979321590557	1.6680980710645799
0.019507587861915216	1.6817032014302042
0.019647458279841525	1.6404834103462378
0.01993913502507415	1.511979662549429
0.019153557383554856	1.6106946711307284
0.01957979265082742	1.4484934721849367
0.019687785563521135	1.4332079826809845
0.020102311565348602	1.6962061394748924
0.018856438909828084	1.3914754440985635
0.019595173662578496	1.6090874881457857
0.019837863694062367	1.6932308110109389
0.02012481305588881	1.3250218754678906
0.01896093801768071	1.501249093720247
0.01924924005143711	1.5390300985108971
0.01930746840414821	1.5297257028386166
0.01931824001678244	1.5920026961473706
0.01965112789655404	1.414969199509513
0.019571311283091194	1.6781074224949504
0.01969827147943845	1.3976343961081623
0.01971908526652549	1.6057248699075826
0.020048518413820184	1.6809945206837207
0.01996089123637239	1.6775887334763455
0.01938906148608679	1.5824669330944285
0.019509302491643385	1.6618759437120199
0.01931506865429226	1.4665900181529457
0.019470830917885103	1.4945796119999857
0.019845670453860414	1.565016622645309
0.019563539683044973	1.4961384902085342
0.01929617893999254	1.410123190365815
0.019787993351259664	1.3296050664456946
0.01950118180795861	1.507464173030704
0.019766619980108494	1.1351091393408015
0.019109895756210273	1.5786218951227549
0.019800590541801926	1.5911261064832725
0.01955651828189602	1.6674878555794244
0.01915122911337164	1.3237151219396341
0.019537389656602094	1.679602270086463
0.02012150951517801	1.6938423496672605
0.01884274125610188	1.3899029847099036
0.020009641787502686	1.641968749313008
0.01985068796716158	1.6906522387154954
0.02024096366293729	1.650310406252164
0.019503723476384627	1.318306133910999
0.019124957556451865	1.5202627042916004
0.01961852238001676	1.67054052587793
0.020097163844839297	1.6822087545394528
0.01982796227370237	1.4923892450831575
0.01987004629306958	1.6313492589624465
0.02003546946358695	1.6491579463219992
0.018961001733798367	1.4855596428816888
0.01980504959270581	1.5643688262355875
0.019578295449259108	1.6847653956444262
0.019624212055516628	1.6820775216295552
0.01959451933792057	1.1911507106716819
0.01962726475811774	1.5717852694013166
0.019785778703436726	1.519366054794967
0.01899666985547009	1.6466107513847024
0.01941291146998987	1.6752353974420204
0.018813027824897886	1.5759540192733483
0.020288190676664625	1.5261425609119545
0.019885320365485206	1.678221170263535
0.019119482097039012	1.457519314917417
0.018712941519753862	1.4611148247784853
0.01971941908052619	1.6836766880642386
0.019850622492502863	1.3949688830433442
0.019917271243479414	1.5611789153646523
0.019824044933477118	1.6566088558903305
0.019533750263700758	1.6679304357814626
0.019074568262496882	1.664196026236487
0.0191321752516439	1.6040101550940518
0.019199854696012354	1.602784317098218
0.01956821225822381	1.6197860802525954
0.01962787329156687	1.6083296572186492
0.019677772068819422	1.6305676329528462
0.019503783656864233	1.579150780564828
0.01882819761995786	1.553957440611585
0.01971704610154294	1.5364228881198212
0.019895619371487698	1.6974812751265795
0.020114721206018125	1.6658428459755377
0.01949887943974697	1.6815720048174772
0.01930391710861483	1.6771568102140166
0.019748287619570582	1.6759630217763681
0.019909653379953384	1.6810347178187945
0.019647022219588237	1.5684694977863862
0.01996476058131004	1.6818305475747626
0.019696333529715594	1.6700018485719967
0.019291165552343063	1.3759982348851296
0.019516884533356246	1.6370302278321427
0.018827492889336616	1.5480669392553095
0.019664708737671833	1.6965897376492531
0.01880214421207199	1.5605922795746032
0.01964153684467224	1.6578906062421235
0.019421884445510663	1.5354182357385975
0.01890719010120409	1.4405760301631567
0.019768546914893697	1.6464724842227016
0.01861981529184282	1.5130960694112159
0.019238457921828475	1.692601843783263
0.019950787834304304	1.417578186638614
0.019045269784130757	1.3467363023071266
0.019793289866894853	1.6175303827171705
0.01899298657797211	1.5156604765282555
0.01862391474167359	1.6465395681536132
0.019664822027637377	1.675029517099294
0.019768742796998633	1.6629038205193198
0.019537303416881053	1.490520715162278
0.01948180564536546	1.6971012871371525
0.01973606602252519	1.6387485484417368
0.019731446493022737	1.2213669802155525
0.019633629293656713	1.6557017715966023
0.01987209066716738	1.6149242520645202
0.020086691652375623	1.6296768283355063
0.019101701037761435	1.6378122091425302
0.01928921616825573	1.4329368037829386
0.019321218284379396	1.2838723508445253
0.01982758928239719	1.423128364506624
0.019888609916123397	1.563128832866831
0.0201184201482167	1.5335913574338864
0.019158517757180405	1.5933155717808398
0.01957719241808549	1.6340834003048448
0.019703445748166612	1.6225623223212224
0.019574441378853728	1.520175249729117
0.019406007341142728	1.6048552799016325
0.020143649141222617	1.6062161422896892
0.019843688132776514	1.6953559993403104
0.019782455353443217	1.662306920673866
0.019836973117986597	1.4727219198755173
0.01987620624883446	1.6665023233967275
0.020000250850638956	1.6872403128666613
0.019546933567390387	1.6778540925580296
0.019459877508299937	1.3910284411758649
0.019397642587715876	1.4590013324473174
0.01887352268113126	1.590711600214596
0.01957472602964903	1.3970350964511429
0.020129773575190253	1.5858237472332593
0.019413804692739168	1.646888427969658
0.01947630911802433	1.2642394591995265
0.0195302875059641	1.6324884971648133
0.019651610359926255	1.6785207979893642
0.019688685180141982	1.6312868738337531
0.019588722239017243	1.6339102110117998
0.01940408323676332	1.4794068083896503
0.01920972132766199	1.5701499975704163
0.019406799850167706	1.3318310760305396
0.01983304139304186	1.6461774819739967
0.020310822838552067	1.6543225681335785
0.018867920739491357	1.3124325865064412
0.019696962074272635	1.1670661174566843
0.01929963143298498	1.6190623164933282
0.01874830789668028	1.5426662953215111
0.019145562013627694	1.5930101529828624
0.01921208014800077	1.4593665694835658
0.01920982886195532	1.2966051175588778
0.019730223620598956	1.6725895451019495
0.019791014991720982	1.5618462350691593
0.019298659725623037	1.682794251227275
0.01970235888521059	1.6782557062720378
0.020008627920440464	1.6916685264157576
0.01943418871143981	1.3357362281801795
0.020055261994468446	1.640166187934841
0.02005702888685415	1.305909732354067
0.020365037509676075	1.563624074988073
0.020024591181588836	1.6367218897358828
0.01935509921506788	1.525819665963078
0.018992707311403952	1.592117557228602
0.019520250706832366	1.5546191564287992
0.019758945064063293	1.6622665489454769
0.01913906532047302	1.6645921464866815
0.019012004396429475	1.6232667806660128
0.019329147331458543	1.6622486680653812
0.019146573790597626	1.6328636714699174
0.019654135196834777	1.6690990635488752
0.019733168278103366	1.6064920708395252
0.01983324954181851	1.4197456984175996
0.019049311204560975	1.2235970132726686
0.019421206804074238	1.6704981316332752
0.019892742124286277	1.5074676458736673
0.01880119010541064	1.528129461427183
0.019207511442851734	1.5496197908953058
0.019986311535617637	1.580129867566371
0.01858014939665706	1.60999649028325
0.020017700217411935	1.680552156566199
0.018492179022599708	1.502027515261592
0.01925838937389537	1.6936349865072513
0.019452716454506552	1.6855559434537413
0.018780852120683433	1.4436530619311867
0.019893053834637058	1.6732991874615566
0.01978107575056453	1.641943675467783
0.019311802291750717	1.473135226693216
0.019908885724250258	1.6955930379542288
0.01965913726500047	1.6633963172592385
0.019268905142872144	1.5110789613632947
0.019117756635852592	1.5882208567306542
0.01941228756976259	1.5224191282840553
0.01893214348831485	1.5572212411844593
0.020378210152120126	1.526802002748528
0.019423659807761926	1.4146065845841762
0.018845015418188005	1.6089828355795146
0.019277568842836268	1.588201606925435
0.019563831427834882	1.2339915827575734
0.019266559197488993	1.6227701636028335
0.019499229601571202	1.5511634084420762
0.01892301153970953	1.3733075774261905
0.019802231633222596	1.4204890059124022
0.02001083635368433	1.6881234777887406
0.019259168575075692	1.5433701065449719
0.01986360814636997	1.6726290635574275
0.019496408213393844	1.5866706397285568
0.020112877231809646	1.5567049518134666
0.019239794417600726	1.4918804292100276
0.0195220185130507	1.2207041019395808
0.019217271336045155	1.6472521185902196
0.019546282409397833	1.5998147096529909
0.018766345177841686	1.5498004280409816
0.01959821905498556	1.6199373757763125
0.019134182605615366	1.6291350834764957
0.019669523181141024	1.3585769440063566
0.018737311661754345	1.4895448173326828
0.01969398457700695	1.6879830196914707
0.019599997900814806	1.5425569373879133
0.019325081467928617	1.6919322340480631
0.019857137828754822	1.6594012225413795
0.02010993409135628	1.5520456740840078
0.019213056682581445	1.6182937047599473
0.02037128266754353	1.6752181088711815
0.019415090386927743	1.677151051399956
0.019144364483047557	1.5879157061854285
0.019050660062558893	1.5777164439217477
0.019851808355878364	1.5018542600525207
0.019661654647723504	1.667166955969715
0.01894294130584837	1.6367841215268495
0.01927122031836016	1.4595187813581023
0.019146310740020316	1.6934076145567865
0.0193340427102972	1.5826103291299822
0.01950778653964548	1.5672353850669642
0.019408499365073127	1.5903150149671774
0.019553627705507136	1.5727722946160814
0.019041845528108788	1.6331149882148952
0.019601129184240396	1.6776970259786927
0.02010674495176074	1.5958487440267408
0.019887619962085035	1.5503697356409623
0.01920601025491052	1.6600004105274744
0.02015711906312349	1.5529592753745083
0.018720895267028276	1.4919490694533397
0.019780124914072845	1.1683051811463765
0.019691541204395965	1.5177775828646376
0.019512108022876316	1.4864019059683298
0.01954195322519131	1.3461767877764172
0.018699840005452335	1.5202949100488072
0.019574020501721558	1.6490415415504505
0.019899967293210103	1.6881070790241077
0.019423139620085926	1.386281213890011
0.019539011754752807	1.5044297148034702
0.01967882873110037	1.6728520381038212
0.02006456035779655	1.6354297348318847
0.01995909444763659	1.6744421401756682
0.019989176825378832	1.6457689718056767
0.019534121975957257	1.636992936221023
0.019759476274369654	1.66601190436465
0.019608780525293183	1.5909256166366383
0.018958663128642316	1.2914846339902113
0.019757780949656495	1.567545213602509
0.02011904783358071	1.4518148034277272
0.01941942332355915	1.679866560291749
0.01939965208821121	1.662180692185047
0.02015463820859572	1.6660956608762008
0.01903129521268452	1.3946475877727496
0.01960756394456018	1.6236590198560625
0.01973421329864505	1.5533395824291194
0.02003706438055919	1.6908903041333563
0.01967170193242894	1.6540764892684692
0.019862648087969424	1.670709907972708
0.019620260822184297	1.5014327444311268
0.0197168051052037	1.4495642270708795
0.019509771345193407	1.6693442961015683
0.0193304227614096	1.311291301598927
0.01868721892120518	1.6706855221130479
0.019778804837396118	1.6903958903291871
0.01989237010379376	1.6712686370379743
0.019216728674184093	1.6189830116312662
0.019847892860620723	1.4741039030885466
0.01949463473526342	1.3323526735808537
0.0195965400748732	1.6423054397316934
0.019717455420269064	1.694197015357215
0.01984223977445236	1.689537906702379
0.01997410784079326	1.6028416397258232
0.01977178288048464	1.5287358779058238
0.019459575607936357	1.59013563603296
0.019536636397774202	1.6717213960638047
0.019934877053685365	1.495940216532828
0.018929072238454164	1.568407949191358
0.018855267131039646	1.5177469628843485
0.01985325277834809	1.6837211707840645
0.019758097047010252	1.6431106433397007
0.019226081323354575	1.558189783577021
0.019984527178186207	1.668787228018418
0.020105164201545754	1.6858320006630292
0.01949660912924512	1.2705240130715907
0.01985495737526314	1.4946240144429728
0.01950388324322329	1.606499761938289
0.01937176828320259	1.2333280299111422
0.01995246317867264	1.6879699994838693
0.0195008424402556	1.6684528038246804
0.01964316547990903	1.5647362370726738
0.01968325421884118	1.6054335251742309
0.01948801053199321	1.3471261231865326
0.019596631809984628	1.4294427971487904
0.018957100207904816	1.6224860627531803
0.019163478779756868	1.633175915764039
0.019334553989539694	1.6443402941559762
0.019237005540776758	1.4050587418392781
0.020073939764947563	1.630980509279215
0.019834443396887617	1.4616550750666397
0.01922562601039782	1.6139154217540215
0.01969649217369321	1.6629783381190717
0.0192767256901147	1.5104790767870235
0.020063975461300256	1.6725092413745222
0.019767350960244623	1.695333144696812
0.019617945948774133	1.6316749838216864
0.019384733084830474	1.596133893817183
0.019177835269762532	1.6398885732472543
0.019324619922356717	1.6641937931254103
0.019812152526639495	1.6862266932714403
0.019761094121791417	1.5591459749443868
0.01945695855683268	1.5108529037406588
0.019942443765300646	1.541955740105775
0.01906629897036532	1.420294005055157
0.019363888657242038	1.5220790785030152
0.01956610048367241	1.6212643557908328
0.018952364160003277	1.583921616270488
0.019381648136294005	1.6240292359438109
0.01988770690059622	1.6740736628027806
0.01983714446375114	1.6661325205997422
0.019146779263680656	1.3199034205745925
0.019587546605145598	1.5726008142677368
0.0195972916736802	1.3781793476787012
0.019280453910219028	1.3879615816756667
0.019126041937459613	1.5809693641526992
0.018804895042612072	1.2689017362457395
0.01948556865880022	1.5508579317304259
0.01909899358609939	1.6352195072451554
0.019522398456574327	1.5968947077754039
0.019230517446796734	1.2748953653866295
0.018764847620109038	1.6687392379065693
0.019003135210227555	1.6198166419588738
0.0185465192501395	1.6431239063471121
0.019221365020634276	1.4425153336693315
0.019372022338941208	1.51560742806822
0.01983082277936923	1.3738499798826451
0.01927904470908515	1.6961691589208892
0.01963287710064327	1.4637648224601894
0.018447632761000882	1.5513962420119085
0.019288368177234737	1.4766106030283426
0.019385636273978744	1.5736166091345047
0.01916880586715402	1.5604086457768798
0.019443565523851517	1.3177170015921322
0.018727689933677998	1.4191286197614323
0.019424281719292804	1.392550887280204
