0.0007389291066208283	1.7026151969333592
0.0007419872819961393	1.7139991134534527
0.0007126629576644737	1.5049677073036574
0.0007080828300431434	1.6909825920085342
0.0007217453477374072	1.6412742503827675
0.0006954432793249727	1.6380985882273775
0.0007146365850061725	1.3550032457153711
0.0007299261051961775	1.6498779377588353
0.0007153448802174571	1.6736917027191482
0.0007082899560815	1.3791933762709125
0.0007457482534223447	1.0392232537408697
0.0007252224110551868	1.6109620948437162
0.0007014980088988899	1.644140929041085
0.0006951680230685115	1.532834986162348
0.0007313554813940676	1.726408357015075
0.0007060859745345745	1.4354648043763818
0.0007298630306830318	1.701398643359969
0.0007162662529075344	1.7022430192661924
0.0006927139437504202	1.5986916464309902
0.0007141824985514889	1.7038157225663433
0.000738718221361131	1.7227075003831738
0.0007232815553170406	1.7284491031264573
0.0007405062699652134	1.7218640541708918
0.0007126920237073648	1.6685071740051687
0.0007050670300162862	1.577642982513861
0.0007155976827076143	1.7126975844152277
0.0006999051825685952	1.532016918128657
0.0007188385063354504	1.6790214327601867
0.000739407822112831	1.5495338003086205
0.000695976389065833	1.660059815698827
0.0007159779068817155	1.3171829309870384
0.0006936390021936211	1.6798316653807983
0.0007447504665531068	1.5240502405133944
0.0007027344952240081	1.6265035919565003
0.0006961149655358403	1.7058935712586227
0.0007328442635358718	1.611031191430842
0.0007114138595988899	1.3133926980278323
0.0007316543464646857	1.7194325386050657
0.000725241156353823	1.6012918148495516
0.000713380827371731	1.4471043240094357
0.0007066827875391944	1.4162060081156715
0.0007277423092424873	1.7161118815446037
0.0007126481788309407	1.4218965247112572
0.000716213966985635	1.673632483513023
0.0006996291642888308	1.5931592938392405
0.0007258492373474605	1.6952979718440315
0.0006875438636602415	1.634162060328174
0.000719337745729952	1.6558094301299624
0.0007183990993787178	1.5691986287500885
0.000701113035396941	1.471030465484994
0.0007299632415551534	1.6759761261583663
0.0007145742907328768	1.6824350514867918
0.0007319076951187974	1.7213180253828735
0.000718351275939283	1.6598140364483442
0.0007345466279532923	1.5450127935619011
0.0007195201068907493	1.1951465015127356
0.0007175413425592722	1.265785182397392
0.0007064195121878036	1.6752474013413678
0.0007050505457924443	1.667724742566676
0.0007028686685438719	1.5764597827889044
0.0006957929343671385	1.3669542205196965
0.000729570133798441	1.5183538500105804
0.0007320576206222839	1.7281539409428324
0.0006974082222464128	1.639844608492187
0.0007289850168838066	1.6987027692502115
0.000723317966952592	1.715912734803917
0.0007265677541420598	1.6201448711218291
0.0007199472279118732	1.6115716266561022
0.0007133899796442906	1.6874210928007447
0.0007218725958649825	1.7096779755022904
0.0006966896439179943	1.593209269350002
0.0006957429526104858	1.4598842156462832
0.0006940311174734274	1.3686258649463152
0.00069565101903696	1.5887060327963427
0.000714737397945945	1.4656695192370708
0.0006993342678487947	1.382495907584401
0.0007162728121599995	1.5299856322406358
0.0007263101007622156	1.7172047881054273
0.0007226829791223893	1.5658240871327045
0.0007040381974459474	1.4517128482093677
0.0007256639389687856	1.613814857930348
0.0007002804877550464	1.6366537302216255
0.0007154271386066299	1.6732818259428155
0.0007108868352179487	1.6645487519689528
0.0007230592670096878	1.5618082233052855
0.0007284573518845782	1.6247561302271127
0.0007509209268500676	1.712360253217401
0.0007178935862155483	1.6900642842257723
0.0007011558329744734	1.4731065949516193
0.000729816053923698	1.7080736618664392
0.0007164748559263666	1.5954024696917672
0.0006849368961403137	1.5282880310942681
0.0007056843983371074	1.7093185981184562
0.0007344568255659218	1.6019239513318817
0.0007034881882765553	1.4227931551202126
0.0007324625960054252	1.6678354733544465
0.0007273757074747958	1.7086042111536466
0.0007090301441322227	1.3225892392568106
0.0007269237533343701	1.6962186016211915
0.0007256794419414828	1.4464549637247925
0.0007096475687963005	1.6937260046896194
0.0006980486637565999	1.6072378037704842
0.0007193174265048334	1.4063606262097919
0.000718312997175034	1.6990078534399957
0.0007200003355975851	1.4717757951907715
0.0007025797170328833	1.5843079214201292
0.0006955160448037419	1.6158148116884499
0.0007357066219763828	1.485788081690568
0.0007177937717381135	1.6787972469257197
0.0006975213918611053	1.5126452334378597
0.0006955365554857624	1.6998978323629461
0.0007318268959547908	1.7288398388946944
0.0007123597807985821	1.7019210677965804
0.0006896938533568185	1.5812777526662298
0.0007218112954996764	1.6889792090728961
0.0006880600301552521	1.5776897029749106
0.000717903466473424	1.429864903594531
0.0007192548519551106	1.7285280114900639
0.0007236712745157072	1.691722477973919
0.0007158058950269093	1.6281924104373253
0.0006914000608415392	1.5269050145382668
0.0007011181370814245	1.559284111695332
0.0007089664341706543	1.7226962433696125
0.0007245238417875041	1.7019780122106756
0.0007092657066580544	1.5185658699497897
0.0007132361165869417	1.67938135143767
0.0007140806820656816	1.726004702278492
0.0007277560631110821	1.7024267883257989
0.0007199619713876153	1.6304043726203816
0.0007266192097697025	1.5404193656402305
0.0007198733682594102	1.7157658788810466
0.000700660096567002	1.6501023133040709
0.0007236440134614766	1.6989675785389737
0.0007141237934908623	1.66242799408602
0.0007220923434488654	1.5183116315462706
0.0007039507017914478	1.3990144693076925
0.0006851089982508805	1.5031503198298986
0.0007248162226571222	1.1573050995641778
0.0007363108301176706	1.6777159938479413
0.0007125294890710338	1.6172743096110838
0.0007239771829577208	1.6826143162933567
0.0007066995101641245	1.598352028722059
0.0007077096383146848	1.5054608781719596
0.0007172949872313898	1.5518032762856637
0.000713199422361821	1.7121091661705115
0.000720968656254313	1.4047378528872418
0.0007033903051213223	1.6489470572068317
0.0007232507919376944	1.496618511389338
0.0007071987035767302	1.5686769734986306
0.0006881725373146921	1.4817624526215418
