3.531204691093629e-06	1.5935844388207294
3.664416439143968e-06	1.6994428692864152
3.53913381302276e-06	1.7222741234738825
3.4441690291169937e-06	1.603267255364558
3.6602334432297793e-06	1.7298876224019737
3.516028223567778e-06	1.5522556592135226
3.617058343688466e-06	1.6902183401756583
3.5711922450811944e-06	1.6788844152805955
3.59418243438346e-06	1.2305821216145507
3.6297544978387197e-06	1.6522792918357236
3.565238047417262e-06	1.3966238812418978
3.734034534695799e-06	1.714369504933247
3.6273939172745353e-06	1.7246317272248337
3.58303574329696e-06	1.688103410691304
3.6353467806623772e-06	1.1696235537683546
3.617909981572474e-06	1.6621429231769707
3.5713549810107826e-06	1.3587097166881819
3.740287693819524e-06	1.7151207469289829
3.68103220332412e-06	1.5745821361290808
3.5020039521485086e-06	1.6475954609412242
3.60527019122547e-06	1.6260907654263699
3.5490725884400837e-06	1.7200831148550217
3.4707204394556624e-06	1.5105209028287048
3.5707236486463596e-06	1.597163175962351
3.532480309225632e-06	1.5099922228668583
3.6567995274897663e-06	1.6271729428241013
3.555758621282089e-06	1.5015768615723184
3.5576777902997353e-06	1.5842678492672515
3.6277003250864823e-06	1.6261877687727382
3.665629272400802e-06	1.6876044865585964
3.5876067224555815e-06	1.6406306588020516
3.6923875457478607e-06	1.728270670968981
3.6516116048220028e-06	1.7290103463596949
3.5667537594186087e-06	1.601342905609159
3.5448862977103683e-06	1.3643188326626507
3.7222096641165183e-06	1.7224688781913415
3.6108124720012593e-06	1.4791073145044824
3.715358268581293e-06	1.5281750483030048
3.612383345047488e-06	1.638158166696317
3.5998887220167653e-06	1.719339489483029
3.489881145321589e-06	1.6877255078470559
3.583021902433067e-06	1.4561814793120502
3.620070309286407e-06	1.7117658895412158
3.5341055580329803e-06	1.5722386630997742
3.701352916081858e-06	1.692182310883486
3.597617148262649e-06	1.591480055476473
3.5726109104959686e-06	1.6018200037389616
3.3920754180185704e-06	1.6267134557074878
3.6818882302712912e-06	1.6278820964739342
3.6035965807093803e-06	1.6916916588385875
3.5707338991386633e-06	1.5131577685008142
3.5825097360337697e-06	1.4403295664503053
3.637218238305292e-06	1.2056400331128676
3.604281908900226e-06	1.4265814121677283
3.637566966623316e-06	1.5169230018136606
3.7342063713525314e-06	1.7232795506249459
3.61263496489866e-06	1.4384613585430484
3.537833902895313e-06	1.5973754558554947
3.575618274716152e-06	1.3325459749378863
3.5481204280223027e-06	1.4488161026052617
3.5988950124997063e-06	1.6648600554188804
3.647653148696817e-06	1.731090728766874
3.5359385542459997e-06	1.351805797489629
3.5456865064531497e-06	1.6621319932957264
3.5694089951752077e-06	1.7300598826064164
3.6084608230545105e-06	1.5239944867046729
3.65703123650205e-06	1.576313596891151
3.5721348849255304e-06	1.6428533918523591
3.478542448343635e-06	1.6305674666392889
3.687247554519944e-06	1.589419975861132
3.684830881570193e-06	1.7294225810632238
3.6274553148834574e-06	1.7098110782503049
3.644404047095166e-06	1.6613359025637662
3.651798863744823e-06	1.7271832659891184
3.578351523469752e-06	1.3846394700935853
3.5812337810444685e-06	1.5937488940567295
3.5899066612481663e-06	1.5443506977105175
3.6566608481153717e-06	1.6020902637996275
3.6864867468113324e-06	1.7295189797083084
3.613025422512239e-06	1.6912456655530876
3.577979280932544e-06	1.5743651129569232
3.64650624822883e-06	1.1879852097961936
3.6705203582317573e-06	1.474221315399225
3.6045782943198053e-06	1.6759937871287969
3.6387289964324282e-06	1.614347824405487
3.486510199020195e-06	1.6940612456068775
3.49649106672227e-06	1.3917876278675254
3.5583414684157707e-06	1.6934693464368218
3.5808729668289855e-06	1.5720150388686662
3.610601015473545e-06	1.7091325893217466
3.647410137607696e-06	1.6971639585129377
3.6069637877508146e-06	1.5555021713558737
3.6743469029177363e-06	1.7140633294128946
3.592307129765365e-06	1.6423849226154013
3.4905065442436286e-06	1.6247609692829204
3.655057840191011e-06	1.7134406423486188
3.5828460396582438e-06	1.409733778317193
3.525120572733873e-06	1.4619817555154844
3.5710593059135103e-06	1.5941531182514568
3.6178352242228054e-06	1.6868650764362108
3.5630740947302945e-06	1.7133388293362644
3.605634242638718e-06	1.6320092969819047
3.685160985030932e-06	1.6583180609784924
3.49946778026734e-06	1.5544161823587306
3.6529900558578216e-06	1.6731999068728387
3.6115991715929408e-06	1.2807937505812865
3.5707278017346045e-06	1.709520221890014
3.6134473466167946e-06	1.6767980101649567
3.4957354368830255e-06	1.6762273975664221
3.5024622357022177e-06	1.6572035916643526
3.542126342842893e-06	1.589548624129448
3.596251770993649e-06	1.6686185734568186
3.6445306933655306e-06	1.617995899074049
3.6317441475932594e-06	1.4541086737178976
3.676785683300868e-06	1.6481496823278192
3.687774941963031e-06	1.7057980097398049
3.5600307459196006e-06	1.2410477696754654
3.6878740217658774e-06	1.7173038885336709
3.6216542936074875e-06	1.6818627142690472
3.6577508398785595e-06	1.7240741764626717
3.7393247364523637e-06	1.679648851666967
3.661772569987894e-06	1.6375694544036674
3.679458971544799e-06	1.5320726383505998
3.5863884912205796e-06	1.3549034537478848
3.4704623297750386e-06	1.53097768808375
3.6876492510332982e-06	1.710733077416418
3.623201064961962e-06	1.726134129275733
3.5995837635730914e-06	1.497595860886955
3.618023340453951e-06	1.552184007539335
3.48463359878371e-06	1.420595457621448
3.505410503323998e-06	1.685365438048906
3.7273396794197628e-06	1.722111655679081
3.518086013326637e-06	1.5596551273874917
3.5503649622584616e-06	1.6372690449098495
3.587342153076735e-06	1.2478613810001107
3.631602482105545e-06	1.5216693464023667
3.5998583078281823e-06	1.6334700393767578
3.713057720205099e-06	1.6947441150779712
3.669625845780188e-06	1.6661023803361452
3.6399353388488902e-06	1.5848094812316074
3.5120775839854342e-06	1.5649194671993336
3.564348527462766e-06	1.5961574345048055
3.6254478537438227e-06	1.6682096004456328
3.4986713003536406e-06	1.7022489760809905
3.5570180191029143e-06	1.6985054827241908
3.5682628240225836e-06	1.6480843934037115
3.681598624642278e-06	1.6933635966307867
3.5572966966214334e-06	1.578560715362991
3.7717908904463273e-06	1.564457281387492
3.669359326988837e-06	1.54235257525076
