0.07333570289973709	1.5775775694985503
0.07262421757989784	1.6036260214217049
0.06943656080684275	1.3023064743881785
0.07020930470143874	1.2488047229368413
0.06681955828916386	1.4297715104721447
0.07015011534053144	1.5485927905836485
0.06860111533742619	1.4999906102108558
0.07050113524965503	1.2044477651545313
0.06902484440670408	1.4227995959655444
0.07223260625104524	1.6069309115714754
0.07167829041111896	1.5889829311955848
0.07011960540681604	1.5667987050966545
0.06868782257271652	1.370801466539523
0.07022246649182848	1.3658445347718198
0.06990699482093649	1.545072586342192
0.07188461811117028	1.356903661298801
0.07239373720813351	1.5153100437080447
0.07107527974822955	1.578106770812497
0.07125527905659114	1.575693686704318
0.07022330068731378	1.4699660543632458
0.06986228610279459	1.4724050595949612
0.07173834673108413	1.6041140409936714
0.07050029614958231	1.2378010356562639
0.06992786308019956	1.2229911698985303
0.07147397963325543	1.5926654400307645
0.07216303430535231	1.5852588841578399
0.06854059409826203	1.5907326434387765
0.07268141172826527	1.589970543697528
0.0711279080097521	1.2976359084648896
0.06992525290122734	1.3182683990499031
0.06905433498831279	1.1752097708072045
0.06845271809696192	1.3745378786393208
0.07099466227772043	1.5906648907726744
0.06922324158153137	1.4789325790980987
0.07116185115959588	1.4625621883587676
0.07106006915546524	1.5539136218602874
0.0693297613843748	1.6002550780598184
0.07140532166683135	1.176864674449182
0.07138959634267524	1.4995347779334385
0.07234782595724033	1.5887591029475148
0.06828549254936882	1.3985336103231987
0.07278354079835501	1.3286704913306333
0.07116472773641727	1.2958390235574115
0.0724628665842424	1.4895197266124485
0.07256344816946167	1.4558775885780744
0.07027140684424887	1.5306002778727414
0.07028071257800828	1.4742791196121172
0.07023541811088645	1.4016836473701222
0.0704292561240365	1.2092988517388656
0.06988550581312797	1.3867946430023104
0.07120644880296888	1.5361567098720288
0.07210144046813323	1.606966339362975
0.07142704337974298	1.4236387892763984
0.07008644242461626	1.4533660999677969
0.07230185800395295	1.5917700494955382
0.07068189360097726	1.2447040310890185
0.07021941202674366	1.2474559747210896
0.07204926348078704	1.5481527712433998
0.0727131256735848	1.6017374343416542
0.07034578927937034	1.503341504330487
0.07053654742762853	1.3468656185105958
0.07091881583822365	1.4267911196862442
0.06933949205437794	1.5310355517048864
0.07145754218447035	1.3509257450898997
0.07157932294958766	1.455745116184239
0.06803039515270505	1.5890292329497067
0.06967632935799167	1.5103799871722634
0.07118973757108144	1.5162224667694746
0.06897821737921483	1.3983775871642354
0.07105189105900837	1.5602217170900232
0.0714536327029445	1.5573401289183895
0.07304745363407068	1.5984707738442454
0.06803410086591935	1.567481643942764
0.07178655543925927	1.4426810182258676
0.07265218946066379	1.5028839731876902
0.06983994513981313	1.347275541249851
0.0716864233537297	1.5666820724030832
0.07253640881926657	1.6023976516669014
0.07087893605402966	1.6010152291472148
0.07104674463373026	1.3248628362653256
0.07096375257048705	1.58329847431809
0.07037833085378943	1.5922845649706605
0.07101584717004229	1.5381323311015342
0.07100233667166882	1.3655899347046896
0.07097236093608492	1.2938237358221953
0.06993185197859911	1.3368156564112668
0.06962669428466021	1.4617427920896429
0.0717127206108847	1.5981063258871684
0.07315017501406677	1.345597312966761
0.06946623853976136	1.3930849091879474
0.07176140394632019	1.5953111762398935
0.0705540748060516	1.6073824335413043
0.07104226563790954	1.5917374573215568
0.07110972189335188	1.5638881596061631
0.06892853695326376	1.5755051866105747
0.07176056120104626	1.5972320759490466
0.07251379756124812	1.3538692738029023
0.07058417168631617	1.2384719243965747
0.06977734642167797	1.465060173001076
0.06945205853520288	1.45215059097244
0.0723055926726851	1.5731029431321093
0.07079787013924366	1.3404513357032375
0.07121358797465954	1.5443920368401667
0.07063016297168641	1.2375651078028753
0.06995588371969601	1.5379957330087983
0.07044677290366264	1.3557616233493812
0.06901780492321999	1.4124927409953068
0.0712718251407869	1.363947862501271
0.07172188052982667	1.5956671053626301
0.07193495906870993	1.1897601602155459
0.07198829882883015	1.4173590961644003
0.0704531238406295	1.283587410766118
0.0686700807086355	1.5633866092199593
0.07346784442311122	1.4491212372239057
0.07064728098992408	1.5825338018762616
0.07116019694004978	1.5688736589877452
0.07229940550227168	1.4172433284031611
0.07178120127431188	1.3400866743574298
0.06811375534618268	1.5351381704941442
0.0687785808180092	1.3046572897542468
0.07119001822050657	1.3728055272594446
0.07080964204657703	1.530794109037085
0.07136058557698424	1.4991343016213203
0.07092941319522121	1.5587875710794035
0.07013499872507828	1.406934498033839
0.07091249278422015	1.5925207549423528
0.07217390756281077	1.34670191238336
0.0698745605779049	1.549557363545865
0.06977569315395289	1.542386076741069
0.0683381080637925	1.536990413699685
0.07077468284181795	1.2077048749583412
0.07141318627833931	1.524445278500509
0.07142398909722435	1.3113062577567245
0.0720623214376925	1.372185683499079
0.07107731024288774	1.4543189654713937
0.07144521904597298	1.385160992650118
0.07148145536827386	1.3405412344180554
0.07169478429417908	1.4406874154415106
0.07256262845926673	1.6002230383922886
0.07154323807582162	1.5878312158270709
0.07074609189147892	1.489322612319624
0.07100671351424503	1.3053337601188286
0.07123540787581942	1.3828670187111645
0.0716725205967846	1.5849732432773747
0.07057970161530457	1.5212758393043329
0.0674269070770085	1.437150353891799
0.06970573188654201	1.4564962808943729
0.07107441834405157	1.520475331850281
0.06969353367088653	1.6003762929891125
0.07080007234219368	1.3772663791783686
0.06999244485355446	1.430369448411607
0.07184965190378133	1.595150706451311
0.07047722592184756	1.5580551238941123
0.0714678234711051	1.6002106376474698
0.06712831509595149	1.507111664872575
0.07383847426355511	1.3008532292261357
0.06932277139312425	1.3787822708984523
0.06999955630896405	1.341585078646875
0.0711377020729313	1.5287661545116873
0.0727929030213517	1.598481718023541
0.07127671846845088	1.5611793257571196
0.06971531330504116	1.5542113303872878
0.07258944441700531	1.3817061275664448
0.07053687087080457	1.5201361510201252
0.07204803927504824	1.3997358495227665
0.07262278721416203	1.575013819462777
0.06984494014549933	1.6035535074380673
0.06959107575076866	1.3293894146622605
0.07045025775954737	1.4276160981224089
0.0723506112987482	1.4177304183888304
0.07222340302248571	1.5910618427561238
0.07017441187699569	1.5748870062060716
0.0722133052779044	1.5392219142509798
0.068621527868077	1.2800454128584033
0.07274665808836674	1.590734973729424
0.06957228050380986	1.3192838615219964
0.07246143855846136	1.4654262521042076
0.06948697201150793	1.551040245057214
0.07363729847437696	1.3804023571903352
0.07110482258831406	1.441978026067569
0.06988599236347616	1.4445137411506974
0.07135662981203156	1.175371817527756
0.0707448527445654	1.562756329514613
0.06983075730905236	1.4554097700284556
0.07192518219692247	1.5816241887628557
0.07108109724759906	1.576721682478077
0.07176384150703728	1.137472954383943
0.07221614330093656	1.5886751145186362
0.06887912558625976	1.501331158573818
0.07019921999471614	1.4602925504726396
0.07068869304673916	1.255953723331737
0.06746329866476627	1.5091740036292998
0.07088371066888366	1.566384286453574
0.07054876302363128	1.3806256990717012
0.07108859647519244	1.6006029138795579
0.06863674677955654	1.445889597818168
0.07139303979008038	1.5999394800758004
0.07284588157701503	1.5995303331304338
0.07198888229248172	1.3184562192435885
0.07134580859635481	1.2853365039728717
0.07147983155851609	1.5604747781095036
0.07008591845120858	1.372445710559643
0.07018529860223792	1.599916280710548
0.07223656315906035	1.459039120168268
0.06925292228402746	1.4197983803050356
0.06915662133168529	1.5526280845025215
0.07092740243178106	1.5950129030252853
0.07029512673138534	1.2536632197190625
0.07255539686488033	1.5958650293696603
0.07246471165464088	1.5965778665016779
0.07108586427336101	1.594075288685877
0.07124131304104109	1.5983223338097665
0.0706995087864882	1.5747193062765692
0.07158984008572451	1.5619856144944273
0.07126362366451577	1.56714323226724
0.0711301525367252	1.280319822110516
0.07008562261797906	1.5989230063582602
0.06964615085110902	1.3736491556055515
0.06947790181610508	1.5100764432788587
0.07130738284083031	1.5837214201602385
0.06937125807911378	1.5054066086043973
0.07272683425382445	1.6004105525340042
0.07054532655195563	1.572622470697223
0.07247432191791477	1.5478666955213023
0.07247064819699182	1.5813485277921737
0.06987322326911992	1.5670198673591678
0.07009351026085701	1.2381509682049705
0.07234184898911868	1.590062306825437
0.06790317231762479	1.5777689050847568
0.07105435703775721	1.4974567299907517
0.0706234792314231	1.5788421217914037
0.07229136960882017	1.606326335073927
0.0730338927573675	1.3894114247628808
0.07139022233269797	1.4553350953800561
0.07058764695379514	1.3771923075615238
0.07224194093047376	1.591329667992268
0.07109188961707556	1.529279233351478
0.0701609822820782	1.5112655018965344
0.07329995788014007	1.4363651214120687
0.06838986692943512	1.303115971319083
0.07259180074349009	1.6048323359769356
0.07132030770956896	1.5826252912595855
0.07086378161138589	1.300493965811294
0.07109971763933592	1.5423412442732658
0.06921716747352193	1.501095736057617
0.07097086832498184	1.1570003259368822
0.07201608067235903	1.2794576883441247
0.0739939095155198	1.3339652700812938
0.07196289887918887	1.4940618632650529
0.07148686227234143	1.369415014451099
0.07177180138778996	1.3755216072282799
0.07032303915130374	1.2458137345326756
0.07134696127732656	1.4932875857831922
0.07243172023631561	1.4637899334279099
0.0710697875483667	1.388963966524061
0.069961542247253	1.5434338148445694
0.07112643132369069	1.568285255056962
0.07099855187835835	1.5984679905210526
0.0705143307148092	1.601301514668608
0.06849890239341694	1.4831664003184568
0.07075138779520158	1.1386154881659325
0.07125936543932838	1.5793237751734697
0.07196598051064718	1.5834950624294808
0.06850816147255526	1.316715599884695
0.06874018213172077	1.4896270169751666
0.07119667041044844	1.5883486397766955
0.07252717141301211	1.3317309681286063
0.06996522746673763	1.5463167158106237
0.07120324557096727	1.5489387459250556
0.07146841905464905	1.4346196181966524
0.07052114537163535	1.2395019499828388
0.07082838485303958	1.4936418202821815
0.07038766825957384	1.466531698933363
0.07062612991697916	1.5895208970334718
0.07207543346821495	1.5000994734523705
0.07178172012865434	1.3854901543312732
0.07140013930119829	1.360677736785985
0.07072867028587515	1.5935986284804362
0.0710397973918732	1.594777549603471
0.07092447510243499	1.3617300737758655
0.06964257779016461	1.4352230518586406
0.06937378794786361	1.3778921155135389
0.07113643235750647	1.3273635703122872
0.07064204109517537	1.471201255902001
0.06860065737599298	1.4613621684150282
0.06791568892700917	1.542497596868277
0.06820477070033072	1.4905169358434063
0.0683875328138749	1.3737256564645708
0.06935323476733414	1.4713542172965222
0.07267986475590708	1.5454247169309585
0.06886091403979576	1.539647519198657
0.07086886258170416	1.3170456788889133
0.07074705399823604	1.5765227825977322
0.07091311078764927	1.3527917588791438
0.06785152864077582	1.5308540435357754
0.0683710196071349	1.4862308987123105
0.07253515393013628	1.3977039876216173
0.06785041859598948	1.349801088304714
0.07129445913591285	1.1710393508683445
0.07227009731336044	1.587099869396067
0.06986148514710423	1.555373302494057
0.06824813700766004	1.5127826724888198
0.06922582713913428	1.487005867914864
0.07193119634518093	1.5190522350752633
0.07148477300507573	1.5861539865643077
0.07323195501659142	1.562684325081725
0.07244238020078848	1.449581714809705
0.07056150457304891	1.4466332995409363
0.06907434737552465	1.5962885179517377
0.07144914978627281	1.5840129612375922
0.0694465461243699	1.259774625518955
0.0689559424518205	1.4332220833625477
0.07307877475094483	1.5795621010395908
0.06949940470890292	1.399322405806335
0.07247194763157969	1.546601977184772
0.07110283029777792	1.2071993039951734
0.06860638518713474	1.5451115245185107
0.07233499864713713	1.490897333853132
0.07122213497344262	1.5808936354261338
0.07290489729130761	1.5953116382436452
0.06986477970212289	1.4932007990674823
0.07052956747138174	1.4669365751402257
0.07030611133279842	1.5938362690521448
0.0717743179907646	1.5732074588377853
0.07236096025835022	1.5243278565047484
0.07259440705028807	1.3788810177315343
0.07037870977350891	1.5760701942105793
0.0709049100209708	1.585168491378806
0.0697117607399895	1.3354539050233636
0.07066602341705326	1.5999500870757122
0.07162454899600199	1.5130012824427788
0.0724353053957468	1.532031162586364
0.07148088931604911	1.5405436534505301
0.06972004708749313	1.3750218270996202
0.06914625284365257	1.477083063015858
0.07092523289085861	1.5649689027153262
0.0697687497472808	1.5843609850757228
0.07163423242043206	1.5922190079750758
0.07259098003797357	1.468982451397646
0.07027738979841872	1.4527992259191755
0.07099384500711231	1.4911555527459968
0.07194944782473438	1.606537567250744
0.07130048324381495	1.4884881736397342
0.07075278043162783	1.4515388687233919
0.07196797828578373	1.5166250234798846
0.06972373837992679	1.4369954727904246
0.07063802692333825	1.4673791354699899
0.06832190864464864	1.5816149372361843
0.07157852883251055	1.5906724533534855
0.07282791661588653	1.5956824788596875
0.07256907211638244	1.6056779942663253
0.07087782999581743	1.4042388326615853
0.07110634584302138	1.5161179696681912
0.06991051269182198	1.3823811525693508
0.06784332845554425	1.4366757331386817
0.07241825857814167	1.5666679887325028
0.07093480233958445	1.3619023013171958
0.07121803555795084	1.504486858712143
0.0723189604315071	1.5873520033361146
0.07205425114937415	1.5440941490690914
0.07168824898587259	1.139813382466857
0.0703047660196238	1.2649175359939444
0.07120118640594134	1.5865801130605968
0.07140303196712106	1.5301265397651054
0.07198999927971479	1.5856522734507947
0.06862192001121949	1.4631129741611288
0.07119317332086418	1.539137860655444
0.070996097306722	1.5648645747104095
0.0708308557638227	1.5050630685860478
0.07225593662731013	1.5698334813731762
0.07212203425271782	1.0869284675510282
0.0696398925013649	1.4825623319614487
0.07187172358739045	1.529347538642249
0.06860236085627942	1.5425358870232855
0.07006847523104248	1.5563794561819482
0.06976836736925421	1.4213957280400742
0.07093209422210822	1.5939304572923731
0.06774584002836184	1.317819147821535
0.06830209919731957	1.4780518157494806
0.06970711976546307	1.5217450987208752
0.07124985630430561	1.5509438648528007
0.07194096174481787	1.5233539563691403
0.0701817158524058	1.516217241898457
0.06963611985675258	1.503349335718867
0.07044451788761248	1.4075647709553891
0.07050735945292645	1.4549514122932448
0.07152903818562521	1.318747211064997
0.06984469872448557	1.5187733419989682
0.06935889009783237	1.2332369816944653
0.0687784048697989	1.5612567757199731
0.07268384557385056	1.0903187265233272
0.06997685071463164	1.2178588500099845
0.0693047130668524	1.4565353402980052
0.07237740012023702	1.5829377122194574
0.06941884003532489	1.596887941062344
0.07010093492615742	1.3757980365726163
0.07321294216732943	1.5820099098648268
0.06989318748303429	1.311874541414476
0.07224245328481597	1.4291753011663355
0.07167125763192099	1.5966761763903523
0.07427972669287584	1.325742750937351
0.0701365211641953	1.5536028099697767
0.07221669162018886	1.4919517056743241
0.06863260576170245	1.5188066742704196
0.07215367866759426	1.417794345874932
0.0715429659282012	1.5969888974912756
0.07165051005213058	1.577436884248606
0.07105621962453997	1.5832132552484244
0.07053156858621204	1.5271902889199527
0.07270147522317877	1.433104944063339
0.07032057795479588	1.5123754483813547
0.0723776654719678	1.6056939133202728
0.0712614037381665	1.1302961280050428
0.07125905405765746	1.5331218462945286
0.07260659565775193	1.3139332618149029
0.06905269965618786	1.2908181329066286
0.07017094201077298	1.5518650532630773
0.07081871908689447	1.5888479422392083
0.07154265736217001	1.582749695691563
0.07098830736854088	1.5721044438437344
0.07183560455673095	1.59274506116426
0.0716887312714709	1.4915639683150874
0.07051049075967236	1.430336747522484
0.07056165413990619	1.5016255079255334
0.06983639196041744	1.572265337042143
0.07042271005987916	1.3256322698848104
0.07369813900749489	1.4499459319643695
0.0703845994642419	1.2985310497893114
0.06925830383478877	1.3565688296689986
0.07102918070863035	1.5574073877707448
0.07037142237749028	1.5736181816124248
0.0721554904030612	1.4160039697663882
0.07150314403002915	1.5934483231672318
0.06963728054310671	1.40715945410169
0.07149439838562323	1.5305533063765018
0.07160057290160324	1.601803327633973
0.07289291039796736	1.5744813141911649
0.07015661683169405	1.5811016370594817
0.06915083203982164	1.4416138567580425
0.06859693945179966	1.3522229420056726
0.07099631395392819	1.406339853862135
0.07418478536666784	1.5853856838821379
0.07106172923371112	1.4842076253216556
0.07089432819443306	1.5904604796030846
0.0725080481377613	1.606406688085316
0.07001536531625885	1.5023727988884683
0.07043715711816069	1.2556367855783557
0.07101023861041171	1.3737452002778356
0.07047224600734983	1.374194012922462
0.07205490681143695	1.5817311420651297
0.07124304809482272	1.517522433111202
0.07293099072661242	1.43797455009913
0.07063695896655654	1.319848603410256
0.0694547851704241	1.4921402139625228
0.06877357081153418	1.4457958914030282
0.0713441846207098	1.5563881217951387
0.07285083646074883	1.419734656788081
0.07340965629454187	1.5939892770808206
0.07039268265071826	1.5846818564000138
0.0702947142528187	1.6013353993447317
0.06988235863787494	1.3970701049744518
0.07019159945634411	1.5018904907222455
0.07171669215642042	1.4968522089947554
0.07070719084835173	1.450304716182454
0.0709802510822468	1.2523289169295646
0.0700744761632377	1.5385993215729608
0.07098869212104161	1.4783320092336398
0.07216107572297746	1.4835470343852197
0.06824381810058118	1.556098760863831
0.07257852924041189	1.376291355631121
0.0725721145042156	1.516302027181279
0.0730159802789687	1.5637301737949636
0.06806024573342175	1.3542357897889254
0.07080533747482286	1.5723566612097262
0.07176974553412616	1.6057990897676728
0.0722618264432623	1.4958573387347904
0.07128427765929618	1.505677122667774
0.06980825336511562	1.384805190869992
0.07106402682214437	1.566519469371181
0.07248604595852029	1.4486779682732798
0.06979081444681504	1.3801797628980883
0.07213151960695947	1.5851871722806932
0.07435786778038517	1.5806854333994338
0.07028093090141802	1.531865789497214
0.07298558333130437	1.5943672847379675
0.0711631575928246	1.538423827802735
0.0690766830888328	1.5985069309406446
0.07124862323212164	1.5937939776895589
0.07049418567501423	1.5474997382952282
0.07068253052189487	1.3790216747700015
0.07142450294230039	1.3477160615786887
0.06955021689297017	1.5588958808139224
0.07132389312992256	1.4386437633623168
0.07209946228685596	1.5125682731968273
0.07134674132920478	1.3806041899433446
0.07058976186682708	1.5900677810649502
0.06952585030808116	1.4958083359356664
0.0700246407210923	1.5739191062454294
0.07045240283491869	1.5266415302575487
0.07111893072516469	1.1277848364377252
0.07027023882731978	1.472112943082607
0.0675444207059879	1.4153725305870632
0.0709749314075141	1.1691878503582251
0.07120466211739332	1.569386022567699
0.06927665466037988	1.4664222279083003
0.07058612188084012	1.3090282245103964
0.07175364951582038	1.5528967258919768
0.07148766467860335	1.5927054935844205
0.07031616703993489	1.2931058089638907
0.07226001147440922	1.456636508478782
0.07206991945265241	1.603023503911039
0.07254129946146	1.379163434697451
0.07025927303768939	1.3587012038385184
0.07283913664288202	1.5909919059676878
0.06957825207891964	1.5003854922219286
0.07223084802850613	1.5912612670914137
0.06956954684524994	1.5796900422600015
0.0713430074044499	1.602174979937569
0.07056763440946053	1.5830042501934616
0.07082407582606724	1.5476002487034517
0.07019717589675464	1.5896011168148627
0.07060740096952517	1.2606198554596082
0.07219260618595	1.0775420952506045
0.07071505776461812	1.317753035077446
0.07150751120423121	1.5386593664491797
0.06938769343794522	1.5568699248983828
0.07188979068627661	1.4264433667812106
0.0702567565582824	1.6057415213640653
0.07012754593703271	1.4825669157010906
0.0693686060070088	1.496058739167983
0.0722300609870721	1.4982154084768249
0.073039873533945	1.3880270797148953
0.07207727050722985	1.5914019085217368
0.067992915120477	1.5238723621351853
0.06777996384225228	1.3014485027490041
0.07159701859823567	1.074562568764526
0.07268480486392626	1.6035482591985217
0.06903069650454224	1.321170747779222
0.07127998107104609	1.4772466985058708
0.07179043526000661	1.081525334174116
0.07020032872026724	1.1417692381754498
0.07123478613037751	1.5885213667856688
0.06994760271917085	1.5405167635667432
0.06971612982474502	1.4455612772700177
0.0722513331558633	1.5869311721415646
0.06695824876963449	1.4731014203147017
0.07005391465236348	1.4533956445790879
0.06868854993566387	1.5798477937356958
0.06996879502939855	1.4880676771856745
0.07131848265637877	1.1060768878161715
0.07265679479043699	1.591263207144955
0.0730791308192186	1.6034221417991854
0.07163262740177678	1.5864623344602466
0.06981892859333523	1.5697865532544
0.07150198893159623	1.4704446372117115
0.0706976086191491	1.451776466616437
0.0707249870945403	1.49079106757373
0.07086676306211481	1.593750146601923
0.07253902008195669	1.5543426343569804
0.07099650759063551	1.4420206582449593
0.06966629587041617	1.4941019556126323
0.06884208204994247	1.4579184489342472
0.07074823952587794	1.5428546786019433
0.06984168899693849	1.5643234184987342
0.07164165920333293	1.4379991103114316
0.06944016089575858	1.3764186006663996
0.07031190547456564	1.3085439591608563
0.07087834356581467	1.5851183362062513
0.07095784031695962	1.1506263875729235
0.06990549416364993	1.2896628922351596
0.06874053379690213	1.5796815539962674
0.06998613949817169	1.3114042272800723
0.06989591031831774	1.358590332505919
0.07060586941146155	1.5700453195476025
0.0726491546896191	1.499018913093944
0.06944183374818703	1.5536765308809328
0.07097852820395431	1.3673747711156192
0.07224013413538914	1.5974246683685775
0.06953052081980696	1.5373538470181036
0.0704758645971921	1.5355342059671016
0.07005022650781464	1.51787737131606
0.07118417772761831	1.3169542773781733
0.07110267447262235	1.4236249337267066
0.07307812408016373	1.591987836413899
0.0721037573711955	1.6012318941662964
0.07262509197894093	1.5766211605099203
0.07008023830804269	1.5227567369187833
0.07040631164957623	1.4391564663229277
0.0714194276171695	1.548216109237393
0.07194300818571625	1.5371422097620844
0.06764203335811478	1.5445912584627404
0.07128797332253504	1.5572691066300486
0.07092023338875936	1.467867468288922
0.07105603140454018	1.2079163498159264
0.07066018632058277	1.553528137839116
0.07057670463756331	1.4141288120991615
0.06846918654619893	1.2391359336374237
0.07058940768200558	1.5896382319234117
0.0688072388073813	1.3596764910623047
0.07063820034088977	1.541955204947167
0.071856749329851	1.5802949699823579
0.07202074105338085	1.565023361438224
0.07221737052970244	1.5051874211317737
0.07049363870595582	1.5347238492219923
0.07042980957512976	1.2359216015509757
0.07305112926483594	1.599383506004657
0.07046038226650636	1.4344690799758637
0.06958665586661185	1.2209515495432108
0.0724768129216347	1.5941970870325264
0.07002276524634908	1.4044281580456919
0.06953347689848287	1.5849610543609232
0.06855621465963845	1.5621064175407857
0.07077756439720452	1.5713605364301046
0.07148066071657999	1.5479949917487916
0.07098021053031721	1.5197879295745662
0.06806696361322391	1.377644205502931
0.06894070573764635	1.4543292411720317
0.07043713890007952	1.325685445706007
0.07064883225600896	1.4877929718007712
0.07156961188204931	1.103821467917466
0.07131475816562272	1.5738255969470858
0.07052879543658751	1.4465414533664696
0.07257033619272069	1.5746296764691452
0.06965219337928777	1.5630232393311734
0.06995359364531441	1.395839104288513
0.07344150590373846	0.985689991373996
0.06982726001607722	1.5106250187615669
0.07110771520493421	1.5383978395978324
0.07126958937836632	1.3673051863471855
