0.21481076899224003	1.3322954745789346
0.21670686179608808	1.3033434770057744
0.21347485788612836	1.2965597584089654
0.21700476294268262	1.2744333790373945
0.22310649183118436	1.3385232982325612
0.22099660279800878	1.3212706520980586
0.22528426715755306	1.3277450514880265
0.22468390150873818	1.1462275137751716
0.21523366793578474	1.2657495005211115
0.20960019667367044	1.2984536554550887
0.22337993643970683	1.2461857852017868
0.22370117747412538	1.2249965548207076
0.22244815804010132	1.1943017817038202
0.21842872828809604	1.348294839976171
0.2184389946016505	1.1051330149548544
0.2182155912055912	1.2132296468576462
0.21489895433881914	1.2524527822703229
0.22442030010665653	1.3304710090798504
0.217254543452549	1.2662262525150279
0.22106589615215003	1.158152549814189
0.21960326334789423	1.3176630492834973
0.21965787168481396	1.3227544567046103
0.21782494529511348	1.2825603278484077
0.21624981844877036	1.354767343401865
0.21913398230026127	1.344284677096616
0.22142703108141487	1.2469818905208765
0.21725444856191226	1.3310891352412422
0.21408318366361623	1.2832383690679656
0.2291207157241323	1.2028533945683946
0.22251300114043765	1.1970449600796327
0.21976677943843342	1.2993131336134411
0.2188474317318404	1.3488381391141022
0.22011933937343578	1.2971155474700296
0.22737400842739777	1.223579412491849
0.21588581906014662	1.10542276096739
0.22016366120230704	1.2349074835042904
0.21698355963989366	1.284233316296908
0.2123748000083469	1.344707001007245
0.2141749888343662	1.2318933392531441
0.22424715116749278	1.2626405957447182
0.22497168909720242	1.203951043264992
0.21146058620803102	1.354435182274028
0.21581786870284808	1.236116477045564
0.21963304067941053	1.1550842110295896
0.21873491021189775	1.3384152033422168
0.22387022877908613	1.3390641880971474
0.2162819400012808	1.2210866984000301
0.22666656455415266	1.3239099169094184
0.22384861531012867	1.2486000371768424
0.2216327140475265	1.262047419505402
0.21268620321716467	1.3193327518608526
0.21662303755468967	1.2654512030296148
0.21819114166367834	1.2473940841551787
0.2213419276707824	1.1984696599022477
0.2137717729181464	1.2689422793707712
0.214536761065729	1.1356543211814216
0.2187304189202478	1.2237592972433324
0.225584919991699	1.2978061945060047
0.2198946654418745	1.2135320199640196
0.21807669005925615	1.2973357720908931
0.21716206854650036	1.3362900376962932
0.22050658834261125	1.303931834207925
0.2206486816473868	1.3415464262070016
0.2174616489227419	1.059038238692248
0.22049455220019673	1.2972651832801911
0.21902470655503586	1.270074586197886
0.22016820293507333	1.3209368392231795
0.2194230606418985	1.3202313228910918
0.228692586994665	0.801722011891353
0.2197518342467014	1.3472517538416786
0.21788870310455807	1.2921368691191266
0.21969832367780828	1.3267490460639044
0.21891531433961348	1.222841812447562
0.2198341876068689	1.0752415530336277
0.21779934210916005	1.0054147247218543
0.21250321014120374	1.1645600131801737
0.2222643547190532	1.2372414337801965
0.2192083396052422	1.3323716636189173
0.22229684719518844	1.3347580394881273
0.21484231905396425	1.3298104724527622
0.21464283741150084	1.007270759407437
0.21414292159917506	1.0167318281817486
0.21962871450531082	1.273411144913097
0.20904440233612423	1.2003512190254764
0.22549065667460388	1.1757752424266967
0.2199487748549146	1.3420866309391315
0.2200721124347028	1.3182910603174955
0.21696591422602082	1.0860598912174166
0.22131552132019983	0.9763937195715928
0.2176817651871356	1.2845192205248799
0.22516192245503722	1.1116785085966143
0.21355893663407297	1.1430978775356748
0.2280809982574353	1.1213225821238073
0.21164898592675097	1.3389113904785508
0.219708907654924	1.233851231020585
0.22089184824166028	1.2603873136209025
0.2252621328209213	1.3115402848671236
0.22288373732790168	1.3404588458920002
0.2219433681732166	1.333021304832241
0.22226764544352443	1.3415415210722839
0.21950847258304015	1.285154946312245
0.2121006252848029	1.068777520689346
0.21140080066129607	1.1148634551860614
0.22028622432826167	1.1831519930771859
0.2176104860712767	1.35417895866635
0.2144684328559137	1.22483392559931
0.2171863054250337	1.04414661429427
0.22395907801548676	1.266946550581639
0.2203678351466696	1.3446834850653273
0.2211453580857004	1.3468663979621607
0.21982008560220342	0.9548792401056262
0.21612390322705707	1.2810392525261314
0.22278631436683852	0.9846045320775141
0.2199654442379444	1.146993219982865
0.20960442763581483	1.0911363292797869
0.2248350875123071	1.2597215252430118
0.2132175403383496	1.3076545858205306
0.2211033728537827	1.3349588360334095
0.22072380012990173	1.1716075197620839
0.21109134243764321	1.1301664643152798
0.21933936967918075	1.1192215998210908
0.22165210310164207	1.3450193790272538
0.21373935237265762	1.298031508934892
0.2188456822700566	1.1450801512470044
0.22016011203823022	1.264152463544846
0.21749750613398364	1.3178150025445443
0.22133218105303326	1.3465234920044165
0.2195161296606192	1.3392464115263465
0.22063776533986074	1.2397201381981515
0.2172625797799051	1.1724454234634074
0.21548125483206762	1.3394338222344575
0.2214300910319309	1.3295512810588472
0.21729269132472567	1.341465852356927
0.2131307018564948	1.1309531994575739
0.21964235499498536	1.305892713722604
0.21678230005546253	1.084511923645973
0.21929085069271706	1.3294999286491496
0.2123292431794303	1.0856161484613973
0.21890993360395422	1.3260315413711798
0.21939852056242712	1.3250701104439224
0.21609067591931472	1.098176006562653
0.21806235096168766	1.2965243057353457
0.22015430576769965	1.331072792219787
0.22016814257272221	1.2427944522109584
0.222988488369277	1.2650873177773625
0.2223947355562064	1.3036834150748409
0.22004853949344932	1.3193986146480483
0.21881998584822682	1.3302389241449528
0.22112717227237194	1.3086753825353037
0.21604025452661915	1.1200104954119348
0.21009476831150437	1.3010106816640867
0.22040173483915568	1.3203539105263968
0.2193440580434834	1.3415016905921746
0.22055205918637621	1.3367211907309353
0.21983036600459777	1.321355577554868
0.2180658351844941	1.3122566577048707
0.22351250801060046	1.183949051108064
0.21116260499698392	1.3337352919302425
0.21701889606164862	1.226084848507168
0.22091233275149733	1.322150550377633
0.22161732008920598	1.3407919414391873
0.2235470131190174	1.3447226565996289
0.22257608807378257	1.3329606053265963
0.21831428636093111	0.9588661930786025
0.22301695203318184	1.3047497027265913
0.22146121233932967	1.3196992623915726
0.21928703375702038	1.1934233764890796
0.2208945895913289	1.321457468135415
0.21462937364861695	1.2019108814584212
0.21783744322215118	1.224485694223395
0.22058075077101463	1.3441935923525548
0.22141890505272407	1.2949148926932412
0.22239000812428128	1.288590567095702
0.21971367381060286	1.1881480239143307
0.2209452577912569	1.1120728591610547
0.21310927759115478	1.3550719175692936
0.2236112329646139	1.2920842993299728
0.22221915026113506	1.3423907649350562
0.21925860292361898	1.2809222931272766
0.22535496651670034	1.3302161872804679
0.21763567996810282	1.1546601417776174
0.2244023221966993	1.3215766466676038
0.21361210250069507	1.172569555613525
0.2166364011326968	1.3380904053235783
0.21751197329715427	1.2251581907476368
0.21519470522800221	1.2339057068124508
0.21853153991111146	1.3227173916654766
0.21096239618569254	1.3143025169117286
0.2203650547510266	1.1500351522000094
0.21910085739198065	0.976942752163824
0.21415618424042004	1.3116169203008643
0.22034318469887162	1.2720666663694882
0.2229555296914607	1.3244058640362502
0.21878169862238683	1.3078214233960268
0.2184487399270725	1.0538966573336892
0.21738542933063398	1.1846232532201673
0.21468468759853626	1.154804184998394
0.22222406549742338	1.203806246803658
0.21924695930112684	1.0602663859702997
0.2204327689626427	1.2049869162511206
0.2194731389577677	1.2473950524300608
0.21902687233912793	1.2873331800227885
0.2253452323725197	1.3198901914254804
0.22277699589787525	1.3405810728067362
0.21352366996064268	1.3054467870725157
0.2252839563398011	1.1889965758286964
0.21549845122711045	1.32489532850184
0.2229181269836691	1.3421275033209383
0.2159084948842574	1.2151807809540898
0.2143299979682954	1.2701693125302365
0.21544951890392036	1.2448523625244925
0.22723311974519758	1.2110712010214768
0.22080680723886156	1.3467957546054898
0.216984548143801	1.1213348914249708
0.21647678648936872	1.1969047110375686
0.21628915847836144	1.1309772711493193
0.21628745933397292	1.2718679908347728
0.2237565942534415	1.2514431042592782
0.22106172707596408	1.326697695166289
0.21802319366834785	1.3187740297119455
0.2182500395866439	1.2420951247907914
0.21921038400417062	1.2491270397791139
0.2176038182739906	1.1666329357936853
0.22009186070495945	1.155992069902735
0.22243084787623163	1.2731954442290117
0.21853422433718991	1.194876627490447
0.22244428800866695	1.1200945289875308
0.21813899734589534	1.1112866561611496
0.21732172082808165	1.2551563799051781
0.211017290539439	1.2046347145060985
0.21741322235521993	1.169341665424391
0.21856060878095437	1.351554495700452
0.22292970468210924	1.3412589549203613
0.21897788559343068	1.2638750716519906
0.2184231080133404	1.1393100508704714
0.21460638201589646	1.1518036525097994
0.21869640906325188	1.008896249764004
0.2101537905604412	1.1258350115994324
0.22173498588731363	1.3444992060339735
0.22017636433614976	1.331512795256542
0.2160379294675971	1.301490280545799
0.21496088154747744	1.1398440848771667
0.21889967541161173	1.316714856981486
0.22274396489636702	1.3222696978514805
0.22252706611344786	1.340420536620505
0.20948059510966507	1.2292120212897713
0.22428173820471173	1.301203343734362
0.21882794264334052	1.31439358059232
0.21685596963582782	1.1957314222899995
0.22458279784105847	1.2594531230412283
0.21974808109234423	1.2037849474470192
0.22110265826974693	1.1209483256807131
0.2210756153021105	1.3375059823787798
0.22369384984004007	1.1417658318708017
0.22290713936201728	0.9524508496218347
0.2220128642830558	1.2824946558153343
0.21618494667375943	1.1678042072817785
0.21998573020071063	1.3273609176098575
0.22133134948286448	1.3473493719828804
0.220438755802985	1.203092102741611
0.21878766134457073	1.3083083496071697
0.2228334750214827	1.2884994625079527
0.21328638985102943	1.2677019774103604
0.2158038168485598	1.281285927134607
0.22167336309953892	0.9717973116020675
0.22326728043398997	1.3295508385875818
0.2157515442769161	1.3474228587961847
0.21901136291001605	1.3127464976131982
0.22369318401165253	1.287856524024166
0.2145560309882188	1.1179947308704512
0.22008390436194653	1.318176651520188
0.21971257037472197	1.1909374355979832
0.22140045094926836	1.1960268003474743
0.21905893403842214	1.3213076146524316
0.2232586177656705	1.2772162857307894
0.22210969335652386	1.2237918950014852
0.21944126027964483	1.3060387518414893
0.21616768298510228	1.305342415260688
0.2093532561730595	1.3288517429161888
0.2122381646033603	1.2198394123196439
0.22011928528328226	1.315602445768722
0.21569152947734663	1.0727482921196447
0.2149856887302018	1.2466226445159725
0.22110721989719875	1.176587457765047
0.21741324217693964	1.1179695270274337
0.2087590525344064	1.3202917702063213
0.2164208292667473	1.1584301185154686
0.21901252225042964	1.0983857028229072
0.22371656619878083	1.3068985946118246
0.2178401545524904	1.22883948179381
0.21346249616934806	1.338168237988545
0.21752926503910816	1.315015451490333
0.2171475879749686	1.0525250925390954
0.22600673014977538	1.1325451006969196
0.21999048038919836	1.343977859392988
0.217786781294899	1.2906421621802138
0.21830208792373554	1.1939366222134364
0.21906339353920784	1.3325705313505816
0.2222944698325666	1.2518540519581016
0.21954557360478266	1.3208356346856558
0.22093639462010128	1.3432675756647283
0.21513096107770482	1.1896125306975949
0.22097114313437116	1.3222496422597447
0.21602866075058472	1.0119679637928678
0.2175016800192199	1.224995236313971
0.21633182232546924	1.184654670071304
0.21662620047089493	1.1871427115896749
0.22517965681878935	1.254208221604515
0.22314960153414554	1.3008665337191287
0.21911140761778264	0.9694277823317148
0.22295635527858113	1.2321306704853878
0.22137616902906393	1.3303907702631728
0.2183545448378672	1.3439360301086503
0.21871181067768347	1.3421643031929227
0.22297942602215703	1.3123932839861145
0.22069096977243463	1.294880690481057
0.2162683279429105	1.3238704809400355
0.22006409449548264	1.3315097896216113
0.2144598582461639	1.2932799081741764
0.22227338646011507	1.3035238529280297
0.2186433158623821	1.312667533851158
0.2155297981862475	1.3154075099980223
0.22139397044736647	1.2672396900279521
0.2186567781852057	1.3222640419233789
0.21902876926174014	1.2929093226879051
0.22025277173699692	1.3069732155173943
0.22659426307585778	1.2221225859750486
0.22218014918751802	1.174729690758185
0.21514001235532415	1.2042726704146618
0.21882468676018318	1.1273779082081612
0.21400271117463368	1.3463998660051721
0.21512310872507423	1.247393557338429
0.2169709444593218	1.2198235237329387
0.21723732161021642	1.23805075017842
0.2184724833405709	1.1227321940860433
0.22112669809817898	1.2453925741910052
0.223775562342698	1.3195594535048603
0.21958653774142034	1.3377565607839021
0.2224473672335271	1.288233549231852
0.22075501644791384	1.343475745608943
0.2240684104978753	1.3147628792046593
0.21842303635270838	0.9428408372887611
0.21890367812191316	1.3408406595692033
0.21705015676332587	1.3151005059110816
0.2194592581616963	1.0721004736652753
0.21429758119102185	1.0460805776872912
0.21747284285018656	1.2467712531870374
0.222111184884535	1.3221136041445734
0.21964862334945734	1.1624152141068622
0.22319984700442108	1.3451269454917685
0.21534184982776303	1.3079788061096578
0.21820231509229387	1.1079067969309944
0.21247968816507656	1.3204362785766302
0.21877779351527496	1.339658765741413
0.21877283916907742	1.3178881388859898
0.2216576389550764	1.3229033968392998
0.21414521347101126	1.1972582555245312
0.22081765517998603	1.1761404777404572
0.21325110800744917	1.2846753443860264
0.2210260073767012	1.1303026888102459
0.22241895286058952	1.3293305609586636
0.21746933309711633	1.2598585623858902
0.21975644326563934	1.31762843388268
0.21756956170473496	1.2492405761609204
0.22358390867299816	0.9892420292963587
0.21324232763073622	1.1295550363094584
0.22064204035401577	1.3119911678361973
0.21797618972468616	1.2168784018459156
0.21898739381386256	1.2316411450347586
0.2187091329293146	1.3519798870050774
0.21813175895727008	1.0652364045123428
0.22069256245350388	1.3220750526981497
0.21862807665085765	1.2744950079359345
0.2235232203052829	1.1734329830354828
0.21895569882208493	1.23467572871912
0.22158672341679328	1.1690427043117595
0.21823971628856903	1.1112216604576446
0.21481605338084256	1.0498401667076813
0.22865838340369127	1.2124082335288389
0.21609618573071504	1.294957229081188
0.22448689492717652	1.2432632597156092
0.21847820503445997	1.2668903605992443
0.223240004785346	1.34222835758314
0.21605819426548856	1.193774422119761
0.21679314579466738	0.9921018073195175
0.2236043424875585	1.3361771029827836
0.21518699092141402	1.2752353432563068
0.2179495864675989	1.2981226716299963
0.21276837111787864	1.2965392272815146
0.21840824780456086	1.2330082009022572
0.22323459579381372	1.246699446086116
0.2155705185652458	1.3213438798972084
0.22270965904559414	1.33655608477228
0.2247684483035498	1.3276894992335895
0.2269474219958619	1.3275134526062047
0.22614234006912973	1.24143411204773
0.21799066489242389	1.3535331439743907
0.21389580108965914	1.2324583654739665
0.2189105362030826	1.3211517406232303
0.21635771277850255	1.2572538923019874
0.22591714198072071	1.2160646127356283
0.2146336077005302	1.3446662757720331
0.21981038439638537	1.1813806436471097
0.21422287440378904	1.1903609182490813
0.21392185077512785	1.3220950618076244
0.21943880026148468	1.3201789306211038
0.2153249808921825	1.338939439379942
0.2215107410086374	1.3469921195310808
0.22248750490653857	1.3294415222924172
0.2077218405364277	1.2434612601767971
0.21720967129926771	1.3180222521794023
0.2154740064568798	1.1978490394992294
0.21377799240057654	1.2752341325672414
0.20808332995767057	1.135685127486417
0.21889430222777687	1.2971275689095925
0.219392499863587	1.295532328306703
0.2160383154420164	1.208967838703159
0.22320065712396658	1.3430879063819232
0.22674316770681485	1.1169094539282498
0.21744655026800191	1.1134422031898854
0.221031828880702	1.3293549835758733
0.21808372181739208	1.2121617835315655
0.22641314145108188	1.3284360846607872
0.22408874723916697	1.3375807601182115
0.2165039996152649	1.049407953723362
0.22080734300039925	1.2404024151627122
0.21714245663648338	1.2946092855028564
0.21953647232916376	1.3253294889654754
0.22223667833229702	1.3059365294159864
0.22225610095185888	1.272686575242716
0.22105225256707467	1.3437292404338246
0.2226531500749187	1.170307376360155
0.21866031914497444	1.2167070371695028
0.2212401568010144	1.3174778496566604
0.2209344668262691	1.2457905129419315
0.2174411597939438	1.3158305629280038
0.2183199713311387	1.2109373529108247
0.21438825670390024	1.3364816395019838
0.22513745512315764	1.3376551416118323
0.22195053871644663	1.2539111443975004
0.22539387313041218	1.3322234887263873
0.22431969622021752	1.1584524316280826
0.22347911378905913	1.3337032310555745
0.2098796182309572	1.3240913247081108
0.2215870045995064	1.3158403194288641
0.21930536688881586	1.058286661215659
0.21932476300464857	1.1325655660963465
0.21535199264481514	1.2563565302218378
0.21005332601618756	1.2818987403066746
0.22703580870987497	1.315639527451741
0.22384762384411677	1.337782748628771
0.21905047227788296	1.3360631128602307
0.2186530556044811	1.2345011809587696
0.21739549060099134	1.3251933898614237
0.20895183578991544	1.2758603213665989
0.21477066488030566	1.1964980519331416
0.22362079367368803	1.2538567730934842
0.2136356893116617	1.1420348400931788
0.21262981654784027	1.184065770012007
0.2193560301918788	1.3325238354046325
0.21794871662676973	1.1952463183538287
0.21761878179697797	1.1497410060119293
0.22096266331563624	1.3294700213087134
0.21847203854764405	0.9758997011956942
0.22080414006021237	1.3411876651975192
0.21560079511242763	1.3035536127492962
0.21416084293466606	1.3566212124744683
0.21820229231426508	1.074647124700923
0.2198599988464744	1.1031728743412137
0.2243375788900141	1.1906581106355456
0.21071651033229022	1.225915262042116
0.21550983463974616	1.2734856069032097
0.21949529737222553	1.288534904536305
0.21318886097946416	1.1252880715359344
0.22217587760976032	0.9035082756954562
0.2131176568470193	1.2049146999697204
0.22042906228115847	1.3129543779743829
0.22474212361831317	1.1218984767605358
0.21801829409916176	1.0360991599069185
0.22115407962352485	1.3189867652833371
0.21808414659384856	1.108162992462285
0.22191532658752824	1.3284588856160404
0.2076091131798477	1.2623007022202164
0.22057205105831112	1.3216577272864067
0.2223755134854773	1.2825349141967466
0.21008851223629907	1.2270826159757848
0.22487569585655995	1.1574849036978028
0.21733729887137873	1.0490969334325349
0.2239335196626346	1.16958185631808
0.2173374915138773	1.2228503612864898
0.21802975439184327	1.2361576964476952
0.22408321106009285	1.3391070800700176
0.21815678924737977	1.271724682519759
0.21426453086237282	1.2995853054465796
0.21772175776915453	1.0015071509677365
0.2121836304188147	1.1770216268220448
0.21730154995507298	1.3053385895464462
0.2147329655884428	1.2743895734420323
0.22225152128465783	1.2026976055323444
0.22188790086746438	1.3231659953837414
0.2215653627224043	1.3125230876914187
0.21398137503363018	1.3079002012587906
0.2176159684301013	1.2579716943457937
0.2160933060922776	1.1943449219760556
0.2264434335360099	1.3119039677541264
0.2179544934105404	1.1406581888248708
0.21755840089046355	1.32685631096759
0.21956463653829533	1.3266208407964624
0.2193765619208319	1.269850066904937
0.2198922807478842	1.2121829548833545
0.22633034961592302	1.2360682001950538
0.2146781903205416	1.302898548507029
0.2173324920781609	1.0305291516180946
0.21946265303561835	1.2798719190317471
0.22095228819891422	1.3139854420083554
0.22088766429103524	1.324153207759009
0.21844018658184247	1.1259819512492362
0.21887916988324188	1.3151237812379077
0.2182536243227842	1.3124458448717728
0.21878993291911908	1.3366894522285488
0.21643522684710545	1.3173460442493132
0.2173977891247267	1.1820138577854282
0.2223336755635503	1.1140186277237616
0.21550647277601603	1.1995926228253069
0.20888988537617487	1.1066334191304361
0.21491777859711042	1.2795124653247538
0.21702973175770976	1.2402955768823427
0.2147062585156835	1.3297437204216522
0.21866493271861975	1.3058284586281101
0.21987561092681265	1.1560903384546077
0.21760968784882903	1.3095173750012075
0.22409885430371299	1.3000313359210094
0.21757841719054152	1.02595379847211
0.22232673541671408	1.2884786534394785
0.22304670432965573	0.889044471062119
0.20604086453788234	1.3026534681503492
0.21335789614449016	1.3245047089549082
0.21699232842764415	1.241431592553706
0.2204988305152879	0.991489398773801
0.21370283820414834	1.1546695225232262
0.21947916934536466	1.3011172266425524
0.2177346750126376	1.3243091244737144
0.21782365550299668	1.1562428678213177
0.22027046721179475	1.3173157139782974
0.21696182490759916	1.3302787451196054
0.223919148857818	1.337961161928293
0.21367885390880081	1.2941016303896096
0.21303618279787598	1.221092594906254
0.22262314900944427	1.1301838808142761
0.2170699706516605	1.211377303379789
0.2192291023654392	1.3303800396232808
0.21890196197310607	1.1139648040034797
0.21704139081565618	1.304377487663955
0.20929190676315135	1.1728498101046378
0.22315902478975183	1.2835708402679902
0.2104753036729224	1.2439655840663486
0.21981492803501002	0.9528054613696606
0.20933170904935186	1.1931526424495742
0.2242245440741606	1.151178625259559
0.2184289152157643	1.3001692882324216
0.22221694558642294	1.250488203457035
0.21920048378110396	1.344942909530067
0.21452945283119357	1.2264303195941948
0.21988329599669687	1.330087202377323
0.21813898295396184	1.078967450985684
0.21132115605308616	1.1843169531705748
0.22418068473902159	1.2738770576933112
0.2264711360901905	1.311216563338785
0.2169877531467423	1.0580048307119525
0.21006058252485005	1.1942462609142308
0.22425914250221274	1.3404295715102457
0.2192518320676486	1.2719053320209635
0.21767640384095618	1.272725548447615
0.22138650030696283	1.254276910897502
0.21118951738098266	1.13672235466426
0.21674113157399424	1.271494923894231
0.21429951299713565	1.2154374314716074
0.22093893978904816	1.2042724314913118
0.21931200577430396	1.1624186574530913
0.22489802334273734	1.1739880932804825
0.2212750521910657	1.1945255748308172
0.2123369628894106	1.2910701517082874
0.22680372406571445	1.3076549397353165
0.21497391309214553	1.3138383184977216
0.21560347843096014	1.2401382093461202
0.22121015711559694	1.2037648807087509
0.21568210231493404	1.0994153239931956
0.21644342359986948	1.3125138318207492
0.2190416484205955	1.2950351239145603
0.21389694632339307	1.0376026744816755
0.21703177490388958	1.3185555625524303
0.2121525686691279	1.3498556398572379
0.2127822807268037	1.081453025815638
0.22103982965357	1.3287003067661032
0.21928552523297667	1.2899472461047794
0.21354807214487537	1.0459289440499366
0.22369808659539125	1.253628263628421
0.22234725756750376	1.2313525251574595
0.22136871698255964	1.1183282003235528
0.21365932904496004	1.028832948058138
0.2187334866050141	1.2291287740754926
0.21833553994373914	1.3307747195088226
0.22164622115593927	1.237623000327213
0.21848404292578152	1.3426981521246584
0.21910434344576787	1.1200792306682905
0.21503707792856838	1.2494430126374394
0.21940943374959448	1.2821835932702301
0.21951423565924855	1.310404569602848
0.21954930650656926	1.1992700284003408
0.2179240756667788	1.285296877843393
0.2222748344183704	1.3432348598104573
0.21748142095843626	1.2019557487166206
0.2206924410464211	1.1652999383657168
0.21390777024333382	1.33660707874395
0.21957586958355346	1.175533748461012
0.2251812493736519	1.3351312360933176
0.22023661313800705	1.296952798436386
0.21570304662158152	1.1738803449132649
0.22250975311976331	1.2366490060496456
0.22291433056616775	1.1866767020196178
0.21541299524023932	1.152587056808117
0.21896222010850322	1.076643541607378
0.21231134049197792	1.32994258833579
0.21612144687465504	1.1591435243185093
0.2149144242796162	1.0726293212232239
0.22365452287723805	0.9287618990337334
0.21261942840641526	1.2173579526958584
0.2117329023527933	1.3162752176360557
0.22005995267036985	1.1756590667566618
0.22248987582181784	1.3287162946233417
0.2149898590538596	1.0195029697650515
0.21287227552494567	1.284026256110143
0.21785878402145975	1.0709719918485594
0.2199141465172253	1.3022180330378557
0.21574234124853953	1.2890505820143665
0.22132749818213018	1.179732597537463
0.2198805209253625	1.2625231564449348
0.21861206827103052	1.335104019316977
0.21995867170990813	1.3220988468443526
0.2210783898515921	1.267407347124419
0.22320511039865126	1.2961322652083267
0.22042678293508938	1.2022727621196192
0.2146619082948867	1.2767120038691482
0.21016760561397488	1.2741288760457368
