0.0071	0.007	0.0063	0.0379
0.0375	0.0421	0.0367	0.2403
0.0214	0.0218	0.0204	0.092
0.0275	0.0304	0.0253	0.1731
0.021	0.0236	0.0209	0.2053
0.039	0.0427	0.038	0.2522
0.0324	0.0367	0.0319	0.18
0.0262	0.0241	0.023	0.1897
0.0214	0.0232	0.0212	0.1642
0.0286	0.0341	0.0281	0.1525
0.0113	0.0125	0.011	0.0816
0.0264	0.0256	0.0236	0.1638
0.0192	0.0218	0.0183	0.1202
0.0273	0.0266	0.0251	0.1659
0.0241	0.0214	0.0211	0.1794
0.0254	0.0255	0.0231	0.1365
0.0312	0.0391	0.0312	0.2075
0.0346	0.037	0.034	0.2133
0.0404	0.0437	0.0394	0.2528
0.0271	0.0228	0.0212	0.1967
0.0298	0.0315	0.0288	0.1493
0.0159	0.0159	0.0152	0.1199
0.0275	0.0235	0.0223	0.1712
0.0241	0.0252	0.0233	0.1626
0.0321	0.0364	0.0301	0.2267
0.0262	0.0315	0.0253	0.2248
0.0255	0.0307	0.0245	0.1703
0.0403	0.042	0.0402	0.2828
0.0138	0.017	0.0135	0.1162
0.0108	0.0118	0.0106	0.0686
0.037	0.0404	0.0368	0.2028
0.0296	0.0282	0.0263	0.1944
0.015	0.016	0.0146	0.1288
0.0231	0.0225	0.0193	0.1741
0.0325	0.0369	0.0323	0.1701
0.0218	0.0187	0.0185	0.1447
0.024	0.0222	0.0213	0.1507
0.0329	0.0336	0.0324	0.1671
0.0391	0.0424	0.0391	0.2549
0.0258	0.0277	0.0242	0.1447
0.0067	0.0066	0.0059	0.0385
0.0269	0.0213	0.0206	0.1524
0.0334	0.0397	0.0333	0.2514
0.0217	0.0223	0.0209	0.1425
0.0288	0.032	0.0262	0.2023
0.0315	0.0378	0.0313	0.2378
0.0258	0.0275	0.0252	0.2194
0.0154	0.0156	0.0134	0.0677
0.0297	0.0315	0.027	0.2093
0.0295	0.0349	0.0286	0.2121
0.0275	0.0253	0.0229	0.1482
0.0173	0.0143	0.0135	0.0776
0.0249	0.0258	0.0234	0.1558
0.0328	0.0366	0.0319	0.2055
0.0258	0.0218	0.0215	0.1901
0.0269	0.0251	0.0222	0.1638
0.0381	0.0412	0.0369	0.2318
0.0276	0.0255	0.0249	0.1844
0.0259	0.0208	0.0207	0.1783
0.024	0.0223	0.0216	0.2056
0.0164	0.0185	0.0157	0.1376
0.0365	0.0446	0.0363	0.2763
0.0424	0.0469	0.0413	0.2511
0.0296	0.0332	0.0279	0.2134
0.0173	0.0223	0.0168	0.1096
0.017	0.0188	0.0167	0.1386
0.0374	0.0399	0.0361	0.2124
0.023	0.019	0.0186	0.1162
0.0354	0.0419	0.0351	0.2181
0.0295	0.0346	0.0294	0.1715
0.0143	0.0142	0.013	0.0835
0.0127	0.011	0.0102	0.0905
0.0203	0.0218	0.0198	0.1393
0.025	0.0223	0.0218	0.1818
0.027	0.0333	0.0268	0.1932
0.0277	0.0345	0.0275	0.1655
0.0178	0.0151	0.0146	0.0891
0.0259	0.0258	0.0242	0.1941
0.0338	0.0442	0.0337	0.2557
0.0241	0.0202	0.0201	0.1232
0.0126	0.0141	0.0122	0.1056
0.0274	0.0289	0.0249	0.1246
0.0295	0.0358	0.0291	0.2123
0.026	0.0264	0.0257	0.1952
0.0265	0.0251	0.0243	0.1752
0.025	0.0263	0.0236	0.187
0.0379	0.0422	0.0378	0.2415
0.0286	0.0272	0.0264	0.2118
0.0208	0.0166	0.016	0.1007
0.0255	0.0288	0.0254	0.2349
0.0357	0.0401	0.035	0.2387
0.0279	0.0335	0.0265	0.2235
0.028	0.026	0.0248	0.1989
0.0212	0.0183	0.018	0.1555
0.0345	0.036	0.032	0.1759
0.0317	0.0361	0.0294	0.1925
0.0184	0.0148	0.0144	0.0896
0.0344	0.0372	0.0342	0.184
0.0268	0.0209	0.0207	0.1858
0.0286	0.0337	0.0276	0.1665
0.0302	0.0386	0.0301	0.2027
0.0345	0.0426	0.0345	0.2541
0.0233	0.0189	0.0176	0.1194
0.0202	0.0246	0.0201	0.109
0.04	0.0438	0.0391	0.267
0.0104	0.011	0.0096	0.074
0.0254	0.0318	0.025	0.1505
0.0229	0.0254	0.0221	0.1628
0.0413	0.0431	0.0396	0.3022
0.0277	0.022	0.0217	0.2004
0.0261	0.0288	0.0252	0.1846
0.025	0.025	0.0233	0.1803
0.0398	0.0438	0.0396	0.2614
0.0361	0.0394	0.0359	0.2134
0.0288	0.03	0.0276	0.2163
0.0292	0.0219	0.0217	0.1748
0.0294	0.0316	0.0269	0.1473
0.0109	0.0125	0.0104	0.0779
0.0259	0.026	0.0235	0.1661
0.0272	0.0308	0.0259	0.1483
0.0244	0.0279	0.0226	0.1594
0.0087	0.0067	0.0065	0.0335
0.0326	0.0329	0.0324	0.166
0.0321	0.0382	0.0319	0.2362
0.0385	0.0412	0.0384	0.2239
0.0298	0.0338	0.0293	0.2022
0.026	0.0271	0.0234	0.1579
0.028	0.0276	0.0268	0.2137
0.0221	0.0192	0.0181	0.1017
0.0287	0.0228	0.0225	0.1854
0.0237	0.0227	0.021	0.1582
0.0281	0.0336	0.0276	0.1584
0.0201	0.0229	0.0198	0.1782
0.0254	0.0254	0.0247	0.1517
0.0271	0.0202	0.02	0.1271
0.0343	0.0372	0.034	0.2036
0.0311	0.0368	0.0309	0.2012
0.0278	0.0307	0.0267	0.1843
0.0263	0.0303	0.0251	0.1549
0.0204	0.0161	0.0157	0.094
0.0147	0.0156	0.0138	0.1022
0.0195	0.0209	0.019	0.1727
0.0341	0.0371	0.0338	0.1877
0.0184	0.0157	0.0153	0.0817
0.0343	0.0332	0.0322	0.1967
0.0141	0.0146	0.0139	0.1083
0.0385	0.0406	0.0383	0.2282
0.0247	0.0224	0.0211	0.1766
0.0301	0.0334	0.0294	0.171
0.0254	0.0215	0.0204	0.1668
0.0258	0.0268	0.0234	0.1644
0.0324	0.0361	0.0317	0.1943
0.0227	0.028	0.0224	0.1291
0.025	0.0247	0.0221	0.1893
0.0168	0.0144	0.014	0.0834
0.0342	0.0425	0.0342	0.2682
0.0348	0.0401	0.0346	0.2181
0.0247	0.023	0.0216	0.1306
0.0205	0.0186	0.0176	0.0987
0.0421	0.0449	0.04	0.2745
0.0295	0.032	0.0293	0.1649
0.0254	0.0285	0.024	0.1562
0.0179	0.0194	0.0176	0.1459
0.0176	0.0226	0.0174	0.1564
0.0386	0.0404	0.0378	0.2162
0.0203	0.0221	0.0185	0.1408
0.0263	0.032	0.0256	0.1616
0.0201	0.0194	0.0185	0.1102
0.0167	0.0193	0.0164	0.1469
0.0203	0.0214	0.0192	0.1661
0.0297	0.0362	0.029	0.1657
0.0267	0.0287	0.0251	0.1693
0.02	0.0183	0.0171	0.1153
0.0234	0.0214	0.0206	0.1496
0.0157	0.018	0.0153	0.1423
0.0204	0.0198	0.0179	0.1087
0.0262	0.0238	0.0219	0.159
0.0297	0.0325	0.028	0.1745
0.024	0.0233	0.0212	0.1394
0.0277	0.022	0.0217	0.2097
0.0266	0.0221	0.0205	0.1384
0.024	0.0235	0.0224	0.1444
0.0322	0.0412	0.0322	0.2396
0.0267	0.0291	0.0249	0.173
0.0281	0.0326	0.0279	0.1398
0.0173	0.017	0.0155	0.1068
0.0485	0.0411	0.0399	0.2538
0.0222	0.0237	0.0219	0.1222
0.0275	0.0275	0.026	0.2189
0.0333	0.0379	0.0329	0.2269
0.0134	0.0115	0.0114	0.0695
0.0372	0.0415	0.037	0.217
0.0235	0.0254	0.0225	0.2135
0.0236	0.0193	0.019	0.1279
0.0263	0.0257	0.0257	0.1274
0.0258	0.0248	0.0233	0.1251
0.0293	0.0257	0.0247	0.1724
0.0314	0.0353	0.0309	0.1703
0.0326	0.0383	0.0325	0.2479
0.0289	0.027	0.0246	0.1758
0.0288	0.0323	0.0284	0.1442
0.0216	0.0254	0.0205	0.1768
0.0199	0.0213	0.0191	0.1454
0.0316	0.0367	0.0314	0.2066
0.0138	0.0149	0.0137	0.1215
0.0066	0.0075	0.0065	0.0421
0.0193	0.0213	0.0175	0.0898
0.0173	0.0189	0.0155	0.1065
0.0272	0.0229	0.0224	0.1835
0.0231	0.0274	0.0228	0.131
0.0241	0.0208	0.0199	0.1263
0.0267	0.0272	0.0246	0.1779
0.0286	0.0267	0.024	0.1639
0.025	0.0234	0.0213	0.1385
0.0255	0.022	0.0206	0.1198
0.0412	0.0383	0.0351	0.1922
0.0226	0.0224	0.0203	0.1504
0.0172	0.0204	0.0171	0.138
0.0293	0.0361	0.029	0.2277
0.0278	0.0349	0.0275	0.2184
0.0313	0.0357	0.0303	0.179
0.0232	0.0196	0.0189	0.1244
0.0283	0.0346	0.028	0.1658
0.0234	0.0203	0.0199	0.1184
0.0212	0.02	0.0187	0.122
0.031	0.0317	0.0292	0.195
0.0278	0.0334	0.0272	0.1696
0.03	0.0293	0.0265	0.1882
0.0249	0.0249	0.0234	0.1637
0.0363	0.034	0.0324	0.1577
0.0279	0.0337	0.0277	0.1934
0.0156	0.0138	0.0128	0.0683
0.0238	0.0244	0.0208	0.1244
0.0268	0.0308	0.0266	0.1424
0.0153	0.015	0.0146	0.1263
0.0396	0.0406	0.0382	0.2562
0.0204	0.019	0.0178	0.1007
0.018	0.0188	0.0169	0.0764
0.0285	0.0368	0.0262	0.205
0.0196	0.0242	0.019	0.1031
0.0141	0.0124	0.0119	0.0698
0.029	0.0298	0.0279	0.2124
0.0055	0.0045	0.0043	0.0202
0.04	0.042	0.0398	0.2721
0.0224	0.0255	0.0219	0.1249
0.0325	0.0387	0.0324	0.209
0.0336	0.0377	0.0321	0.2359
0.0319	0.0332	0.0305	0.2069
0.025	0.0275	0.024	0.1646
0.0338	0.039	0.0326	0.2311
0.0269	0.0317	0.0259	0.1766
0.0301	0.028	0.0256	0.1834
0.0178	0.0206	0.0177	0.1501
0.0272	0.0309	0.0255	0.2035
0.014	0.015	0.0137	0.0872
0.0215	0.0202	0.019	0.1152
0.0185	0.0177	0.0167	0.0971
0.023	0.0251	0.0221	0.1798
0.0245	0.0214	0.0195	0.1423
0.0131	0.0107	0.0096	0.0535
0.0279	0.0339	0.0272	0.1742
0.0293	0.0309	0.0284	0.2237
0.0326	0.0353	0.0324	0.1808
0.0249	0.0286	0.0237	0.1444
0.0394	0.0431	0.0367	0.2412
0.0276	0.0272	0.0254	0.1653
0.035	0.039	0.0348	0.2305
0.0252	0.0313	0.0242	0.1552
0.0142	0.0111	0.011	0.1247
0.034	0.0387	0.0327	0.1961
0.022	0.024	0.0204	0.1993
0.0343	0.0382	0.0337	0.2009
0.0171	0.0181	0.0164	0.1196
0.0241	0.0223	0.021	0.1428
0.0287	0.0333	0.0279	0.1814
0.0397	0.0432	0.0375	0.2582
0.0264	0.0288	0.025	0.1688
0.0287	0.0298	0.0258	0.1679
0.0281	0.0307	0.0278	0.2183
0.0243	0.0234	0.0217	0.1646
0.0359	0.031	0.0301	0.1476
0.034	0.0354	0.0339	0.2027
0.0235	0.02	0.0196	0.1431
0.0304	0.0333	0.0301	0.1693
0.0388	0.041	0.0384	0.2297
0.0246	0.0215	0.0214	0.1697
0.026	0.024	0.0232	0.1507
0.0264	0.0303	0.0257	0.2145
0.024	0.029	0.0234	0.1649
0.0286	0.0317	0.0283	0.1533
0.0254	0.0261	0.0241	0.1703
0.0402	0.0412	0.039	0.2388
0.016	0.0175	0.0155	0.1347
0.0252	0.0229	0.0216	0.1914
0.0311	0.0309	0.0276	0.2018
0.0262	0.0209	0.0206	0.18
0.0202	0.0194	0.0183	0.1173
0.0347	0.0369	0.0336	0.2126
0.0237	0.0275	0.0224	0.1495
0.0193	0.0184	0.0173	0.1231
0.029	0.0263	0.0239	0.2031
0.0262	0.0293	0.0258	0.1506
0.0328	0.0349	0.0313	0.1865
0.0235	0.0238	0.0215	0.1768
0.0401	0.045	0.0387	0.2786
0.0257	0.0242	0.0227	0.1607
0.0261	0.0258	0.0237	0.1748
0.0298	0.0342	0.0295	0.1581
0.0357	0.0406	0.0354	0.2282
0.0223	0.0183	0.0175	0.1036
0.0302	0.0262	0.0258	0.184
0.0085	0.0058	0.005	0.0461
0.013	0.0137	0.0126	0.0599
0.0128	0.015	0.0119	0.1023
0.0353	0.0413	0.0352	0.2188
0.0256	0.0284	0.0234	0.1528
0.0272	0.0274	0.0265	0.213
0.0325	0.0339	0.0301	0.2065
0.0167	0.0203	0.0156	0.081
0.0269	0.0261	0.0243	0.199
0.0388	0.0445	0.0387	0.2688
0.0292	0.0248	0.0235	0.1785
0.0153	0.0158	0.0146	0.1365
0.0259	0.0257	0.0236	0.2067
0.0352	0.0429	0.0352	0.2806
0.0168	0.0171	0.0156	0.098
0.0251	0.0314	0.0244	0.19
0.0273	0.0253	0.0236	0.1568
0.0308	0.0338	0.0304	0.1572
0.0356	0.0382	0.0354	0.2243
0.0221	0.0265	0.0217	0.1194
0.0259	0.0263	0.0237	0.212
0.0203	0.0196	0.0187	0.1627
0.028	0.0293	0.0258	0.222
0.028	0.0273	0.0261	0.1701
0.0269	0.0222	0.0214	0.1761
0.0365	0.041	0.0365	0.2434
0.017	0.0183	0.0165	0.1491
0.026	0.023	0.0214	0.1992
0.0259	0.027	0.0256	0.1314
0.0382	0.0426	0.0377	0.2462
0.0314	0.0392	0.0307	0.2093
0.0299	0.0322	0.028	0.1914
0.0263	0.0264	0.024	0.1323
0.031	0.0372	0.0309	0.2588
0.0167	0.0135	0.0134	0.0795
0.0417	0.0399	0.0365	0.2104
0.024	0.0247	0.0221	0.1469
0.0284	0.0337	0.028	0.1988
0.0325	0.0335	0.0322	0.1733
0.0275	0.0303	0.0271	0.1349
0.0177	0.0134	0.013	0.0722
0.0269	0.0312	0.0265	0.1808
0.0261	0.0286	0.0248	0.1383
0.015	0.0169	0.0139	0.1389
0.0383	0.0449	0.0381	0.2884
0.043	0.0398	0.0377	0.2237
0.0266	0.0275	0.026	0.1139
0.0378	0.0404	0.0374	0.2537
0.0243	0.0216	0.0198	0.1433
0.0262	0.0305	0.026	0.1332
0.033	0.0411	0.0329	0.2333
0.0321	0.0348	0.0316	0.1847
0.0297	0.0272	0.0255	0.2092
0.0239	0.0224	0.0208	0.1857
0.0274	0.0259	0.025	0.1656
0.0136	0.0146	0.0125	0.1062
0.0226	0.0205	0.0194	0.1148
0.0202	0.0228	0.0196	0.2091
0.0286	0.028	0.0247	0.1882
0.0283	0.0245	0.0236	0.1866
0.022	0.0193	0.0192	0.1683
0.0267	0.0292	0.0257	0.1809
0.0359	0.0425	0.0355	0.2837
0.0247	0.0201	0.0195	0.1337
0.0225	0.0246	0.0208	0.12
0.0276	0.0307	0.0259	0.1636
0.0227	0.0265	0.0221	0.222
0.0373	0.0419	0.0359	0.243
0.024	0.0222	0.021	0.1658
0.0251	0.0246	0.0218	0.1477
0.0273	0.0289	0.027	0.1542
0.026	0.0305	0.0254	0.1327
0.0313	0.0366	0.0307	0.2312
0.0207	0.0205	0.0179	0.1056
0.0229	0.0182	0.0172	0.1156
0.0264	0.0308	0.0259	0.2044
0.0182	0.0168	0.0155	0.1196
0.0338	0.0323	0.0291	0.1404
0.0322	0.0343	0.0303	0.1934
0.0326	0.0353	0.032	0.1646
0.0266	0.03	0.0251	0.2119
0.0288	0.0213	0.0211	0.1947
0.0258	0.0215	0.021	0.1914
0.0226	0.0224	0.021	0.1454
0.0266	0.0293	0.0252	0.224
0.0347	0.0432	0.0346	0.2751
0.0281	0.0329	0.0277	0.2234
0.0158	0.0173	0.015	0.0993
0.0381	0.0403	0.0353	0.2018
0.0252	0.0254	0.0214	0.1356
0.0302	0.0343	0.0289	0.1883
0.0251	0.0234	0.0216	0.1325
0.0351	0.0408	0.035	0.242
0.0177	0.0177	0.0167	0.1261
0.0353	0.0382	0.0345	0.1925
0.0145	0.0161	0.0137	0.1295
0.0216	0.0231	0.0198	0.1584
0.0293	0.0308	0.0284	0.2196
0.028	0.0264	0.0256	0.2105
0.0411	0.0413	0.0385	0.2405
0.0198	0.0178	0.0172	0.1143
0.0184	0.0224	0.018	0.0991
0.0162	0.0158	0.014	0.0757
0.0198	0.0181	0.0171	0.1304
0.0365	0.0417	0.0361	0.2213
0.0131	0.0145	0.0127	0.1035
0.0255	0.0194	0.0189	0.1405
0.0312	0.0329	0.0285	0.1778
0.0268	0.0267	0.0243	0.1823
0.037	0.0418	0.0369	0.2323
0.0228	0.0219	0.0211	0.1856
0.0413	0.0439	0.0393	0.2614
0.0348	0.0363	0.0347	0.2524
0.017	0.0195	0.016	0.1203
0.0423	0.0445	0.0397	0.2556
0.0382	0.0429	0.0381	0.2825
0.0252	0.0301	0.0241	0.1729
0.0199	0.0191	0.0182	0.091
0.0317	0.0399	0.0317	0.22
0.0351	0.0382	0.0349	0.2003
0.0269	0.0241	0.0229	0.2037
0.0278	0.025	0.0238	0.1537
0.0278	0.0264	0.0243	0.1049
0.0381	0.0424	0.0375	0.2429
0.0411	0.0451	0.0399	0.2801
0.025	0.0266	0.0246	0.2095
0.0261	0.026	0.0235	0.2062
0.0353	0.0368	0.0346	0.1951
0.0353	0.0389	0.035	0.2766
0.026	0.0266	0.024	0.1845
0.0369	0.041	0.0358	0.2271
0.0296	0.029	0.0265	0.1923
0.0284	0.0286	0.0258	0.1723
0.0263	0.0303	0.0247	0.2062
0.0326	0.0351	0.0324	0.1846
0.0273	0.0273	0.0247	0.1662
0.033	0.0328	0.0311	0.2071
0.0372	0.0391	0.0368	0.2055
0.0277	0.0249	0.0232	0.1482
0.0223	0.0227	0.0206	0.1094
0.0151	0.0169	0.0148	0.1221
0.0351	0.0379	0.0348	0.2024
0.0383	0.0415	0.037	0.2386
0.0106	0.0096	0.0092	0.0468
0.0261	0.0271	0.0246	0.2121
0.0302	0.0273	0.0249	0.1917
0.0265	0.0258	0.0243	0.1805
0.017	0.0163	0.0159	0.1322
0.0394	0.0389	0.0373	0.2447
0.0285	0.029	0.0282	0.1533
0.0374	0.0419	0.0372	0.2284
0.0375	0.0392	0.0363	0.2095
0.0304	0.0356	0.0301	0.1664
0.0402	0.0436	0.0399	0.2491
0.0277	0.0285	0.024	0.2055
0.0391	0.0394	0.039	0.2433
0.0282	0.0233	0.0227	0.1865
0.0356	0.0428	0.0355	0.2388
0.0235	0.0287	0.0233	0.1618
0.0345	0.0401	0.0343	0.2355
0.026	0.0225	0.0213	0.1531
0.0299	0.0269	0.0253	0.2069
0.0206	0.0236	0.0203	0.1362
0.0316	0.0406	0.0315	0.2585
0.0339	0.0347	0.0337	0.1811
0.0182	0.0191	0.0171	0.1447
0.0259	0.0288	0.025	0.1525
0.036	0.0393	0.035	0.226
0.0269	0.027	0.0254	0.124
0.0193	0.0197	0.0172	0.1316
0.0371	0.043	0.0371	0.2348
0.0273	0.0305	0.0268	0.1438
0.0371	0.0392	0.0369	0.2038
0.0307	0.0326	0.0305	0.1652
0.0353	0.0367	0.0351	0.1862
0.02	0.0245	0.0195	0.1323
0.0383	0.0423	0.0377	0.2445
0.0317	0.0317	0.0299	0.1911
0.0196	0.0171	0.0157	0.1217
0.0283	0.0266	0.0243	0.1812
0.0436	0.0443	0.0397	0.2894
0.0222	0.0212	0.0203	0.142
0.0252	0.024	0.0222	0.1631
0.0202	0.0153	0.015	0.0949
