0.371	0.3458	0.3218	0.4647
0.3431	0.3426	0.3111	0.4098
0.3642	0.358	0.3376	0.438
0.4259	0.418	0.4027	0.4416
0.4119	0.4377	0.3994	0.4464
0.2935	0.2524	0.2429	0.4111
0.4045	0.3209	0.3329	0.4631
0.3984	0.3428	0.3398	0.4925
0.4248	0.4291	0.4091	0.5349
0.4177	0.4103	0.3978	0.5404
0.3523	0.329	0.3167	0.4525
0.3333	0.3126	0.2977	0.474
0.4372	0.4348	0.4249	0.4519
0.4261	0.4388	0.4212	0.5442
0.4134	0.4113	0.3963	0.4397
0.3836	0.4151	0.3756	0.4338
0.4415	0.4368	0.4255	0.5033
0.3777	0.3778	0.3664	0.4839
0.3522	0.3133	0.3016	0.446
0.3575	0.3384	0.3159	0.4
0.3789	0.3937	0.3653	0.4638
0.3781	0.3833	0.363	0.4916
0.4138	0.3796	0.3662	0.4336
0.417	0.4302	0.3942	0.5379
0.4026	0.3723	0.3891	0.4829
0.4112	0.4031	0.3897	0.4974
0.3331	0.2868	0.2802	0.3193
0.4442	0.4434	0.4278	0.4386
0.4161	0.426	0.4045	0.481
0.4154	0.4027	0.3905	0.4795
0.3329	0.304	0.2783	0.3189
0.3523	0.3131	0.2904	0.4105
0.3715	0.3799	0.3527	0.4352
0.3548	0.3063	0.3094	0.4709
0.4364	0.4644	0.4286	0.53
0.4539	0.4658	0.448	0.4971
0.4097	0.4071	0.3998	0.5321
0.3578	0.3631	0.3452	0.4991
0.3856	0.3811	0.3705	0.481
0.4112	0.4069	0.3926	0.528
0.3696	0.3684	0.3541	0.3709
0.4046	0.4236	0.3981	0.4976
0.3825	0.3694	0.351	0.4729
0.4211	0.4138	0.385	0.5305
0.4252	0.4211	0.4063	0.5193
0.4064	0.409	0.3858	0.5219
0.4077	0.4205	0.4018	0.4321
0.4643	0.4592	0.4303	0.5088
0.3824	0.3794	0.3536	0.3739
0.4242	0.4181	0.4042	0.4547
0.3058	0.2768	0.2701	0.3216
0.3684	0.3489	0.3411	0.5342
0.4092	0.4143	0.3978	0.5326
0.3738	0.3534	0.323	0.4673
