0.2892	0.2746	0.2563	0.4526
0.2734	0.2691	0.255	0.3931
0.2893	0.2866	0.2707	0.4142
0.3204	0.3223	0.3127	0.3382
0.3172	0.3303	0.3061	0.4016
0.2293	0.2049	0.1896	0.4068
0.3143	0.2939	0.2823	0.4524
0.3089	0.2991	0.2792	0.4403
0.3407	0.3329	0.3225	0.3991
0.3311	0.3212	0.314	0.4548
0.2756	0.2677	0.2521	0.4058
0.2669	0.2532	0.2418	0.4415
0.3344	0.3286	0.3221	0.3414
0.3416	0.3518	0.337	0.4416
0.305	0.3058	0.2972	0.3311
0.3024	0.3236	0.2956	0.3508
0.3421	0.3401	0.3295	0.4412
0.2893	0.2822	0.2775	0.4267
0.2824	0.2472	0.2413	0.432
0.2837	0.2642	0.2502	0.3848
0.2836	0.2906	0.2777	0.3914
0.3008	0.2991	0.2858	0.4539
0.3206	0.3079	0.2985	0.4017
0.334	0.341	0.3207	0.4481
0.3093	0.3102	0.2925	0.3868
0.3249	0.314	0.3006	0.3854
0.2612	0.2376	0.2128	0.2955
0.3354	0.3305	0.3211	0.3445
0.3293	0.3351	0.32	0.4157
0.3123	0.3244	0.2999	0.4131
0.2613	0.2336	0.2181	0.2996
0.2686	0.2468	0.2319	0.3949
0.289	0.2829	0.2714	0.3895
0.2858	0.2385	0.2426	0.4313
0.3347	0.3534	0.327	0.3593
0.2946	0.2903	0.2694	0.322
0.2689	0.2382	0.2259	0.3637
0.3147	0.3301	0.3076	0.4676
0.2968	0.2839	0.2786	0.4545
0.2873	0.2651	0.2481	0.4691
0.3423	0.343	0.3343	0.375
0.2678	0.2541	0.2425	0.4568
0.3528	0.3544	0.3429	0.3688
0.3144	0.3109	0.3001	0.415
0.3228	0.3248	0.3095	0.3929
0.2746	0.2498	0.2326	0.3442
0.296	0.2827	0.2666	0.4678
0.3272	0.3272	0.3107	0.3993
0.3493	0.3733	0.3457	0.4337
0.3432	0.3613	0.3387	0.3739
0.3265	0.3278	0.3206	0.4647
0.2898	0.3066	0.2817	0.4473
0.3043	0.2997	0.2944	0.438
0.3301	0.3241	0.3151	0.4432
0.2837	0.2803	0.2714	0.3122
0.3246	0.3365	0.3207	0.4554
0.3004	0.2788	0.2729	0.4104
0.325	0.3292	0.3118	0.3917
0.3381	0.3303	0.3159	0.4096
0.3191	0.3163	0.3092	0.4644
0.2958	0.3043	0.2942	0.3101
0.3565	0.3536	0.3481	0.3925
0.2958	0.2898	0.2752	0.3094
0.3108	0.3255	0.308	0.3484
0.2375	0.2102	0.2044	0.2821
0.293	0.2803	0.2692	0.4843
0.3223	0.3262	0.3149	0.4273
0.2921	0.2854	0.2606	0.4609
