0.2316	0.2212	0.2045	0.3869
0.2226	0.2214	0.2067	0.3126
0.2319	0.2312	0.2156	0.3523
0.2373	0.2389	0.2304	0.2949
0.2412	0.2484	0.2309	0.3781
0.1817	0.1734	0.161	0.3824
0.2476	0.238	0.2252	0.3963
0.2445	0.2429	0.2245	0.3569
0.2699	0.27	0.2564	0.2927
0.2653	0.2589	0.2521	0.3429
0.221	0.2169	0.2054	0.331
0.2196	0.2068	0.1987	0.352
0.2463	0.2441	0.2386	0.2638
0.2752	0.2871	0.2702	0.3415
0.2222	0.2198	0.2153	0.2805
0.2409	0.2554	0.2352	0.2988
0.2585	0.2658	0.248	0.3732
0.2231	0.2101	0.2064	0.393
0.2339	0.203	0.191	0.3673
0.2304	0.2123	0.2002	0.3498
0.2171	0.2169	0.2105	0.3481
0.2459	0.2428	0.2322	0.3472
0.2461	0.2458	0.2332	0.3656
0.2599	0.2617	0.2465	0.3615
0.2412	0.2337	0.2197	0.324
0.2513	0.2463	0.2327	0.2992
0.2096	0.186	0.1714	0.2825
0.2398	0.2392	0.233	0.3185
0.2651	0.2717	0.2575	0.3397
0.2411	0.2547	0.2309	0.3164
0.2095	0.1845	0.1748	0.2897
0.2049	0.1939	0.1824	0.3891
0.2246	0.2149	0.2099	0.3446
0.2377	0.192	0.1932	0.4013
0.2585	0.2626	0.2509	0.2613
0.2295	0.2241	0.2103	0.287
0.2163	0.1948	0.1813	0.3407
0.2475	0.2572	0.2414	0.3623
0.2398	0.2422	0.2302	0.3431
0.2329	0.2156	0.1997	0.3622
0.2508	0.2478	0.2457	0.292
0.2237	0.2095	0.1992	0.3681
0.2659	0.2617	0.255	0.2753
0.249	0.2449	0.24	0.363
0.2568	0.245	0.2385	0.3674
0.2226	0.1912	0.1855	0.3343
0.2384	0.2315	0.2112	0.3715
0.2574	0.2678	0.253	0.2945
0.2754	0.2903	0.2717	0.3784
0.2543	0.2639	0.251	0.2829
0.2639	0.269	0.2604	0.3883
0.2338	0.2617	0.2303	0.3901
0.2406	0.2362	0.2316	0.3721
0.2698	0.2654	0.2586	0.3331
0.2205	0.2188	0.2107	0.2836
0.2629	0.2715	0.2592	0.3759
0.2383	0.2198	0.2132	0.3242
0.2559	0.2731	0.2429	0.2807
0.2691	0.2642	0.2485	0.3168
0.2571	0.2464	0.2432	0.3718
0.2092	0.2133	0.2084	0.2172
0.2677	0.26	0.2587	0.3103
0.2315	0.2319	0.2151	0.2739
0.2287	0.2448	0.227	0.2791
0.1898	0.166	0.1576	0.2635
0.2391	0.2309	0.2139	0.3712
0.2529	0.2606	0.2458	0.308
0.2338	0.2354	0.2097	0.3594
