0.1292	0.1227	0.1182	0.1842
0.1732	0.1727	0.1671	0.2414
0.1637	0.1692	0.1517	0.2933
0.1743	0.1768	0.1619	0.2531
0.1497	0.1477	0.1366	0.2945
0.1407	0.1381	0.1321	0.2381
0.1637	0.1772	0.162	0.2267
0.1543	0.1628	0.1452	0.2794
0.1316	0.1263	0.1201	0.2491
0.151	0.1589	0.145	0.1791
0.1716	0.1767	0.16	0.2043
0.1474	0.1498	0.1418	0.2522
0.1522	0.147	0.1458	0.2466
0.1598	0.1653	0.1525	0.2313
0.1532	0.1694	0.1499	0.235
0.1616	0.1704	0.1534	0.271
0.1447	0.1763	0.1435	0.2328
0.1792	0.1826	0.1778	0.2162
0.1553	0.1543	0.1509	0.214
0.1175	0.1212	0.1153	0.3122
0.1782	0.1772	0.1633	0.2393
0.1296	0.1225	0.119	0.277
0.1705	0.1397	0.1357	0.3031
0.1827	0.1949	0.1817	0.2592
0.1577	0.1625	0.1476	0.1964
0.1377	0.1435	0.1254	0.2689
0.17	0.1454	0.1378	0.2917
0.1352	0.1316	0.1245	0.1829
0.1747	0.1802	0.1716	0.2155
0.1282	0.1349	0.1252	0.1993
0.1581	0.1749	0.1483	0.2912
0.1272	0.1293	0.1117	0.2345
0.1723	0.1803	0.1642	0.2435
0.1568	0.1523	0.1452	0.2671
0.1421	0.1482	0.1237	0.2459
0.1514	0.166	0.148	0.2515
0.1642	0.168	0.1629	0.2558
0.1563	0.174	0.1534	0.2105
0.1704	0.1463	0.1468	0.3197
0.1584	0.1494	0.1423	0.2939
0.1647	0.1608	0.1537	0.2542
0.139	0.1443	0.1286	0.2296
0.173	0.1921	0.1621	0.2328
0.1609	0.1593	0.1463	0.2695
0.1248	0.119	0.1155	0.147
0.159	0.1644	0.149	0.2449
0.1481	0.15	0.1417	0.208
0.159	0.1673	0.1507	0.2316
0.1297	0.134	0.124	0.228
0.1699	0.1641	0.1566	0.1991
0.1749	0.1799	0.1687	0.2484
0.148	0.1436	0.1323	0.2541
0.1815	0.1786	0.1635	0.2172
0.1629	0.1631	0.1573	0.1894
0.1437	0.1408	0.1373	0.2443
0.1746	0.171	0.1603	0.2796
0.1364	0.1347	0.1301	0.1602
0.18	0.1867	0.1735	0.2343
0.1609	0.1495	0.1422	0.2198
0.1609	0.1688	0.1485	0.2424
0.1332	0.1318	0.1264	0.206
0.1571	0.1659	0.1547	0.2313
0.1748	0.1829	0.1705	0.253
0.1531	0.1537	0.1418	0.2581
0.1673	0.1729	0.15	0.2518
0.1678	0.163	0.1493	0.1837
0.1609	0.1639	0.1497	0.2035
0.1412	0.153	0.1336	0.2773
0.1521	0.1555	0.1425	0.308
0.1295	0.1281	0.1225	0.2602
0.163	0.1572	0.1508	0.2562
0.1604	0.1504	0.1449	0.2335
0.1615	0.1589	0.1539	0.1802
0.1712	0.1772	0.159	0.2018
0.1612	0.1546	0.1428	0.2115
0.1627	0.1612	0.145	0.2589
0.1419	0.144	0.1372	0.1923
0.1759	0.1891	0.1691	0.2769
0.1262	0.1248	0.1204	0.26
0.1579	0.1654	0.1516	0.256
0.1644	0.1614	0.1533	0.3149
0.1489	0.1394	0.1327	0.2884
0.1715	0.1631	0.1499	0.2115
0.1699	0.1638	0.1449	0.2176
0.1445	0.1459	0.1362	0.2328
0.1797	0.1799	0.1663	0.2089
0.159	0.1675	0.1501	0.2484
0.1733	0.1889	0.167	0.2399
0.1552	0.1527	0.1495	0.2706
0.148	0.1505	0.1449	0.2173
0.1473	0.1303	0.1247	0.2721
0.1368	0.1346	0.1322	0.2971
0.1732	0.1763	0.1679	0.2459
0.1518	0.1546	0.1457	0.2159
0.1475	0.1403	0.1259	0.234
0.1359	0.1353	0.1248	0.2607
0.1402	0.1357	0.1331	0.2367
0.1729	0.1583	0.1495	0.2739
0.1528	0.15	0.145	0.161
0.1498	0.1347	0.1305	0.261
0.1571	0.1481	0.1368	0.1961
0.1716	0.1963	0.1653	0.2005
0.1687	0.1808	0.1628	0.1998
0.1712	0.1708	0.1497	0.2356
0.145	0.1436	0.1405	0.2308
0.1752	0.1672	0.1489	0.2398
0.1551	0.1558	0.1471	0.1812
0.1635	0.1678	0.1574	0.2115
0.1496	0.1599	0.147	0.2719
0.1642	0.1351	0.1339	0.2954
0.1695	0.1788	0.1542	0.2827
0.1596	0.1679	0.1556	0.1939
0.179	0.1859	0.1722	0.2309
0.1499	0.1543	0.1476	0.1937
0.1785	0.1874	0.174	0.2511
0.1575	0.1573	0.1492	0.2351
0.163	0.1623	0.1598	0.2328
0.1812	0.1852	0.1762	0.2154
0.1464	0.149	0.1378	0.2346
0.1712	0.1737	0.169	0.2178
0.1657	0.168	0.1482	0.2009
0.1525	0.152	0.1497	0.1538
0.1625	0.1671	0.157	0.2395
0.1811	0.1809	0.1672	0.224
0.1113	0.1141	0.111	0.1142
0.1662	0.1574	0.1549	0.2359
0.1423	0.1374	0.1334	0.2103
0.134	0.1427	0.1324	0.2258
0.1327	0.1303	0.1167	0.2505
0.1735	0.1808	0.1562	0.2243
0.166	0.1666	0.1634	0.1674
0.1658	0.1742	0.153	0.2712
0.1384	0.1359	0.1335	0.3043
0.1706	0.1778	0.1653	0.2238
0.123	0.1202	0.1158	0.2822
0.1429	0.1406	0.1365	0.2141
0.1352	0.1326	0.1119	0.2042
0.1446	0.1487	0.1423	0.2793
0.1759	0.1766	0.1665	0.2298
0.1385	0.1419	0.132	0.2686
0.1698	0.1778	0.167	0.2186
0.1532	0.1473	0.1356	0.2614
