0.2016	0.1954	0.1778	0.321
0.196	0.1924	0.1789	0.2479
0.2007	0.204	0.184	0.2874
0.191	0.1968	0.1793	0.2838
0.1978	0.1966	0.1878	0.3505
0.1553	0.1601	0.1449	0.3269
0.2075	0.1944	0.1916	0.3237
0.2052	0.2049	0.1869	0.3172
0.2185	0.2174	0.2103	0.236
0.221	0.2324	0.2107	0.2737
0.1922	0.1917	0.1675	0.2713
0.1935	0.1846	0.1746	0.2961
0.1961	0.1982	0.1912	0.2263
0.2353	0.2401	0.2319	0.3018
0.1762	0.1742	0.1695	0.2676
0.2073	0.2193	0.2012	0.2758
0.2134	0.2157	0.2032	0.3406
0.187	0.1737	0.1676	0.3471
0.2029	0.1813	0.1727	0.2925
0.201	0.1871	0.1733	0.2836
0.1817	0.1793	0.1742	0.3013
0.2148	0.2107	0.2026	0.2794
0.205	0.2154	0.1939	0.3181
0.22	0.216	0.2127	0.2995
0.2021	0.1956	0.1846	0.2954
0.2037	0.202	0.1965	0.2567
0.1827	0.1604	0.1487	0.277
0.1892	0.1882	0.184	0.3121
0.2237	0.2264	0.2195	0.2883
0.199	0.212	0.1925	0.2693
0.1811	0.1605	0.1502	0.2856
0.1712	0.1668	0.1521	0.3272
0.1891	0.1876	0.1763	0.2894
0.2055	0.1733	0.1726	0.3375
0.2085	0.2038	0.1999	0.2101
0.1914	0.18	0.1728	0.2727
0.1879	0.1684	0.1617	0.2705
0.2122	0.218	0.2049	0.2855
0.2072	0.2114	0.1996	0.2736
0.2023	0.1914	0.1793	0.299
0.2001	0.1961	0.1948	0.2568
0.2005	0.1853	0.1735	0.3065
0.2131	0.2103	0.2049	0.2272
0.2111	0.2047	0.2024	0.2904
0.2083	0.205	0.1958	0.3333
0.1935	0.1623	0.16	0.33
0.2076	0.2058	0.1847	0.3235
0.2152	0.2247	0.2107	0.2408
0.2325	0.2435	0.2283	0.3163
0.2043	0.2106	0.2014	0.2369
0.2307	0.2389	0.2285	0.3205
0.197	0.2104	0.1937	0.3191
0.207	0.1997	0.1967	0.3011
0.2317	0.2452	0.2219	0.274
0.1863	0.1818	0.1779	0.2732
0.2236	0.2261	0.2191	0.3072
0.2059	0.1867	0.1816	0.2627
0.2127	0.2182	0.2047	0.2192
0.2194	0.2234	0.2094	0.2734
0.2212	0.2099	0.2067	0.2993
0.1618	0.1639	0.1613	0.167
0.2182	0.2094	0.2085	0.2709
0.1934	0.1869	0.1804	0.2524
0.1843	0.1911	0.1828	0.2494
0.1651	0.1462	0.1381	0.2568
0.2068	0.2057	0.1848	0.3001
0.2134	0.2188	0.2058	0.2405
0.2016	0.2093	0.182	0.3071
0.192	0.1876	0.1835	0.3376
0.2223	0.2373	0.2133	0.2631
0.1586	0.1499	0.145	0.3011
0.1972	0.1973	0.1887	0.2607
0.1822	0.1737	0.17	0.2188
0.1869	0.184	0.1783	0.3163
0.2204	0.2108	0.2065	0.2885
0.1734	0.1787	0.1643	0.3063
0.2211	0.2331	0.2164	0.2965
0.1816	0.1695	0.1622	0.3157
