0.0884	0.0796	0.0763	0.1711
0.1014	0.1111	0.0999	0.2305
0.0958	0.1046	0.095	0.251
0.1128	0.1149	0.1055	0.2018
0.0992	0.1023	0.0935	0.2867
0.1026	0.1016	0.0909	0.1614
0.1056	0.1161	0.1042	0.1356
0.0971	0.1024	0.096	0.227
0.0945	0.0883	0.0826	0.2223
0.0894	0.0895	0.0873	0.1382
0.0996	0.1052	0.0984	0.1788
0.095	0.1	0.0925	0.2011
0.0929	0.0929	0.0894	0.1775
0.0946	0.1036	0.0919	0.1786
0.1002	0.1028	0.0953	0.1885
0.107	0.1101	0.1002	0.2559
0.0896	0.1027	0.089	0.1772
0.1084	0.1124	0.1061	0.1157
0.0974	0.0886	0.0877	0.1749
0.085	0.0899	0.0849	0.2723
0.114	0.1076	0.105	0.1782
0.0895	0.0936	0.0847	0.231
0.1188	0.1097	0.1066	0.2642
0.1089	0.1148	0.1085	0.2328
0.0966	0.1016	0.0958	0.1206
0.0818	0.0836	0.0796	0.2315
0.1069	0.1137	0.105	0.2472
0.0904	0.081	0.0795	0.1618
0.1056	0.1107	0.1024	0.1144
0.0766	0.0857	0.0719	0.1727
0.1049	0.1117	0.0984	0.2403
0.0913	0.0936	0.0804	0.2175
0.1024	0.1039	0.1007	0.1926
0.11	0.1072	0.0989	0.2378
0.0859	0.088	0.0818	0.2105
0.1022	0.1002	0.0962	0.1973
0.1014	0.0992	0.0982	0.2293
0.1063	0.1034	0.0991	0.1693
0.1133	0.1112	0.1102	0.2949
0.1094	0.1053	0.0954	0.2672
0.1093	0.1022	0.0977	0.2206
0.0936	0.0918	0.0878	0.1571
0.1133	0.1173	0.1104	0.1697
0.109	0.1045	0.0995	0.2266
0.0768	0.0712	0.0677	0.1264
0.1044	0.0975	0.0926	0.2254
0.0924	0.0907	0.0879	0.1833
0.0989	0.1023	0.0958	0.1443
0.088	0.0891	0.0856	0.141
0.0999	0.096	0.0943	0.1595
0.1071	0.1115	0.1042	0.2067
0.1017	0.1011	0.0907	0.2073
0.1031	0.1103	0.1026	0.1777
0.0936	0.1006	0.0919	0.1275
0.0914	0.0918	0.0847	0.2102
0.1019	0.1154	0.1014	0.2615
0.0804	0.0797	0.0754	0.1348
0.1116	0.1173	0.1086	0.1524
0.1081	0.1078	0.0995	0.1528
0.11	0.117	0.103	0.2162
0.0816	0.086	0.0763	0.1981
0.0912	0.0931	0.0879	0.1959
0.1085	0.1059	0.0991	0.2118
0.0917	0.0997	0.0902	0.2457
0.1097	0.1148	0.1044	0.1887
0.0988	0.0974	0.095	0.142
0.1028	0.1104	0.0991	0.114
0.0878	0.0982	0.0856	0.2748
0.0974	0.1108	0.0953	0.2687
0.0868	0.09	0.085	0.197
0.1115	0.1078	0.1008	0.1826
0.1112	0.1078	0.0949	0.154
0.0945	0.0928	0.0902	0.1343
0.1036	0.1044	0.0985	0.1394
0.0997	0.1047	0.0969	0.1581
0.105	0.1092	0.1021	0.2389
0.0829	0.0906	0.0775	0.1651
0.1035	0.1199	0.1029	0.2453
0.0803	0.0827	0.0785	0.2407
0.094	0.1042	0.0909	0.2228
0.1059	0.1075	0.1019	0.2976
0.1056	0.1096	0.0962	0.2401
0.1123	0.1116	0.1079	0.1299
0.109	0.1074	0.1054	0.1645
0.1014	0.103	0.0907	0.1836
0.1053	0.106	0.1032	0.1445
0.1057	0.1048	0.0971	0.1854
0.1088	0.1122	0.1081	0.1929
0.094	0.1045	0.0933	0.2509
0.0866	0.0992	0.0848	0.1852
0.1054	0.0962	0.0936	0.268
0.0906	0.1018	0.0896	0.2686
0.1037	0.1045	0.0986	0.2191
0.0934	0.0998	0.0914	0.1151
0.1	0.0959	0.0877	0.1741
0.0993	0.0964	0.0925	0.202
0.0862	0.0848	0.0827	0.1933
0.1189	0.1192	0.1098	0.2183
0.0885	0.0857	0.0831	0.1229
0.1006	0.0906	0.0856	0.2522
0.1008	0.1008	0.0964	0.1272
0.1024	0.1064	0.1012	0.1072
0.1052	0.1072	0.1041	0.1277
0.107	0.106	0.1045	0.1796
0.0913	0.0886	0.0855	0.2153
0.112	0.1111	0.1039	0.1607
0.0899	0.0915	0.0845	0.1422
0.0985	0.1031	0.0967	0.1538
0.0935	0.117	0.0919	0.2046
0.1079	0.109	0.1005	0.264
0.1069	0.1096	0.1067	0.2397
0.0933	0.0937	0.0908	0.1645
0.1106	0.1148	0.1069	0.1434
0.0905	0.095	0.0883	0.1579
0.1079	0.1227	0.1035	0.1879
0.108	0.1168	0.0998	0.1506
0.1073	0.1094	0.1061	0.1891
0.1084	0.1089	0.1038	0.1638
0.0906	0.0883	0.0848	0.1828
0.1092	0.1137	0.1068	0.1355
0.1005	0.1012	0.0997	0.1467
0.086	0.0833	0.0818	0.0875
0.0965	0.0981	0.0941	0.2186
0.1118	0.1124	0.1093	0.1598
0.0592	0.0721	0.0578	0.0931
0.1038	0.1052	0.0981	0.2086
0.0838	0.0825	0.0774	0.1838
0.0865	0.088	0.0834	0.2099
0.0829	0.0858	0.0788	0.2025
0.1099	0.1102	0.1069	0.1566
0.0898	0.0892	0.0879	0.089
0.1067	0.1051	0.1025	0.2325
0.0901	0.1121	0.0891	0.2716
0.1007	0.1031	0.0967	0.2165
0.0805	0.0837	0.0797	0.245
0.0858	0.0839	0.0831	0.1783
0.0859	0.0883	0.0814	0.1933
0.0931	0.1003	0.0925	0.2548
0.1045	0.1131	0.1031	0.1905
0.1019	0.0978	0.0896	0.2299
0.1067	0.1061	0.1046	0.147
0.1019	0.0987	0.0937	0.1904
