0.3447	0.3199	0.3016	0.4602
0.3205	0.3192	0.2964	0.4037
0.3409	0.3344	0.3169	0.4292
0.3971	0.3875	0.3754	0.4061
0.3826	0.3984	0.3694	0.4287
0.2723	0.2397	0.2262	0.4092
0.3769	0.314	0.3191	0.4591
0.3696	0.3324	0.3208	0.4911
0.3978	0.399	0.3813	0.4928
0.3899	0.3817	0.371	0.5265
0.3269	0.3112	0.2961	0.436
0.3113	0.291	0.2793	0.4619
0.4045	0.4042	0.3941	0.4163
0.3993	0.4097	0.3944	0.5282
0.3786	0.3818	0.3695	0.4034
0.358	0.386	0.3502	0.406
0.4134	0.4078	0.3939	0.482
0.3502	0.3475	0.3391	0.4665
0.3293	0.2908	0.2828	0.4408
0.3336	0.3153	0.2952	0.3945
0.3488	0.36	0.3378	0.4392
0.3529	0.3531	0.3395	0.4781
0.384	0.3495	0.3433	0.4223
0.3918	0.4037	0.3705	0.5072
0.3722	0.3585	0.3522	0.4514
0.3841	0.3735	0.3622	0.4667
0.3099	0.2885	0.2489	0.3108
0.4116	0.412	0.396	0.4033
0.3879	0.3977	0.3778	0.4585
0.3785	0.3787	0.3682	0.4586
0.31	0.2839	0.2521	0.3119
0.3276	0.2861	0.2653	0.4044
0.3455	0.349	0.3274	0.4169
0.3322	0.2852	0.2879	0.4566
0.3949	0.4115	0.3877	0.4476
0.3498	0.3492	0.3223	0.3629
0.3181	0.2828	0.2658	0.3722
0.3749	0.3998	0.3657	0.5201
0.3468	0.3304	0.3239	0.4681
0.3374	0.3105	0.291	0.5098
0.4176	0.4333	0.406	0.4575
0.311	0.2984	0.2824	0.4652
0.4286	0.4265	0.4055	0.4545
0.3643	0.3657	0.3539	0.4721
0.3799	0.3957	0.3679	0.4493
0.3231	0.3053	0.2801	0.3559
0.3494	0.3326	0.3159	0.5169
0.3845	0.3748	0.3607	0.4928
0.4087	0.4343	0.4023	0.4976
0.4195	0.4381	0.4108	0.4582
0.3829	0.3813	0.3744	0.52
0.3369	0.3398	0.3263	0.4805
0.3604	0.3564	0.3476	0.4658
0.3854	0.3802	0.368	0.5169
0.3421	0.3393	0.3276	0.3498
0.3791	0.3951	0.3734	0.4828
0.3562	0.3401	0.3263	0.451
0.3902	0.403	0.367	0.4877
0.3973	0.3915	0.3773	0.4838
0.3781	0.3809	0.3624	0.5139
0.3726	0.3872	0.37	0.3936
0.4317	0.4393	0.4068	0.4716
0.3546	0.3521	0.3281	0.3515
0.3872	0.3907	0.379	0.42
0.2825	0.2537	0.2488	0.307
0.3439	0.3278	0.3197	0.5251
0.3825	0.3856	0.3721	0.5088
0.3473	0.33	0.3045	0.4649
