0.5853255359281323	0.4146744640718671	[-0.24180703114532576, -0.7103851092741186, 0.6609707680452155]	[-0.08775183467887603, -0.2577989414620989, 0.23986646414022034]	[]
0.5931682301921051	0.4068317698078952	[-0.24180703114532576, -0.7103851092741186, 0.6609707680452155]	[-0.08775183467887603, -0.2577989414620989, 0.23986646414022034]	[]
0.5950336333969136	0.4049663666030855	[-0.24180703114532576, -0.7103851092741186, 0.6609707680452155]	[-0.08775183467887603, -0.2577989414620989, 0.23986646414022034]	[]
0.591881071853431	0.4081189281465701	[-0.24180703114532576, -0.7103851092741186, 0.6609707680452155]	[-0.08775183467887603, -0.2577989414620989, 0.23986646414022034]	[]
0.5909204019041425	0.40907959809585825	[-0.24180703114532576, -0.7103851092741186, 0.6609707680452155]	[-0.08775183467887603, -0.2577989414620989, 0.23986646414022034]	[]
0.578188061107374	0.42181193889262586	[-0.24180703114532576, -0.7103851092741186, 0.6609707680452155]	[-0.08775183467887603, -0.2577989414620989, 0.23986646414022034]	[]
0.5920338058177267	0.4079661941822727	[-0.24180703114532576, -0.7103851092741186, 0.6609707680452155]	[-0.08775183467887603, -0.2577989414620989, 0.23986646414022034]	[]
0.5970264360590437	0.4029735639409562	[-0.24180703114532576, -0.7103851092741186, 0.6609707680452155]	[-0.08775183467887603, -0.2577989414620989, 0.23986646414022034]	[]
0.5924780615455134	0.40752193845448675	[-0.24180703114532576, -0.7103851092741186, 0.6609707680452155]	[-0.08775183467887603, -0.2577989414620989, 0.23986646414022034]	[]
0.586430658535509	0.4135693414644906	[-0.24180703114532576, -0.7103851092741186, 0.6609707680452155]	[-0.08775183467887603, -0.2577989414620989, 0.23986646414022034]	[]
0.5934124779024754	0.40658752209752475	[-0.24180703114532576, -0.7103851092741186, 0.6609707680452155]	[-0.08775183467887603, -0.2577989414620989, 0.23986646414022034]	[]
0.5943353998668172	0.40566460013318295	[-0.24180703114532576, -0.7103851092741186, 0.6609707680452155]	[-0.08775183467887603, -0.2577989414620989, 0.23986646414022034]	[]
0.5939404596860143	0.4060595403139858	[-0.24180703114532576, -0.7103851092741186, 0.6609707680452155]	[-0.08775183467887603, -0.2577989414620989, 0.23986646414022034]	[]
0.5929301995206987	0.40706980047929997	[-0.24180703114532576, -0.7103851092741186, 0.6609707680452155]	[-0.08775183467887603, -0.2577989414620989, 0.23986646414022034]	[]
0.5877799715955311	0.41222002840446864	[-0.24180703114532576, -0.7103851092741186, 0.6609707680452155]	[-0.08775183467887603, -0.2577989414620989, 0.23986646414022034]	[]
0.593665234793425	0.40633476520657386	[-0.6760496840786048, 0.733904073057672, -0.06589109352999079]	[1.7064176460745983e-10, -1.8524476397274725e-10, 1.6631221316285434e-11]	[]
0.5951638806966395	0.4048361193033609	[-0.6760496840786048, 0.733904073057672, -0.06589109352999079]	[1.7064176460745983e-10, -1.8524476397274725e-10, 1.6631221316285434e-11]	[]
0.5921036843901577	0.4078963156098412	[-0.6760496840786048, 0.733904073057672, -0.06589109352999079]	[1.7064176460745983e-10, -1.8524476397274725e-10, 1.6631221316285434e-11]	[]
0.5938202892904545	0.4061797107095455	[-0.6760496840786048, 0.733904073057672, -0.06589109352999079]	[1.7064176460745983e-10, -1.8524476397274725e-10, 1.6631221316285434e-11]	[]
0.5930918735764654	0.40690812642353485	[-0.6760496840786048, 0.733904073057672, -0.06589109352999079]	[1.7064176460745983e-10, -1.8524476397274725e-10, 1.6631221316285434e-11]	[]
0.593168131738837	0.4068318682611627	[-0.6760496840786048, 0.733904073057672, -0.06589109352999079]	[1.7064176460745983e-10, -1.8524476397274725e-10, 1.6631221316285434e-11]	[]
0.5939013548407299	0.4060986451592693	[-0.6760496840786048, 0.733904073057672, -0.06589109352999079]	[1.7064176460745983e-10, -1.8524476397274725e-10, 1.6631221316285434e-11]	[]
0.5914431412701439	0.40855685872985636	[-0.6760496840786048, 0.733904073057672, -0.06589109352999079]	[1.7064176460745983e-10, -1.8524476397274725e-10, 1.6631221316285434e-11]	[]
0.582477837380642	0.4175221626193583	[-0.6760496840786048, 0.733904073057672, -0.06589109352999079]	[1.7064176460745983e-10, -1.8524476397274725e-10, 1.6631221316285434e-11]	[]
0.5860490388209852	0.413950961179014	[-0.6760496840786048, 0.733904073057672, -0.06589109352999079]	[1.7064176460745983e-10, -1.8524476397274725e-10, 1.6631221316285434e-11]	[]
0.5968970156507096	0.4031029843492898	[-0.6760496840786048, 0.733904073057672, -0.06589109352999079]	[1.7064176460745983e-10, -1.8524476397274725e-10, 1.6631221316285434e-11]	[]
0.589302867890631	0.41069713210936903	[-0.6760496840786048, 0.733904073057672, -0.06589109352999079]	[1.7064176460745983e-10, -1.8524476397274725e-10, 1.6631221316285434e-11]	[]
0.5900350321044332	0.4099649678955664	[-0.6760496840786048, 0.733904073057672, -0.06589109352999079]	[1.7064176460745983e-10, -1.8524476397274725e-10, 1.6631221316285434e-11]	[]
0.5927622123405467	0.407237787659453	[-0.6760496840786048, 0.733904073057672, -0.06589109352999079]	[1.7064176460745983e-10, -1.8524476397274725e-10, 1.6631221316285434e-11]	[]
0.5912087882006627	0.40879121179933675	[-0.6760496840786048, 0.733904073057672, -0.06589109352999079]	[1.7064176460745983e-10, -1.8524476397274725e-10, 1.6631221316285434e-11]	[]
0.590996634480298	0.4090033655197021	[0.2583352041547804, 0.2666611457993041, -0.9285228891176083]	[-1.1813777733848951e-10, -1.2194506515683656e-10, 4.246176589933595e-10]	[]
0.5923406545579097	0.40765934544208987	[0.2583352041547804, 0.2666611457993041, -0.9285228891176083]	[-1.1813777733848951e-10, -1.2194506515683656e-10, 4.246176589933595e-10]	[]
0.5950200776655694	0.40497992233443136	[0.2583352041547804, 0.2666611457993041, -0.9285228891176083]	[-1.1813777733848951e-10, -1.2194506515683656e-10, 4.246176589933595e-10]	[]
0.5920359069572138	0.4079640930427852	[0.2583352041547804, 0.2666611457993041, -0.9285228891176083]	[-1.1813777733848951e-10, -1.2194506515683656e-10, 4.246176589933595e-10]	[]
0.5933370387566576	0.40666296124334317	[0.2583352041547804, 0.2666611457993041, -0.9285228891176083]	[-1.1813777733848951e-10, -1.2194506515683656e-10, 4.246176589933595e-10]	[]
0.5922755974405409	0.4077244025594591	[0.2583352041547804, 0.2666611457993041, -0.9285228891176083]	[-1.1813777733848951e-10, -1.2194506515683656e-10, 4.246176589933595e-10]	[]
0.5952748611920502	0.4047251388079495	[0.2583352041547804, 0.2666611457993041, -0.9285228891176083]	[-1.1813777733848951e-10, -1.2194506515683656e-10, 4.246176589933595e-10]	[]
0.5952125243858005	0.4047874756141996	[0.2583352041547804, 0.2666611457993041, -0.9285228891176083]	[-1.1813777733848951e-10, -1.2194506515683656e-10, 4.246176589933595e-10]	[]
0.5916253375704442	0.40837466242955534	[0.2583352041547804, 0.2666611457993041, -0.9285228891176083]	[-1.1813777733848951e-10, -1.2194506515683656e-10, 4.246176589933595e-10]	[]
0.5923350439357985	0.4076649560642021	[0.2583352041547804, 0.2666611457993041, -0.9285228891176083]	[-1.1813777733848951e-10, -1.2194506515683656e-10, 4.246176589933595e-10]	[]
0.5974376495951385	0.4025623504048617	[0.2583352041547804, 0.2666611457993041, -0.9285228891176083]	[-1.1813777733848951e-10, -1.2194506515683656e-10, 4.246176589933595e-10]	[]
0.5917231164501934	0.40827688354980746	[0.2583352041547804, 0.2666611457993041, -0.9285228891176083]	[-1.1813777733848951e-10, -1.2194506515683656e-10, 4.246176589933595e-10]	[]
0.5890540710158247	0.41094592898417465	[0.2583352041547804, 0.2666611457993041, -0.9285228891176083]	[-1.1813777733848951e-10, -1.2194506515683656e-10, 4.246176589933595e-10]	[]
0.5916947271383616	0.40830527286163903	[0.2583352041547804, 0.2666611457993041, -0.9285228891176083]	[-1.1813777733848951e-10, -1.2194506515683656e-10, 4.246176589933595e-10]	[]
0.5881584967376882	0.41184150326231195	[0.2583352041547804, 0.2666611457993041, -0.9285228891176083]	[-1.1813777733848951e-10, -1.2194506515683656e-10, 4.246176589933595e-10]	[]
0.5975075673139548	0.4024924326860443	[0.7905674396866558, -0.4099690661387028, -0.45489393062190403]	[-8.246761606933717e-11, 4.276534681935118e-11, 4.7453008238869404e-11]	[]
0.5983082026920269	0.4016917973079724	[0.7905674396866558, -0.4099690661387028, -0.45489393062190403]	[-8.246761606933717e-11, 4.276534681935118e-11, 4.7453008238869404e-11]	[]
0.59340670273324	0.4065932972667616	[0.7905674396866558, -0.4099690661387028, -0.45489393062190403]	[-8.246761606933717e-11, 4.276534681935118e-11, 4.7453008238869404e-11]	[]
0.5748522180580798	0.42514778194192104	[0.7905674396866558, -0.4099690661387028, -0.45489393062190403]	[-8.246761606933717e-11, 4.276534681935118e-11, 4.7453008238869404e-11]	[]
0.5953151812538465	0.4046848187461536	[0.7905674396866558, -0.4099690661387028, -0.45489393062190403]	[-8.246761606933717e-11, 4.276534681935118e-11, 4.7453008238869404e-11]	[]
0.5935556074216677	0.40644439257833115	[0.7905674396866558, -0.4099690661387028, -0.45489393062190403]	[-8.246761606933717e-11, 4.276534681935118e-11, 4.7453008238869404e-11]	[]
0.592915797189875	0.40708420281012386	[0.7905674396866558, -0.4099690661387028, -0.45489393062190403]	[-8.246761606933717e-11, 4.276534681935118e-11, 4.7453008238869404e-11]	[]
0.5763018147155593	0.4236981852844412	[0.7905674396866558, -0.4099690661387028, -0.45489393062190403]	[-8.246761606933717e-11, 4.276534681935118e-11, 4.7453008238869404e-11]	[]
0.5915916128814159	0.4084083871185838	[0.7905674396866558, -0.4099690661387028, -0.45489393062190403]	[-8.246761606933717e-11, 4.276534681935118e-11, 4.7453008238869404e-11]	[]
0.5905936083223726	0.40940639167762755	[0.7905674396866558, -0.4099690661387028, -0.45489393062190403]	[-8.246761606933717e-11, 4.276534681935118e-11, 4.7453008238869404e-11]	[]
0.5943220099693814	0.4056779900306187	[0.7905674396866558, -0.4099690661387028, -0.45489393062190403]	[-8.246761606933717e-11, 4.276534681935118e-11, 4.7453008238869404e-11]	[]
0.5948293065451731	0.40517069345482754	[0.7905674396866558, -0.4099690661387028, -0.45489393062190403]	[-8.246761606933717e-11, 4.276534681935118e-11, 4.7453008238869404e-11]	[]
0.5826245808819649	0.4173754191180353	[0.7905674396866558, -0.4099690661387028, -0.45489393062190403]	[-8.246761606933717e-11, 4.276534681935118e-11, 4.7453008238869404e-11]	[]
0.5939584512572266	0.4060415487427732	[0.7905674396866558, -0.4099690661387028, -0.45489393062190403]	[-8.246761606933717e-11, 4.276534681935118e-11, 4.7453008238869404e-11]	[]
0.5949440381454364	0.40505596185456333	[0.7905674396866558, -0.4099690661387028, -0.45489393062190403]	[-8.246761606933717e-11, 4.276534681935118e-11, 4.7453008238869404e-11]	[]
0.5937584726328635	0.4062415273671353	[-0.34762115204461297, 0.9189169746679398, 0.18641654518388928]	[-0.11997825638762115, 0.31715577644567006, 0.06433996297813131]	[]
0.5927552289576196	0.40724477104238055	[-0.34762115204461297, 0.9189169746679398, 0.18641654518388928]	[-0.11997825638762115, 0.31715577644567006, 0.06433996297813131]	[]
0.5941075167792012	0.4058924832207981	[-0.34762115204461297, 0.9189169746679398, 0.18641654518388928]	[-0.11997825638762115, 0.31715577644567006, 0.06433996297813131]	[]
0.596523862040986	0.40347613795901355	[-0.34762115204461297, 0.9189169746679398, 0.18641654518388928]	[-0.11997825638762115, 0.31715577644567006, 0.06433996297813131]	[]
0.5955595431153143	0.4044404568846849	[-0.34762115204461297, 0.9189169746679398, 0.18641654518388928]	[-0.11997825638762115, 0.31715577644567006, 0.06433996297813131]	[]
0.5870525158250578	0.41294748417494265	[-0.34762115204461297, 0.9189169746679398, 0.18641654518388928]	[-0.11997825638762115, 0.31715577644567006, 0.06433996297813131]	[]
0.5929642000338085	0.40703579996619227	[-0.34762115204461297, 0.9189169746679398, 0.18641654518388928]	[-0.11997825638762115, 0.31715577644567006, 0.06433996297813131]	[]
0.5925605059030216	0.4074394940969793	[-0.34762115204461297, 0.9189169746679398, 0.18641654518388928]	[-0.11997825638762115, 0.31715577644567006, 0.06433996297813131]	[]
0.5923433929442502	0.40765660705574996	[-0.34762115204461297, 0.9189169746679398, 0.18641654518388928]	[-0.11997825638762115, 0.31715577644567006, 0.06433996297813131]	[]
0.5934902838630622	0.4065097161369377	[-0.34762115204461297, 0.9189169746679398, 0.18641654518388928]	[-0.11997825638762115, 0.31715577644567006, 0.06433996297813131]	[]
0.5813944503071419	0.41860554969285807	[-0.34762115204461297, 0.9189169746679398, 0.18641654518388928]	[-0.11997825638762115, 0.31715577644567006, 0.06433996297813131]	[]
0.5964589928117685	0.4035410071882309	[-0.34762115204461297, 0.9189169746679398, 0.18641654518388928]	[-0.11997825638762115, 0.31715577644567006, 0.06433996297813131]	[]
0.5949166247569425	0.4050833752430575	[-0.34762115204461297, 0.9189169746679398, 0.18641654518388928]	[-0.11997825638762115, 0.31715577644567006, 0.06433996297813131]	[]
0.5928024456446193	0.4071975543553798	[-0.34762115204461297, 0.9189169746679398, 0.18641654518388928]	[-0.11997825638762115, 0.31715577644567006, 0.06433996297813131]	[]
0.5946851561436922	0.4053148438563079	[-0.34762115204461297, 0.9189169746679398, 0.18641654518388928]	[-0.11997825638762115, 0.31715577644567006, 0.06433996297813131]	[]
