0.8116125666790188	0.18838743332098112	[-0.2723308334280123, -0.38196888052296435, 0.8831396783501677]	[-0.12845639672554107, -0.1801718352477293, 0.41657031434233005]	[]
0.7921651727318212	0.207834827268178	[-0.2723308334280123, -0.38196888052296435, 0.8831396783501677]	[-0.12845639672554107, -0.1801718352477293, 0.41657031434233005]	[]
0.8140155460907763	0.18598445390922413	[-0.2723308334280123, -0.38196888052296435, 0.8831396783501677]	[-0.12845639672554107, -0.1801718352477293, 0.41657031434233005]	[]
0.8097836803726334	0.19021631962736696	[-0.2723308334280123, -0.38196888052296435, 0.8831396783501677]	[-0.12845639672554107, -0.1801718352477293, 0.41657031434233005]	[]
0.8018610592923551	0.19813894070764534	[-0.2723308334280123, -0.38196888052296435, 0.8831396783501677]	[-0.12845639672554107, -0.1801718352477293, 0.41657031434233005]	[]
0.8124266396687564	0.18757336033124325	[-0.2723308334280123, -0.38196888052296435, 0.8831396783501677]	[-0.12845639672554107, -0.1801718352477293, 0.41657031434233005]	[]
0.8013883631110048	0.19861163688899444	[-0.2723308334280123, -0.38196888052296435, 0.8831396783501677]	[-0.12845639672554107, -0.1801718352477293, 0.41657031434233005]	[]
0.8137904094899776	0.18620959051002164	[-0.2723308334280123, -0.38196888052296435, 0.8831396783501677]	[-0.12845639672554107, -0.1801718352477293, 0.41657031434233005]	[]
0.8103262783587081	0.18967372164129198	[-0.2723308334280123, -0.38196888052296435, 0.8831396783501677]	[-0.12845639672554107, -0.1801718352477293, 0.41657031434233005]	[]
0.8105931036367575	0.18940689636324107	[-0.2723308334280123, -0.38196888052296435, 0.8831396783501677]	[-0.12845639672554107, -0.1801718352477293, 0.41657031434233005]	[]
0.8127144603778389	0.18728553962216168	[-0.2723308334280123, -0.38196888052296435, 0.8831396783501677]	[-0.12845639672554107, -0.1801718352477293, 0.41657031434233005]	[]
0.8148808939415246	0.1851191060584764	[-0.2723308334280123, -0.38196888052296435, 0.8831396783501677]	[-0.12845639672554107, -0.1801718352477293, 0.41657031434233005]	[]
0.8082190206098011	0.19178097939019803	[-0.2723308334280123, -0.38196888052296435, 0.8831396783501677]	[-0.12845639672554107, -0.1801718352477293, 0.41657031434233005]	[]
0.808650285077675	0.19134971492232453	[-0.2723308334280123, -0.38196888052296435, 0.8831396783501677]	[-0.12845639672554107, -0.1801718352477293, 0.41657031434233005]	[]
0.8090489909174688	0.1909510090825302	[-0.2723308334280123, -0.38196888052296435, 0.8831396783501677]	[-0.12845639672554107, -0.1801718352477293, 0.41657031434233005]	[]
0.8076419848922117	0.1923580151077883	[0.34850983542720604, 0.5670168446576371, 0.7463462952845675]	[0.1933167128372144, 0.3145214894672278, 0.41399466464349316]	[]
0.798852992913852	0.20114700708614877	[0.34850983542720604, 0.5670168446576371, 0.7463462952845675]	[0.1933167128372144, 0.3145214894672278, 0.41399466464349316]	[]
0.8080208814137383	0.19197911858626035	[0.34850983542720604, 0.5670168446576371, 0.7463462952845675]	[0.1933167128372144, 0.3145214894672278, 0.41399466464349316]	[]
0.8008935164022003	0.19910648359780098	[0.34850983542720604, 0.5670168446576371, 0.7463462952845675]	[0.1933167128372144, 0.3145214894672278, 0.41399466464349316]	[]
0.8095810208918588	0.19041897910814198	[0.34850983542720604, 0.5670168446576371, 0.7463462952845675]	[0.1933167128372144, 0.3145214894672278, 0.41399466464349316]	[]
0.8089347210606104	0.19106527893938943	[0.34850983542720604, 0.5670168446576371, 0.7463462952845675]	[0.1933167128372144, 0.3145214894672278, 0.41399466464349316]	[]
0.8153139767620953	0.18468602323790415	[0.34850983542720604, 0.5670168446576371, 0.7463462952845675]	[0.1933167128372144, 0.3145214894672278, 0.41399466464349316]	[]
0.8095501293569423	0.19044987064305643	[0.34850983542720604, 0.5670168446576371, 0.7463462952845675]	[0.1933167128372144, 0.3145214894672278, 0.41399466464349316]	[]
0.8016896679372971	0.19831033206270296	[0.34850983542720604, 0.5670168446576371, 0.7463462952845675]	[0.1933167128372144, 0.3145214894672278, 0.41399466464349316]	[]
0.8080826906893245	0.19191730931067583	[0.34850983542720604, 0.5670168446576371, 0.7463462952845675]	[0.1933167128372144, 0.3145214894672278, 0.41399466464349316]	[]
0.7860708245334557	0.2139291754665437	[0.34850983542720604, 0.5670168446576371, 0.7463462952845675]	[0.1933167128372144, 0.3145214894672278, 0.41399466464349316]	[]
0.805708106391703	0.1942918936082966	[0.34850983542720604, 0.5670168446576371, 0.7463462952845675]	[0.1933167128372144, 0.3145214894672278, 0.41399466464349316]	[]
0.8109185116394314	0.18908148836056995	[0.34850983542720604, 0.5670168446576371, 0.7463462952845675]	[0.1933167128372144, 0.3145214894672278, 0.41399466464349316]	[]
0.8152008038199294	0.1847991961800707	[0.34850983542720604, 0.5670168446576371, 0.7463462952845675]	[0.1933167128372144, 0.3145214894672278, 0.41399466464349316]	[]
0.8110847186691037	0.18891528133089833	[0.34850983542720604, 0.5670168446576371, 0.7463462952845675]	[0.1933167128372144, 0.3145214894672278, 0.41399466464349316]	[]
0.811479952289276	0.18852004771072425	[0.9385761578167026, 0.12738601190922888, 0.3206986123261186]	[0.7010493467375908, 0.09514825162425673, 0.2395389556814033]	[]
0.806180915583344	0.19381908441665566	[0.9385761578167026, 0.12738601190922888, 0.3206986123261186]	[0.7010493467375908, 0.09514825162425673, 0.2395389556814033]	[]
0.8091144996860098	0.1908855003139918	[0.9385761578167026, 0.12738601190922888, 0.3206986123261186]	[0.7010493467375908, 0.09514825162425673, 0.2395389556814033]	[]
0.8081895652457787	0.1918104347542221	[0.9385761578167026, 0.12738601190922888, 0.3206986123261186]	[0.7010493467375908, 0.09514825162425673, 0.2395389556814033]	[]
0.8083957228440942	0.1916042771559067	[0.9385761578167026, 0.12738601190922888, 0.3206986123261186]	[0.7010493467375908, 0.09514825162425673, 0.2395389556814033]	[]
0.8099403053050309	0.1900596946949706	[0.9385761578167026, 0.12738601190922888, 0.3206986123261186]	[0.7010493467375908, 0.09514825162425673, 0.2395389556814033]	[]
0.8091627681212682	0.1908372318787305	[0.9385761578167026, 0.12738601190922888, 0.3206986123261186]	[0.7010493467375908, 0.09514825162425673, 0.2395389556814033]	[]
0.7995528562767208	0.20044714372327832	[0.9385761578167026, 0.12738601190922888, 0.3206986123261186]	[0.7010493467375908, 0.09514825162425673, 0.2395389556814033]	[]
0.8023762627191192	0.1976237372808809	[0.9385761578167026, 0.12738601190922888, 0.3206986123261186]	[0.7010493467375908, 0.09514825162425673, 0.2395389556814033]	[]
0.8106467905492682	0.18935320945073136	[0.9385761578167026, 0.12738601190922888, 0.3206986123261186]	[0.7010493467375908, 0.09514825162425673, 0.2395389556814033]	[]
0.8059746237422062	0.1940253762577947	[0.9385761578167026, 0.12738601190922888, 0.3206986123261186]	[0.7010493467375908, 0.09514825162425673, 0.2395389556814033]	[]
0.8092658093531219	0.19073419064687863	[0.9385761578167026, 0.12738601190922888, 0.3206986123261186]	[0.7010493467375908, 0.09514825162425673, 0.2395389556814033]	[]
0.8071409037406861	0.192859096259314	[0.9385761578167026, 0.12738601190922888, 0.3206986123261186]	[0.7010493467375908, 0.09514825162425673, 0.2395389556814033]	[]
0.8079397580204464	0.1920602419795536	[0.9385761578167026, 0.12738601190922888, 0.3206986123261186]	[0.7010493467375908, 0.09514825162425673, 0.2395389556814033]	[]
0.8149639869693801	0.18503601303061987	[0.9385761578167026, 0.12738601190922888, 0.3206986123261186]	[0.7010493467375908, 0.09514825162425673, 0.2395389556814033]	[]
0.806082973888544	0.19391702611145603	[-0.03606512161996483, -0.8012560093943166, 0.5972337184151878]	[-0.013764766952008166, -0.30581075961500165, 0.2279427485783243]	[]
0.8102660178787835	0.18973398212121648	[-0.03606512161996483, -0.8012560093943166, 0.5972337184151878]	[-0.013764766952008166, -0.30581075961500165, 0.2279427485783243]	[]
0.815567449603589	0.18443255039641004	[-0.03606512161996483, -0.8012560093943166, 0.5972337184151878]	[-0.013764766952008166, -0.30581075961500165, 0.2279427485783243]	[]
0.8070620488556861	0.1929379511443142	[-0.03606512161996483, -0.8012560093943166, 0.5972337184151878]	[-0.013764766952008166, -0.30581075961500165, 0.2279427485783243]	[]
0.7995181577380047	0.2004818422619952	[-0.03606512161996483, -0.8012560093943166, 0.5972337184151878]	[-0.013764766952008166, -0.30581075961500165, 0.2279427485783243]	[]
0.8098760075809107	0.19012399241908973	[-0.03606512161996483, -0.8012560093943166, 0.5972337184151878]	[-0.013764766952008166, -0.30581075961500165, 0.2279427485783243]	[]
0.8049197371607217	0.19508026283927762	[-0.03606512161996483, -0.8012560093943166, 0.5972337184151878]	[-0.013764766952008166, -0.30581075961500165, 0.2279427485783243]	[]
0.7847578840497927	0.21524211595020717	[-0.03606512161996483, -0.8012560093943166, 0.5972337184151878]	[-0.013764766952008166, -0.30581075961500165, 0.2279427485783243]	[]
0.8096843189390139	0.1903156810609865	[-0.03606512161996483, -0.8012560093943166, 0.5972337184151878]	[-0.013764766952008166, -0.30581075961500165, 0.2279427485783243]	[]
0.8084613714360158	0.19153862856398404	[-0.03606512161996483, -0.8012560093943166, 0.5972337184151878]	[-0.013764766952008166, -0.30581075961500165, 0.2279427485783243]	[]
0.805660477496885	0.19433952250311312	[-0.03606512161996483, -0.8012560093943166, 0.5972337184151878]	[-0.013764766952008166, -0.30581075961500165, 0.2279427485783243]	[]
0.8088062851795144	0.19119371482048722	[-0.03606512161996483, -0.8012560093943166, 0.5972337184151878]	[-0.013764766952008166, -0.30581075961500165, 0.2279427485783243]	[]
0.8080143241362041	0.1919856758637947	[-0.03606512161996483, -0.8012560093943166, 0.5972337184151878]	[-0.013764766952008166, -0.30581075961500165, 0.2279427485783243]	[]
0.7841349374544251	0.21586506254557397	[-0.03606512161996483, -0.8012560093943166, 0.5972337184151878]	[-0.013764766952008166, -0.30581075961500165, 0.2279427485783243]	[]
0.7930537281724487	0.20694627182755138	[-0.03606512161996483, -0.8012560093943166, 0.5972337184151878]	[-0.013764766952008166, -0.30581075961500165, 0.2279427485783243]	[]
0.8144386804651759	0.18556131953482358	[0.2542810097695804, 0.8457279120174305, 0.46913267516258117]	[0.11042862694245871, 0.36728095493889207, 0.20373396038890337]	[]
0.8101353501762362	0.18986464982376344	[0.2542810097695804, 0.8457279120174305, 0.46913267516258117]	[0.11042862694245871, 0.36728095493889207, 0.20373396038890337]	[]
0.807816072455767	0.1921839275442321	[0.2542810097695804, 0.8457279120174305, 0.46913267516258117]	[0.11042862694245871, 0.36728095493889207, 0.20373396038890337]	[]
0.8104044588896921	0.18959554111030893	[0.2542810097695804, 0.8457279120174305, 0.46913267516258117]	[0.11042862694245871, 0.36728095493889207, 0.20373396038890337]	[]
0.8080192170396734	0.1919807829603265	[0.2542810097695804, 0.8457279120174305, 0.46913267516258117]	[0.11042862694245871, 0.36728095493889207, 0.20373396038890337]	[]
0.80585021334176	0.19414978665824004	[0.2542810097695804, 0.8457279120174305, 0.46913267516258117]	[0.11042862694245871, 0.36728095493889207, 0.20373396038890337]	[]
0.8082868158422345	0.19171318415776512	[0.2542810097695804, 0.8457279120174305, 0.46913267516258117]	[0.11042862694245871, 0.36728095493889207, 0.20373396038890337]	[]
0.8147002719040433	0.18529972809595657	[0.2542810097695804, 0.8457279120174305, 0.46913267516258117]	[0.11042862694245871, 0.36728095493889207, 0.20373396038890337]	[]
0.8087478348553856	0.19125216514461557	[0.2542810097695804, 0.8457279120174305, 0.46913267516258117]	[0.11042862694245871, 0.36728095493889207, 0.20373396038890337]	[]
0.7866023520739911	0.21339764792600907	[0.2542810097695804, 0.8457279120174305, 0.46913267516258117]	[0.11042862694245871, 0.36728095493889207, 0.20373396038890337]	[]
0.8044108342776736	0.19558916572232696	[0.2542810097695804, 0.8457279120174305, 0.46913267516258117]	[0.11042862694245871, 0.36728095493889207, 0.20373396038890337]	[]
0.8087776552303318	0.19122234476966835	[0.2542810097695804, 0.8457279120174305, 0.46913267516258117]	[0.11042862694245871, 0.36728095493889207, 0.20373396038890337]	[]
0.8059202829700609	0.19407971702993812	[0.2542810097695804, 0.8457279120174305, 0.46913267516258117]	[0.11042862694245871, 0.36728095493889207, 0.20373396038890337]	[]
0.8061728535561286	0.19382714644387053	[0.2542810097695804, 0.8457279120174305, 0.46913267516258117]	[0.11042862694245871, 0.36728095493889207, 0.20373396038890337]	[]
0.8066757999827541	0.19332420001724457	[0.2542810097695804, 0.8457279120174305, 0.46913267516258117]	[0.11042862694245871, 0.36728095493889207, 0.20373396038890337]	[]
