0.4317010744530575	0.568298925546943	[0.3094348983870812, -0.1323650082722765, 0.9416631819526858]	[0.2179910835270204, -0.09324866627758878, 0.6633840540331821]	[]
0.4301313376320489	0.5698686623679514	[0.3094348983870812, -0.1323650082722765, 0.9416631819526858]	[0.2179910835270204, -0.09324866627758878, 0.6633840540331821]	[]
0.43216077738136793	0.567839222618632	[0.3094348983870812, -0.1323650082722765, 0.9416631819526858]	[0.2179910835270204, -0.09324866627758878, 0.6633840540331821]	[]
0.43230304314416995	0.5676969568558294	[0.3094348983870812, -0.1323650082722765, 0.9416631819526858]	[0.2179910835270204, -0.09324866627758878, 0.6633840540331821]	[]
0.4305642884832822	0.5694357115167177	[0.3094348983870812, -0.1323650082722765, 0.9416631819526858]	[0.2179910835270204, -0.09324866627758878, 0.6633840540331821]	[]
0.42631090459150683	0.5736890954084927	[0.3094348983870812, -0.1323650082722765, 0.9416631819526858]	[0.2179910835270204, -0.09324866627758878, 0.6633840540331821]	[]
0.43064703672516275	0.569352963274838	[0.3094348983870812, -0.1323650082722765, 0.9416631819526858]	[0.2179910835270204, -0.09324866627758878, 0.6633840540331821]	[]
0.4337060070304075	0.5662939929695926	[0.3094348983870812, -0.1323650082722765, 0.9416631819526858]	[0.2179910835270204, -0.09324866627758878, 0.6633840540331821]	[]
0.4301289367894577	0.5698710632105416	[0.3094348983870812, -0.1323650082722765, 0.9416631819526858]	[0.2179910835270204, -0.09324866627758878, 0.6633840540331821]	[]
0.42962929873521	0.5703707012647898	[0.3094348983870812, -0.1323650082722765, 0.9416631819526858]	[0.2179910835270204, -0.09324866627758878, 0.6633840540331821]	[]
0.43262672842901617	0.5673732715709847	[0.3094348983870812, -0.1323650082722765, 0.9416631819526858]	[0.2179910835270204, -0.09324866627758878, 0.6633840540331821]	[]
0.42798867155660997	0.5720113284433903	[0.3094348983870812, -0.1323650082722765, 0.9416631819526858]	[0.2179910835270204, -0.09324866627758878, 0.6633840540331821]	[]
0.4227607727554709	0.5772392272445294	[0.3094348983870812, -0.1323650082722765, 0.9416631819526858]	[0.2179910835270204, -0.09324866627758878, 0.6633840540331821]	[]
0.4247685746201965	0.5752314253798032	[0.3094348983870812, -0.1323650082722765, 0.9416631819526858]	[0.2179910835270204, -0.09324866627758878, 0.6633840540331821]	[]
0.4270697839935109	0.5729302160064893	[0.3094348983870812, -0.1323650082722765, 0.9416631819526858]	[0.2179910835270204, -0.09324866627758878, 0.6633840540331821]	[]
0.41858579994173395	0.5814142000582657	[-0.7001490347575112, -0.1937091425410778, 0.6872176490924298]	[-0.34723962220665106, -0.09607024524033543, 0.3408262884019326]	[]
0.4305095559459494	0.5694904440540504	[-0.7001490347575112, -0.1937091425410778, 0.6872176490924298]	[-0.34723962220665106, -0.09607024524033543, 0.3408262884019326]	[]
0.4311114259181984	0.5688885740818012	[-0.7001490347575112, -0.1937091425410778, 0.6872176490924298]	[-0.34723962220665106, -0.09607024524033543, 0.3408262884019326]	[]
0.43001681734328395	0.5699831826567157	[-0.7001490347575112, -0.1937091425410778, 0.6872176490924298]	[-0.34723962220665106, -0.09607024524033543, 0.3408262884019326]	[]
0.4319129075278427	0.5680870924721579	[-0.7001490347575112, -0.1937091425410778, 0.6872176490924298]	[-0.34723962220665106, -0.09607024524033543, 0.3408262884019326]	[]
0.43104913654605803	0.568950863453942	[-0.7001490347575112, -0.1937091425410778, 0.6872176490924298]	[-0.34723962220665106, -0.09607024524033543, 0.3408262884019326]	[]
0.4339287455505882	0.5660712544494116	[-0.7001490347575112, -0.1937091425410778, 0.6872176490924298]	[-0.34723962220665106, -0.09607024524033543, 0.3408262884019326]	[]
0.4281457527244756	0.5718542472755244	[-0.7001490347575112, -0.1937091425410778, 0.6872176490924298]	[-0.34723962220665106, -0.09607024524033543, 0.3408262884019326]	[]
0.42969599379560164	0.5703040062043983	[-0.7001490347575112, -0.1937091425410778, 0.6872176490924298]	[-0.34723962220665106, -0.09607024524033543, 0.3408262884019326]	[]
0.4304427640011897	0.5695572359988106	[-0.7001490347575112, -0.1937091425410778, 0.6872176490924298]	[-0.34723962220665106, -0.09607024524033543, 0.3408262884019326]	[]
0.4321525828259751	0.5678474171740251	[-0.7001490347575112, -0.1937091425410778, 0.6872176490924298]	[-0.34723962220665106, -0.09607024524033543, 0.3408262884019326]	[]
0.43117176333685764	0.5688282366631416	[-0.7001490347575112, -0.1937091425410778, 0.6872176490924298]	[-0.34723962220665106, -0.09607024524033543, 0.3408262884019326]	[]
0.4305860992835916	0.5694139007164091	[-0.7001490347575112, -0.1937091425410778, 0.6872176490924298]	[-0.34723962220665106, -0.09607024524033543, 0.3408262884019326]	[]
0.4298249304643073	0.5701750695356926	[-0.7001490347575112, -0.1937091425410778, 0.6872176490924298]	[-0.34723962220665106, -0.09607024524033543, 0.3408262884019326]	[]
0.4320722358995539	0.5679277641004461	[-0.7001490347575112, -0.1937091425410778, 0.6872176490924298]	[-0.34723962220665106, -0.09607024524033543, 0.3408262884019326]	[]
0.43240043129473765	0.5675995687052621	[0.23808821441638053, -0.844731138705738, 0.47931545505744627]	[0.09604588708897248, -0.34076844907064974, 0.19335807187808177]	[]
0.4302669619250661	0.5697330380749338	[0.23808821441638053, -0.844731138705738, 0.47931545505744627]	[0.09604588708897248, -0.34076844907064974, 0.19335807187808177]	[]
0.4254864993849972	0.5745135006150032	[0.23808821441638053, -0.844731138705738, 0.47931545505744627]	[0.09604588708897248, -0.34076844907064974, 0.19335807187808177]	[]
0.43165496054897784	0.5683450394510222	[0.23808821441638053, -0.844731138705738, 0.47931545505744627]	[0.09604588708897248, -0.34076844907064974, 0.19335807187808177]	[]
0.42466305958577544	0.5753369404142246	[0.23808821441638053, -0.844731138705738, 0.47931545505744627]	[0.09604588708897248, -0.34076844907064974, 0.19335807187808177]	[]
0.4234232513308904	0.5765767486691094	[0.23808821441638053, -0.844731138705738, 0.47931545505744627]	[0.09604588708897248, -0.34076844907064974, 0.19335807187808177]	[]
0.42547472236938083	0.5745252776306197	[0.23808821441638053, -0.844731138705738, 0.47931545505744627]	[0.09604588708897248, -0.34076844907064974, 0.19335807187808177]	[]
0.43046374862670844	0.569536251373292	[0.23808821441638053, -0.844731138705738, 0.47931545505744627]	[0.09604588708897248, -0.34076844907064974, 0.19335807187808177]	[]
0.4241333396499469	0.5758666603500529	[0.23808821441638053, -0.844731138705738, 0.47931545505744627]	[0.09604588708897248, -0.34076844907064974, 0.19335807187808177]	[]
0.42926293608518135	0.5707370639148179	[0.23808821441638053, -0.844731138705738, 0.47931545505744627]	[0.09604588708897248, -0.34076844907064974, 0.19335807187808177]	[]
0.4285431366720469	0.5714568633279529	[0.23808821441638053, -0.844731138705738, 0.47931545505744627]	[0.09604588708897248, -0.34076844907064974, 0.19335807187808177]	[]
0.42928096001419724	0.5707190399858032	[0.23808821441638053, -0.844731138705738, 0.47931545505744627]	[0.09604588708897248, -0.34076844907064974, 0.19335807187808177]	[]
0.4300077592986413	0.5699922407013581	[0.23808821441638053, -0.844731138705738, 0.47931545505744627]	[0.09604588708897248, -0.34076844907064974, 0.19335807187808177]	[]
0.43022572328123904	0.5697742767187616	[0.23808821441638053, -0.844731138705738, 0.47931545505744627]	[0.09604588708897248, -0.34076844907064974, 0.19335807187808177]	[]
0.43184242287772656	0.5681575771222738	[0.23808821441638053, -0.844731138705738, 0.47931545505744627]	[0.09604588708897248, -0.34076844907064974, 0.19335807187808177]	[]
0.4184901273063635	0.5815098726936359	[-0.7112575040130952, -0.19966050786462247, 0.6739795579869636]	[-0.35043692072534366, -0.09837283005347157, 0.3320700584530229]	[]
0.4328075847779189	0.5671924152220812	[-0.7112575040130952, -0.19966050786462247, 0.6739795579869636]	[-0.35043692072534366, -0.09837283005347157, 0.3320700584530229]	[]
0.4300705478211645	0.5699294521788347	[-0.7112575040130952, -0.19966050786462247, 0.6739795579869636]	[-0.35043692072534366, -0.09837283005347157, 0.3320700584530229]	[]
0.4304973723894079	0.5695026276105921	[-0.7112575040130952, -0.19966050786462247, 0.6739795579869636]	[-0.35043692072534366, -0.09837283005347157, 0.3320700584530229]	[]
0.42115683518710406	0.5788431648128959	[-0.7112575040130952, -0.19966050786462247, 0.6739795579869636]	[-0.35043692072534366, -0.09837283005347157, 0.3320700584530229]	[]
0.43246535192899255	0.5675346480710068	[-0.7112575040130952, -0.19966050786462247, 0.6739795579869636]	[-0.35043692072534366, -0.09837283005347157, 0.3320700584530229]	[]
0.4307662907745729	0.5692337092254276	[-0.7112575040130952, -0.19966050786462247, 0.6739795579869636]	[-0.35043692072534366, -0.09837283005347157, 0.3320700584530229]	[]
0.4298816882796453	0.5701183117203549	[-0.7112575040130952, -0.19966050786462247, 0.6739795579869636]	[-0.35043692072534366, -0.09837283005347157, 0.3320700584530229]	[]
0.4262381709817552	0.5737618290182445	[-0.7112575040130952, -0.19966050786462247, 0.6739795579869636]	[-0.35043692072534366, -0.09837283005347157, 0.3320700584530229]	[]
0.4290492124426358	0.5709507875573643	[-0.7112575040130952, -0.19966050786462247, 0.6739795579869636]	[-0.35043692072534366, -0.09837283005347157, 0.3320700584530229]	[]
0.43248042894785477	0.5675195710521462	[-0.7112575040130952, -0.19966050786462247, 0.6739795579869636]	[-0.35043692072534366, -0.09837283005347157, 0.3320700584530229]	[]
0.43065385283266044	0.569346147167339	[-0.7112575040130952, -0.19966050786462247, 0.6739795579869636]	[-0.35043692072534366, -0.09837283005347157, 0.3320700584530229]	[]
0.4309682825644676	0.5690317174355329	[-0.7112575040130952, -0.19966050786462247, 0.6739795579869636]	[-0.35043692072534366, -0.09837283005347157, 0.3320700584530229]	[]
0.42046700252480046	0.5795329974751995	[-0.7112575040130952, -0.19966050786462247, 0.6739795579869636]	[-0.35043692072534366, -0.09837283005347157, 0.3320700584530229]	[]
0.4297617983028725	0.5702382016971275	[-0.7112575040130952, -0.19966050786462247, 0.6739795579869636]	[-0.35043692072534366, -0.09837283005347157, 0.3320700584530229]	[]
0.4310172772663722	0.5689827227336287	[-0.050640326683014644, -0.22034584522429543, -0.9741063934734381]	[2.0885584928187484e-11, 9.087684771369453e-11, 4.017501722287433e-10]	[]
0.4311314587635404	0.5688685412364592	[-0.050640326683014644, -0.22034584522429543, -0.9741063934734381]	[2.0885584928187484e-11, 9.087684771369453e-11, 4.017501722287433e-10]	[]
0.43064150052569833	0.5693584994743024	[-0.050640326683014644, -0.22034584522429543, -0.9741063934734381]	[2.0885584928187484e-11, 9.087684771369453e-11, 4.017501722287433e-10]	[]
0.4319483960820548	0.568051603917945	[-0.050640326683014644, -0.22034584522429543, -0.9741063934734381]	[2.0885584928187484e-11, 9.087684771369453e-11, 4.017501722287433e-10]	[]
0.42760740625899185	0.5723925937410084	[-0.050640326683014644, -0.22034584522429543, -0.9741063934734381]	[2.0885584928187484e-11, 9.087684771369453e-11, 4.017501722287433e-10]	[]
0.429886146685255	0.5701138533147451	[-0.050640326683014644, -0.22034584522429543, -0.9741063934734381]	[2.0885584928187484e-11, 9.087684771369453e-11, 4.017501722287433e-10]	[]
0.43240139013738127	0.5675986098626195	[-0.050640326683014644, -0.22034584522429543, -0.9741063934734381]	[2.0885584928187484e-11, 9.087684771369453e-11, 4.017501722287433e-10]	[]
0.42878457044373686	0.5712154295562636	[-0.050640326683014644, -0.22034584522429543, -0.9741063934734381]	[2.0885584928187484e-11, 9.087684771369453e-11, 4.017501722287433e-10]	[]
0.4271809837562808	0.5728190162437191	[-0.050640326683014644, -0.22034584522429543, -0.9741063934734381]	[2.0885584928187484e-11, 9.087684771369453e-11, 4.017501722287433e-10]	[]
0.4326500146165874	0.5673499853834124	[-0.050640326683014644, -0.22034584522429543, -0.9741063934734381]	[2.0885584928187484e-11, 9.087684771369453e-11, 4.017501722287433e-10]	[]
0.43252075891428204	0.5674792410857175	[-0.050640326683014644, -0.22034584522429543, -0.9741063934734381]	[2.0885584928187484e-11, 9.087684771369453e-11, 4.017501722287433e-10]	[]
0.42702779805897534	0.572972201941025	[-0.050640326683014644, -0.22034584522429543, -0.9741063934734381]	[2.0885584928187484e-11, 9.087684771369453e-11, 4.017501722287433e-10]	[]
0.43095485147462265	0.5690451485253776	[-0.050640326683014644, -0.22034584522429543, -0.9741063934734381]	[2.0885584928187484e-11, 9.087684771369453e-11, 4.017501722287433e-10]	[]
0.4266631454425126	0.5733368545574871	[-0.050640326683014644, -0.22034584522429543, -0.9741063934734381]	[2.0885584928187484e-11, 9.087684771369453e-11, 4.017501722287433e-10]	[]
0.4328052631003415	0.5671947368996573	[-0.050640326683014644, -0.22034584522429543, -0.9741063934734381]	[2.0885584928187484e-11, 9.087684771369453e-11, 4.017501722287433e-10]	[]
