0.9942920928301786	0.005707907169820922	[0.03777405623962452, 0.9992596709392062, -0.007295937888643655]	[-1.0796918914479647e-12, -2.8561875087262933e-11, 1.216156873133136e-13]	[]
0.9860295284325512	0.013970471567449622	[0.03777405623962452, 0.9992596709392062, -0.007295937888643655]	[-1.0796918914479647e-12, -2.8561875087262933e-11, 1.216156873133136e-13]	[]
0.9873810504702523	0.012618949529747464	[0.03777405623962452, 0.9992596709392062, -0.007295937888643655]	[-1.0796918914479647e-12, -2.8561875087262933e-11, 1.216156873133136e-13]	[]
0.9915140988389953	0.008485901161004547	[0.03777405623962452, 0.9992596709392062, -0.007295937888643655]	[-1.0796918914479647e-12, -2.8561875087262933e-11, 1.216156873133136e-13]	[]
0.9939856302339369	0.006014369766062471	[0.03777405623962452, 0.9992596709392062, -0.007295937888643655]	[-1.0796918914479647e-12, -2.8561875087262933e-11, 1.216156873133136e-13]	[]
0.9886636402201228	0.01133635977987628	[0.03777405623962452, 0.9992596709392062, -0.007295937888643655]	[-1.0796918914479647e-12, -2.8561875087262933e-11, 1.216156873133136e-13]	[]
0.9874488001383198	0.012551199861679565	[0.03777405623962452, 0.9992596709392062, -0.007295937888643655]	[-1.0796918914479647e-12, -2.8561875087262933e-11, 1.216156873133136e-13]	[]
0.990880430442441	0.009119569557558218	[0.03777405623962452, 0.9992596709392062, -0.007295937888643655]	[-1.0796918914479647e-12, -2.8561875087262933e-11, 1.216156873133136e-13]	[]
0.9856913599648749	0.014308640035124533	[0.03777405623962452, 0.9992596709392062, -0.007295937888643655]	[-1.0796918914479647e-12, -2.8561875087262933e-11, 1.216156873133136e-13]	[]
0.9874496261711093	0.012550373828890654	[0.03777405623962452, 0.9992596709392062, -0.007295937888643655]	[-1.0796918914479647e-12, -2.8561875087262933e-11, 1.216156873133136e-13]	[]
0.9809236456881395	0.019076354311859556	[0.03777405623962452, 0.9992596709392062, -0.007295937888643655]	[-1.0796918914479647e-12, -2.8561875087262933e-11, 1.216156873133136e-13]	[]
0.989106049410087	0.010893950589913916	[0.03777405623962452, 0.9992596709392062, -0.007295937888643655]	[-1.0796918914479647e-12, -2.8561875087262933e-11, 1.216156873133136e-13]	[]
0.9922204835349657	0.007779516465034137	[0.03777405623962452, 0.9992596709392062, -0.007295937888643655]	[-1.0796918914479647e-12, -2.8561875087262933e-11, 1.216156873133136e-13]	[]
0.9806817527187083	0.01931824728129245	[0.03777405623962452, 0.9992596709392062, -0.007295937888643655]	[-1.0796918914479647e-12, -2.8561875087262933e-11, 1.216156873133136e-13]	[]
0.9885882799282087	0.011411720071790084	[0.03777405623962452, 0.9992596709392062, -0.007295937888643655]	[-1.0796918914479647e-12, -2.8561875087262933e-11, 1.216156873133136e-13]	[]
0.9923128143210562	0.0076871856789421595	[-0.8373023837798879, 0.10680298812740224, 0.5362069002200323]	[-0.5132559356537392, 0.06546890187327552, 0.32868815329776013]	[]
0.9921891783184434	0.007810821681555072	[-0.8373023837798879, 0.10680298812740224, 0.5362069002200323]	[-0.5132559356537392, 0.06546890187327552, 0.32868815329776013]	[]
0.9852992800602882	0.014700719939711348	[-0.8373023837798879, 0.10680298812740224, 0.5362069002200323]	[-0.5132559356537392, 0.06546890187327552, 0.32868815329776013]	[]
0.9879675922533615	0.012032407746638161	[-0.8373023837798879, 0.10680298812740224, 0.5362069002200323]	[-0.5132559356537392, 0.06546890187327552, 0.32868815329776013]	[]
0.998019668344758	0.0019803316552414727	[-0.8373023837798879, 0.10680298812740224, 0.5362069002200323]	[-0.5132559356537392, 0.06546890187327552, 0.32868815329776013]	[]
0.9795910429261953	0.020408957073804215	[-0.8373023837798879, 0.10680298812740224, 0.5362069002200323]	[-0.5132559356537392, 0.06546890187327552, 0.32868815329776013]	[]
0.9861514716801579	0.01384852831984226	[-0.8373023837798879, 0.10680298812740224, 0.5362069002200323]	[-0.5132559356537392, 0.06546890187327552, 0.32868815329776013]	[]
0.989331743931856	0.010668256068144323	[-0.8373023837798879, 0.10680298812740224, 0.5362069002200323]	[-0.5132559356537392, 0.06546890187327552, 0.32868815329776013]	[]
0.9967541536496464	0.0032458463503531585	[-0.8373023837798879, 0.10680298812740224, 0.5362069002200323]	[-0.5132559356537392, 0.06546890187327552, 0.32868815329776013]	[]
0.9835626102514283	0.016437389748571857	[-0.8373023837798879, 0.10680298812740224, 0.5362069002200323]	[-0.5132559356537392, 0.06546890187327552, 0.32868815329776013]	[]
0.9687218309179128	0.03127816908208817	[-0.8373023837798879, 0.10680298812740224, 0.5362069002200323]	[-0.5132559356537392, 0.06546890187327552, 0.32868815329776013]	[]
0.9942900217073589	0.005709978292641432	[-0.8373023837798879, 0.10680298812740224, 0.5362069002200323]	[-0.5132559356537392, 0.06546890187327552, 0.32868815329776013]	[]
0.9877339874704396	0.012266012529560295	[-0.8373023837798879, 0.10680298812740224, 0.5362069002200323]	[-0.5132559356537392, 0.06546890187327552, 0.32868815329776013]	[]
0.9985993385922962	0.0014006614077045822	[-0.8373023837798879, 0.10680298812740224, 0.5362069002200323]	[-0.5132559356537392, 0.06546890187327552, 0.32868815329776013]	[]
0.9901916553495737	0.009808344650426033	[-0.8373023837798879, 0.10680298812740224, 0.5362069002200323]	[-0.5132559356537392, 0.06546890187327552, 0.32868815329776013]	[]
0.9958762936238816	0.004123706376117995	[0.149805423746636, -0.28307688103094175, 0.9473256116256358]	[0.10115643714242264, -0.19114827758779665, 0.6396836729215389]	[]
0.9836983568816118	0.01630164311838722	[0.149805423746636, -0.28307688103094175, 0.9473256116256358]	[0.10115643714242264, -0.19114827758779665, 0.6396836729215389]	[]
0.9944617071426742	0.005538292857325302	[0.149805423746636, -0.28307688103094175, 0.9473256116256358]	[0.10115643714242264, -0.19114827758779665, 0.6396836729215389]	[]
0.9887730878772383	0.01122691212276153	[0.149805423746636, -0.28307688103094175, 0.9473256116256358]	[0.10115643714242264, -0.19114827758779665, 0.6396836729215389]	[]
0.9909918084179483	0.009008191582051973	[0.149805423746636, -0.28307688103094175, 0.9473256116256358]	[0.10115643714242264, -0.19114827758779665, 0.6396836729215389]	[]
0.9972666415937368	0.0027333584062635133	[0.149805423746636, -0.28307688103094175, 0.9473256116256358]	[0.10115643714242264, -0.19114827758779665, 0.6396836729215389]	[]
0.998544548401947	0.0014554515980528763	[0.149805423746636, -0.28307688103094175, 0.9473256116256358]	[0.10115643714242264, -0.19114827758779665, 0.6396836729215389]	[]
0.987800606498872	0.01219939350112783	[0.149805423746636, -0.28307688103094175, 0.9473256116256358]	[0.10115643714242264, -0.19114827758779665, 0.6396836729215389]	[]
0.9923532340787596	0.007646765921240681	[0.149805423746636, -0.28307688103094175, 0.9473256116256358]	[0.10115643714242264, -0.19114827758779665, 0.6396836729215389]	[]
0.9627344975290687	0.03726550247092986	[0.149805423746636, -0.28307688103094175, 0.9473256116256358]	[0.10115643714242264, -0.19114827758779665, 0.6396836729215389]	[]
0.975675930809766	0.02432406919023334	[0.149805423746636, -0.28307688103094175, 0.9473256116256358]	[0.10115643714242264, -0.19114827758779665, 0.6396836729215389]	[]
0.9862286469183509	0.013771353081648766	[0.149805423746636, -0.28307688103094175, 0.9473256116256358]	[0.10115643714242264, -0.19114827758779665, 0.6396836729215389]	[]
0.9930327238476725	0.006967276152327758	[0.149805423746636, -0.28307688103094175, 0.9473256116256358]	[0.10115643714242264, -0.19114827758779665, 0.6396836729215389]	[]
0.9802369910911769	0.019763008908823536	[0.149805423746636, -0.28307688103094175, 0.9473256116256358]	[0.10115643714242264, -0.19114827758779665, 0.6396836729215389]	[]
0.976466837718477	0.023533162281523776	[0.149805423746636, -0.28307688103094175, 0.9473256116256358]	[0.10115643714242264, -0.19114827758779665, 0.6396836729215389]	[]
0.9832419470986565	0.01675805290134492	[0.07747174351394122, 0.9103547793324852, -0.40651236722074324]	[-1.3119047514997817e-11, -1.5415670129304004e-10, 6.883998874344032e-11]	[]
0.9868417823551596	0.013158217644841465	[0.07747174351394122, 0.9103547793324852, -0.40651236722074324]	[-1.3119047514997817e-11, -1.5415670129304004e-10, 6.883998874344032e-11]	[]
0.985585848043364	0.01441415195663471	[0.07747174351394122, 0.9103547793324852, -0.40651236722074324]	[-1.3119047514997817e-11, -1.5415670129304004e-10, 6.883998874344032e-11]	[]
0.9844464487628485	0.015553551237149939	[0.07747174351394122, 0.9103547793324852, -0.40651236722074324]	[-1.3119047514997817e-11, -1.5415670129304004e-10, 6.883998874344032e-11]	[]
0.9898363437771566	0.01016365622284352	[0.07747174351394122, 0.9103547793324852, -0.40651236722074324]	[-1.3119047514997817e-11, -1.5415670129304004e-10, 6.883998874344032e-11]	[]
0.9976012426833659	0.0023987573166342822	[0.07747174351394122, 0.9103547793324852, -0.40651236722074324]	[-1.3119047514997817e-11, -1.5415670129304004e-10, 6.883998874344032e-11]	[]
0.9790490610678041	0.020950938932196527	[0.07747174351394122, 0.9103547793324852, -0.40651236722074324]	[-1.3119047514997817e-11, -1.5415670129304004e-10, 6.883998874344032e-11]	[]
0.9890112909372235	0.010988709062775234	[0.07747174351394122, 0.9103547793324852, -0.40651236722074324]	[-1.3119047514997817e-11, -1.5415670129304004e-10, 6.883998874344032e-11]	[]
0.9912730635603559	0.008726936439643729	[0.07747174351394122, 0.9103547793324852, -0.40651236722074324]	[-1.3119047514997817e-11, -1.5415670129304004e-10, 6.883998874344032e-11]	[]
0.9939906373315359	0.006009362668464629	[0.07747174351394122, 0.9103547793324852, -0.40651236722074324]	[-1.3119047514997817e-11, -1.5415670129304004e-10, 6.883998874344032e-11]	[]
0.986072768635394	0.01392723136460694	[0.07747174351394122, 0.9103547793324852, -0.40651236722074324]	[-1.3119047514997817e-11, -1.5415670129304004e-10, 6.883998874344032e-11]	[]
0.9776023419263616	0.022397658073638648	[0.07747174351394122, 0.9103547793324852, -0.40651236722074324]	[-1.3119047514997817e-11, -1.5415670129304004e-10, 6.883998874344032e-11]	[]
0.9935116024849446	0.006488397515054794	[0.07747174351394122, 0.9103547793324852, -0.40651236722074324]	[-1.3119047514997817e-11, -1.5415670129304004e-10, 6.883998874344032e-11]	[]
0.9952492907284298	0.004750709271571656	[0.07747174351394122, 0.9103547793324852, -0.40651236722074324]	[-1.3119047514997817e-11, -1.5415670129304004e-10, 6.883998874344032e-11]	[]
0.9947928373173128	0.005207162682686217	[0.07747174351394122, 0.9103547793324852, -0.40651236722074324]	[-1.3119047514997817e-11, -1.5415670129304004e-10, 6.883998874344032e-11]	[]
0.9912838644096319	0.008716135590368466	[0.10733620830418689, -0.4020673908626564, 0.9092968445957437]	[0.06055170731957881, -0.22681877214505974, 0.5129627482698207]	[]
0.9885070077556275	0.011492992244372092	[0.10733620830418689, -0.4020673908626564, 0.9092968445957437]	[0.06055170731957881, -0.22681877214505974, 0.5129627482698207]	[]
0.9801495811768356	0.019850418823162554	[0.10733620830418689, -0.4020673908626564, 0.9092968445957437]	[0.06055170731957881, -0.22681877214505974, 0.5129627482698207]	[]
0.9898159364856738	0.01018406351432526	[0.10733620830418689, -0.4020673908626564, 0.9092968445957437]	[0.06055170731957881, -0.22681877214505974, 0.5129627482698207]	[]
0.9887223950351752	0.011277604964824824	[0.10733620830418689, -0.4020673908626564, 0.9092968445957437]	[0.06055170731957881, -0.22681877214505974, 0.5129627482698207]	[]
0.9875456286833143	0.012454371316685593	[0.10733620830418689, -0.4020673908626564, 0.9092968445957437]	[0.06055170731957881, -0.22681877214505974, 0.5129627482698207]	[]
0.9887336581986086	0.011266341801390453	[0.10733620830418689, -0.4020673908626564, 0.9092968445957437]	[0.06055170731957881, -0.22681877214505974, 0.5129627482698207]	[]
0.9832303972793776	0.01676960272062077	[0.10733620830418689, -0.4020673908626564, 0.9092968445957437]	[0.06055170731957881, -0.22681877214505974, 0.5129627482698207]	[]
0.9913822654267592	0.00861773457324032	[0.10733620830418689, -0.4020673908626564, 0.9092968445957437]	[0.06055170731957881, -0.22681877214505974, 0.5129627482698207]	[]
0.9926789475966585	0.007321052403342879	[0.10733620830418689, -0.4020673908626564, 0.9092968445957437]	[0.06055170731957881, -0.22681877214505974, 0.5129627482698207]	[]
0.9836130089478121	0.016386991052187806	[0.10733620830418689, -0.4020673908626564, 0.9092968445957437]	[0.06055170731957881, -0.22681877214505974, 0.5129627482698207]	[]
0.9967176037689238	0.0032823962310775455	[0.10733620830418689, -0.4020673908626564, 0.9092968445957437]	[0.06055170731957881, -0.22681877214505974, 0.5129627482698207]	[]
0.989789011537952	0.01021098846204698	[0.10733620830418689, -0.4020673908626564, 0.9092968445957437]	[0.06055170731957881, -0.22681877214505974, 0.5129627482698207]	[]
0.9779804112925142	0.02201958870748616	[0.10733620830418689, -0.4020673908626564, 0.9092968445957437]	[0.06055170731957881, -0.22681877214505974, 0.5129627482698207]	[]
0.987979803232922	0.012020196767075532	[0.10733620830418689, -0.4020673908626564, 0.9092968445957437]	[0.06055170731957881, -0.22681877214505974, 0.5129627482698207]	[]
0.9894671335949644	0.01053286640503671	[0.06280325821726504, -0.9923216828772305, -0.10655246805680645]	[-1.206972022327335e-12, 1.9070058032699677e-11, 2.047051728914197e-12]	[]
0.9900362465784818	0.009963753421518552	[0.06280325821726504, -0.9923216828772305, -0.10655246805680645]	[-1.206972022327335e-12, 1.9070058032699677e-11, 2.047051728914197e-12]	[]
0.988448809159444	0.011551190840556157	[0.06280325821726504, -0.9923216828772305, -0.10655246805680645]	[-1.206972022327335e-12, 1.9070058032699677e-11, 2.047051728914197e-12]	[]
0.9875487404038373	0.01245125959616231	[0.06280325821726504, -0.9923216828772305, -0.10655246805680645]	[-1.206972022327335e-12, 1.9070058032699677e-11, 2.047051728914197e-12]	[]
0.9916730502561983	0.008326949743802499	[0.06280325821726504, -0.9923216828772305, -0.10655246805680645]	[-1.206972022327335e-12, 1.9070058032699677e-11, 2.047051728914197e-12]	[]
0.9975324161273013	0.002467583872699537	[0.06280325821726504, -0.9923216828772305, -0.10655246805680645]	[-1.206972022327335e-12, 1.9070058032699677e-11, 2.047051728914197e-12]	[]
0.9886207765865825	0.011379223413417294	[0.06280325821726504, -0.9923216828772305, -0.10655246805680645]	[-1.206972022327335e-12, 1.9070058032699677e-11, 2.047051728914197e-12]	[]
0.9885657814767557	0.011434218523244149	[0.06280325821726504, -0.9923216828772305, -0.10655246805680645]	[-1.206972022327335e-12, 1.9070058032699677e-11, 2.047051728914197e-12]	[]
0.995492255006423	0.004507744993576763	[0.06280325821726504, -0.9923216828772305, -0.10655246805680645]	[-1.206972022327335e-12, 1.9070058032699677e-11, 2.047051728914197e-12]	[]
0.9923954671432296	0.007604532856770764	[0.06280325821726504, -0.9923216828772305, -0.10655246805680645]	[-1.206972022327335e-12, 1.9070058032699677e-11, 2.047051728914197e-12]	[]
0.9936547813772711	0.006345218622729452	[0.06280325821726504, -0.9923216828772305, -0.10655246805680645]	[-1.206972022327335e-12, 1.9070058032699677e-11, 2.047051728914197e-12]	[]
0.9803465774474619	0.019653422552539056	[0.06280325821726504, -0.9923216828772305, -0.10655246805680645]	[-1.206972022327335e-12, 1.9070058032699677e-11, 2.047051728914197e-12]	[]
0.9967066317159828	0.0032933682840180583	[0.06280325821726504, -0.9923216828772305, -0.10655246805680645]	[-1.206972022327335e-12, 1.9070058032699677e-11, 2.047051728914197e-12]	[]
0.9964645277818075	0.00353547221819201	[0.06280325821726504, -0.9923216828772305, -0.10655246805680645]	[-1.206972022327335e-12, 1.9070058032699677e-11, 2.047051728914197e-12]	[]
0.9840313586272436	0.015968641372757202	[0.06280325821726504, -0.9923216828772305, -0.10655246805680645]	[-1.206972022327335e-12, 1.9070058032699677e-11, 2.047051728914197e-12]	[]
0.9899611681058154	0.010038831894186166	[-0.5309962729292413, 0.07691125362759434, -0.8438765414447106]	[2.2878707262030673e-10, -3.3138172761404405e-11, 3.635962386401738e-10]	[]
0.9884789978423038	0.011521002157695796	[-0.5309962729292413, 0.07691125362759434, -0.8438765414447106]	[2.2878707262030673e-10, -3.3138172761404405e-11, 3.635962386401738e-10]	[]
0.9863878773901326	0.013612122609866743	[-0.5309962729292413, 0.07691125362759434, -0.8438765414447106]	[2.2878707262030673e-10, -3.3138172761404405e-11, 3.635962386401738e-10]	[]
0.9922011101258894	0.0077988898741097115	[-0.5309962729292413, 0.07691125362759434, -0.8438765414447106]	[2.2878707262030673e-10, -3.3138172761404405e-11, 3.635962386401738e-10]	[]
0.9942212036914401	0.0057787963085611516	[-0.5309962729292413, 0.07691125362759434, -0.8438765414447106]	[2.2878707262030673e-10, -3.3138172761404405e-11, 3.635962386401738e-10]	[]
0.9857157667401015	0.014284233259897557	[-0.5309962729292413, 0.07691125362759434, -0.8438765414447106]	[2.2878707262030673e-10, -3.3138172761404405e-11, 3.635962386401738e-10]	[]
0.9951249904306994	0.004875009569301302	[-0.5309962729292413, 0.07691125362759434, -0.8438765414447106]	[2.2878707262030673e-10, -3.3138172761404405e-11, 3.635962386401738e-10]	[]
0.989822613266247	0.010177386733752408	[-0.5309962729292413, 0.07691125362759434, -0.8438765414447106]	[2.2878707262030673e-10, -3.3138172761404405e-11, 3.635962386401738e-10]	[]
0.9916894717319379	0.008310528268061298	[-0.5309962729292413, 0.07691125362759434, -0.8438765414447106]	[2.2878707262030673e-10, -3.3138172761404405e-11, 3.635962386401738e-10]	[]
0.9971025214497449	0.0028974785502549347	[-0.5309962729292413, 0.07691125362759434, -0.8438765414447106]	[2.2878707262030673e-10, -3.3138172761404405e-11, 3.635962386401738e-10]	[]
0.9946023291705729	0.005397670829427253	[-0.5309962729292413, 0.07691125362759434, -0.8438765414447106]	[2.2878707262030673e-10, -3.3138172761404405e-11, 3.635962386401738e-10]	[]
0.9957923255493708	0.004207674450629049	[-0.5309962729292413, 0.07691125362759434, -0.8438765414447106]	[2.2878707262030673e-10, -3.3138172761404405e-11, 3.635962386401738e-10]	[]
0.9928460363452362	0.00715396365476402	[-0.5309962729292413, 0.07691125362759434, -0.8438765414447106]	[2.2878707262030673e-10, -3.3138172761404405e-11, 3.635962386401738e-10]	[]
0.980643161033022	0.01935683896697938	[-0.5309962729292413, 0.07691125362759434, -0.8438765414447106]	[2.2878707262030673e-10, -3.3138172761404405e-11, 3.635962386401738e-10]	[]
0.9962731980355323	0.003726801964466855	[-0.5309962729292413, 0.07691125362759434, -0.8438765414447106]	[2.2878707262030673e-10, -3.3138172761404405e-11, 3.635962386401738e-10]	[]
0.9766617219258286	0.023338278074172436	[-0.5675339895349695, 0.42889162584799057, 0.7028208477272059]	[-0.24613420489858784, 0.18600630316830252, 0.3048068551510576]	[]
0.990003525983052	0.00999647401694572	[-0.5675339895349695, 0.42889162584799057, 0.7028208477272059]	[-0.24613420489858784, 0.18600630316830252, 0.3048068551510576]	[]
0.9948144282587909	0.005185571741210675	[-0.5675339895349695, 0.42889162584799057, 0.7028208477272059]	[-0.24613420489858784, 0.18600630316830252, 0.3048068551510576]	[]
0.9844106500165344	0.015589349983465199	[-0.5675339895349695, 0.42889162584799057, 0.7028208477272059]	[-0.24613420489858784, 0.18600630316830252, 0.3048068551510576]	[]
0.9864466583705492	0.01355334162945031	[-0.5675339895349695, 0.42889162584799057, 0.7028208477272059]	[-0.24613420489858784, 0.18600630316830252, 0.3048068551510576]	[]
0.9878452884638664	0.012154711536134708	[-0.5675339895349695, 0.42889162584799057, 0.7028208477272059]	[-0.24613420489858784, 0.18600630316830252, 0.3048068551510576]	[]
0.9927292583380251	0.007270741661974872	[-0.5675339895349695, 0.42889162584799057, 0.7028208477272059]	[-0.24613420489858784, 0.18600630316830252, 0.3048068551510576]	[]
0.9829131976678387	0.017086802332160627	[-0.5675339895349695, 0.42889162584799057, 0.7028208477272059]	[-0.24613420489858784, 0.18600630316830252, 0.3048068551510576]	[]
0.9893746931575935	0.010625306842407334	[-0.5675339895349695, 0.42889162584799057, 0.7028208477272059]	[-0.24613420489858784, 0.18600630316830252, 0.3048068551510576]	[]
0.9957727774046514	0.004227222595346965	[-0.5675339895349695, 0.42889162584799057, 0.7028208477272059]	[-0.24613420489858784, 0.18600630316830252, 0.3048068551510576]	[]
0.9874304571020712	0.012569542897928356	[-0.5675339895349695, 0.42889162584799057, 0.7028208477272059]	[-0.24613420489858784, 0.18600630316830252, 0.3048068551510576]	[]
0.9935905607797088	0.006409439220290004	[-0.5675339895349695, 0.42889162584799057, 0.7028208477272059]	[-0.24613420489858784, 0.18600630316830252, 0.3048068551510576]	[]
0.9851607216929962	0.014839278307003429	[-0.5675339895349695, 0.42889162584799057, 0.7028208477272059]	[-0.24613420489858784, 0.18600630316830252, 0.3048068551510576]	[]
0.9900924460696501	0.009907553930350045	[-0.5675339895349695, 0.42889162584799057, 0.7028208477272059]	[-0.24613420489858784, 0.18600630316830252, 0.3048068551510576]	[]
0.9865936148323563	0.013406385167644483	[-0.5675339895349695, 0.42889162584799057, 0.7028208477272059]	[-0.24613420489858784, 0.18600630316830252, 0.3048068551510576]	[]
0.9911202660320285	0.008879733967972777	[0.027683618160172, 0.9973069854978693, 0.06791460787425818]	[0.011308930684065254, 0.40740612388432973, 0.027743540907178548]	[]
0.9958024984212529	0.004197501578745192	[0.027683618160172, 0.9973069854978693, 0.06791460787425818]	[0.011308930684065254, 0.40740612388432973, 0.027743540907178548]	[]
0.9875113244648828	0.012488675535116645	[0.027683618160172, 0.9973069854978693, 0.06791460787425818]	[0.011308930684065254, 0.40740612388432973, 0.027743540907178548]	[]
0.9888137616300638	0.011186238369936409	[0.027683618160172, 0.9973069854978693, 0.06791460787425818]	[0.011308930684065254, 0.40740612388432973, 0.027743540907178548]	[]
0.9867076836081331	0.01329231639186762	[0.027683618160172, 0.9973069854978693, 0.06791460787425818]	[0.011308930684065254, 0.40740612388432973, 0.027743540907178548]	[]
0.9943486471461274	0.005651352853872962	[0.027683618160172, 0.9973069854978693, 0.06791460787425818]	[0.011308930684065254, 0.40740612388432973, 0.027743540907178548]	[]
0.9910791038021886	0.008920896197811445	[0.027683618160172, 0.9973069854978693, 0.06791460787425818]	[0.011308930684065254, 0.40740612388432973, 0.027743540907178548]	[]
0.9840734639886439	0.01592653601135728	[0.027683618160172, 0.9973069854978693, 0.06791460787425818]	[0.011308930684065254, 0.40740612388432973, 0.027743540907178548]	[]
0.972023440186488	0.02797655981351141	[0.027683618160172, 0.9973069854978693, 0.06791460787425818]	[0.011308930684065254, 0.40740612388432973, 0.027743540907178548]	[]
0.9775494822340678	0.02245051776593055	[0.027683618160172, 0.9973069854978693, 0.06791460787425818]	[0.011308930684065254, 0.40740612388432973, 0.027743540907178548]	[]
0.9941593722786198	0.005840627721380192	[0.027683618160172, 0.9973069854978693, 0.06791460787425818]	[0.011308930684065254, 0.40740612388432973, 0.027743540907178548]	[]
0.98161450946214	0.018385490537861215	[0.027683618160172, 0.9973069854978693, 0.06791460787425818]	[0.011308930684065254, 0.40740612388432973, 0.027743540907178548]	[]
0.990303623567685	0.009696376432314384	[0.027683618160172, 0.9973069854978693, 0.06791460787425818]	[0.011308930684065254, 0.40740612388432973, 0.027743540907178548]	[]
0.9963415630545684	0.0036584369454328	[0.027683618160172, 0.9973069854978693, 0.06791460787425818]	[0.011308930684065254, 0.40740612388432973, 0.027743540907178548]	[]
0.9922882307265758	0.007711769273423131	[0.027683618160172, 0.9973069854978693, 0.06791460787425818]	[0.011308930684065254, 0.40740612388432973, 0.027743540907178548]	[]
0.9723173786970288	0.02768262130297169	[0.7807544835459642, -0.28873638806121155, 0.5541242952914448]	[0.5367938567140409, -0.19851556742540943, 0.38097830218983714]	[]
0.9889844053783872	0.011015594621613174	[0.7807544835459642, -0.28873638806121155, 0.5541242952914448]	[0.5367938567140409, -0.19851556742540943, 0.38097830218983714]	[]
0.9872139298513728	0.012786070148626413	[0.7807544835459642, -0.28873638806121155, 0.5541242952914448]	[0.5367938567140409, -0.19851556742540943, 0.38097830218983714]	[]
0.9917921856690327	0.008207814330965997	[0.7807544835459642, -0.28873638806121155, 0.5541242952914448]	[0.5367938567140409, -0.19851556742540943, 0.38097830218983714]	[]
0.9977890287887332	0.002210971211265707	[0.7807544835459642, -0.28873638806121155, 0.5541242952914448]	[0.5367938567140409, -0.19851556742540943, 0.38097830218983714]	[]
0.9762531448503718	0.023746855149627624	[0.7807544835459642, -0.28873638806121155, 0.5541242952914448]	[0.5367938567140409, -0.19851556742540943, 0.38097830218983714]	[]
0.975961112984607	0.024038887015393213	[0.7807544835459642, -0.28873638806121155, 0.5541242952914448]	[0.5367938567140409, -0.19851556742540943, 0.38097830218983714]	[]
0.9915515515502633	0.008448448449735949	[0.7807544835459642, -0.28873638806121155, 0.5541242952914448]	[0.5367938567140409, -0.19851556742540943, 0.38097830218983714]	[]
0.9947808872267182	0.0052191127732823415	[0.7807544835459642, -0.28873638806121155, 0.5541242952914448]	[0.5367938567140409, -0.19851556742540943, 0.38097830218983714]	[]
0.9897339075690733	0.010266092430926075	[0.7807544835459642, -0.28873638806121155, 0.5541242952914448]	[0.5367938567140409, -0.19851556742540943, 0.38097830218983714]	[]
0.9961613414170285	0.003838658582972407	[0.7807544835459642, -0.28873638806121155, 0.5541242952914448]	[0.5367938567140409, -0.19851556742540943, 0.38097830218983714]	[]
0.9809675876788777	0.0190324123211239	[0.7807544835459642, -0.28873638806121155, 0.5541242952914448]	[0.5367938567140409, -0.19851556742540943, 0.38097830218983714]	[]
0.9890145641282486	0.010985435871751575	[0.7807544835459642, -0.28873638806121155, 0.5541242952914448]	[0.5367938567140409, -0.19851556742540943, 0.38097830218983714]	[]
0.992983838362276	0.007016161637722805	[0.7807544835459642, -0.28873638806121155, 0.5541242952914448]	[0.5367938567140409, -0.19851556742540943, 0.38097830218983714]	[]
0.9914276388200706	0.008572361179929083	[0.7807544835459642, -0.28873638806121155, 0.5541242952914448]	[0.5367938567140409, -0.19851556742540943, 0.38097830218983714]	[]
0.9916139732173624	0.008386026782636611	[0.942429967915496, 0.31025077145589547, 0.12478066511210294]	[0.7881689740944514, 0.25946758971519823, 0.10435602873045]	[]
0.994669191977369	0.005330808022631355	[0.942429967915496, 0.31025077145589547, 0.12478066511210294]	[0.7881689740944514, 0.25946758971519823, 0.10435602873045]	[]
0.9936686074146304	0.006331392585368231	[0.942429967915496, 0.31025077145589547, 0.12478066511210294]	[0.7881689740944514, 0.25946758971519823, 0.10435602873045]	[]
0.9922864701658496	0.007713529834149774	[0.942429967915496, 0.31025077145589547, 0.12478066511210294]	[0.7881689740944514, 0.25946758971519823, 0.10435602873045]	[]
0.9902349446918922	0.009765055308109373	[0.942429967915496, 0.31025077145589547, 0.12478066511210294]	[0.7881689740944514, 0.25946758971519823, 0.10435602873045]	[]
0.9931908785311316	0.006809121468868128	[0.942429967915496, 0.31025077145589547, 0.12478066511210294]	[0.7881689740944514, 0.25946758971519823, 0.10435602873045]	[]
0.9829860055734083	0.017013994426591558	[0.942429967915496, 0.31025077145589547, 0.12478066511210294]	[0.7881689740944514, 0.25946758971519823, 0.10435602873045]	[]
0.9877439263188318	0.012256073681166367	[0.942429967915496, 0.31025077145589547, 0.12478066511210294]	[0.7881689740944514, 0.25946758971519823, 0.10435602873045]	[]
0.9804041789157232	0.019595821084276963	[0.942429967915496, 0.31025077145589547, 0.12478066511210294]	[0.7881689740944514, 0.25946758971519823, 0.10435602873045]	[]
0.9915052606495032	0.008494739350496246	[0.942429967915496, 0.31025077145589547, 0.12478066511210294]	[0.7881689740944514, 0.25946758971519823, 0.10435602873045]	[]
0.9932290859488652	0.006770914051134271	[0.942429967915496, 0.31025077145589547, 0.12478066511210294]	[0.7881689740944514, 0.25946758971519823, 0.10435602873045]	[]
0.9871999057811279	0.012800094218873124	[0.942429967915496, 0.31025077145589547, 0.12478066511210294]	[0.7881689740944514, 0.25946758971519823, 0.10435602873045]	[]
0.9875648672488098	0.012435132751189846	[0.942429967915496, 0.31025077145589547, 0.12478066511210294]	[0.7881689740944514, 0.25946758971519823, 0.10435602873045]	[]
0.963829840851679	0.03617015914832022	[0.942429967915496, 0.31025077145589547, 0.12478066511210294]	[0.7881689740944514, 0.25946758971519823, 0.10435602873045]	[]
0.9886481816522851	0.011351818347715382	[0.942429967915496, 0.31025077145589547, 0.12478066511210294]	[0.7881689740944514, 0.25946758971519823, 0.10435602873045]	[]
0.9782708915329437	0.021729108467056973	[0.8076416645791876, 0.20959886407130335, -0.5511653634035599]	[-1.830013640624628e-10, -4.7492301757934285e-11, 1.2488785800316796e-10]	[]
0.9853639317512616	0.014636068248737472	[0.8076416645791876, 0.20959886407130335, -0.5511653634035599]	[-1.830013640624628e-10, -4.7492301757934285e-11, 1.2488785800316796e-10]	[]
0.9975023747424989	0.0024976252575020096	[0.8076416645791876, 0.20959886407130335, -0.5511653634035599]	[-1.830013640624628e-10, -4.7492301757934285e-11, 1.2488785800316796e-10]	[]
0.9887473019338672	0.011252698066133025	[0.8076416645791876, 0.20959886407130335, -0.5511653634035599]	[-1.830013640624628e-10, -4.7492301757934285e-11, 1.2488785800316796e-10]	[]
0.9971985417281725	0.002801458271828022	[0.8076416645791876, 0.20959886407130335, -0.5511653634035599]	[-1.830013640624628e-10, -4.7492301757934285e-11, 1.2488785800316796e-10]	[]
0.9925878697912395	0.007412130208760073	[0.8076416645791876, 0.20959886407130335, -0.5511653634035599]	[-1.830013640624628e-10, -4.7492301757934285e-11, 1.2488785800316796e-10]	[]
0.9862088457916635	0.013791154208335831	[0.8076416645791876, 0.20959886407130335, -0.5511653634035599]	[-1.830013640624628e-10, -4.7492301757934285e-11, 1.2488785800316796e-10]	[]
0.995552715951488	0.0044472840485103565	[0.8076416645791876, 0.20959886407130335, -0.5511653634035599]	[-1.830013640624628e-10, -4.7492301757934285e-11, 1.2488785800316796e-10]	[]
0.9985087761591481	0.0014912238408522633	[0.8076416645791876, 0.20959886407130335, -0.5511653634035599]	[-1.830013640624628e-10, -4.7492301757934285e-11, 1.2488785800316796e-10]	[]
0.989571905133323	0.010428094866676825	[0.8076416645791876, 0.20959886407130335, -0.5511653634035599]	[-1.830013640624628e-10, -4.7492301757934285e-11, 1.2488785800316796e-10]	[]
0.9965699960196776	0.0034300039803227935	[0.8076416645791876, 0.20959886407130335, -0.5511653634035599]	[-1.830013640624628e-10, -4.7492301757934285e-11, 1.2488785800316796e-10]	[]
0.991430200741221	0.00856979925877936	[0.8076416645791876, 0.20959886407130335, -0.5511653634035599]	[-1.830013640624628e-10, -4.7492301757934285e-11, 1.2488785800316796e-10]	[]
0.9899670473016934	0.010032952698307352	[0.8076416645791876, 0.20959886407130335, -0.5511653634035599]	[-1.830013640624628e-10, -4.7492301757934285e-11, 1.2488785800316796e-10]	[]
0.9889239448982861	0.011076055101713878	[0.8076416645791876, 0.20959886407130335, -0.5511653634035599]	[-1.830013640624628e-10, -4.7492301757934285e-11, 1.2488785800316796e-10]	[]
0.9893518588269876	0.010648141173014526	[0.8076416645791876, 0.20959886407130335, -0.5511653634035599]	[-1.830013640624628e-10, -4.7492301757934285e-11, 1.2488785800316796e-10]	[]
