0.5023361255938262	0.49766387440617127	[0.3369830359929369, -0.5161982849676826, 0.7873892074758239]	[0.1867031080006427, -0.28599607058584325, 0.43624751557220925]	[]
1.5628590211533885e-14	0.9999999999999843	[0.3369830359929369, -0.5161982849676826, 0.7873892074758239]	[0.1867031080006427, -0.28599607058584325, 0.43624751557220925]	[]
0.5054417443758682	0.4945582556241315	[0.3369830359929369, -0.5161982849676826, 0.7873892074758239]	[0.1867031080006427, -0.28599607058584325, 0.43624751557220925]	[]
1.5600143390694739e-16	0.9999999999999999	[0.3369830359929369, -0.5161982849676826, 0.7873892074758239]	[0.1867031080006427, -0.28599607058584325, 0.43624751557220925]	[]
4.563090029840967e-11	0.9999999999543691	[0.3369830359929369, -0.5161982849676826, 0.7873892074758239]	[0.1867031080006427, -0.28599607058584325, 0.43624751557220925]	[]
0.5015856525868084	0.49841434741319157	[0.3369830359929369, -0.5161982849676826, 0.7873892074758239]	[0.1867031080006427, -0.28599607058584325, 0.43624751557220925]	[]
0.5048142807294957	0.4951857192705072	[0.3369830359929369, -0.5161982849676826, 0.7873892074758239]	[0.1867031080006427, -0.28599607058584325, 0.43624751557220925]	[]
1.6637122127978113e-16	0.9999999999999999	[0.3369830359929369, -0.5161982849676826, 0.7873892074758239]	[0.1867031080006427, -0.28599607058584325, 0.43624751557220925]	[]
7.806153480622073e-10	0.9999999992193842	[0.3369830359929369, -0.5161982849676826, 0.7873892074758239]	[0.1867031080006427, -0.28599607058584325, 0.43624751557220925]	[]
0.5026570551228953	0.4973429448771045	[0.3369830359929369, -0.5161982849676826, 0.7873892074758239]	[0.1867031080006427, -0.28599607058584325, 0.43624751557220925]	[]
4.494584476546678e-15	0.9999999999999954	[0.3369830359929369, -0.5161982849676826, 0.7873892074758239]	[0.1867031080006427, -0.28599607058584325, 0.43624751557220925]	[]
1.7097971900480638e-16	0.9999999999999998	[0.3369830359929369, -0.5161982849676826, 0.7873892074758239]	[0.1867031080006427, -0.28599607058584325, 0.43624751557220925]	[]
0.5048744151580234	0.4951255848419673	[0.3369830359929369, -0.5161982849676826, 0.7873892074758239]	[0.1867031080006427, -0.28599607058584325, 0.43624751557220925]	[]
7.527217739386682e-15	0.9999999999999925	[0.3369830359929369, -0.5161982849676826, 0.7873892074758239]	[0.1867031080006427, -0.28599607058584325, 0.43624751557220925]	[]
8.126076453270149e-15	0.9999999999999919	[0.3369830359929369, -0.5161982849676826, 0.7873892074758239]	[0.1867031080006427, -0.28599607058584325, 0.43624751557220925]	[]
0.5057758165170121	0.4942241834829878	[-0.24446136842836091, 0.7894407179207908, -0.5630470604086656]	[1.1418643808269735e-10, -3.687420091491589e-10, 2.629971612227346e-10]	[]
4.218460186611421e-11	0.9999999999578153	[-0.24446136842836091, 0.7894407179207908, -0.5630470604086656]	[1.1418643808269735e-10, -3.687420091491589e-10, 2.629971612227346e-10]	[]
0.5020438374476711	0.4979561625523294	[-0.24446136842836091, 0.7894407179207908, -0.5630470604086656]	[1.1418643808269735e-10, -3.687420091491589e-10, 2.629971612227346e-10]	[]
1.518723719001485e-14	0.9999999999999848	[-0.24446136842836091, 0.7894407179207908, -0.5630470604086656]	[1.1418643808269735e-10, -3.687420091491589e-10, 2.629971612227346e-10]	[]
1.724416112631169e-11	0.9999999999827559	[-0.24446136842836091, 0.7894407179207908, -0.5630470604086656]	[1.1418643808269735e-10, -3.687420091491589e-10, 2.629971612227346e-10]	[]
6.366628725490497e-16	0.9999999999999993	[-0.24446136842836091, 0.7894407179207908, -0.5630470604086656]	[1.1418643808269735e-10, -3.687420091491589e-10, 2.629971612227346e-10]	[]
5.0414154439419755e-11	0.9999999999495859	[-0.24446136842836091, 0.7894407179207908, -0.5630470604086656]	[1.1418643808269735e-10, -3.687420091491589e-10, 2.629971612227346e-10]	[]
0.501551840373661	0.4984481596263406	[-0.24446136842836091, 0.7894407179207908, -0.5630470604086656]	[1.1418643808269735e-10, -3.687420091491589e-10, 2.629971612227346e-10]	[]
0.5035494404879958	0.4964505595120202	[-0.24446136842836091, 0.7894407179207908, -0.5630470604086656]	[1.1418643808269735e-10, -3.687420091491589e-10, 2.629971612227346e-10]	[]
5.5805867580796775e-14	0.9999999999999442	[-0.24446136842836091, 0.7894407179207908, -0.5630470604086656]	[1.1418643808269735e-10, -3.687420091491589e-10, 2.629971612227346e-10]	[]
1.3130234763875107e-16	0.9999999999999999	[-0.24446136842836091, 0.7894407179207908, -0.5630470604086656]	[1.1418643808269735e-10, -3.687420091491589e-10, 2.629971612227346e-10]	[]
0.5041138135747264	0.49588618642527227	[-0.24446136842836091, 0.7894407179207908, -0.5630470604086656]	[1.1418643808269735e-10, -3.687420091491589e-10, 2.629971612227346e-10]	[]
0.504770467621969	0.49522953237802986	[-0.24446136842836091, 0.7894407179207908, -0.5630470604086656]	[1.1418643808269735e-10, -3.687420091491589e-10, 2.629971612227346e-10]	[]
3.952217534569583e-15	0.9999999999999961	[-0.24446136842836091, 0.7894407179207908, -0.5630470604086656]	[1.1418643808269735e-10, -3.687420091491589e-10, 2.629971612227346e-10]	[]
0.5006333768909941	0.4993666231090062	[-0.24446136842836091, 0.7894407179207908, -0.5630470604086656]	[1.1418643808269735e-10, -3.687420091491589e-10, 2.629971612227346e-10]	[]
0.505479638667137	0.4945203613328142	[-0.9586567100249667, 0.0537379101804175, -0.27944507391175893]	[1.8599011220032935e-12, -1.042499420123022e-13, 5.421582255944102e-13]	[]
0.5036963242544616	0.49630367574553835	[-0.9586567100249667, 0.0537379101804175, -0.27944507391175893]	[1.8599011220032935e-12, -1.042499420123022e-13, 5.421582255944102e-13]	[]
0.5048242116449766	0.49517578835503356	[-0.9586567100249667, 0.0537379101804175, -0.27944507391175893]	[1.8599011220032935e-12, -1.042499420123022e-13, 5.421582255944102e-13]	[]
0.5008373643164188	0.49916263568358066	[-0.9586567100249667, 0.0537379101804175, -0.27944507391175893]	[1.8599011220032935e-12, -1.042499420123022e-13, 5.421582255944102e-13]	[]
0.5035414936147902	0.4964585063852094	[-0.9586567100249667, 0.0537379101804175, -0.27944507391175893]	[1.8599011220032935e-12, -1.042499420123022e-13, 5.421582255944102e-13]	[]
0.5012180712045977	0.4987819287954021	[-0.9586567100249667, 0.0537379101804175, -0.27944507391175893]	[1.8599011220032935e-12, -1.042499420123022e-13, 5.421582255944102e-13]	[]
1.6747811313355866e-12	0.9999999999983251	[-0.9586567100249667, 0.0537379101804175, -0.27944507391175893]	[1.8599011220032935e-12, -1.042499420123022e-13, 5.421582255944102e-13]	[]
0.5059374930357681	0.49406250696423243	[-0.9586567100249667, 0.0537379101804175, -0.27944507391175893]	[1.8599011220032935e-12, -1.042499420123022e-13, 5.421582255944102e-13]	[]
0.5033221386280953	0.4966778613719043	[-0.9586567100249667, 0.0537379101804175, -0.27944507391175893]	[1.8599011220032935e-12, -1.042499420123022e-13, 5.421582255944102e-13]	[]
3.463355679807487e-16	0.9999999999999998	[-0.9586567100249667, 0.0537379101804175, -0.27944507391175893]	[1.8599011220032935e-12, -1.042499420123022e-13, 5.421582255944102e-13]	[]
1.2650180798512096e-16	0.9999999999999999	[-0.9586567100249667, 0.0537379101804175, -0.27944507391175893]	[1.8599011220032935e-12, -1.042499420123022e-13, 5.421582255944102e-13]	[]
3.667329090918955e-16	0.9999999999999996	[-0.9586567100249667, 0.0537379101804175, -0.27944507391175893]	[1.8599011220032935e-12, -1.042499420123022e-13, 5.421582255944102e-13]	[]
0.5039128791627998	0.4960871208372004	[-0.9586567100249667, 0.0537379101804175, -0.27944507391175893]	[1.8599011220032935e-12, -1.042499420123022e-13, 5.421582255944102e-13]	[]
0.5018876033827265	0.49811239661727474	[-0.9586567100249667, 0.0537379101804175, -0.27944507391175893]	[1.8599011220032935e-12, -1.042499420123022e-13, 5.421582255944102e-13]	[]
2.3292756995423607e-16	0.9999999999999998	[-0.9586567100249667, 0.0537379101804175, -0.27944507391175893]	[1.8599011220032935e-12, -1.042499420123022e-13, 5.421582255944102e-13]	[]
1.4221251391331473e-14	0.9999999999999858	[0.8675428284776457, 0.1501748290518864, 0.4741486702251128]	[0.5808765657700631, 0.10055185300516124, 0.3174734920097406]	[]
0.5053082697365298	0.49469173026347085	[0.8675428284776457, 0.1501748290518864, 0.4741486702251128]	[0.5808765657700631, 0.10055185300516124, 0.3174734920097406]	[]
8.480588636260753e-12	0.9999999999915195	[0.8675428284776457, 0.1501748290518864, 0.4741486702251128]	[0.5808765657700631, 0.10055185300516124, 0.3174734920097406]	[]
0.5010098615253286	0.4989901384746727	[0.8675428284776457, 0.1501748290518864, 0.4741486702251128]	[0.5808765657700631, 0.10055185300516124, 0.3174734920097406]	[]
0.5024870137077923	0.4975129862922079	[0.8675428284776457, 0.1501748290518864, 0.4741486702251128]	[0.5808765657700631, 0.10055185300516124, 0.3174734920097406]	[]
1.8450345184106277e-16	0.9999999999999998	[0.8675428284776457, 0.1501748290518864, 0.4741486702251128]	[0.5808765657700631, 0.10055185300516124, 0.3174734920097406]	[]
0.5031268164119882	0.49687318358801186	[0.8675428284776457, 0.1501748290518864, 0.4741486702251128]	[0.5808765657700631, 0.10055185300516124, 0.3174734920097406]	[]
0.4977200211198386	0.5022799788801614	[0.8675428284776457, 0.1501748290518864, 0.4741486702251128]	[0.5808765657700631, 0.10055185300516124, 0.3174734920097406]	[]
0.5043355603863003	0.49566443961372025	[0.8675428284776457, 0.1501748290518864, 0.4741486702251128]	[0.5808765657700631, 0.10055185300516124, 0.3174734920097406]	[]
0.5047305345824246	0.4952694654175762	[0.8675428284776457, 0.1501748290518864, 0.4741486702251128]	[0.5808765657700631, 0.10055185300516124, 0.3174734920097406]	[]
1.5070360708477816e-16	1.0	[0.8675428284776457, 0.1501748290518864, 0.4741486702251128]	[0.5808765657700631, 0.10055185300516124, 0.3174734920097406]	[]
1.5555373635097255e-16	0.9999999999999998	[0.8675428284776457, 0.1501748290518864, 0.4741486702251128]	[0.5808765657700631, 0.10055185300516124, 0.3174734920097406]	[]
0.5042629309884226	0.4957370690115776	[0.8675428284776457, 0.1501748290518864, 0.4741486702251128]	[0.5808765657700631, 0.10055185300516124, 0.3174734920097406]	[]
1.7340639598372868e-16	0.9999999999999999	[0.8675428284776457, 0.1501748290518864, 0.4741486702251128]	[0.5808765657700631, 0.10055185300516124, 0.3174734920097406]	[]
1.57242341365212e-16	0.9999999999999999	[0.8675428284776457, 0.1501748290518864, 0.4741486702251128]	[0.5808765657700631, 0.10055185300516124, 0.3174734920097406]	[]
5.529994277856058e-15	0.9999999999999946	[-0.8226668475093709, 0.0508918683138265, -0.5662413582108973]	[2.8223356984824477e-10, -1.7459408918618635e-11, 1.9426220252602364e-10]	[]
0.5021470125230364	0.4978529874769631	[-0.8226668475093709, 0.0508918683138265, -0.5662413582108973]	[2.8223356984824477e-10, -1.7459408918618635e-11, 1.9426220252602364e-10]	[]
0.5048702502630489	0.49512974973695073	[-0.8226668475093709, 0.0508918683138265, -0.5662413582108973]	[2.8223356984824477e-10, -1.7459408918618635e-11, 1.9426220252602364e-10]	[]
0.5017593517235379	0.49824064827646153	[-0.8226668475093709, 0.0508918683138265, -0.5662413582108973]	[2.8223356984824477e-10, -1.7459408918618635e-11, 1.9426220252602364e-10]	[]
0.5025646929313368	0.49743530706866873	[-0.8226668475093709, 0.0508918683138265, -0.5662413582108973]	[2.8223356984824477e-10, -1.7459408918618635e-11, 1.9426220252602364e-10]	[]
0.5015774463366574	0.49842255366334276	[-0.8226668475093709, 0.0508918683138265, -0.5662413582108973]	[2.8223356984824477e-10, -1.7459408918618635e-11, 1.9426220252602364e-10]	[]
6.9474301787737956e-12	0.9999999999930523	[-0.8226668475093709, 0.0508918683138265, -0.5662413582108973]	[2.8223356984824477e-10, -1.7459408918618635e-11, 1.9426220252602364e-10]	[]
1.3324163495201644e-15	0.9999999999999987	[-0.8226668475093709, 0.0508918683138265, -0.5662413582108973]	[2.8223356984824477e-10, -1.7459408918618635e-11, 1.9426220252602364e-10]	[]
0.5054932692200729	0.49450673077992685	[-0.8226668475093709, 0.0508918683138265, -0.5662413582108973]	[2.8223356984824477e-10, -1.7459408918618635e-11, 1.9426220252602364e-10]	[]
1.2199540141387974e-14	0.9999999999999878	[-0.8226668475093709, 0.0508918683138265, -0.5662413582108973]	[2.8223356984824477e-10, -1.7459408918618635e-11, 1.9426220252602364e-10]	[]
0.5049675452271168	0.49503245477288343	[-0.8226668475093709, 0.0508918683138265, -0.5662413582108973]	[2.8223356984824477e-10, -1.7459408918618635e-11, 1.9426220252602364e-10]	[]
0.5049997816211091	0.4950002183789058	[-0.8226668475093709, 0.0508918683138265, -0.5662413582108973]	[2.8223356984824477e-10, -1.7459408918618635e-11, 1.9426220252602364e-10]	[]
0.502861460350632	0.4971385396493694	[-0.8226668475093709, 0.0508918683138265, -0.5662413582108973]	[2.8223356984824477e-10, -1.7459408918618635e-11, 1.9426220252602364e-10]	[]
0.5034535929525197	0.49654640704748026	[-0.8226668475093709, 0.0508918683138265, -0.5662413582108973]	[2.8223356984824477e-10, -1.7459408918618635e-11, 1.9426220252602364e-10]	[]
0.5023014243448454	0.49769857565515496	[-0.8226668475093709, 0.0508918683138265, -0.5662413582108973]	[2.8223356984824477e-10, -1.7459408918618635e-11, 1.9426220252602364e-10]	[]
