1.2184569839156213e-10	0.9999999998781542	[-0.5798433990463908, -0.2748518069505464, 0.7669668290078441]	[-0.2855431990538087, -0.13535044867536705, 0.3776919117872615]	[]
2.698104866447606e-14	0.9999999999999731	[-0.5798433990463908, -0.2748518069505464, 0.7669668290078441]	[-0.2855431990538087, -0.13535044867536705, 0.3776919117872615]	[]
1.9783430542216808e-16	0.9999999999999999	[-0.5798433990463908, -0.2748518069505464, 0.7669668290078441]	[-0.2855431990538087, -0.13535044867536705, 0.3776919117872615]	[]
0.8915208303717254	0.10847916962827593	[-0.5798433990463908, -0.2748518069505464, 0.7669668290078441]	[-0.2855431990538087, -0.13535044867536705, 0.3776919117872615]	[]
0.8844490357964976	0.11555096420349933	[-0.5798433990463908, -0.2748518069505464, 0.7669668290078441]	[-0.2855431990538087, -0.13535044867536705, 0.3776919117872615]	[]
6.076730204060483e-15	0.9999999999999939	[-0.5798433990463908, -0.2748518069505464, 0.7669668290078441]	[-0.2855431990538087, -0.13535044867536705, 0.3776919117872615]	[]
0.8866389087750772	0.11336109122492953	[-0.5798433990463908, -0.2748518069505464, 0.7669668290078441]	[-0.2855431990538087, -0.13535044867536705, 0.3776919117872615]	[]
-5.68205020105489e-17	1.0	[-0.5798433990463908, -0.2748518069505464, 0.7669668290078441]	[-0.2855431990538087, -0.13535044867536705, 0.3776919117872615]	[]
5.104697859765248e-10	0.9999999994895301	[-0.5798433990463908, -0.2748518069505464, 0.7669668290078441]	[-0.2855431990538087, -0.13535044867536705, 0.3776919117872615]	[]
4.2015464169725506e-11	0.9999999999579845	[-0.5798433990463908, -0.2748518069505464, 0.7669668290078441]	[-0.2855431990538087, -0.13535044867536705, 0.3776919117872615]	[]
0.8863218564264149	0.1136781435735858	[-0.5798433990463908, -0.2748518069505464, 0.7669668290078441]	[-0.2855431990538087, -0.13535044867536705, 0.3776919117872615]	[]
1.9848356234598077e-16	0.9999999999999997	[-0.5798433990463908, -0.2748518069505464, 0.7669668290078441]	[-0.2855431990538087, -0.13535044867536705, 0.3776919117872615]	[]
0.8916328117908793	0.10836718820911984	[-0.5798433990463908, -0.2748518069505464, 0.7669668290078441]	[-0.2855431990538087, -0.13535044867536705, 0.3776919117872615]	[]
0.8862656276090426	0.11373437239095549	[-0.5798433990463908, -0.2748518069505464, 0.7669668290078441]	[-0.2855431990538087, -0.13535044867536705, 0.3776919117872615]	[]
2.077861668623369e-17	0.9999999999999999	[-0.5798433990463908, -0.2748518069505464, 0.7669668290078441]	[-0.2855431990538087, -0.13535044867536705, 0.3776919117872615]	[]
9.258310545331154e-17	1.0	[-0.614087185648253, 0.5900512892686364, -0.5241530353389439]	[3.323356173590142e-10, -3.193268982570885e-10, 2.8366598754242514e-10]	[]
2.589550283977296e-17	1.0	[-0.614087185648253, 0.5900512892686364, -0.5241530353389439]	[3.323356173590142e-10, -3.193268982570885e-10, 2.8366598754242514e-10]	[]
0.8899226962394818	0.11007730376051675	[-0.614087185648253, 0.5900512892686364, -0.5241530353389439]	[3.323356173590142e-10, -3.193268982570885e-10, 2.8366598754242514e-10]	[]
6.830820385078434e-17	0.9999999999999998	[-0.614087185648253, 0.5900512892686364, -0.5241530353389439]	[3.323356173590142e-10, -3.193268982570885e-10, 2.8366598754242514e-10]	[]
1.1457190127872158e-14	0.9999999999999886	[-0.614087185648253, 0.5900512892686364, -0.5241530353389439]	[3.323356173590142e-10, -3.193268982570885e-10, 2.8366598754242514e-10]	[]
0.8862878812441679	0.1137121187558309	[-0.614087185648253, 0.5900512892686364, -0.5241530353389439]	[3.323356173590142e-10, -3.193268982570885e-10, 2.8366598754242514e-10]	[]
5.741175984642051e-12	0.9999999999942588	[-0.614087185648253, 0.5900512892686364, -0.5241530353389439]	[3.323356173590142e-10, -3.193268982570885e-10, 2.8366598754242514e-10]	[]
1.0423445155061339e-16	1.0	[-0.614087185648253, 0.5900512892686364, -0.5241530353389439]	[3.323356173590142e-10, -3.193268982570885e-10, 2.8366598754242514e-10]	[]
5.630226817635645e-16	0.9999999999999993	[-0.614087185648253, 0.5900512892686364, -0.5241530353389439]	[3.323356173590142e-10, -3.193268982570885e-10, 2.8366598754242514e-10]	[]
0.8897587610399051	0.11024123896009651	[-0.614087185648253, 0.5900512892686364, -0.5241530353389439]	[3.323356173590142e-10, -3.193268982570885e-10, 2.8366598754242514e-10]	[]
8.148676938824895e-17	0.9999999999999999	[-0.614087185648253, 0.5900512892686364, -0.5241530353389439]	[3.323356173590142e-10, -3.193268982570885e-10, 2.8366598754242514e-10]	[]
0.8933531305516118	0.10664686944838793	[-0.614087185648253, 0.5900512892686364, -0.5241530353389439]	[3.323356173590142e-10, -3.193268982570885e-10, 2.8366598754242514e-10]	[]
0.8927446582788504	0.10725534172114923	[-0.614087185648253, 0.5900512892686364, -0.5241530353389439]	[3.323356173590142e-10, -3.193268982570885e-10, 2.8366598754242514e-10]	[]
1.2154715977780246e-10	0.9999999998784529	[-0.614087185648253, 0.5900512892686364, -0.5241530353389439]	[3.323356173590142e-10, -3.193268982570885e-10, 2.8366598754242514e-10]	[]
2.0014399195804103e-16	0.9999999999999998	[-0.614087185648253, 0.5900512892686364, -0.5241530353389439]	[3.323356173590142e-10, -3.193268982570885e-10, 2.8366598754242514e-10]	[]
0.8934829453256055	0.1065170546743932	[0.2555609175874682, 0.9457495682010952, 0.20061498361112876]	[0.11354208109758401, 0.42018308270450316, 0.08913038407278845]	[]
0.8872169710421121	0.11278302895789168	[0.2555609175874682, 0.9457495682010952, 0.20061498361112876]	[0.11354208109758401, 0.42018308270450316, 0.08913038407278845]	[]
0.8858984156321058	0.11410158436789264	[0.2555609175874682, 0.9457495682010952, 0.20061498361112876]	[0.11354208109758401, 0.42018308270450316, 0.08913038407278845]	[]
7.880496067754082e-17	0.9999999999999999	[0.2555609175874682, 0.9457495682010952, 0.20061498361112876]	[0.11354208109758401, 0.42018308270450316, 0.08913038407278845]	[]
8.017669775978454e-17	0.9999999999999998	[0.2555609175874682, 0.9457495682010952, 0.20061498361112876]	[0.11354208109758401, 0.42018308270450316, 0.08913038407278845]	[]
4.911970920387152e-16	0.9999999999999994	[0.2555609175874682, 0.9457495682010952, 0.20061498361112876]	[0.11354208109758401, 0.42018308270450316, 0.08913038407278845]	[]
0.888324247070275	0.11167575292972463	[0.2555609175874682, 0.9457495682010952, 0.20061498361112876]	[0.11354208109758401, 0.42018308270450316, 0.08913038407278845]	[]
0.8867974482391736	0.11320255176082644	[0.2555609175874682, 0.9457495682010952, 0.20061498361112876]	[0.11354208109758401, 0.42018308270450316, 0.08913038407278845]	[]
9.27764146757091e-17	0.9999999999999999	[0.2555609175874682, 0.9457495682010952, 0.20061498361112876]	[0.11354208109758401, 0.42018308270450316, 0.08913038407278845]	[]
2.3304583321589213e-16	0.9999999999999998	[0.2555609175874682, 0.9457495682010952, 0.20061498361112876]	[0.11354208109758401, 0.42018308270450316, 0.08913038407278845]	[]
0.8892448930992745	0.11075510690072349	[0.2555609175874682, 0.9457495682010952, 0.20061498361112876]	[0.11354208109758401, 0.42018308270450316, 0.08913038407278845]	[]
0.8905418920735839	0.10945810792641636	[0.2555609175874682, 0.9457495682010952, 0.20061498361112876]	[0.11354208109758401, 0.42018308270450316, 0.08913038407278845]	[]
1.0481685081746667e-16	1.0	[0.2555609175874682, 0.9457495682010952, 0.20061498361112876]	[0.11354208109758401, 0.42018308270450316, 0.08913038407278845]	[]
-1.253368929940891e-17	1.0	[0.2555609175874682, 0.9457495682010952, 0.20061498361112876]	[0.11354208109758401, 0.42018308270450316, 0.08913038407278845]	[]
8.248560343032055e-17	0.9999999999999998	[0.2555609175874682, 0.9457495682010952, 0.20061498361112876]	[0.11354208109758401, 0.42018308270450316, 0.08913038407278845]	[]
0.8938790503387426	0.10612094966125954	[-0.1337208356705674, 0.2644029808049901, -0.9550967499939477]	[5.627388832696312e-11, -1.1126875809619463e-10, 4.019347854007961e-10]	[]
0.8913525844308615	0.10864741556913912	[-0.1337208356705674, 0.2644029808049901, -0.9550967499939477]	[5.627388832696312e-11, -1.1126875809619463e-10, 4.019347854007961e-10]	[]
0.8886567019529276	0.11134329804709238	[-0.1337208356705674, 0.2644029808049901, -0.9550967499939477]	[5.627388832696312e-11, -1.1126875809619463e-10, 4.019347854007961e-10]	[]
0.8888881931607184	0.11111180683928316	[-0.1337208356705674, 0.2644029808049901, -0.9550967499939477]	[5.627388832696312e-11, -1.1126875809619463e-10, 4.019347854007961e-10]	[]
0.8938961087591767	0.10610389124082381	[-0.1337208356705674, 0.2644029808049901, -0.9550967499939477]	[5.627388832696312e-11, -1.1126875809619463e-10, 4.019347854007961e-10]	[]
-1.1095155195783053e-16	1.0	[-0.1337208356705674, 0.2644029808049901, -0.9550967499939477]	[5.627388832696312e-11, -1.1126875809619463e-10, 4.019347854007961e-10]	[]
0.889069398335613	0.1109306016643902	[-0.1337208356705674, 0.2644029808049901, -0.9550967499939477]	[5.627388832696312e-11, -1.1126875809619463e-10, 4.019347854007961e-10]	[]
0.8755371967253792	0.12446280327462243	[-0.1337208356705674, 0.2644029808049901, -0.9550967499939477]	[5.627388832696312e-11, -1.1126875809619463e-10, 4.019347854007961e-10]	[]
8.274115057955756e-17	0.9999999999999999	[-0.1337208356705674, 0.2644029808049901, -0.9550967499939477]	[5.627388832696312e-11, -1.1126875809619463e-10, 4.019347854007961e-10]	[]
3.4483426885474612e-12	0.9999999999965518	[-0.1337208356705674, 0.2644029808049901, -0.9550967499939477]	[5.627388832696312e-11, -1.1126875809619463e-10, 4.019347854007961e-10]	[]
0.8857886968875275	0.1142113031124716	[-0.1337208356705674, 0.2644029808049901, -0.9550967499939477]	[5.627388832696312e-11, -1.1126875809619463e-10, 4.019347854007961e-10]	[]
0.888144987905203	0.11185501209479612	[-0.1337208356705674, 0.2644029808049901, -0.9550967499939477]	[5.627388832696312e-11, -1.1126875809619463e-10, 4.019347854007961e-10]	[]
0.8890917085174965	0.11090829148250415	[-0.1337208356705674, 0.2644029808049901, -0.9550967499939477]	[5.627388832696312e-11, -1.1126875809619463e-10, 4.019347854007961e-10]	[]
1.047268318440392e-16	0.9999999999999998	[-0.1337208356705674, 0.2644029808049901, -0.9550967499939477]	[5.627388832696312e-11, -1.1126875809619463e-10, 4.019347854007961e-10]	[]
7.53426030572005e-17	1.0	[-0.1337208356705674, 0.2644029808049901, -0.9550967499939477]	[5.627388832696312e-11, -1.1126875809619463e-10, 4.019347854007961e-10]	[]
0.8934097442273813	0.10659025577262092	[-0.9552571864865713, -0.2903883015209625, -0.05619912815632048]	[2.7654711853841718e-11, 8.406775275915379e-12, 1.6299284329748307e-12]	[]
0.8884943732396492	0.11150562676035287	[-0.9552571864865713, -0.2903883015209625, -0.05619912815632048]	[2.7654711853841718e-11, 8.406775275915379e-12, 1.6299284329748307e-12]	[]
9.91951189657763e-10	0.9999999990080487	[-0.9552571864865713, -0.2903883015209625, -0.05619912815632048]	[2.7654711853841718e-11, 8.406775275915379e-12, 1.6299284329748307e-12]	[]
0.8886612497496171	0.11133875025038446	[-0.9552571864865713, -0.2903883015209625, -0.05619912815632048]	[2.7654711853841718e-11, 8.406775275915379e-12, 1.6299284329748307e-12]	[]
1.0445620242930278e-16	0.9999999999999998	[-0.9552571864865713, -0.2903883015209625, -0.05619912815632048]	[2.7654711853841718e-11, 8.406775275915379e-12, 1.6299284329748307e-12]	[]
1.1962348744885642e-16	0.9999999999999999	[-0.9552571864865713, -0.2903883015209625, -0.05619912815632048]	[2.7654711853841718e-11, 8.406775275915379e-12, 1.6299284329748307e-12]	[]
9.13231997024097e-17	0.9999999999999999	[-0.9552571864865713, -0.2903883015209625, -0.05619912815632048]	[2.7654711853841718e-11, 8.406775275915379e-12, 1.6299284329748307e-12]	[]
6.853842437364969e-16	0.9999999999999993	[-0.9552571864865713, -0.2903883015209625, -0.05619912815632048]	[2.7654711853841718e-11, 8.406775275915379e-12, 1.6299284329748307e-12]	[]
0.8921124895327815	0.10788751046721931	[-0.9552571864865713, -0.2903883015209625, -0.05619912815632048]	[2.7654711853841718e-11, 8.406775275915379e-12, 1.6299284329748307e-12]	[]
0.8867753524002259	0.11322464759977405	[-0.9552571864865713, -0.2903883015209625, -0.05619912815632048]	[2.7654711853841718e-11, 8.406775275915379e-12, 1.6299284329748307e-12]	[]
1.987642836423494e-16	0.9999999999999998	[-0.9552571864865713, -0.2903883015209625, -0.05619912815632048]	[2.7654711853841718e-11, 8.406775275915379e-12, 1.6299284329748307e-12]	[]
1.0542348340080199e-14	0.9999999999999895	[-0.9552571864865713, -0.2903883015209625, -0.05619912815632048]	[2.7654711853841718e-11, 8.406775275915379e-12, 1.6299284329748307e-12]	[]
0.8909011973425975	0.10909880265740211	[-0.9552571864865713, -0.2903883015209625, -0.05619912815632048]	[2.7654711853841718e-11, 8.406775275915379e-12, 1.6299284329748307e-12]	[]
0.8916657639802754	0.10833423601972601	[-0.9552571864865713, -0.2903883015209625, -0.05619912815632048]	[2.7654711853841718e-11, 8.406775275915379e-12, 1.6299284329748307e-12]	[]
7.88120846383204e-17	0.9999999999999999	[-0.9552571864865713, -0.2903883015209625, -0.05619912815632048]	[2.7654711853841718e-11, 8.406775275915379e-12, 1.6299284329748307e-12]	[]
