0.7953803153694302	0.2046196846305675	[-0.2723308334280123, -0.38196888052296435, 0.8831396783501677]	[-0.12845639672554107, -0.1801718352477293, 0.41657031434233005]	[]
2.3545505621036317e-10	0.9999999997645447	[-0.2723308334280123, -0.38196888052296435, 0.8831396783501677]	[-0.12845639672554107, -0.1801718352477293, 0.41657031434233005]	[]
0.7977352356079367	0.2022647643920624	[-0.2723308334280123, -0.38196888052296435, 0.8831396783501677]	[-0.12845639672554107, -0.1801718352477293, 0.41657031434233005]	[]
0.796431560068587	0.20356843993141008	[-0.2723308334280123, -0.38196888052296435, 0.8831396783501677]	[-0.12845639672554107, -0.1801718352477293, 0.41657031434233005]	[]
1.4829069010383674e-16	0.9999999999999999	[-0.2723308334280123, -0.38196888052296435, 0.8831396783501677]	[-0.12845639672554107, -0.1801718352477293, 0.41657031434233005]	[]
0.7961781070510004	0.2038218929489993	[-0.2723308334280123, -0.38196888052296435, 0.8831396783501677]	[-0.12845639672554107, -0.1801718352477293, 0.41657031434233005]	[]
1.0716236382805262e-16	1.0	[-0.2723308334280123, -0.38196888052296435, 0.8831396783501677]	[-0.12845639672554107, -0.1801718352477293, 0.41657031434233005]	[]
0.7975146023594916	0.20248539764051057	[-0.2723308334280123, -0.38196888052296435, 0.8831396783501677]	[-0.12845639672554107, -0.1801718352477293, 0.41657031434233005]	[]
0.794119753086696	0.20588024691330295	[-0.2723308334280123, -0.38196888052296435, 0.8831396783501677]	[-0.12845639672554107, -0.1801718352477293, 0.41657031434233005]	[]
0.7943812418546836	0.2056187581453193	[-0.2723308334280123, -0.38196888052296435, 0.8831396783501677]	[-0.12845639672554107, -0.1801718352477293, 0.41657031434233005]	[]
0.7964601712275535	0.20353982877244609	[-0.2723308334280123, -0.38196888052296435, 0.8831396783501677]	[-0.12845639672554107, -0.1801718352477293, 0.41657031434233005]	[]
0.7985832766828318	0.20141672331717156	[-0.2723308334280123, -0.38196888052296435, 0.8831396783501677]	[-0.12845639672554107, -0.1801718352477293, 0.41657031434233005]	[]
9.360190867384499e-17	0.9999999999999999	[-0.2723308334280123, -0.38196888052296435, 0.8831396783501677]	[-0.12845639672554107, -0.1801718352477293, 0.41657031434233005]	[]
0.7924772797991786	0.20752272020082257	[-0.2723308334280123, -0.38196888052296435, 0.8831396783501677]	[-0.12845639672554107, -0.1801718352477293, 0.41657031434233005]	[]
0.7928680122404035	0.20713198775959826	[-0.2723308334280123, -0.38196888052296435, 0.8831396783501677]	[-0.12845639672554107, -0.1801718352477293, 0.41657031434233005]	[]
1.167437471565553e-12	0.9999999999988326	[0.34850983542720604, 0.5670168446576371, 0.7463462952845675]	[0.1933167128372144, 0.3145214894672278, 0.41399466464349316]	[]
0.7897547202592069	0.21024527974079293	[0.34850983542720604, 0.5670168446576371, 0.7463462952845675]	[0.1933167128372144, 0.3145214894672278, 0.41399466464349316]	[]
1.112117196414375e-16	0.9999999999999998	[0.34850983542720604, 0.5670168446576371, 0.7463462952845675]	[0.1933167128372144, 0.3145214894672278, 0.41399466464349316]	[]
1.0963723899753767e-16	0.9999999999999998	[0.34850983542720604, 0.5670168446576371, 0.7463462952845675]	[0.1933167128372144, 0.3145214894672278, 0.41399466464349316]	[]
1.3136549815441497e-16	0.9999999999999999	[0.34850983542720604, 0.5670168446576371, 0.7463462952845675]	[0.1933167128372144, 0.3145214894672278, 0.41399466464349316]	[]
2.0163212290623595e-18	1.0	[0.34850983542720604, 0.5670168446576371, 0.7463462952845675]	[0.1933167128372144, 0.3145214894672278, 0.41399466464349316]	[]
0.799007697668247	0.2009923023317774	[0.34850983542720604, 0.5670168446576371, 0.7463462952845675]	[0.1933167128372144, 0.3145214894672278, 0.41399466464349316]	[]
0.7933591268122404	0.20664087318775806	[0.34850983542720604, 0.5670168446576371, 0.7463462952845675]	[0.1933167128372144, 0.3145214894672278, 0.41399466464349316]	[]
3.181672317859507e-16	0.9999999999999997	[0.34850983542720604, 0.5670168446576371, 0.7463462952845675]	[0.1933167128372144, 0.3145214894672278, 0.41399466464349316]	[]
0.7955732044077093	0.204426795592291	[0.34850983542720604, 0.5670168446576371, 0.7463462952845675]	[0.1933167128372144, 0.3145214894672278, 0.41399466464349316]	[]
1.1763982835887309e-11	0.999999999988236	[0.34850983542720604, 0.5670168446576371, 0.7463462952845675]	[0.1933167128372144, 0.3145214894672278, 0.41399466464349316]	[]
0.7895939442600048	0.2104060557399962	[0.34850983542720604, 0.5670168446576371, 0.7463462952845675]	[0.1933167128372144, 0.3145214894672278, 0.41399466464349316]	[]
0.7946155895415131	0.20538441045848857	[0.34850983542720604, 0.5670168446576371, 0.7463462952845675]	[0.1933167128372144, 0.3145214894672278, 0.41399466464349316]	[]
0.7988967877687642	0.2011032122312362	[0.34850983542720604, 0.5670168446576371, 0.7463462952845675]	[0.1933167128372144, 0.3145214894672278, 0.41399466464349316]	[]
0.7948630244556525	0.2051369755443457	[0.34850983542720604, 0.5670168446576371, 0.7463462952845675]	[0.1933167128372144, 0.3145214894672278, 0.41399466464349316]	[]
0.7963489888382296	0.20365101116176373	[0.9385761578167026, 0.12738601190922888, 0.3206986123261186]	[0.7010493467375908, 0.09514825162425673, 0.2395389556814033]	[]
1.0608422629639468e-16	0.9999999999999999	[0.9385761578167026, 0.12738601190922888, 0.3206986123261186]	[0.7010493467375908, 0.09514825162425673, 0.2395389556814033]	[]
0.7929322092716194	0.20706779072838072	[0.9385761578167026, 0.12738601190922888, 0.3206986123261186]	[0.7010493467375908, 0.09514825162425673, 0.2395389556814033]	[]
2.616705963565752e-13	0.9999999999997382	[0.9385761578167026, 0.12738601190922888, 0.3206986123261186]	[0.7010493467375908, 0.09514825162425673, 0.2395389556814033]	[]
0.7966496909079961	0.20335030909200663	[0.9385761578167026, 0.12738601190922888, 0.3206986123261186]	[0.7010493467375908, 0.09514825162425673, 0.2395389556814033]	[]
8.074586431416683e-17	0.9999999999999999	[0.9385761578167026, 0.12738601190922888, 0.3206986123261186]	[0.7010493467375908, 0.09514825162425673, 0.2395389556814033]	[]
1.7670093819598062e-09	0.9999999982329898	[0.9385761578167026, 0.12738601190922888, 0.3206986123261186]	[0.7010493467375908, 0.09514825162425673, 0.2395389556814033]	[]
3.5860258895463813e-12	0.999999999996414	[0.9385761578167026, 0.12738601190922888, 0.3206986123261186]	[0.7010493467375908, 0.09514825162425673, 0.2395389556814033]	[]
0.7904988041664335	0.20950119583357119	[0.9385761578167026, 0.12738601190922888, 0.3206986123261186]	[0.7010493467375908, 0.09514825162425673, 0.2395389556814033]	[]
2.518714804196315e-10	0.9999999997481284	[0.9385761578167026, 0.12738601190922888, 0.3206986123261186]	[0.7010493467375908, 0.09514825162425673, 0.2395389556814033]	[]
1.0160779311573879e-16	0.9999999999999999	[0.9385761578167026, 0.12738601190922888, 0.3206986123261186]	[0.7010493467375908, 0.09514825162425673, 0.2395389556814033]	[]
1.1197477380200746e-16	0.9999999999999998	[0.9385761578167026, 0.12738601190922888, 0.3206986123261186]	[0.7010493467375908, 0.09514825162425673, 0.2395389556814033]	[]
1.3826626466684384e-14	0.9999999999999861	[0.9385761578167026, 0.12738601190922888, 0.3206986123261186]	[0.7010493467375908, 0.09514825162425673, 0.2395389556814033]	[]
0.791780963020099	0.20821903697990066	[0.9385761578167026, 0.12738601190922888, 0.3206986123261186]	[0.7010493467375908, 0.09514825162425673, 0.2395389556814033]	[]
0.7986647068551095	0.20133529314488718	[0.9385761578167026, 0.12738601190922888, 0.3206986123261186]	[0.7010493467375908, 0.09514825162425673, 0.2395389556814033]	[]
8.689582836970452e-17	0.9999999999999998	[-0.03606512161996483, -0.8012560093943166, 0.5972337184151878]	[-0.013764766952008166, -0.30581075961500165, 0.2279427485783243]	[]
8.585623836942266e-15	0.9999999999999915	[-0.03606512161996483, -0.8012560093943166, 0.5972337184151878]	[-0.013764766952008166, -0.30581075961500165, 0.2279427485783243]	[]
0.7992561006204008	0.20074389937959977	[-0.03606512161996483, -0.8012560093943166, 0.5972337184151878]	[-0.013764766952008166, -0.30581075961500165, 0.2279427485783243]	[]
9.650782774533738e-17	0.9999999999999997	[-0.03606512161996483, -0.8012560093943166, 0.5972337184151878]	[-0.013764766952008166, -0.30581075961500165, 0.2279427485783243]	[]
0.7921430567845722	0.20785694321542855	[-0.03606512161996483, -0.8012560093943166, 0.5972337184151878]	[-0.013764766952008166, -0.30581075961500165, 0.2279427485783243]	[]
8.760484321323344e-18	1.0	[-0.03606512161996483, -0.8012560093943166, 0.5972337184151878]	[-0.013764766952008166, -0.30581075961500165, 0.2279427485783243]	[]
4.0718315340803066e-17	1.0	[-0.03606512161996483, -0.8012560093943166, 0.5972337184151878]	[-0.013764766952008166, -0.30581075961500165, 0.2279427485783243]	[]
2.1146394522588222e-10	0.999999999788536	[-0.03606512161996483, -0.8012560093943166, 0.5972337184151878]	[-0.013764766952008166, -0.30581075961500165, 0.2279427485783243]	[]
0.7941377693561261	0.20586223064387987	[-0.03606512161996483, -0.8012560093943166, 0.5972337184151878]	[-0.013764766952008166, -0.30581075961500165, 0.2279427485783243]	[]
0.7954609431503954	0.20453905684960294	[-0.03606512161996483, -0.8012560093943166, 0.5972337184151878]	[-0.013764766952008166, -0.30581075961500165, 0.2279427485783243]	[]
0.7942067917232057	0.2057932082768511	[-0.03606512161996483, -0.8012560093943166, 0.5972337184151878]	[-0.013764766952008166, -0.30581075961500165, 0.2279427485783243]	[]
0.7926301600978577	0.2073698399021394	[-0.03606512161996483, -0.8012560093943166, 0.5972337184151878]	[-0.013764766952008166, -0.30581075961500165, 0.2279427485783243]	[]
1.0724198437876643e-16	1.0	[-0.03606512161996483, -0.8012560093943166, 0.5972337184151878]	[-0.013764766952008166, -0.30581075961500165, 0.2279427485783243]	[]
4.620369057772577e-12	0.9999999999953796	[-0.03606512161996483, -0.8012560093943166, 0.5972337184151878]	[-0.013764766952008166, -0.30581075961500165, 0.2279427485783243]	[]
0.7939632996432919	0.20603670035670588	[-0.03606512161996483, -0.8012560093943166, 0.5972337184151878]	[-0.013764766952008166, -0.30581075961500165, 0.2279427485783243]	[]
3.957851879519129e-12	0.999999999996042	[0.2542810097695804, 0.8457279120174305, 0.46913267516258117]	[0.11042862694245871, 0.36728095493889207, 0.20373396038890337]	[]
1.13912574059654e-16	0.9999999999999999	[0.2542810097695804, 0.8457279120174305, 0.46913267516258117]	[0.11042862694245871, 0.36728095493889207, 0.20373396038890337]	[]
1.0657852008580103e-11	0.9999999999893422	[0.2542810097695804, 0.8457279120174305, 0.46913267516258117]	[0.11042862694245871, 0.36728095493889207, 0.20373396038890337]	[]
0.7941963699294136	0.20580363007058736	[0.2542810097695804, 0.8457279120174305, 0.46913267516258117]	[0.11042862694245871, 0.36728095493889207, 0.20373396038890337]	[]
1.015727558023031e-16	0.9999999999999999	[0.2542810097695804, 0.8457279120174305, 0.46913267516258117]	[0.11042862694245871, 0.36728095493889207, 0.20373396038890337]	[]
9.553375390546126e-17	0.9999999999999998	[0.2542810097695804, 0.8457279120174305, 0.46913267516258117]	[0.11042862694245871, 0.36728095493889207, 0.20373396038890337]	[]
1.127829783352098e-16	0.9999999999999998	[0.2542810097695804, 0.8457279120174305, 0.46913267516258117]	[0.11042862694245871, 0.36728095493889207, 0.20373396038890337]	[]
7.034563646120158e-16	0.9999999999999994	[0.2542810097695804, 0.8457279120174305, 0.46913267516258117]	[0.11042862694245871, 0.36728095493889207, 0.20373396038890337]	[]
0.7925728790549569	0.2074271209450464	[0.2542810097695804, 0.8457279120174305, 0.46913267516258117]	[0.11042862694245871, 0.36728095493889207, 0.20373396038890337]	[]
1.1175156887692207e-14	0.9999999999999888	[0.2542810097695804, 0.8457279120174305, 0.46913267516258117]	[0.11042862694245871, 0.36728095493889207, 0.20373396038890337]	[]
1.0932417838313518e-16	1.0	[0.2542810097695804, 0.8457279120174305, 0.46913267516258117]	[0.11042862694245871, 0.36728095493889207, 0.20373396038890337]	[]
0.7988517169740043	0.2011482830259955	[0.2542810097695804, 0.8457279120174305, 0.46913267516258117]	[0.11042862694245871, 0.36728095493889207, 0.20373396038890337]	[]
7.032449092205112e-11	0.9999999999296755	[0.2542810097695804, 0.8457279120174305, 0.46913267516258117]	[0.11042862694245871, 0.36728095493889207, 0.20373396038890337]	[]
8.857104670825851e-17	1.0	[0.2542810097695804, 0.8457279120174305, 0.46913267516258117]	[0.11042862694245871, 0.36728095493889207, 0.20373396038890337]	[]
0.7983692760956993	0.20163072390431214	[0.2542810097695804, 0.8457279120174305, 0.46913267516258117]	[0.11042862694245871, 0.36728095493889207, 0.20373396038890337]	[]
