0.3971649891047267	0.6028350108952737	[0.3094348983870812, -0.1323650082722765, 0.9416631819526858]	[0.2179910835270204, -0.09324866627758878, 0.6633840540331821]	[]
2.851129403088005e-15	0.9999999999999972	[0.3094348983870812, -0.1323650082722765, 0.9416631819526858]	[0.2179910835270204, -0.09324866627758878, 0.6633840540331821]	[]
0.3975879149738185	0.602412085026197	[0.3094348983870812, -0.1323650082722765, 0.9416631819526858]	[0.2179910835270204, -0.09324866627758878, 0.6633840540331821]	[]
0.39771879964106316	0.602281200358936	[0.3094348983870812, -0.1323650082722765, 0.9416631819526858]	[0.2179910835270204, -0.09324866627758878, 0.6633840540331821]	[]
0.3961191454086202	0.6038808545913797	[0.3094348983870812, -0.1323650082722765, 0.9416631819526858]	[0.2179910835270204, -0.09324866627758878, 0.6633840540331821]	[]
3.385894957506176e-16	0.9999999999999997	[0.3094348983870812, -0.1323650082722765, 0.9416631819526858]	[0.2179910835270204, -0.09324866627758878, 0.6633840540331821]	[]
0.3961952742060972	0.6038047257939032	[0.3094348983870812, -0.1323650082722765, 0.9416631819526858]	[0.2179910835270204, -0.09324866627758878, 0.6633840540331821]	[]
0.39900952659244476	0.6009904734075537	[0.3094348983870812, -0.1323650082722765, 0.9416631819526858]	[0.2179910835270204, -0.09324866627758878, 0.6633840540331821]	[]
1.0542497727561777e-11	0.9999999999894575	[0.3094348983870812, -0.1323650082722765, 0.9416631819526858]	[0.2179910835270204, -0.09324866627758878, 0.6633840540331821]	[]
0.3960396738566437	0.6039603261433562	[0.3094348983870812, -0.1323650082722765, 0.9416631819526858]	[0.2179910835270204, -0.09324866627758878, 0.6633840540331821]	[]
0.3983357252485752	0.6016642747514385	[0.3094348983870812, -0.1323650082722765, 0.9416631819526858]	[0.2179910835270204, -0.09324866627758878, 0.6633840540331821]	[]
0.3973261552974181	0.6026738447025811	[0.3094348983870812, -0.1323650082722765, 0.9416631819526858]	[0.2179910835270204, -0.09324866627758878, 0.6633840540331821]	[]
0.3977384386314261	0.6022615613686825	[0.3094348983870812, -0.1323650082722765, 0.9416631819526858]	[0.2179910835270204, -0.09324866627758878, 0.6633840540331821]	[]
2.499913675286819e-16	0.9999999999999998	[0.3094348983870812, -0.1323650082722765, 0.9416631819526858]	[0.2179910835270204, -0.09324866627758878, 0.6633840540331821]	[]
2.0577318146453507e-16	0.9999999999999998	[0.3094348983870812, -0.1323650082722765, 0.9416631819526858]	[0.2179910835270204, -0.09324866627758878, 0.6633840540331821]	[]
3.150075888594314e-16	0.9999999999999998	[-0.7001490347575112, -0.1937091425410778, 0.6872176490924298]	[-0.34723962220665106, -0.09607024524033543, 0.3408262884019326]	[]
0.398170453826304	0.6018295461736968	[-0.7001490347575112, -0.1937091425410778, 0.6872176490924298]	[-0.34723962220665106, -0.09607024524033543, 0.3408262884019326]	[]
5.344400943577457e-15	0.9999999999999948	[-0.7001490347575112, -0.1937091425410778, 0.6872176490924298]	[-0.34723962220665106, -0.09607024524033543, 0.3408262884019326]	[]
6.208476811480676e-16	0.9999999999999993	[-0.7001490347575112, -0.1937091425410778, 0.6872176490924298]	[-0.34723962220665106, -0.09607024524033543, 0.3408262884019326]	[]
0.39806856516797756	0.6019314348320226	[-0.7001490347575112, -0.1937091425410778, 0.6872176490924298]	[-0.34723962220665106, -0.09607024524033543, 0.3408262884019326]	[]
8.915920182093944e-12	0.9999999999910841	[-0.7001490347575112, -0.1937091425410778, 0.6872176490924298]	[-0.34723962220665106, -0.09607024524033543, 0.3408262884019326]	[]
0.3992144459207617	0.6007855540792377	[-0.7001490347575112, -0.1937091425410778, 0.6872176490924298]	[-0.34723962220665106, -0.09607024524033543, 0.3408262884019326]	[]
0.39657047760003056	0.6034295223999697	[-0.7001490347575112, -0.1937091425410778, 0.6872176490924298]	[-0.34723962220665106, -0.09607024524033543, 0.3408262884019326]	[]
0.3955353497451691	0.6044646502548324	[-0.7001490347575112, -0.1937091425410778, 0.6872176490924298]	[-0.34723962220665106, -0.09607024524033543, 0.3408262884019326]	[]
0.39600734294861845	0.6039926570513832	[-0.7001490347575112, -0.1937091425410778, 0.6872176490924298]	[-0.34723962220665106, -0.09607024524033543, 0.3408262884019326]	[]
0.39835943898045567	0.6016405610195427	[-0.7001490347575112, -0.1937091425410778, 0.6872176490924298]	[-0.34723962220665106, -0.09607024524033543, 0.3408262884019326]	[]
0.39790668096452114	0.602093319035478	[-0.7001490347575112, -0.1937091425410778, 0.6872176490924298]	[-0.34723962220665106, -0.09607024524033543, 0.3408262884019326]	[]
6.6675313181612586e-15	0.9999999999999932	[-0.7001490347575112, -0.1937091425410778, 0.6872176490924298]	[-0.34723962220665106, -0.09607024524033543, 0.3408262884019326]	[]
0.39543893628437843	0.6045610637156207	[-0.7001490347575112, -0.1937091425410778, 0.6872176490924298]	[-0.34723962220665106, -0.09607024524033543, 0.3408262884019326]	[]
1.3015683738859495e-14	0.999999999999987	[-0.7001490347575112, -0.1937091425410778, 0.6872176490924298]	[-0.34723962220665106, -0.09607024524033543, 0.3408262884019326]	[]
8.537081507833045e-13	0.9999999999991462	[0.23808821441638053, -0.844731138705738, 0.47931545505744627]	[0.09604588708897248, -0.34076844907064974, 0.19335807187808177]	[]
2.9979880544646375e-16	0.9999999999999998	[0.23808821441638053, -0.844731138705738, 0.47931545505744627]	[0.09604588708897248, -0.34076844907064974, 0.19335807187808177]	[]
5.302646702037583e-12	0.9999999999946972	[0.23808821441638053, -0.844731138705738, 0.47931545505744627]	[0.09604588708897248, -0.34076844907064974, 0.19335807187808177]	[]
0.39712256408338303	0.6028774359166171	[0.23808821441638053, -0.844731138705738, 0.47931545505744627]	[0.09604588708897248, -0.34076844907064974, 0.19335807187808177]	[]
4.29679630028624e-16	0.9999999999999997	[0.23808821441638053, -0.844731138705738, 0.47931545505744627]	[0.09604588708897248, -0.34076844907064974, 0.19335807187808177]	[]
0.39776281768416555	0.6022371823161713	[0.23808821441638053, -0.844731138705738, 0.47931545505744627]	[0.09604588708897248, -0.34076844907064974, 0.19335807187808177]	[]
1.45679961949315e-16	0.9999999999999998	[0.23808821441638053, -0.844731138705738, 0.47931545505744627]	[0.09604588708897248, -0.34076844907064974, 0.19335807187808177]	[]
2.9117626571890523e-10	0.9999999997088236	[0.23808821441638053, -0.844731138705738, 0.47931545505744627]	[0.09604588708897248, -0.34076844907064974, 0.19335807187808177]	[]
2.5690547944335006e-16	0.9999999999999997	[0.23808821441638053, -0.844731138705738, 0.47931545505744627]	[0.09604588708897248, -0.34076844907064974, 0.19335807187808177]	[]
4.1811028966282565e-15	0.9999999999999959	[0.23808821441638053, -0.844731138705738, 0.47931545505744627]	[0.09604588708897248, -0.34076844907064974, 0.19335807187808177]	[]
0.39425968618029394	0.6057403138197053	[0.23808821441638053, -0.844731138705738, 0.47931545505744627]	[0.09604588708897248, -0.34076844907064974, 0.19335807187808177]	[]
1.8865631429556192e-16	0.9999999999999998	[0.23808821441638053, -0.844731138705738, 0.47931545505744627]	[0.09604588708897248, -0.34076844907064974, 0.19335807187808177]	[]
0.39560713885579724	0.6043928611442027	[0.23808821441638053, -0.844731138705738, 0.47931545505744627]	[0.09604588708897248, -0.34076844907064974, 0.19335807187808177]	[]
0.3962013061563001	0.6037986938436992	[0.23808821441638053, -0.844731138705738, 0.47931545505744627]	[0.09604588708897248, -0.34076844907064974, 0.19335807187808177]	[]
1.4768408476947896e-14	0.9999999999999852	[0.23808821441638053, -0.844731138705738, 0.47931545505744627]	[0.09604588708897248, -0.34076844907064974, 0.19335807187808177]	[]
2.3645690688686784e-16	0.9999999999999998	[-0.7112575040130952, -0.19966050786462247, 0.6739795579869636]	[-0.35043692072534366, -0.09837283005347157, 0.3320700584530229]	[]
0.39899798552128957	0.6010020144787104	[-0.7112575040130952, -0.19966050786462247, 0.6739795579869636]	[-0.35043692072534366, -0.09837283005347157, 0.3320700584530229]	[]
0.39566490400621546	0.6043350959937843	[-0.7112575040130952, -0.19966050786462247, 0.6739795579869636]	[-0.35043692072534366, -0.09837283005347157, 0.3320700584530229]	[]
2.224586691918644e-16	0.9999999999999998	[-0.7112575040130952, -0.19966050786462247, 0.6739795579869636]	[-0.35043692072534366, -0.09837283005347157, 0.3320700584530229]	[]
1.6432953805765224e-16	0.9999999999999998	[-0.7112575040130952, -0.19966050786462247, 0.6739795579869636]	[-0.35043692072534366, -0.09837283005347157, 0.3320700584530229]	[]
0.39786812386905474	0.6021318761309449	[-0.7112575040130952, -0.19966050786462247, 0.6739795579869636]	[-0.35043692072534366, -0.09837283005347157, 0.3320700584530229]	[]
0.397395051381157	0.6026049486188427	[-0.7112575040130952, -0.19966050786462247, 0.6739795579869636]	[-0.35043692072534366, -0.09837283005347157, 0.3320700584530229]	[]
0.39549115320927225	0.6045088467907256	[-0.7112575040130952, -0.19966050786462247, 0.6739795579869636]	[-0.35043692072534366, -0.09837283005347157, 0.3320700584530229]	[]
0.395037115193043	0.6049628848069564	[-0.7112575040130952, -0.19966050786462247, 0.6739795579869636]	[-0.35043692072534366, -0.09837283005347157, 0.3320700584530229]	[]
2.456811235019901e-16	0.9999999999999997	[-0.7112575040130952, -0.19966050786462247, 0.6739795579869636]	[-0.35043692072534366, -0.09837283005347157, 0.3320700584530229]	[]
0.3978819942765738	0.6021180057234805	[-0.7112575040130952, -0.19966050786462247, 0.6739795579869636]	[-0.35043692072534366, -0.09837283005347157, 0.3320700584530229]	[]
0.39620154451249506	0.6037984554875047	[-0.7112575040130952, -0.19966050786462247, 0.6739795579869636]	[-0.35043692072534366, -0.09837283005347157, 0.3320700584530229]	[]
0.3973184710927865	0.6026815289072427	[-0.7112575040130952, -0.19966050786462247, 0.6739795579869636]	[-0.35043692072534366, -0.09837283005347157, 0.3320700584530229]	[]
7.080591721385985e-13	0.9999999999992918	[-0.7112575040130952, -0.19966050786462247, 0.6739795579869636]	[-0.35043692072534366, -0.09837283005347157, 0.3320700584530229]	[]
8.988787318562139e-15	0.9999999999999909	[-0.7112575040130952, -0.19966050786462247, 0.6739795579869636]	[-0.35043692072534366, -0.09837283005347157, 0.3320700584530229]	[]
0.3965358952238943	0.6034641047761056	[-0.050640326683014644, -0.22034584522429543, -0.9741063934734381]	[2.0885584928187484e-11, 9.087684771369453e-11, 4.017501722287433e-10]	[]
0.3975910209146293	0.6024089790853706	[-0.050640326683014644, -0.22034584522429543, -0.9741063934734381]	[2.0885584928187484e-11, 9.087684771369453e-11, 4.017501722287433e-10]	[]
2.7113884040133877e-16	0.9999999999999998	[-0.050640326683014644, -0.22034584522429543, -0.9741063934734381]	[2.0885584928187484e-11, 9.087684771369453e-11, 4.017501722287433e-10]	[]
0.39739252427720717	0.6026074757227928	[-0.050640326683014644, -0.22034584522429543, -0.9741063934734381]	[2.0885584928187484e-11, 9.087684771369453e-11, 4.017501722287433e-10]	[]
0.3970297750361969	0.6029702249638486	[-0.050640326683014644, -0.22034584522429543, -0.9741063934734381]	[2.0885584928187484e-11, 9.087684771369453e-11, 4.017501722287433e-10]	[]
0.3954952550096203	0.6045047449903787	[-0.050640326683014644, -0.22034584522429543, -0.9741063934734381]	[2.0885584928187484e-11, 9.087684771369453e-11, 4.017501722287433e-10]	[]
0.3978092790415024	0.6021907209584991	[-0.050640326683014644, -0.22034584522429543, -0.9741063934734381]	[2.0885584928187484e-11, 9.087684771369453e-11, 4.017501722287433e-10]	[]
1.541671167042784e-16	0.9999999999999999	[-0.050640326683014644, -0.22034584522429543, -0.9741063934734381]	[2.0885584928187484e-11, 9.087684771369453e-11, 4.017501722287433e-10]	[]
6.769782891846274e-11	0.9999999999323022	[-0.050640326683014644, -0.22034584522429543, -0.9741063934734381]	[2.0885584928187484e-11, 9.087684771369453e-11, 4.017501722287433e-10]	[]
0.3980380134596807	0.6019619865403205	[-0.050640326683014644, -0.22034584522429543, -0.9741063934734381]	[2.0885584928187484e-11, 9.087684771369453e-11, 4.017501722287433e-10]	[]
0.3979190987989413	0.6020809012010605	[-0.050640326683014644, -0.22034584522429543, -0.9741063934734381]	[2.0885584928187484e-11, 9.087684771369453e-11, 4.017501722287433e-10]	[]
5.7846456114671754e-15	0.9999999999999941	[-0.050640326683014644, -0.22034584522429543, -0.9741063934734381]	[2.0885584928187484e-11, 9.087684771369453e-11, 4.017501722287433e-10]	[]
0.39647846320661917	0.6035215367933803	[-0.050640326683014644, -0.22034584522429543, -0.9741063934734381]	[2.0885584928187484e-11, 9.087684771369453e-11, 4.017501722287433e-10]	[]
1.4193976945079779e-16	0.9999999999999999	[-0.050640326683014644, -0.22034584522429543, -0.9741063934734381]	[2.0885584928187484e-11, 9.087684771369453e-11, 4.017501722287433e-10]	[]
0.3981808421298786	0.6018191578701213	[-0.050640326683014644, -0.22034584522429543, -0.9741063934734381]	[2.0885584928187484e-11, 9.087684771369453e-11, 4.017501722287433e-10]	[]
