0.7022627333808177	0.2977372666191828	[0.33842267572050444, 0.6370248821603568, 0.692581686205142]	[0.17349752045091923, 0.32658047302846327, 0.3550625117258598]	[]
2.8898969251515658e-12	0.9999999999971101	[0.33842267572050444, 0.6370248821603568, 0.692581686205142]	[0.17349752045091923, 0.32658047302846327, 0.3550625117258598]	[]
0.7134370983559878	0.28656290164401094	[0.33842267572050444, 0.6370248821603568, 0.692581686205142]	[0.17349752045091923, 0.32658047302846327, 0.3550625117258598]	[]
0.7112233780579242	0.28877662194207604	[0.33842267572050444, 0.6370248821603568, 0.692581686205142]	[0.17349752045091923, 0.32658047302846327, 0.3550625117258598]	[]
0.7124413322943958	0.28755866770560495	[0.33842267572050444, 0.6370248821603568, 0.692581686205142]	[0.17349752045091923, 0.32658047302846327, 0.3550625117258598]	[]
0.7079227323803919	0.2920772676196085	[0.33842267572050444, 0.6370248821603568, 0.692581686205142]	[0.17349752045091923, 0.32658047302846327, 0.3550625117258598]	[]
0.7123950223965427	0.28760497760345777	[0.33842267572050444, 0.6370248821603568, 0.692581686205142]	[0.17349752045091923, 0.32658047302846327, 0.3550625117258598]	[]
8.42970182806919e-17	0.9999999999999999	[0.33842267572050444, 0.6370248821603568, 0.692581686205142]	[0.17349752045091923, 0.32658047302846327, 0.3550625117258598]	[]
0.7079406950958118	0.2920593049041866	[0.33842267572050444, 0.6370248821603568, 0.692581686205142]	[0.17349752045091923, 0.32658047302846327, 0.3550625117258598]	[]
0.7096267887522365	0.29037321124776433	[0.33842267572050444, 0.6370248821603568, 0.692581686205142]	[0.17349752045091923, 0.32658047302846327, 0.3550625117258598]	[]
0.7141962797540246	0.28580372024597933	[0.33842267572050444, 0.6370248821603568, 0.692581686205142]	[0.17349752045091923, 0.32658047302846327, 0.3550625117258598]	[]
0.7082776026035077	0.2917223973964914	[0.33842267572050444, 0.6370248821603568, 0.692581686205142]	[0.17349752045091923, 0.32658047302846327, 0.3550625117258598]	[]
8.688497396949743e-17	0.9999999999999999	[0.33842267572050444, 0.6370248821603568, 0.692581686205142]	[0.17349752045091923, 0.32658047302846327, 0.3550625117258598]	[]
0.7121218415508053	0.2878781584491947	[0.33842267572050444, 0.6370248821603568, 0.692581686205142]	[0.17349752045091923, 0.32658047302846327, 0.3550625117258598]	[]
0.7128883480804837	0.28711165191954297	[0.33842267572050444, 0.6370248821603568, 0.692581686205142]	[0.17349752045091923, 0.32658047302846327, 0.3550625117258598]	[]
0.7091136498922714	0.2908863501077284	[0.1238348421876108, -0.9758702685111506, 0.17983923625378465]	[0.04980166174553946, -0.3924578911829344, 0.07232449813210322]	[]
0.7089473567258621	0.2910526432741363	[0.1238348421876108, -0.9758702685111506, 0.17983923625378465]	[0.04980166174553946, -0.3924578911829344, 0.07232449813210322]	[]
0.7145330761563977	0.2854669238436012	[0.1238348421876108, -0.9758702685111506, 0.17983923625378465]	[0.04980166174553946, -0.3924578911829344, 0.07232449813210322]	[]
0.713679637466549	0.28632036253345206	[0.1238348421876108, -0.9758702685111506, 0.17983923625378465]	[0.04980166174553946, -0.3924578911829344, 0.07232449813210322]	[]
3.3055741317983284e-12	0.9999999999966945	[0.1238348421876108, -0.9758702685111506, 0.17983923625378465]	[0.04980166174553946, -0.3924578911829344, 0.07232449813210322]	[]
8.201490957262507e-17	0.9999999999999999	[0.1238348421876108, -0.9758702685111506, 0.17983923625378465]	[0.04980166174553946, -0.3924578911829344, 0.07232449813210322]	[]
0.7132643588555642	0.2867356411444355	[0.1238348421876108, -0.9758702685111506, 0.17983923625378465]	[0.04980166174553946, -0.3924578911829344, 0.07232449813210322]	[]
0.7123030455459209	0.2876969544540769	[0.1238348421876108, -0.9758702685111506, 0.17983923625378465]	[0.04980166174553946, -0.3924578911829344, 0.07232449813210322]	[]
1.0455589080350408e-16	0.9999999999999997	[0.1238348421876108, -0.9758702685111506, 0.17983923625378465]	[0.04980166174553946, -0.3924578911829344, 0.07232449813210322]	[]
8.187530801268893e-17	1.0	[0.1238348421876108, -0.9758702685111506, 0.17983923625378465]	[0.04980166174553946, -0.3924578911829344, 0.07232449813210322]	[]
0.7101729179115114	0.2898270820884878	[0.1238348421876108, -0.9758702685111506, 0.17983923625378465]	[0.04980166174553946, -0.3924578911829344, 0.07232449813210322]	[]
0.7133063377527256	0.28669366224729903	[0.1238348421876108, -0.9758702685111506, 0.17983923625378465]	[0.04980166174553946, -0.3924578911829344, 0.07232449813210322]	[]
1.0158589374015106e-16	0.9999999999999998	[0.1238348421876108, -0.9758702685111506, 0.17983923625378465]	[0.04980166174553946, -0.3924578911829344, 0.07232449813210322]	[]
1.1800211439530844e-16	0.9999999999999999	[0.1238348421876108, -0.9758702685111506, 0.17983923625378465]	[0.04980166174553946, -0.3924578911829344, 0.07232449813210322]	[]
0.714608465692981	0.2853915343070159	[0.1238348421876108, -0.9758702685111506, 0.17983923625378465]	[0.04980166174553946, -0.3924578911829344, 0.07232449813210322]	[]
0.71327280748151	0.2867271925184889	[0.011393150861737198, 0.3184279643504219, 0.9478785932982599]	[0.006480827145684382, 0.1811330877955615, 0.5391868669878651]	[]
0.7135405990549836	0.2864594009450159	[0.011393150861737198, 0.3184279643504219, 0.9478785932982599]	[0.006480827145684382, 0.1811330877955615, 0.5391868669878651]	[]
1.2616244321148631e-16	0.9999999999999998	[0.011393150861737198, 0.3184279643504219, 0.9478785932982599]	[0.006480827145684382, 0.1811330877955615, 0.5391868669878651]	[]
0.7011461027948096	0.29885389720519034	[0.011393150861737198, 0.3184279643504219, 0.9478785932982599]	[0.006480827145684382, 0.1811330877955615, 0.5391868669878651]	[]
7.57548398213103e-11	0.9999999999242452	[0.011393150861737198, 0.3184279643504219, 0.9478785932982599]	[0.006480827145684382, 0.1811330877955615, 0.5391868669878651]	[]
7.876313111269761e-17	0.9999999999999998	[0.011393150861737198, 0.3184279643504219, 0.9478785932982599]	[0.006480827145684382, 0.1811330877955615, 0.5391868669878651]	[]
9.289003385858769e-17	0.9999999999999998	[0.011393150861737198, 0.3184279643504219, 0.9478785932982599]	[0.006480827145684382, 0.1811330877955615, 0.5391868669878651]	[]
7.469005311203086e-12	0.9999999999925311	[0.011393150861737198, 0.3184279643504219, 0.9478785932982599]	[0.006480827145684382, 0.1811330877955615, 0.5391868669878651]	[]
1.341641899769778e-11	0.9999999999865836	[0.011393150861737198, 0.3184279643504219, 0.9478785932982599]	[0.006480827145684382, 0.1811330877955615, 0.5391868669878651]	[]
1.0586576616350252e-16	0.9999999999999999	[0.011393150861737198, 0.3184279643504219, 0.9478785932982599]	[0.006480827145684382, 0.1811330877955615, 0.5391868669878651]	[]
4.5400199208190887e-10	0.9999999995459978	[0.011393150861737198, 0.3184279643504219, 0.9478785932982599]	[0.006480827145684382, 0.1811330877955615, 0.5391868669878651]	[]
1.138212935512807e-16	0.9999999999999999	[0.011393150861737198, 0.3184279643504219, 0.9478785932982599]	[0.006480827145684382, 0.1811330877955615, 0.5391868669878651]	[]
0.708845393133643	0.2911546068663562	[0.011393150861737198, 0.3184279643504219, 0.9478785932982599]	[0.006480827145684382, 0.1811330877955615, 0.5391868669878651]	[]
8.714059041805172e-12	0.9999999999912857	[0.011393150861737198, 0.3184279643504219, 0.9478785932982599]	[0.006480827145684382, 0.1811330877955615, 0.5391868669878651]	[]
4.198387270247109e-15	0.9999999999999958	[0.011393150861737198, 0.3184279643504219, 0.9478785932982599]	[0.006480827145684382, 0.1811330877955615, 0.5391868669878651]	[]
0.711280020437575	0.28871997956242396	[0.2614873905458356, -0.3560550519520336, 0.8971338498601891]	[0.16963355146837622, -0.23098200970533367, 0.5819936509236943]	[]
1.0514596141486275e-16	0.9999999999999997	[0.2614873905458356, -0.3560550519520336, 0.8971338498601891]	[0.16963355146837622, -0.23098200970533367, 0.5819936509236943]	[]
1.1484870867171008e-16	0.9999999999999999	[0.2614873905458356, -0.3560550519520336, 0.8971338498601891]	[0.16963355146837622, -0.23098200970533367, 0.5819936509236943]	[]
8.706013569859074e-17	0.9999999999999999	[0.2614873905458356, -0.3560550519520336, 0.8971338498601891]	[0.16963355146837622, -0.23098200970533367, 0.5819936509236943]	[]
1.1860814776551173e-16	0.9999999999999998	[0.2614873905458356, -0.3560550519520336, 0.8971338498601891]	[0.16963355146837622, -0.23098200970533367, 0.5819936509236943]	[]
1.1586206374327175e-16	0.9999999999999999	[0.2614873905458356, -0.3560550519520336, 0.8971338498601891]	[0.16963355146837622, -0.23098200970533367, 0.5819936509236943]	[]
1.188248957085798e-16	0.9999999999999999	[0.2614873905458356, -0.3560550519520336, 0.8971338498601891]	[0.16963355146837622, -0.23098200970533367, 0.5819936509236943]	[]
0.7144029731032889	0.28559702689668537	[0.2614873905458356, -0.3560550519520336, 0.8971338498601891]	[0.16963355146837622, -0.23098200970533367, 0.5819936509236943]	[]
0.7083342551386701	0.291665744861332	[0.2614873905458356, -0.3560550519520336, 0.8971338498601891]	[0.16963355146837622, -0.23098200970533367, 0.5819936509236943]	[]
8.56256885548479e-17	0.9999999999999998	[0.2614873905458356, -0.3560550519520336, 0.8971338498601891]	[0.16963355146837622, -0.23098200970533367, 0.5819936509236943]	[]
0.7118856099800597	0.2881143900199666	[0.2614873905458356, -0.3560550519520336, 0.8971338498601891]	[0.16963355146837622, -0.23098200970533367, 0.5819936509236943]	[]
8.520938276832477e-17	0.9999999999999999	[0.2614873905458356, -0.3560550519520336, 0.8971338498601891]	[0.16963355146837622, -0.23098200970533367, 0.5819936509236943]	[]
0.713539454831318	0.28646054516867514	[0.2614873905458356, -0.3560550519520336, 0.8971338498601891]	[0.16963355146837622, -0.23098200970533367, 0.5819936509236943]	[]
4.567314035124565e-12	0.9999999999954327	[0.2614873905458356, -0.3560550519520336, 0.8971338498601891]	[0.16963355146837622, -0.23098200970533367, 0.5819936509236943]	[]
0.7065547979374459	0.293445202062555	[0.2614873905458356, -0.3560550519520336, 0.8971338498601891]	[0.16963355146837622, -0.23098200970533367, 0.5819936509236943]	[]
3.957158666366886e-15	0.999999999999996	[-0.7788690799791791, 0.4116157100375106, 0.47321819861740644]	[-0.33640475130209285, 0.17778274183243323, 0.20438974213967828]	[]
0.7114084302701166	0.2885915697298828	[-0.7788690799791791, 0.4116157100375106, 0.47321819861740644]	[-0.33640475130209285, 0.17778274183243323, 0.20438974213967828]	[]
0.7079054170333288	0.2920945829666734	[-0.7788690799791791, 0.4116157100375106, 0.47321819861740644]	[-0.33640475130209285, 0.17778274183243323, 0.20438974213967828]	[]
0.7074389612092324	0.2925610387907667	[-0.7788690799791791, 0.4116157100375106, 0.47321819861740644]	[-0.33640475130209285, 0.17778274183243323, 0.20438974213967828]	[]
3.0703754126518055e-16	0.9999999999999997	[-0.7788690799791791, 0.4116157100375106, 0.47321819861740644]	[-0.33640475130209285, 0.17778274183243323, 0.20438974213967828]	[]
0.7132662234305033	0.28673377656950044	[-0.7788690799791791, 0.4116157100375106, 0.47321819861740644]	[-0.33640475130209285, 0.17778274183243323, 0.20438974213967828]	[]
0.7093915080547828	0.29060849194521765	[-0.7788690799791791, 0.4116157100375106, 0.47321819861740644]	[-0.33640475130209285, 0.17778274183243323, 0.20438974213967828]	[]
0.7132033831310418	0.2867966168689563	[-0.7788690799791791, 0.4116157100375106, 0.47321819861740644]	[-0.33640475130209285, 0.17778274183243323, 0.20438974213967828]	[]
0.7134666670636333	0.28653333293637023	[-0.7788690799791791, 0.4116157100375106, 0.47321819861740644]	[-0.33640475130209285, 0.17778274183243323, 0.20438974213967828]	[]
0.710736287684998	0.2892637123150026	[-0.7788690799791791, 0.4116157100375106, 0.47321819861740644]	[-0.33640475130209285, 0.17778274183243323, 0.20438974213967828]	[]
0.7087986521101797	0.29120134788982055	[-0.7788690799791791, 0.4116157100375106, 0.47321819861740644]	[-0.33640475130209285, 0.17778274183243323, 0.20438974213967828]	[]
7.018288549630158e-17	1.0	[-0.7788690799791791, 0.4116157100375106, 0.47321819861740644]	[-0.33640475130209285, 0.17778274183243323, 0.20438974213967828]	[]
1.206642027979448e-16	0.9999999999999998	[-0.7788690799791791, 0.4116157100375106, 0.47321819861740644]	[-0.33640475130209285, 0.17778274183243323, 0.20438974213967828]	[]
6.505698036307076e-16	0.9999999999999994	[-0.7788690799791791, 0.4116157100375106, 0.47321819861740644]	[-0.33640475130209285, 0.17778274183243323, 0.20438974213967828]	[]
2.1335223693808471e-10	0.9999999997866476	[-0.7788690799791791, 0.4116157100375106, 0.47321819861740644]	[-0.33640475130209285, 0.17778274183243323, 0.20438974213967828]	[]
