0.6363918648864059	0.36360813511360324	[-0.5102634565406009, -0.8301503368155454, -0.22468115898818644]	[2.746673721798487e-11, 4.468576897398435e-11, 1.2094041015382327e-11]	[]
0.636556821201062	0.36344317879900784	[-0.5102634565406009, -0.8301503368155454, -0.22468115898818644]	[2.746673721798487e-11, 4.468576897398435e-11, 1.2094041015382327e-11]	[]
0.632273926741294	0.3677260732587056	[-0.5102634565406009, -0.8301503368155454, -0.22468115898818644]	[2.746673721798487e-11, 4.468576897398435e-11, 1.2094041015382327e-11]	[]
1.3377746129663412e-16	0.9999999999999999	[-0.5102634565406009, -0.8301503368155454, -0.22468115898818644]	[2.746673721798487e-11, 4.468576897398435e-11, 1.2094041015382327e-11]	[]
0.6364715697579749	0.3635284302420568	[-0.5102634565406009, -0.8301503368155454, -0.22468115898818644]	[2.746673721798487e-11, 4.468576897398435e-11, 1.2094041015382327e-11]	[]
1.2257172046775773e-16	0.9999999999999998	[-0.5102634565406009, -0.8301503368155454, -0.22468115898818644]	[2.746673721798487e-11, 4.468576897398435e-11, 1.2094041015382327e-11]	[]
1.3504239587022627e-16	0.9999999999999999	[-0.5102634565406009, -0.8301503368155454, -0.22468115898818644]	[2.746673721798487e-11, 4.468576897398435e-11, 1.2094041015382327e-11]	[]
3.2976925736931e-14	0.9999999999999669	[-0.5102634565406009, -0.8301503368155454, -0.22468115898818644]	[2.746673721798487e-11, 4.468576897398435e-11, 1.2094041015382327e-11]	[]
1.1579555266859132e-09	0.999999998842044	[-0.5102634565406009, -0.8301503368155454, -0.22468115898818644]	[2.746673721798487e-11, 4.468576897398435e-11, 1.2094041015382327e-11]	[]
6.862320235786869e-15	0.9999999999999931	[-0.5102634565406009, -0.8301503368155454, -0.22468115898818644]	[2.746673721798487e-11, 4.468576897398435e-11, 1.2094041015382327e-11]	[]
0.6334906460861695	0.3665093539138311	[-0.5102634565406009, -0.8301503368155454, -0.22468115898818644]	[2.746673721798487e-11, 4.468576897398435e-11, 1.2094041015382327e-11]	[]
2.7656434326659422e-12	0.9999999999972343	[-0.5102634565406009, -0.8301503368155454, -0.22468115898818644]	[2.746673721798487e-11, 4.468576897398435e-11, 1.2094041015382327e-11]	[]
7.114785815555837e-11	0.9999999999288521	[-0.5102634565406009, -0.8301503368155454, -0.22468115898818644]	[2.746673721798487e-11, 4.468576897398435e-11, 1.2094041015382327e-11]	[]
0.6358561956259867	0.3641438043740345	[-0.5102634565406009, -0.8301503368155454, -0.22468115898818644]	[2.746673721798487e-11, 4.468576897398435e-11, 1.2094041015382327e-11]	[]
4.274915905866245e-15	0.9999999999999958	[-0.5102634565406009, -0.8301503368155454, -0.22468115898818644]	[2.746673721798487e-11, 4.468576897398435e-11, 1.2094041015382327e-11]	[]
5.72045049267916e-16	0.9999999999999993	[0.6747861944784449, 0.7162854919145434, -0.17776019187106754]	[-2.941150101243295e-11, -3.12203596308791e-11, 7.747919441490606e-12]	[]
1.1165637997169812e-15	0.9999999999999988	[0.6747861944784449, 0.7162854919145434, -0.17776019187106754]	[-2.941150101243295e-11, -3.12203596308791e-11, 7.747919441490606e-12]	[]
0.6364138287196327	0.3635861712803642	[0.6747861944784449, 0.7162854919145434, -0.17776019187106754]	[-2.941150101243295e-11, -3.12203596308791e-11, 7.747919441490606e-12]	[]
1.4230211491077185e-16	0.9999999999999999	[0.6747861944784449, 0.7162854919145434, -0.17776019187106754]	[-2.941150101243295e-11, -3.12203596308791e-11, 7.747919441490606e-12]	[]
9.80526990558715e-16	0.999999999999999	[0.6747861944784449, 0.7162854919145434, -0.17776019187106754]	[-2.941150101243295e-11, -3.12203596308791e-11, 7.747919441490606e-12]	[]
1.178491647598638e-16	0.9999999999999998	[0.6747861944784449, 0.7162854919145434, -0.17776019187106754]	[-2.941150101243295e-11, -3.12203596308791e-11, 7.747919441490606e-12]	[]
0.6351523649509594	0.36484763504904105	[0.6747861944784449, 0.7162854919145434, -0.17776019187106754]	[-2.941150101243295e-11, -3.12203596308791e-11, 7.747919441490606e-12]	[]
0.6340895302402307	0.36591046975977093	[0.6747861944784449, 0.7162854919145434, -0.17776019187106754]	[-2.941150101243295e-11, -3.12203596308791e-11, 7.747919441490606e-12]	[]
0.6346476472131726	0.36535235278682837	[0.6747861944784449, 0.7162854919145434, -0.17776019187106754]	[-2.941150101243295e-11, -3.12203596308791e-11, 7.747919441490606e-12]	[]
0.6314750283856911	0.3685249716143102	[0.6747861944784449, 0.7162854919145434, -0.17776019187106754]	[-2.941150101243295e-11, -3.12203596308791e-11, 7.747919441490606e-12]	[]
0.6329784075148052	0.3670215924851941	[0.6747861944784449, 0.7162854919145434, -0.17776019187106754]	[-2.941150101243295e-11, -3.12203596308791e-11, 7.747919441490606e-12]	[]
0.6353077464085043	0.36469225359151247	[0.6747861944784449, 0.7162854919145434, -0.17776019187106754]	[-2.941150101243295e-11, -3.12203596308791e-11, 7.747919441490606e-12]	[]
1.0894479895393079e-16	0.9999999999999999	[0.6747861944784449, 0.7162854919145434, -0.17776019187106754]	[-2.941150101243295e-11, -3.12203596308791e-11, 7.747919441490606e-12]	[]
0.6341615540612014	0.3658384459387987	[0.6747861944784449, 0.7162854919145434, -0.17776019187106754]	[-2.941150101243295e-11, -3.12203596308791e-11, 7.747919441490606e-12]	[]
8.641499259830984e-10	0.9999999991358499	[0.6747861944784449, 0.7162854919145434, -0.17776019187106754]	[-2.941150101243295e-11, -3.12203596308791e-11, 7.747919441490606e-12]	[]
8.821951253976881e-14	0.9999999999999116	[0.07770387124833221, -0.985054431847529, -0.15372011804108196]	[-4.375069750928162e-12, 5.546253734056705e-11, 8.655032198315428e-12]	[]
0.6337718084385319	0.36622819156146813	[0.07770387124833221, -0.985054431847529, -0.15372011804108196]	[-4.375069750928162e-12, 5.546253734056705e-11, 8.655032198315428e-12]	[]
0.6344658228866329	0.36553417711336866	[0.07770387124833221, -0.985054431847529, -0.15372011804108196]	[-4.375069750928162e-12, 5.546253734056705e-11, 8.655032198315428e-12]	[]
0.6295865247771818	0.3704134752228198	[0.07770387124833221, -0.985054431847529, -0.15372011804108196]	[-4.375069750928162e-12, 5.546253734056705e-11, 8.655032198315428e-12]	[]
0.6354823805405012	0.364517619459499	[0.07770387124833221, -0.985054431847529, -0.15372011804108196]	[-4.375069750928162e-12, 5.546253734056705e-11, 8.655032198315428e-12]	[]
1.4029839816251559e-16	0.9999999999999998	[0.07770387124833221, -0.985054431847529, -0.15372011804108196]	[-4.375069750928162e-12, 5.546253734056705e-11, 8.655032198315428e-12]	[]
0.6315910419312507	0.36840895806875074	[0.07770387124833221, -0.985054431847529, -0.15372011804108196]	[-4.375069750928162e-12, 5.546253734056705e-11, 8.655032198315428e-12]	[]
4.008238016779501e-11	0.9999999999599175	[0.07770387124833221, -0.985054431847529, -0.15372011804108196]	[-4.375069750928162e-12, 5.546253734056705e-11, 8.655032198315428e-12]	[]
0.6329415551635256	0.367058444836473	[0.07770387124833221, -0.985054431847529, -0.15372011804108196]	[-4.375069750928162e-12, 5.546253734056705e-11, 8.655032198315428e-12]	[]
1.5020793668387782e-15	0.9999999999999984	[0.07770387124833221, -0.985054431847529, -0.15372011804108196]	[-4.375069750928162e-12, 5.546253734056705e-11, 8.655032198315428e-12]	[]
0.6359975589682257	0.3640024410317727	[0.07770387124833221, -0.985054431847529, -0.15372011804108196]	[-4.375069750928162e-12, 5.546253734056705e-11, 8.655032198315428e-12]	[]
0.6329175475707829	0.36708245242921733	[0.07770387124833221, -0.985054431847529, -0.15372011804108196]	[-4.375069750928162e-12, 5.546253734056705e-11, 8.655032198315428e-12]	[]
3.759702657284787e-14	0.9999999999999624	[0.07770387124833221, -0.985054431847529, -0.15372011804108196]	[-4.375069750928162e-12, 5.546253734056705e-11, 8.655032198315428e-12]	[]
1.421438540867938e-16	0.9999999999999999	[0.07770387124833221, -0.985054431847529, -0.15372011804108196]	[-4.375069750928162e-12, 5.546253734056705e-11, 8.655032198315428e-12]	[]
0.6332252032094575	0.3667747967905424	[0.07770387124833221, -0.985054431847529, -0.15372011804108196]	[-4.375069750928162e-12, 5.546253734056705e-11, 8.655032198315428e-12]	[]
0.6358585532523835	0.364141446747617	[0.8201737834426703, -0.47268913977503174, 0.3223041142959181]	[0.5883458236455776, -0.33908018871551837, 0.231202561478905]	[]
1.3259581771785648e-16	1.0	[0.8201737834426703, -0.47268913977503174, 0.3223041142959181]	[0.5883458236455776, -0.33908018871551837, 0.231202561478905]	[]
5.545583252040705e-16	0.9999999999999994	[0.8201737834426703, -0.47268913977503174, 0.3223041142959181]	[0.5883458236455776, -0.33908018871551837, 0.231202561478905]	[]
0.6322925653511577	0.3677074346488431	[0.8201737834426703, -0.47268913977503174, 0.3223041142959181]	[0.5883458236455776, -0.33908018871551837, 0.231202561478905]	[]
1.4176502625414104e-16	0.9999999999999997	[0.8201737834426703, -0.47268913977503174, 0.3223041142959181]	[0.5883458236455776, -0.33908018871551837, 0.231202561478905]	[]
0.6323613038153771	0.3676386961846227	[0.8201737834426703, -0.47268913977503174, 0.3223041142959181]	[0.5883458236455776, -0.33908018871551837, 0.231202561478905]	[]
1.4003917963079289e-16	0.9999999999999999	[0.8201737834426703, -0.47268913977503174, 0.3223041142959181]	[0.5883458236455776, -0.33908018871551837, 0.231202561478905]	[]
0.6368007237145838	0.3631992762854322	[0.8201737834426703, -0.47268913977503174, 0.3223041142959181]	[0.5883458236455776, -0.33908018871551837, 0.231202561478905]	[]
0.6317388091205678	0.36826119087943254	[0.8201737834426703, -0.47268913977503174, 0.3223041142959181]	[0.5883458236455776, -0.33908018871551837, 0.231202561478905]	[]
0.6359095847048284	0.3640904152951726	[0.8201737834426703, -0.47268913977503174, 0.3223041142959181]	[0.5883458236455776, -0.33908018871551837, 0.231202561478905]	[]
2.1794212071318095e-11	0.9999999999782058	[0.8201737834426703, -0.47268913977503174, 0.3223041142959181]	[0.5883458236455776, -0.33908018871551837, 0.231202561478905]	[]
1.589440265802232e-14	0.9999999999999842	[0.8201737834426703, -0.47268913977503174, 0.3223041142959181]	[0.5883458236455776, -0.33908018871551837, 0.231202561478905]	[]
1.4235225723965066e-16	0.9999999999999998	[0.8201737834426703, -0.47268913977503174, 0.3223041142959181]	[0.5883458236455776, -0.33908018871551837, 0.231202561478905]	[]
0.6343313231270034	0.3656686768729965	[0.8201737834426703, -0.47268913977503174, 0.3223041142959181]	[0.5883458236455776, -0.33908018871551837, 0.231202561478905]	[]
1.3038804709240705e-16	0.9999999999999998	[0.8201737834426703, -0.47268913977503174, 0.3223041142959181]	[0.5883458236455776, -0.33908018871551837, 0.231202561478905]	[]
0.6372254153707555	0.3627745846292479	[-0.945863434036826, -0.26237212886889666, 0.19105818523388635]	[-0.5129109992452954, -0.14227587826068963, 0.10360464436612256]	[]
1.4238279009538258e-16	0.9999999999999998	[-0.945863434036826, -0.26237212886889666, 0.19105818523388635]	[-0.5129109992452954, -0.14227587826068963, 0.10360464436612256]	[]
2.2124972134666573e-16	0.9999999999999998	[-0.945863434036826, -0.26237212886889666, 0.19105818523388635]	[-0.5129109992452954, -0.14227587826068963, 0.10360464436612256]	[]
0.6328893653342805	0.3671106346657564	[-0.945863434036826, -0.26237212886889666, 0.19105818523388635]	[-0.5129109992452954, -0.14227587826068963, 0.10360464436612256]	[]
1.2355195257974422e-16	0.9999999999999998	[-0.945863434036826, -0.26237212886889666, 0.19105818523388635]	[-0.5129109992452954, -0.14227587826068963, 0.10360464436612256]	[]
0.6347522339010935	0.3652477660989077	[-0.945863434036826, -0.26237212886889666, 0.19105818523388635]	[-0.5129109992452954, -0.14227587826068963, 0.10360464436612256]	[]
7.14103245583613e-15	0.9999999999999928	[-0.945863434036826, -0.26237212886889666, 0.19105818523388635]	[-0.5129109992452954, -0.14227587826068963, 0.10360464436612256]	[]
1.6877236314746483e-16	0.9999999999999998	[-0.945863434036826, -0.26237212886889666, 0.19105818523388635]	[-0.5129109992452954, -0.14227587826068963, 0.10360464436612256]	[]
0.6324481387684197	0.36755186123158295	[-0.945863434036826, -0.26237212886889666, 0.19105818523388635]	[-0.5129109992452954, -0.14227587826068963, 0.10360464436612256]	[]
0.6322561336503683	0.36774386634968553	[-0.945863434036826, -0.26237212886889666, 0.19105818523388635]	[-0.5129109992452954, -0.14227587826068963, 0.10360464436612256]	[]
0.6332191937994566	0.36678080620054343	[-0.945863434036826, -0.26237212886889666, 0.19105818523388635]	[-0.5129109992452954, -0.14227587826068963, 0.10360464436612256]	[]
9.329951347381014e-17	0.9999999999999998	[-0.945863434036826, -0.26237212886889666, 0.19105818523388635]	[-0.5129109992452954, -0.14227587826068963, 0.10360464436612256]	[]
0.6328886076142588	0.3671113923857466	[-0.945863434036826, -0.26237212886889666, 0.19105818523388635]	[-0.5129109992452954, -0.14227587826068963, 0.10360464436612256]	[]
3.1008392352088515e-16	0.9999999999999997	[-0.945863434036826, -0.26237212886889666, 0.19105818523388635]	[-0.5129109992452954, -0.14227587826068963, 0.10360464436612256]	[]
1.3833837767490332e-16	0.9999999999999997	[-0.945863434036826, -0.26237212886889666, 0.19105818523388635]	[-0.5129109992452954, -0.14227587826068963, 0.10360464436612256]	[]
