0.35366815397360346	0.646331846026398	[-0.3423133872820462, -0.02224877549145327, 0.9393223817607153]	[-0.23327622018537053, -0.015161867584578985, 0.6401197934222652]	[]
0.3513846098077935	0.648615390192206	[-0.3423133872820462, -0.02224877549145327, 0.9393223817607153]	[-0.23327622018537053, -0.015161867584578985, 0.6401197934222652]	[]
0.35258769626727166	0.6474123037327302	[-0.3423133872820462, -0.02224877549145327, 0.9393223817607153]	[-0.23327622018537053, -0.015161867584578985, 0.6401197934222652]	[]
0.3512529489873068	0.6487470510126933	[-0.3423133872820462, -0.02224877549145327, 0.9393223817607153]	[-0.23327622018537053, -0.015161867584578985, 0.6401197934222652]	[]
0.3511747324578346	0.648825267542165	[-0.3423133872820462, -0.02224877549145327, 0.9393223817607153]	[-0.23327622018537053, -0.015161867584578985, 0.6401197934222652]	[]
1.6843436709904077e-16	0.9999999999999999	[-0.3423133872820462, -0.02224877549145327, 0.9393223817607153]	[-0.23327622018537053, -0.015161867584578985, 0.6401197934222652]	[]
0.3532293166400655	0.646770683359936	[-0.3423133872820462, -0.02224877549145327, 0.9393223817607153]	[-0.23327622018537053, -0.015161867584578985, 0.6401197934222652]	[]
0.353420780035318	0.6465792199646824	[-0.3423133872820462, -0.02224877549145327, 0.9393223817607153]	[-0.23327622018537053, -0.015161867584578985, 0.6401197934222652]	[]
0.3521288492880674	0.6478711507119331	[-0.3423133872820462, -0.02224877549145327, 0.9393223817607153]	[-0.23327622018537053, -0.015161867584578985, 0.6401197934222652]	[]
0.35222063347417515	0.6477793665258254	[-0.3423133872820462, -0.02224877549145327, 0.9393223817607153]	[-0.23327622018537053, -0.015161867584578985, 0.6401197934222652]	[]
1.2225904954439168e-15	0.9999999999999988	[-0.3423133872820462, -0.02224877549145327, 0.9393223817607153]	[-0.23327622018537053, -0.015161867584578985, 0.6401197934222652]	[]
0.35142947465420205	0.648570525345798	[-0.3423133872820462, -0.02224877549145327, 0.9393223817607153]	[-0.23327622018537053, -0.015161867584578985, 0.6401197934222652]	[]
2.637204551562581e-16	0.9999999999999997	[-0.3423133872820462, -0.02224877549145327, 0.9393223817607153]	[-0.23327622018537053, -0.015161867584578985, 0.6401197934222652]	[]
2.4161951713451224e-15	0.9999999999999976	[-0.3423133872820462, -0.02224877549145327, 0.9393223817607153]	[-0.23327622018537053, -0.015161867584578985, 0.6401197934222652]	[]
0.3511700309499049	0.6488299690500949	[-0.3423133872820462, -0.02224877549145327, 0.9393223817607153]	[-0.23327622018537053, -0.015161867584578985, 0.6401197934222652]	[]
3.2845941797145424e-11	0.999999999967154	[0.6070845838237848, -0.003470349671371004, 0.79462963999379]	[0.3937186371288061, -0.0022506605823619063, 0.515349108208159]	[]
1.8179764457653498e-16	0.9999999999999998	[0.6070845838237848, -0.003470349671371004, 0.79462963999379]	[0.3937186371288061, -0.0022506605823619063, 0.515349108208159]	[]
0.3522334223515426	0.6477665776484574	[0.6070845838237848, -0.003470349671371004, 0.79462963999379]	[0.3937186371288061, -0.0022506605823619063, 0.515349108208159]	[]
2.0059601386512133e-16	1.0	[0.6070845838237848, -0.003470349671371004, 0.79462963999379]	[0.3937186371288061, -0.0022506605823619063, 0.515349108208159]	[]
4.996345712488317e-14	0.9999999999999499	[0.6070845838237848, -0.003470349671371004, 0.79462963999379]	[0.3937186371288061, -0.0022506605823619063, 0.515349108208159]	[]
0.35138106096212596	0.6486189390378745	[0.6070845838237848, -0.003470349671371004, 0.79462963999379]	[0.3937186371288061, -0.0022506605823619063, 0.515349108208159]	[]
3.0207147768761373e-16	0.9999999999999996	[0.6070845838237848, -0.003470349671371004, 0.79462963999379]	[0.3937186371288061, -0.0022506605823619063, 0.515349108208159]	[]
0.35308146095902554	0.6469185390409766	[0.6070845838237848, -0.003470349671371004, 0.79462963999379]	[0.3937186371288061, -0.0022506605823619063, 0.515349108208159]	[]
0.3530943853313974	0.6469056146686238	[0.6070845838237848, -0.003470349671371004, 0.79462963999379]	[0.3937186371288061, -0.0022506605823619063, 0.515349108208159]	[]
7.981835995426903e-11	0.9999999999201815	[0.6070845838237848, -0.003470349671371004, 0.79462963999379]	[0.3937186371288061, -0.0022506605823619063, 0.515349108208159]	[]
2.622797859849925e-16	0.9999999999999996	[0.6070845838237848, -0.003470349671371004, 0.79462963999379]	[0.3937186371288061, -0.0022506605823619063, 0.515349108208159]	[]
1.2276328069175785e-11	0.9999999999877237	[0.6070845838237848, -0.003470349671371004, 0.79462963999379]	[0.3937186371288061, -0.0022506605823619063, 0.515349108208159]	[]
1.9139337300934435e-14	0.9999999999999808	[0.6070845838237848, -0.003470349671371004, 0.79462963999379]	[0.3937186371288061, -0.0022506605823619063, 0.515349108208159]	[]
0.35246280457432333	0.6475371954256757	[0.6070845838237848, -0.003470349671371004, 0.79462963999379]	[0.3937186371288061, -0.0022506605823619063, 0.515349108208159]	[]
9.646392141461488e-16	0.9999999999999991	[0.6070845838237848, -0.003470349671371004, 0.79462963999379]	[0.3937186371288061, -0.0022506605823619063, 0.515349108208159]	[]
0.3520951419151328	0.6479048580848672	[0.8791068797424685, 0.4404128117361452, -0.18222966072548052]	[-8.676669105422974e-10, -4.346819570955063e-10, 1.798542310310413e-10]	[]
0.35313258164941513	0.6468674183505853	[0.8791068797424685, 0.4404128117361452, -0.18222966072548052]	[-8.676669105422974e-10, -4.346819570955063e-10, 1.798542310310413e-10]	[]
5.873886242921444e-12	0.999999999994126	[0.8791068797424685, 0.4404128117361452, -0.18222966072548052]	[-8.676669105422974e-10, -4.346819570955063e-10, 1.798542310310413e-10]	[]
1.6540595183751804e-11	0.9999999999834593	[0.8791068797424685, 0.4404128117361452, -0.18222966072548052]	[-8.676669105422974e-10, -4.346819570955063e-10, 1.798542310310413e-10]	[]
0.3515247122826773	0.6484752877173229	[0.8791068797424685, 0.4404128117361452, -0.18222966072548052]	[-8.676669105422974e-10, -4.346819570955063e-10, 1.798542310310413e-10]	[]
1.590359951988439e-11	0.9999999999840964	[0.8791068797424685, 0.4404128117361452, -0.18222966072548052]	[-8.676669105422974e-10, -4.346819570955063e-10, 1.798542310310413e-10]	[]
2.7825967693485035e-15	0.9999999999999972	[0.8791068797424685, 0.4404128117361452, -0.18222966072548052]	[-8.676669105422974e-10, -4.346819570955063e-10, 1.798542310310413e-10]	[]
0.3537748311875383	0.6462251688124624	[0.8791068797424685, 0.4404128117361452, -0.18222966072548052]	[-8.676669105422974e-10, -4.346819570955063e-10, 1.798542310310413e-10]	[]
6.119988751219728e-16	0.9999999999999992	[0.8791068797424685, 0.4404128117361452, -0.18222966072548052]	[-8.676669105422974e-10, -4.346819570955063e-10, 1.798542310310413e-10]	[]
0.3505935420684104	0.6494064579315888	[0.8791068797424685, 0.4404128117361452, -0.18222966072548052]	[-8.676669105422974e-10, -4.346819570955063e-10, 1.798542310310413e-10]	[]
0.34882407830016743	0.6511759216998323	[0.8791068797424685, 0.4404128117361452, -0.18222966072548052]	[-8.676669105422974e-10, -4.346819570955063e-10, 1.798542310310413e-10]	[]
0.350051027439769	0.6499489725602307	[0.8791068797424685, 0.4404128117361452, -0.18222966072548052]	[-8.676669105422974e-10, -4.346819570955063e-10, 1.798542310310413e-10]	[]
2.9554684199561864e-15	0.999999999999997	[0.8791068797424685, 0.4404128117361452, -0.18222966072548052]	[-8.676669105422974e-10, -4.346819570955063e-10, 1.798542310310413e-10]	[]
0.35200816113943895	0.6479918388605624	[0.8791068797424685, 0.4404128117361452, -0.18222966072548052]	[-8.676669105422974e-10, -4.346819570955063e-10, 1.798542310310413e-10]	[]
0.35154191902856097	0.6484580809714389	[0.8791068797424685, 0.4404128117361452, -0.18222966072548052]	[-8.676669105422974e-10, -4.346819570955063e-10, 1.798542310310413e-10]	[]
2.965013811798928e-15	0.999999999999997	[0.12125593722744642, -0.8170994332441064, 0.5636004913759867]	[0.0456906980170244, -0.3078929107133875, 0.21237145530782214]	[]
0.3522845984963029	0.6477154015036968	[0.12125593722744642, -0.8170994332441064, 0.5636004913759867]	[0.0456906980170244, -0.3078929107133875, 0.21237145530782214]	[]
2.9262827483731055e-16	0.9999999999999998	[0.12125593722744642, -0.8170994332441064, 0.5636004913759867]	[0.0456906980170244, -0.3078929107133875, 0.21237145530782214]	[]
5.593573385878583e-16	0.9999999999999994	[0.12125593722744642, -0.8170994332441064, 0.5636004913759867]	[0.0456906980170244, -0.3078929107133875, 0.21237145530782214]	[]
0.3524014778783644	0.6475985221216357	[0.12125593722744642, -0.8170994332441064, 0.5636004913759867]	[0.0456906980170244, -0.3078929107133875, 0.21237145530782214]	[]
8.425831785893535e-15	0.9999999999999915	[0.12125593722744642, -0.8170994332441064, 0.5636004913759867]	[0.0456906980170244, -0.3078929107133875, 0.21237145530782214]	[]
0.3526763806609876	0.6473236193390239	[0.12125593722744642, -0.8170994332441064, 0.5636004913759867]	[0.0456906980170244, -0.3078929107133875, 0.21237145530782214]	[]
1.333584406271286e-16	0.9999999999999999	[0.12125593722744642, -0.8170994332441064, 0.5636004913759867]	[0.0456906980170244, -0.3078929107133875, 0.21237145530782214]	[]
1.732446563850765e-14	0.9999999999999826	[0.12125593722744642, -0.8170994332441064, 0.5636004913759867]	[0.0456906980170244, -0.3078929107133875, 0.21237145530782214]	[]
0.35272816044222266	0.6472718395577839	[0.12125593722744642, -0.8170994332441064, 0.5636004913759867]	[0.0456906980170244, -0.3078929107133875, 0.21237145530782214]	[]
5.210530312814531e-10	0.9999999994789468	[0.12125593722744642, -0.8170994332441064, 0.5636004913759867]	[0.0456906980170244, -0.3078929107133875, 0.21237145530782214]	[]
0.3533513032974414	0.6466486967026919	[0.12125593722744642, -0.8170994332441064, 0.5636004913759867]	[0.0456906980170244, -0.3078929107133875, 0.21237145530782214]	[]
0.3524376674202507	0.6475623325797498	[0.12125593722744642, -0.8170994332441064, 0.5636004913759867]	[0.0456906980170244, -0.3078929107133875, 0.21237145530782214]	[]
0.3516240732592295	0.6483759267407706	[0.12125593722744642, -0.8170994332441064, 0.5636004913759867]	[0.0456906980170244, -0.3078929107133875, 0.21237145530782214]	[]
8.432771026763134e-11	0.9999999999156722	[0.12125593722744642, -0.8170994332441064, 0.5636004913759867]	[0.0456906980170244, -0.3078929107133875, 0.21237145530782214]	[]
0.3478692264735826	0.6521307735264175	[-0.03740174733009721, 0.9399339299227851, 0.3393012182067201]	[-0.012863500466419603, 0.3232694034119573, 0.11669511961936169]	[]
1.090428657000319e-11	0.9999999999890957	[-0.03740174733009721, 0.9399339299227851, 0.3393012182067201]	[-0.012863500466419603, 0.3232694034119573, 0.11669511961936169]	[]
0.35386024478654493	0.6461397552134568	[-0.03740174733009721, 0.9399339299227851, 0.3393012182067201]	[-0.012863500466419603, 0.3232694034119573, 0.11669511961936169]	[]
0.35379109263431047	0.6462089073656905	[-0.03740174733009721, 0.9399339299227851, 0.3393012182067201]	[-0.012863500466419603, 0.3232694034119573, 0.11669511961936169]	[]
5.710954154269651e-15	0.9999999999999943	[-0.03740174733009721, 0.9399339299227851, 0.3393012182067201]	[-0.012863500466419603, 0.3232694034119573, 0.11669511961936169]	[]
0.35160422497597743	0.6483957750240228	[-0.03740174733009721, 0.9399339299227851, 0.3393012182067201]	[-0.012863500466419603, 0.3232694034119573, 0.11669511961936169]	[]
1.7666812888517347e-10	0.9999999998233315	[-0.03740174733009721, 0.9399339299227851, 0.3393012182067201]	[-0.012863500466419603, 0.3232694034119573, 0.11669511961936169]	[]
0.35405959064630116	0.6459404093536991	[-0.03740174733009721, 0.9399339299227851, 0.3393012182067201]	[-0.012863500466419603, 0.3232694034119573, 0.11669511961936169]	[]
0.35149783345501473	0.648502166544985	[-0.03740174733009721, 0.9399339299227851, 0.3393012182067201]	[-0.012863500466419603, 0.3232694034119573, 0.11669511961936169]	[]
7.192772419432586e-10	0.9999999992807223	[-0.03740174733009721, 0.9399339299227851, 0.3393012182067201]	[-0.012863500466419603, 0.3232694034119573, 0.11669511961936169]	[]
2.6474028733583497e-12	0.9999999999973526	[-0.03740174733009721, 0.9399339299227851, 0.3393012182067201]	[-0.012863500466419603, 0.3232694034119573, 0.11669511961936169]	[]
1.732175073551178e-10	0.9999999998267822	[-0.03740174733009721, 0.9399339299227851, 0.3393012182067201]	[-0.012863500466419603, 0.3232694034119573, 0.11669511961936169]	[]
6.369157521967849e-16	0.9999999999999992	[-0.03740174733009721, 0.9399339299227851, 0.3393012182067201]	[-0.012863500466419603, 0.3232694034119573, 0.11669511961936169]	[]
0.3509837370417697	0.6490162629582286	[-0.03740174733009721, 0.9399339299227851, 0.3393012182067201]	[-0.012863500466419603, 0.3232694034119573, 0.11669511961936169]	[]
3.302944654331256e-11	0.9999999999669704	[-0.03740174733009721, 0.9399339299227851, 0.3393012182067201]	[-0.012863500466419603, 0.3232694034119573, 0.11669511961936169]	[]
