-1.6440593757141088e-16	1.0	[0.03777405623962452, 0.9992596709392062, -0.007295937888643655]	[-1.0796918914479647e-12, -2.8561875087262933e-11, 1.216156873133136e-13]	[]
0.9913500114911299	0.008649988508872072	[0.03777405623962452, 0.9992596709392062, -0.007295937888643655]	[-1.0796918914479647e-12, -2.8561875087262933e-11, 1.216156873133136e-13]	[]
0.9911460586599721	0.008853941340028097	[0.03777405623962452, 0.9992596709392062, -0.007295937888643655]	[-1.0796918914479647e-12, -2.8561875087262933e-11, 1.216156873133136e-13]	[]
0.9915140993184862	0.00848590068151379	[0.03777405623962452, 0.9992596709392062, -0.007295937888643655]	[-1.0796918914479647e-12, -2.8561875087262933e-11, 1.216156873133136e-13]	[]
0.9961069023929493	0.0038930976070548694	[0.03777405623962452, 0.9992596709392062, -0.007295937888643655]	[-1.0796918914479647e-12, -2.8561875087262933e-11, 1.216156873133136e-13]	[]
3.07328507349539e-10	0.9999999996926715	[0.03777405623962452, 0.9992596709392062, -0.007295937888643655]	[-1.0796918914479647e-12, -2.8561875087262933e-11, 1.216156873133136e-13]	[]
0.98971162228225	0.010288377717750406	[0.03777405623962452, 0.9992596709392062, -0.007295937888643655]	[-1.0796918914479647e-12, -2.8561875087262933e-11, 1.216156873133136e-13]	[]
0.9912050850415617	0.008794914958438428	[0.03777405623962452, 0.9992596709392062, -0.007295937888643655]	[-1.0796918914479647e-12, -2.8561875087262933e-11, 1.216156873133136e-13]	[]
0.9886746464229035	0.011325353577095427	[0.03777405623962452, 0.9992596709392062, -0.007295937888643655]	[-1.0796918914479647e-12, -2.8561875087262933e-11, 1.216156873133136e-13]	[]
8.569730024233113e-17	0.9999999999999999	[0.03777405623962452, 0.9992596709392062, -0.007295937888643655]	[-1.0796918914479647e-12, -2.8561875087262933e-11, 1.216156873133136e-13]	[]
0.9855718393050542	0.01442816069494399	[0.03777405623962452, 0.9992596709392062, -0.007295937888643655]	[-1.0796918914479647e-12, -2.8561875087262933e-11, 1.216156873133136e-13]	[]
0.9914877396216439	0.008512260378355124	[0.03777405623962452, 0.9992596709392062, -0.007295937888643655]	[-1.0796918914479647e-12, -2.8561875087262933e-11, 1.216156873133136e-13]	[]
0.9922204838540736	0.007779516145927728	[0.03777405623962452, 0.9992596709392062, -0.007295937888643655]	[-1.0796918914479647e-12, -2.8561875087262933e-11, 1.216156873133136e-13]	[]
0.9876007759118591	0.012399224088140712	[0.03777405623962452, 0.9992596709392062, -0.007295937888643655]	[-1.0796918914479647e-12, -2.8561875087262933e-11, 1.216156873133136e-13]	[]
9.30605771338633e-17	1.0	[0.03777405623962452, 0.9992596709392062, -0.007295937888643655]	[-1.0796918914479647e-12, -2.8561875087262933e-11, 1.216156873133136e-13]	[]
-1.4922028935402558e-16	1.0000000000000002	[-0.8373023837798879, 0.10680298812740224, 0.5362069002200323]	[-0.5132559356537392, 0.06546890187327552, 0.32868815329776013]	[]
0.9921891783669748	0.007810821633028957	[-0.8373023837798879, 0.10680298812740224, 0.5362069002200323]	[-0.5132559356537392, 0.06546890187327552, 0.32868815329776013]	[]
2.76506339484337e-13	0.9999999999997234	[-0.8373023837798879, 0.10680298812740224, 0.5362069002200323]	[-0.5132559356537392, 0.06546890187327552, 0.32868815329776013]	[]
7.353054514951383e-17	0.9999999999999999	[-0.8373023837798879, 0.10680298812740224, 0.5362069002200323]	[-0.5132559356537392, 0.06546890187327552, 0.32868815329776013]	[]
0.998535935590352	0.0014640644097303629	[-0.8373023837798879, 0.10680298812740224, 0.5362069002200323]	[-0.5132559356537392, 0.06546890187327552, 0.32868815329776013]	[]
7.136328846553943e-17	1.0	[-0.8373023837798879, 0.10680298812740224, 0.5362069002200323]	[-0.5132559356537392, 0.06546890187327552, 0.32868815329776013]	[]
0.9861514716814817	0.013848528318516806	[-0.8373023837798879, 0.10680298812740224, 0.5362069002200323]	[-0.5132559356537392, 0.06546890187327552, 0.32868815329776013]	[]
0.9932646326661692	0.006735367333831244	[-0.8373023837798879, 0.10680298812740224, 0.5362069002200323]	[-0.5132559356537392, 0.06546890187327552, 0.32868815329776013]	[]
0.9967541543982792	0.003245845601723861	[-0.8373023837798879, 0.10680298812740224, 0.5362069002200323]	[-0.5132559356537392, 0.06546890187327552, 0.32868815329776013]	[]
0.9835626102023939	0.016437389797606596	[-0.8373023837798879, 0.10680298812740224, 0.5362069002200323]	[-0.5132559356537392, 0.06546890187327552, 0.32868815329776013]	[]
5.4439982414402085e-11	0.99999999994556	[-0.8373023837798879, 0.10680298812740224, 0.5362069002200323]	[-0.5132559356537392, 0.06546890187327552, 0.32868815329776013]	[]
2.8680401669199745e-13	0.9999999999997131	[-0.8373023837798879, 0.10680298812740224, 0.5362069002200323]	[-0.5132559356537392, 0.06546890187327552, 0.32868815329776013]	[]
7.592481092025607e-17	1.0	[-0.8373023837798879, 0.10680298812740224, 0.5362069002200323]	[-0.5132559356537392, 0.06546890187327552, 0.32868815329776013]	[]
9.599092714273953e-13	0.9999999999990401	[-0.8373023837798879, 0.10680298812740224, 0.5362069002200323]	[-0.5132559356537392, 0.06546890187327552, 0.32868815329776013]	[]
1.5697687718068874e-15	0.9999999999999983	[-0.8373023837798879, 0.10680298812740224, 0.5362069002200323]	[-0.5132559356537392, 0.06546890187327552, 0.32868815329776013]	[]
0.9958762936771606	0.004123706322840135	[0.149805423746636, -0.28307688103094175, 0.9473256116256358]	[0.10115643714242264, -0.19114827758779665, 0.6396836729215389]	[]
0.9891304985773246	0.01086950142267701	[0.149805423746636, -0.28307688103094175, 0.9473256116256358]	[0.10115643714242264, -0.19114827758779665, 0.6396836729215389]	[]
0.9944617075105332	0.0055382924894386626	[0.149805423746636, -0.28307688103094175, 0.9473256116256358]	[0.10115643714242264, -0.19114827758779665, 0.6396836729215389]	[]
2.8473326237482646e-11	0.9999999999715266	[0.149805423746636, -0.28307688103094175, 0.9473256116256358]	[0.10115643714242264, -0.19114827758779665, 0.6396836729215389]	[]
1.1165484216483446e-16	0.9999999999999998	[0.149805423746636, -0.28307688103094175, 0.9473256116256358]	[0.10115643714242264, -0.19114827758779665, 0.6396836729215389]	[]
0.9972666418985536	0.0027333581014243923	[0.149805423746636, -0.28307688103094175, 0.9473256116256358]	[0.10115643714242264, -0.19114827758779665, 0.6396836729215389]	[]
0.9986938207800062	0.001306179219994341	[0.149805423746636, -0.28307688103094175, 0.9473256116256358]	[0.10115643714242264, -0.19114827758779665, 0.6396836729215389]	[]
7.356382151586323e-17	0.9999999999999999	[0.149805423746636, -0.28307688103094175, 0.9473256116256358]	[0.10115643714242264, -0.19114827758779665, 0.6396836729215389]	[]
0.9923532343316379	0.007646765668363	[0.149805423746636, -0.28307688103094175, 0.9473256116256358]	[0.10115643714242264, -0.19114827758779665, 0.6396836729215389]	[]
8.445492593795406e-11	0.999999999915545	[0.149805423746636, -0.28307688103094175, 0.9473256116256358]	[0.10115643714242264, -0.19114827758779665, 0.6396836729215389]	[]
9.750096810524958e-17	0.9999999999999998	[0.149805423746636, -0.28307688103094175, 0.9473256116256358]	[0.10115643714242264, -0.19114827758779665, 0.6396836729215389]	[]
7.907137995848452e-17	0.9999999999999999	[0.149805423746636, -0.28307688103094175, 0.9473256116256358]	[0.10115643714242264, -0.19114827758779665, 0.6396836729215389]	[]
0.9930327238805016	0.006967276119500237	[0.149805423746636, -0.28307688103094175, 0.9473256116256358]	[0.10115643714242264, -0.19114827758779665, 0.6396836729215389]	[]
3.369480829025705e-12	0.9999999999966305	[0.149805423746636, -0.28307688103094175, 0.9473256116256358]	[0.10115643714242264, -0.19114827758779665, 0.6396836729215389]	[]
1.7779388603558626e-11	0.9999999999822207	[0.149805423746636, -0.28307688103094175, 0.9473256116256358]	[0.10115643714242264, -0.19114827758779665, 0.6396836729215389]	[]
2.823569777643013e-16	0.9999999999999998	[0.07747174351394122, 0.9103547793324852, -0.40651236722074324]	[-1.3119047514997817e-11, -1.5415670129304004e-10, 6.883998874344032e-11]	[]
9.695184168697764e-17	0.9999999999999999	[0.07747174351394122, 0.9103547793324852, -0.40651236722074324]	[-1.3119047514997817e-11, -1.5415670129304004e-10, 6.883998874344032e-11]	[]
0.9958665070784436	0.004133492921558391	[0.07747174351394122, 0.9103547793324852, -0.40651236722074324]	[-1.3119047514997817e-11, -1.5415670129304004e-10, 6.883998874344032e-11]	[]
9.791789168357092e-12	0.9999999999902083	[0.07747174351394122, 0.9103547793324852, -0.40651236722074324]	[-1.3119047514997817e-11, -1.5415670129304004e-10, 6.883998874344032e-11]	[]
0.9898363442132856	0.010163655786714234	[0.07747174351394122, 0.9103547793324852, -0.40651236722074324]	[-1.3119047514997817e-11, -1.5415670129304004e-10, 6.883998874344032e-11]	[]
0.9976012432350764	0.002398756764928476	[0.07747174351394122, 0.9103547793324852, -0.40651236722074324]	[-1.3119047514997817e-11, -1.5415670129304004e-10, 6.883998874344032e-11]	[]
9.482428237011767e-11	0.9999999999051756	[0.07747174351394122, 0.9103547793324852, -0.40651236722074324]	[-1.3119047514997817e-11, -1.5415670129304004e-10, 6.883998874344032e-11]	[]
0.9893635468853952	0.010636453114604377	[0.07747174351394122, 0.9103547793324852, -0.40651236722074324]	[-1.3119047514997817e-11, -1.5415670129304004e-10, 6.883998874344032e-11]	[]
0.9930079273070986	0.006992072692900383	[0.07747174351394122, 0.9103547793324852, -0.40651236722074324]	[-1.3119047514997817e-11, -1.5415670129304004e-10, 6.883998874344032e-11]	[]
-2.398209585560251e-16	1.0000000000000002	[0.07747174351394122, 0.9103547793324852, -0.40651236722074324]	[-1.3119047514997817e-11, -1.5415670129304004e-10, 6.883998874344032e-11]	[]
0.9904314797913585	0.00956852020864317	[0.07747174351394122, 0.9103547793324852, -0.40651236722074324]	[-1.3119047514997817e-11, -1.5415670129304004e-10, 6.883998874344032e-11]	[]
9.592475272404708e-17	0.9999999999999999	[0.07747174351394122, 0.9103547793324852, -0.40651236722074324]	[-1.3119047514997817e-11, -1.5415670129304004e-10, 6.883998874344032e-11]	[]
0.9940784792670676	0.005921520732931416	[0.07747174351394122, 0.9103547793324852, -0.40651236722074324]	[-1.3119047514997817e-11, -1.5415670129304004e-10, 6.883998874344032e-11]	[]
0.9952492907207868	0.004750709279213707	[0.07747174351394122, 0.9103547793324852, -0.40651236722074324]	[-1.3119047514997817e-11, -1.5415670129304004e-10, 6.883998874344032e-11]	[]
0.9947928370058802	0.005207162994121461	[0.07747174351394122, 0.9103547793324852, -0.40651236722074324]	[-1.3119047514997817e-11, -1.5415670129304004e-10, 6.883998874344032e-11]	[]
0.9922612569385058	0.007738743061493841	[0.10733620830418689, -0.4020673908626564, 0.9092968445957437]	[0.06055170731957881, -0.22681877214505974, 0.5129627482698207]	[]
8.949379717878115e-14	0.9999999999999105	[0.10733620830418689, -0.4020673908626564, 0.9092968445957437]	[0.06055170731957881, -0.22681877214505974, 0.5129627482698207]	[]
8.89054946495356e-17	0.9999999999999998	[0.10733620830418689, -0.4020673908626564, 0.9092968445957437]	[0.06055170731957881, -0.22681877214505974, 0.5129627482698207]	[]
9.717363740958787e-17	0.9999999999999999	[0.10733620830418689, -0.4020673908626564, 0.9092968445957437]	[0.06055170731957881, -0.22681877214505974, 0.5129627482698207]	[]
0.9942605226753467	0.005739477324653045	[0.10733620830418689, -0.4020673908626564, 0.9092968445957437]	[0.06055170731957881, -0.22681877214505974, 0.5129627482698207]	[]
7.720636314856624e-17	0.9999999999999999	[0.10733620830418689, -0.4020673908626564, 0.9092968445957437]	[0.06055170731957881, -0.22681877214505974, 0.5129627482698207]	[]
8.538445464615999e-11	0.9999999999146156	[0.10733620830418689, -0.4020673908626564, 0.9092968445957437]	[0.06055170731957881, -0.22681877214505974, 0.5129627482698207]	[]
0.9925120366631678	0.007487963336832998	[0.10733620830418689, -0.4020673908626564, 0.9092968445957437]	[0.06055170731957881, -0.22681877214505974, 0.5129627482698207]	[]
-7.900418518368489e-17	0.9999999999999999	[0.10733620830418689, -0.4020673908626564, 0.9092968445957437]	[0.06055170731957881, -0.22681877214505974, 0.5129627482698207]	[]
0.9926789481132174	0.007321051886783905	[0.10733620830418689, -0.4020673908626564, 0.9092968445957437]	[0.06055170731957881, -0.22681877214505974, 0.5129627482698207]	[]
0.9836130089196637	0.016386991080336602	[0.10733620830418689, -0.4020673908626564, 0.9092968445957437]	[0.06055170731957881, -0.22681877214505974, 0.5129627482698207]	[]
0.9969421202541515	0.0030578797458533204	[0.10733620830418689, -0.4020673908626564, 0.9092968445957437]	[0.06055170731957881, -0.22681877214505974, 0.5129627482698207]	[]
0.9897890114232414	0.010210988576758891	[0.10733620830418689, -0.4020673908626564, 0.9092968445957437]	[0.06055170731957881, -0.22681877214505974, 0.5129627482698207]	[]
0.9878759649157219	0.012124035084277713	[0.10733620830418689, -0.4020673908626564, 0.9092968445957437]	[0.06055170731957881, -0.22681877214505974, 0.5129627482698207]	[]
9.798653250315507e-17	0.9999999999999998	[0.10733620830418689, -0.4020673908626564, 0.9092968445957437]	[0.06055170731957881, -0.22681877214505974, 0.5129627482698207]	[]
9.04227029181604e-17	0.9999999999999999	[0.06280325821726504, -0.9923216828772305, -0.10655246805680645]	[-1.206972022327335e-12, 1.9070058032699677e-11, 2.047051728914197e-12]	[]
-1.2306794426120504e-16	1.0000000000000002	[0.06280325821726504, -0.9923216828772305, -0.10655246805680645]	[-1.206972022327335e-12, 1.9070058032699677e-11, 2.047051728914197e-12]	[]
0.9896805559087698	0.010319444091231126	[0.06280325821726504, -0.9923216828772305, -0.10655246805680645]	[-1.206972022327335e-12, 1.9070058032699677e-11, 2.047051728914197e-12]	[]
9.69577977249126e-17	1.0	[0.06280325821726504, -0.9923216828772305, -0.10655246805680645]	[-1.206972022327335e-12, 1.9070058032699677e-11, 2.047051728914197e-12]	[]
0.9916730508814536	0.0083269491185458	[0.06280325821726504, -0.9923216828772305, -0.10655246805680645]	[-1.206972022327335e-12, 1.9070058032699677e-11, 2.047051728914197e-12]	[]
3.3888139474923316e-11	0.999999999966112	[0.06280325821726504, -0.9923216828772305, -0.10655246805680645]	[-1.206972022327335e-12, 1.9070058032699677e-11, 2.047051728914197e-12]	[]
0.9928796363678222	0.007120363632179329	[0.06280325821726504, -0.9923216828772305, -0.10655246805680645]	[-1.206972022327335e-12, 1.9070058032699677e-11, 2.047051728914197e-12]	[]
0.9885657817994852	0.011434218200513114	[0.06280325821726504, -0.9923216828772305, -0.10655246805680645]	[-1.206972022327335e-12, 1.9070058032699677e-11, 2.047051728914197e-12]	[]
0.9954922549818336	0.004507745018166237	[0.06280325821726504, -0.9923216828772305, -0.10655246805680645]	[-1.206972022327335e-12, 1.9070058032699677e-11, 2.047051728914197e-12]	[]
-1.366074823640344e-16	1.0	[0.06280325821726504, -0.9923216828772305, -0.10655246805680645]	[-1.206972022327335e-12, 1.9070058032699677e-11, 2.047051728914197e-12]	[]
5.835918630451069e-11	0.9999999999416408	[0.06280325821726504, -0.9923216828772305, -0.10655246805680645]	[-1.206972022327335e-12, 1.9070058032699677e-11, 2.047051728914197e-12]	[]
9.703113414255746e-17	1.0	[0.06280325821726504, -0.9923216828772305, -0.10655246805680645]	[-1.206972022327335e-12, 1.9070058032699677e-11, 2.047051728914197e-12]	[]
0.9967066326836445	0.003293367316354395	[0.06280325821726504, -0.9923216828772305, -0.10655246805680645]	[-1.206972022327335e-12, 1.9070058032699677e-11, 2.047051728914197e-12]	[]
0.9973921231648784	0.0026078768351206504	[0.06280325821726504, -0.9923216828772305, -0.10655246805680645]	[-1.206972022327335e-12, 1.9070058032699677e-11, 2.047051728914197e-12]	[]
0.9840313587412772	0.01596864125872088	[0.06280325821726504, -0.9923216828772305, -0.10655246805680645]	[-1.206972022327335e-12, 1.9070058032699677e-11, 2.047051728914197e-12]	[]
1.3187309687460189e-11	0.9999999999868127	[-0.5309962729292413, 0.07691125362759434, -0.8438765414447106]	[2.2878707262030673e-10, -3.3138172761404405e-11, 3.635962386401738e-10]	[]
9.775403696536206e-17	1.0	[-0.5309962729292413, 0.07691125362759434, -0.8438765414447106]	[2.2878707262030673e-10, -3.3138172761404405e-11, 3.635962386401738e-10]	[]
0.9933716912027811	0.0066283087972182405	[-0.5309962729292413, 0.07691125362759434, -0.8438765414447106]	[2.2878707262030673e-10, -3.3138172761404405e-11, 3.635962386401738e-10]	[]
0.9950690882011065	0.004930911798892279	[-0.5309962729292413, 0.07691125362759434, -0.8438765414447106]	[2.2878707262030673e-10, -3.3138172761404405e-11, 3.635962386401738e-10]	[]
0.9942212041441393	0.005778795855909315	[-0.5309962729292413, 0.07691125362759434, -0.8438765414447106]	[2.2878707262030673e-10, -3.3138172761404405e-11, 3.635962386401738e-10]	[]
2.7422639835582625e-16	0.9999999999999998	[-0.5309962729292413, 0.07691125362759434, -0.8438765414447106]	[2.2878707262030673e-10, -3.3138172761404405e-11, 3.635962386401738e-10]	[]
2.283313602321577e-15	0.9999999999999977	[-0.5309962729292413, 0.07691125362759434, -0.8438765414447106]	[2.2878707262030673e-10, -3.3138172761404405e-11, 3.635962386401738e-10]	[]
0.9938048515731305	0.006195148426876747	[-0.5309962729292413, 0.07691125362759434, -0.8438765414447106]	[2.2878707262030673e-10, -3.3138172761404405e-11, 3.635962386401738e-10]	[]
0.9916894725069355	0.008310527493065161	[-0.5309962729292413, 0.07691125362759434, -0.8438765414447106]	[2.2878707262030673e-10, -3.3138172761404405e-11, 3.635962386401738e-10]	[]
1.4339935801987088e-14	0.9999999999999857	[-0.5309962729292413, 0.07691125362759434, -0.8438765414447106]	[2.2878707262030673e-10, -3.3138172761404405e-11, 3.635962386401738e-10]	[]
2.159248705832747e-12	0.9999999999978407	[-0.5309962729292413, 0.07691125362759434, -0.8438765414447106]	[2.2878707262030673e-10, -3.3138172761404405e-11, 3.635962386401738e-10]	[]
0.9957923256091223	0.004207674390877897	[-0.5309962729292413, 0.07691125362759434, -0.8438765414447106]	[2.2878707262030673e-10, -3.3138172761404405e-11, 3.635962386401738e-10]	[]
0.9966482441266127	0.0033517558733866084	[-0.5309962729292413, 0.07691125362759434, -0.8438765414447106]	[2.2878707262030673e-10, -3.3138172761404405e-11, 3.635962386401738e-10]	[]
0.9938121023827942	0.006187897617205002	[-0.5309962729292413, 0.07691125362759434, -0.8438765414447106]	[2.2878707262030673e-10, -3.3138172761404405e-11, 3.635962386401738e-10]	[]
0.9962731982614618	0.003726801738540225	[-0.5309962729292413, 0.07691125362759434, -0.8438765414447106]	[2.2878707262030673e-10, -3.3138172761404405e-11, 3.635962386401738e-10]	[]
9.59929334760825e-17	0.9999999999999998	[-0.5675339895349695, 0.42889162584799057, 0.7028208477272059]	[-0.24613420489858784, 0.18600630316830252, 0.3048068551510576]	[]
0.9920103174939868	0.007989682506014083	[-0.5675339895349695, 0.42889162584799057, 0.7028208477272059]	[-0.24613420489858784, 0.18600630316830252, 0.3048068551510576]	[]
0.9948144283148891	0.0051855716851088	[-0.5675339895349695, 0.42889162584799057, 0.7028208477272059]	[-0.24613420489858784, 0.18600630316830252, 0.3048068551510576]	[]
9.135054449922842e-17	0.9999999999999999	[-0.5675339895349695, 0.42889162584799057, 0.7028208477272059]	[-0.24613420489858784, 0.18600630316830252, 0.3048068551510576]	[]
0.9987046884228756	0.0012953115771227686	[-0.5675339895349695, 0.42889162584799057, 0.7028208477272059]	[-0.24613420489858784, 0.18600630316830252, 0.3048068551510576]	[]
-1.713336661718567e-16	1.0000000000000002	[-0.5675339895349695, 0.42889162584799057, 0.7028208477272059]	[-0.24613420489858784, 0.18600630316830252, 0.3048068551510576]	[]
2.874789332225721e-12	0.9999999999971252	[-0.5675339895349695, 0.42889162584799057, 0.7028208477272059]	[-0.24613420489858784, 0.18600630316830252, 0.3048068551510576]	[]
0.9857323966597491	0.014267603340251813	[-0.5675339895349695, 0.42889162584799057, 0.7028208477272059]	[-0.24613420489858784, 0.18600630316830252, 0.3048068551510576]	[]
0.9893746931021545	0.010625306897845717	[-0.5675339895349695, 0.42889162584799057, 0.7028208477272059]	[-0.24613420489858784, 0.18600630316830252, 0.3048068551510576]	[]
0.995772777351939	0.004227222648060914	[-0.5675339895349695, 0.42889162584799057, 0.7028208477272059]	[-0.24613420489858784, 0.18600630316830252, 0.3048068551510576]	[]
9.110765681176233e-17	0.9999999999999999	[-0.5675339895349695, 0.42889162584799057, 0.7028208477272059]	[-0.24613420489858784, 0.18600630316830252, 0.3048068551510576]	[]
0.9935905603743326	0.0064094396256669664	[-0.5675339895349695, 0.42889162584799057, 0.7028208477272059]	[-0.24613420489858784, 0.18600630316830252, 0.3048068551510576]	[]
0.9875913969132487	0.01240860308674874	[-0.5675339895349695, 0.42889162584799057, 0.7028208477272059]	[-0.24613420489858784, 0.18600630316830252, 0.3048068551510576]	[]
9.089357916235622e-17	0.9999999999999999	[-0.5675339895349695, 0.42889162584799057, 0.7028208477272059]	[-0.24613420489858784, 0.18600630316830252, 0.3048068551510576]	[]
0.9950414140945311	0.004958585905471217	[-0.5675339895349695, 0.42889162584799057, 0.7028208477272059]	[-0.24613420489858784, 0.18600630316830252, 0.3048068551510576]	[]
2.374281508270087e-17	0.9999999999999999	[0.027683618160172, 0.9973069854978693, 0.06791460787425818]	[0.011308930684065254, 0.40740612388432973, 0.027743540907178548]	[]
2.648119172153824e-15	0.9999999999999973	[0.027683618160172, 0.9973069854978693, 0.06791460787425818]	[0.011308930684065254, 0.40740612388432973, 0.027743540907178548]	[]
0.9875113252711843	0.01248867472881371	[0.027683618160172, 0.9973069854978693, 0.06791460787425818]	[0.011308930684065254, 0.40740612388432973, 0.027743540907178548]	[]
0.9895289442331446	0.01047105576685781	[0.027683618160172, 0.9973069854978693, 0.06791460787425818]	[0.011308930684065254, 0.40740612388432973, 0.027743540907178548]	[]
0.9867076837328761	0.013292316267122685	[0.027683618160172, 0.9973069854978693, 0.06791460787425818]	[0.011308930684065254, 0.40740612388432973, 0.027743540907178548]	[]
0.9943486471296304	0.005651352870368666	[0.027683618160172, 0.9973069854978693, 0.06791460787425818]	[0.011308930684065254, 0.40740612388432973, 0.027743540907178548]	[]
0.9910791038046983	0.008920896195301429	[0.027683618160172, 0.9973069854978693, 0.06791460787425818]	[0.011308930684065254, 0.40740612388432973, 0.027743540907178548]	[]
0.9910305032985858	0.00896949670141042	[0.027683618160172, 0.9973069854978693, 0.06791460787425818]	[0.011308930684065254, 0.40740612388432973, 0.027743540907178548]	[]
6.549819831060783e-12	0.9999999999934502	[0.027683618160172, 0.9973069854978693, 0.06791460787425818]	[0.011308930684065254, 0.40740612388432973, 0.027743540907178548]	[]
6.625666835320373e-10	0.9999999993374332	[0.027683618160172, 0.9973069854978693, 0.06791460787425818]	[0.011308930684065254, 0.40740612388432973, 0.027743540907178548]	[]
0.9941593727188731	0.005840627281127606	[0.027683618160172, 0.9973069854978693, 0.06791460787425818]	[0.011308930684065254, 0.40740612388432973, 0.027743540907178548]	[]
7.078864703327824e-17	0.9999999999999999	[0.027683618160172, 0.9973069854978693, 0.06791460787425818]	[0.011308930684065254, 0.40740612388432973, 0.027743540907178548]	[]
0.9903036242870819	0.009696375712918634	[0.027683618160172, 0.9973069854978693, 0.06791460787425818]	[0.011308930684065254, 0.40740612388432973, 0.027743540907178548]	[]
0.9963415630663179	0.0036584369336851007	[0.027683618160172, 0.9973069854978693, 0.06791460787425818]	[0.011308930684065254, 0.40740612388432973, 0.027743540907178548]	[]
0.9934408430208276	0.00655915697918758	[0.027683618160172, 0.9973069854978693, 0.06791460787425818]	[0.011308930684065254, 0.40740612388432973, 0.027743540907178548]	[]
5.081718601325938e-12	0.9999999999949184	[0.7807544835459642, -0.28873638806121155, 0.5541242952914448]	[0.5367938567140409, -0.19851556742540943, 0.38097830218983714]	[]
0.9904975930418278	0.009502406958171747	[0.7807544835459642, -0.28873638806121155, 0.5541242952914448]	[0.5367938567140409, -0.19851556742540943, 0.38097830218983714]	[]
-2.0043505861121586e-16	1.0000000000000002	[0.7807544835459642, -0.28873638806121155, 0.5541242952914448]	[0.5367938567140409, -0.19851556742540943, 0.38097830218983714]	[]
1.7240185917510288e-16	0.9999999999999998	[0.7807544835459642, -0.28873638806121155, 0.5541242952914448]	[0.5367938567140409, -0.19851556742540943, 0.38097830218983714]	[]
0.9995173180752192	0.0004826819247905091	[0.7807544835459642, -0.28873638806121155, 0.5541242952914448]	[0.5367938567140409, -0.19851556742540943, 0.38097830218983714]	[]
1.3906842921572047e-10	0.9999999998609316	[0.7807544835459642, -0.28873638806121155, 0.5541242952914448]	[0.5367938567140409, -0.19851556742540943, 0.38097830218983714]	[]
-6.862694358117963e-17	1.0	[0.7807544835459642, -0.28873638806121155, 0.5541242952914448]	[0.5367938567140409, -0.19851556742540943, 0.38097830218983714]	[]
5.204590337039097e-12	0.9999999999947955	[0.7807544835459642, -0.28873638806121155, 0.5541242952914448]	[0.5367938567140409, -0.19851556742540943, 0.38097830218983714]	[]
0.9971543603632719	0.00284563963672575	[0.7807544835459642, -0.28873638806121155, 0.5541242952914448]	[0.5367938567140409, -0.19851556742540943, 0.38097830218983714]	[]
5.2195547876466065e-17	0.9999999999999999	[0.7807544835459642, -0.28873638806121155, 0.5541242952914448]	[0.5367938567140409, -0.19851556742540943, 0.38097830218983714]	[]
1.0784203080355012e-14	0.999999999999989	[0.7807544835459642, -0.28873638806121155, 0.5541242952914448]	[0.5367938567140409, -0.19851556742540943, 0.38097830218983714]	[]
4.844226636973744e-16	0.9999999999999994	[0.7807544835459642, -0.28873638806121155, 0.5541242952914448]	[0.5367938567140409, -0.19851556742540943, 0.38097830218983714]	[]
8.860927704705215e-13	0.9999999999991138	[0.7807544835459642, -0.28873638806121155, 0.5541242952914448]	[0.5367938567140409, -0.19851556742540943, 0.38097830218983714]	[]
0.9944857677328196	0.005514232267174929	[0.7807544835459642, -0.28873638806121155, 0.5541242952914448]	[0.5367938567140409, -0.19851556742540943, 0.38097830218983714]	[]
-8.725969733271175e-17	1.0	[0.7807544835459642, -0.28873638806121155, 0.5541242952914448]	[0.5367938567140409, -0.19851556742540943, 0.38097830218983714]	[]
0.9939922267510782	0.006007773248922101	[0.942429967915496, 0.31025077145589547, 0.12478066511210294]	[0.7881689740944514, 0.25946758971519823, 0.10435602873045]	[]
-2.2851325317153835e-16	1.0000000000000002	[0.942429967915496, 0.31025077145589547, 0.12478066511210294]	[0.7881689740944514, 0.25946758971519823, 0.10435602873045]	[]
0.9940585682466023	0.005941431753397965	[0.942429967915496, 0.31025077145589547, 0.12478066511210294]	[0.7881689740944514, 0.25946758971519823, 0.10435602873045]	[]
0.9922864702033289	0.0077135297966709065	[0.942429967915496, 0.31025077145589547, 0.12478066511210294]	[0.7881689740944514, 0.25946758971519823, 0.10435602873045]	[]
0.9902349450410637	0.009765054958938474	[0.942429967915496, 0.31025077145589547, 0.12478066511210294]	[0.7881689740944514, 0.25946758971519823, 0.10435602873045]	[]
0.9979157171897037	0.0020842828102960098	[0.942429967915496, 0.31025077145589547, 0.12478066511210294]	[0.7881689740944514, 0.25946758971519823, 0.10435602873045]	[]
9.604552484535796e-17	0.9999999999999998	[0.942429967915496, 0.31025077145589547, 0.12478066511210294]	[0.7881689740944514, 0.25946758971519823, 0.10435602873045]	[]
0.9975294614639529	0.0024705385360272213	[0.942429967915496, 0.31025077145589547, 0.12478066511210294]	[0.7881689740944514, 0.25946758971519823, 0.10435602873045]	[]
0.9940385551280182	0.005961444871955273	[0.942429967915496, 0.31025077145589547, 0.12478066511210294]	[0.7881689740944514, 0.25946758971519823, 0.10435602873045]	[]
0.9941906626465821	0.005809337353418009	[0.942429967915496, 0.31025077145589547, 0.12478066511210294]	[0.7881689740944514, 0.25946758971519823, 0.10435602873045]	[]
0.9935652600503776	0.006434739949625379	[0.942429967915496, 0.31025077145589547, 0.12478066511210294]	[0.7881689740944514, 0.25946758971519823, 0.10435602873045]	[]
5.615056941569081e-16	0.9999999999999993	[0.942429967915496, 0.31025077145589547, 0.12478066511210294]	[0.7881689740944514, 0.25946758971519823, 0.10435602873045]	[]
9.209199116220091e-17	0.9999999999999999	[0.942429967915496, 0.31025077145589547, 0.12478066511210294]	[0.7881689740944514, 0.25946758971519823, 0.10435602873045]	[]
1.2954332326785567e-11	0.9999999999870457	[0.942429967915496, 0.31025077145589547, 0.12478066511210294]	[0.7881689740944514, 0.25946758971519823, 0.10435602873045]	[]
1.0025783511661486e-11	0.9999999999899741	[0.942429967915496, 0.31025077145589547, 0.12478066511210294]	[0.7881689740944514, 0.25946758971519823, 0.10435602873045]	[]
9.1671954200017e-17	0.9999999999999999	[0.8076416645791876, 0.20959886407130335, -0.5511653634035599]	[-1.830013640624628e-10, -4.7492301757934285e-11, 1.2488785800316796e-10]	[]
0.994217398889237	0.005782601110763033	[0.8076416645791876, 0.20959886407130335, -0.5511653634035599]	[-1.830013640624628e-10, -4.7492301757934285e-11, 1.2488785800316796e-10]	[]
3.007123612231904e-14	0.9999999999999699	[0.8076416645791876, 0.20959886407130335, -0.5511653634035599]	[-1.830013640624628e-10, -4.7492301757934285e-11, 1.2488785800316796e-10]	[]
9.104683477462705e-17	0.9999999999999998	[0.8076416645791876, 0.20959886407130335, -0.5511653634035599]	[-1.830013640624628e-10, -4.7492301757934285e-11, 1.2488785800316796e-10]	[]
1.7345457190197142e-11	0.9999999999826544	[0.8076416645791876, 0.20959886407130335, -0.5511653634035599]	[-1.830013640624628e-10, -4.7492301757934285e-11, 1.2488785800316796e-10]	[]
0.9941811266988921	0.005818873301106087	[0.8076416645791876, 0.20959886407130335, -0.5511653634035599]	[-1.830013640624628e-10, -4.7492301757934285e-11, 1.2488785800316796e-10]	[]
0.9980367224346954	0.0019632775653052087	[0.8076416645791876, 0.20959886407130335, -0.5511653634035599]	[-1.830013640624628e-10, -4.7492301757934285e-11, 1.2488785800316796e-10]	[]
0.9955527163786283	0.004447283621374845	[0.8076416645791876, 0.20959886407130335, -0.5511653634035599]	[-1.830013640624628e-10, -4.7492301757934285e-11, 1.2488785800316796e-10]	[]
0.9985087762470002	0.0014912237530020375	[0.8076416645791876, 0.20959886407130335, -0.5511653634035599]	[-1.830013640624628e-10, -4.7492301757934285e-11, 1.2488785800316796e-10]	[]
0.9895719050623972	0.010428094937602089	[0.8076416645791876, 0.20959886407130335, -0.5511653634035599]	[-1.830013640624628e-10, -4.7492301757934285e-11, 1.2488785800316796e-10]	[]
0.996569996075735	0.0034300039242651345	[0.8076416645791876, 0.20959886407130335, -0.5511653634035599]	[-1.830013640624628e-10, -4.7492301757934285e-11, 1.2488785800316796e-10]	[]
0.9914302009755253	0.008569799024476653	[0.8076416645791876, 0.20959886407130335, -0.5511653634035599]	[-1.830013640624628e-10, -4.7492301757934285e-11, 1.2488785800316796e-10]	[]
0.9899670475208703	0.010032952479129045	[0.8076416645791876, 0.20959886407130335, -0.5511653634035599]	[-1.830013640624628e-10, -4.7492301757934285e-11, 1.2488785800316796e-10]	[]
0.9986684427395254	0.0013315572604735548	[0.8076416645791876, 0.20959886407130335, -0.5511653634035599]	[-1.830013640624628e-10, -4.7492301757934285e-11, 1.2488785800316796e-10]	[]
0.9895966068853486	0.01040339311465155	[0.8076416645791876, 0.20959886407130335, -0.5511653634035599]	[-1.830013640624628e-10, -4.7492301757934285e-11, 1.2488785800316796e-10]	[]
