-5.382841674475862e-11	1.0000000000538283	[-0.5102634565406009, -0.8301503368155454, -0.22468115898818644]	[2.746673721798487e-11, 4.468576897398435e-11, 1.2094041015382327e-11]	[]
0.7668911170768241	0.2331088829231759	[-0.5102634565406009, -0.8301503368155454, -0.22468115898818644]	[2.746673721798487e-11, 4.468576897398435e-11, 1.2094041015382327e-11]	[]
0.7317978592349762	0.26820214076502374	[-0.5102634565406009, -0.8301503368155454, -0.22468115898818644]	[2.746673721798487e-11, 4.468576897398435e-11, 1.2094041015382327e-11]	[]
-3.5375404100473943e-10	1.0000000003537541	[-0.5102634565406009, -0.8301503368155454, -0.22468115898818644]	[2.746673721798487e-11, 4.468576897398435e-11, 1.2094041015382327e-11]	[]
-5.077775422437854e-12	1.0000000000050777	[-0.5102634565406009, -0.8301503368155454, -0.22468115898818644]	[2.746673721798487e-11, 4.468576897398435e-11, 1.2094041015382327e-11]	[]
-3.3410897306550184e-10	1.0000000003341087	[-0.5102634565406009, -0.8301503368155454, -0.22468115898818644]	[2.746673721798487e-11, 4.468576897398435e-11, 1.2094041015382327e-11]	[]
0.35559558364845434	0.6444044163515458	[-0.5102634565406009, -0.8301503368155454, -0.22468115898818644]	[2.746673721798487e-11, 4.468576897398435e-11, 1.2094041015382327e-11]	[]
-4.969357842175811e-10	1.0000000004969358	[-0.5102634565406009, -0.8301503368155454, -0.22468115898818644]	[2.746673721798487e-11, 4.468576897398435e-11, 1.2094041015382327e-11]	[]
-4.276583907101664e-10	1.0000000004276584	[-0.5102634565406009, -0.8301503368155454, -0.22468115898818644]	[2.746673721798487e-11, 4.468576897398435e-11, 1.2094041015382327e-11]	[]
-1.899160534393133e-10	1.000000000189916	[-0.5102634565406009, -0.8301503368155454, -0.22468115898818644]	[2.746673721798487e-11, 4.468576897398435e-11, 1.2094041015382327e-11]	[]
0.534224171965094	0.4657758280349059	[-0.5102634565406009, -0.8301503368155454, -0.22468115898818644]	[2.746673721798487e-11, 4.468576897398435e-11, 1.2094041015382327e-11]	[]
-4.698146173021684e-10	1.0000000004698146	[-0.5102634565406009, -0.8301503368155454, -0.22468115898818644]	[2.746673721798487e-11, 4.468576897398435e-11, 1.2094041015382327e-11]	[]
-3.8262940538696087e-10	1.0000000003826295	[-0.5102634565406009, -0.8301503368155454, -0.22468115898818644]	[2.746673721798487e-11, 4.468576897398435e-11, 1.2094041015382327e-11]	[]
-3.8788546424013773e-10	1.0000000003878855	[-0.5102634565406009, -0.8301503368155454, -0.22468115898818644]	[2.746673721798487e-11, 4.468576897398435e-11, 1.2094041015382327e-11]	[]
-3.2797489761614774e-10	1.000000000327975	[-0.5102634565406009, -0.8301503368155454, -0.22468115898818644]	[2.746673721798487e-11, 4.468576897398435e-11, 1.2094041015382327e-11]	[]
-4.358643377679153e-11	1.0000000000435862	[0.6747861944784449, 0.7162854919145434, -0.17776019187106754]	[-2.941150101243295e-11, -3.12203596308791e-11, 7.747919441490606e-12]	[]
0.6544853838380081	0.3455146161619918	[0.6747861944784449, 0.7162854919145434, -0.17776019187106754]	[-2.941150101243295e-11, -3.12203596308791e-11, 7.747919441490606e-12]	[]
-9.147314090872693e-14	1.0000000000000913	[0.6747861944784449, 0.7162854919145434, -0.17776019187106754]	[-2.941150101243295e-11, -3.12203596308791e-11, 7.747919441490606e-12]	[]
-3.054514284374426e-10	1.0000000003054514	[0.6747861944784449, 0.7162854919145434, -0.17776019187106754]	[-2.941150101243295e-11, -3.12203596308791e-11, 7.747919441490606e-12]	[]
0.41744736514728725	0.5825526348527128	[0.6747861944784449, 0.7162854919145434, -0.17776019187106754]	[-2.941150101243295e-11, -3.12203596308791e-11, 7.747919441490606e-12]	[]
-2.8417836200239e-10	1.0000000002841782	[0.6747861944784449, 0.7162854919145434, -0.17776019187106754]	[-2.941150101243295e-11, -3.12203596308791e-11, 7.747919441490606e-12]	[]
0.8102026700214913	0.18979732997850893	[0.6747861944784449, 0.7162854919145434, -0.17776019187106754]	[-2.941150101243295e-11, -3.12203596308791e-11, 7.747919441490606e-12]	[]
-4.294201509178066e-10	1.00000000042942	[0.6747861944784449, 0.7162854919145434, -0.17776019187106754]	[-2.941150101243295e-11, -3.12203596308791e-11, 7.747919441490606e-12]	[]
-4.2050387508916623e-10	1.0000000004205039	[0.6747861944784449, 0.7162854919145434, -0.17776019187106754]	[-2.941150101243295e-11, -3.12203596308791e-11, 7.747919441490606e-12]	[]
-6.494717611445353e-11	1.0000000000649472	[0.6747861944784449, 0.7162854919145434, -0.17776019187106754]	[-2.941150101243295e-11, -3.12203596308791e-11, 7.747919441490606e-12]	[]
0.7933194111849439	0.20668058881505613	[0.6747861944784449, 0.7162854919145434, -0.17776019187106754]	[-2.941150101243295e-11, -3.12203596308791e-11, 7.747919441490606e-12]	[]
0.6201979743342843	0.37980202566571564	[0.6747861944784449, 0.7162854919145434, -0.17776019187106754]	[-2.941150101243295e-11, -3.12203596308791e-11, 7.747919441490606e-12]	[]
-2.710825691494331e-10	1.0000000002710827	[0.6747861944784449, 0.7162854919145434, -0.17776019187106754]	[-2.941150101243295e-11, -3.12203596308791e-11, 7.747919441490606e-12]	[]
0.5781702203128771	0.42182977968712265	[0.6747861944784449, 0.7162854919145434, -0.17776019187106754]	[-2.941150101243295e-11, -3.12203596308791e-11, 7.747919441490606e-12]	[]
-3.847323827582316e-10	1.0000000003847322	[0.6747861944784449, 0.7162854919145434, -0.17776019187106754]	[-2.941150101243295e-11, -3.12203596308791e-11, 7.747919441490606e-12]	[]
-5.630399953761204e-11	1.0000000000563039	[0.07770387124833221, -0.985054431847529, -0.15372011804108196]	[-4.375069750928162e-12, 5.546253734056705e-11, 8.655032198315428e-12]	[]
0.4400790380947278	0.5599209619052724	[0.07770387124833221, -0.985054431847529, -0.15372011804108196]	[-4.375069750928162e-12, 5.546253734056705e-11, 8.655032198315428e-12]	[]
-1.727588144480882e-11	1.000000000017276	[0.07770387124833221, -0.985054431847529, -0.15372011804108196]	[-4.375069750928162e-12, 5.546253734056705e-11, 8.655032198315428e-12]	[]
0.5131848425763388	0.4868151574236611	[0.07770387124833221, -0.985054431847529, -0.15372011804108196]	[-4.375069750928162e-12, 5.546253734056705e-11, 8.655032198315428e-12]	[]
0.3510222821171692	0.6489777178828308	[0.07770387124833221, -0.985054431847529, -0.15372011804108196]	[-4.375069750928162e-12, 5.546253734056705e-11, 8.655032198315428e-12]	[]
-2.632651127378178e-10	1.000000000263265	[0.07770387124833221, -0.985054431847529, -0.15372011804108196]	[-4.375069750928162e-12, 5.546253734056705e-11, 8.655032198315428e-12]	[]
0.7951987289056542	0.2048012710943457	[0.07770387124833221, -0.985054431847529, -0.15372011804108196]	[-4.375069750928162e-12, 5.546253734056705e-11, 8.655032198315428e-12]	[]
0.47856643167368745	0.5214335683263126	[0.07770387124833221, -0.985054431847529, -0.15372011804108196]	[-4.375069750928162e-12, 5.546253734056705e-11, 8.655032198315428e-12]	[]
-1.4267433526274595e-11	1.0000000000142673	[0.07770387124833221, -0.985054431847529, -0.15372011804108196]	[-4.375069750928162e-12, 5.546253734056705e-11, 8.655032198315428e-12]	[]
0.6645143915117017	0.3354856084882984	[0.07770387124833221, -0.985054431847529, -0.15372011804108196]	[-4.375069750928162e-12, 5.546253734056705e-11, 8.655032198315428e-12]	[]
0.4425388156418407	0.5574611843581593	[0.07770387124833221, -0.985054431847529, -0.15372011804108196]	[-4.375069750928162e-12, 5.546253734056705e-11, 8.655032198315428e-12]	[]
0.4850596072472127	0.5149403927527975	[0.07770387124833221, -0.985054431847529, -0.15372011804108196]	[-4.375069750928162e-12, 5.546253734056705e-11, 8.655032198315428e-12]	[]
-3.8309941066499713e-10	1.0000000003830993	[0.07770387124833221, -0.985054431847529, -0.15372011804108196]	[-4.375069750928162e-12, 5.546253734056705e-11, 8.655032198315428e-12]	[]
0.3906209766839566	0.6093790233160434	[0.07770387124833221, -0.985054431847529, -0.15372011804108196]	[-4.375069750928162e-12, 5.546253734056705e-11, 8.655032198315428e-12]	[]
-4.087994913919494e-10	1.0000000004087994	[0.07770387124833221, -0.985054431847529, -0.15372011804108196]	[-4.375069750928162e-12, 5.546253734056705e-11, 8.655032198315428e-12]	[]
0.7173428796711873	0.2826571203288127	[0.8201737834426703, -0.47268913977503174, 0.3223041142959181]	[0.5883458236455776, -0.33908018871551837, 0.231202561478905]	[]
0.7061935250586024	0.29380647494139744	[0.8201737834426703, -0.47268913977503174, 0.3223041142959181]	[0.5883458236455776, -0.33908018871551837, 0.231202561478905]	[]
-1.562325981947655e-10	1.0000000001562326	[0.8201737834426703, -0.47268913977503174, 0.3223041142959181]	[0.5883458236455776, -0.33908018871551837, 0.231202561478905]	[]
-3.9710051541184027e-10	1.0000000003971004	[0.8201737834426703, -0.47268913977503174, 0.3223041142959181]	[0.5883458236455776, -0.33908018871551837, 0.231202561478905]	[]
0.40505613121755246	0.5949438687824474	[0.8201737834426703, -0.47268913977503174, 0.3223041142959181]	[0.5883458236455776, -0.33908018871551837, 0.231202561478905]	[]
-2.8394423952242666e-11	1.0000000000283944	[0.8201737834426703, -0.47268913977503174, 0.3223041142959181]	[0.5883458236455776, -0.33908018871551837, 0.231202561478905]	[]
0.36665602800344305	0.633343971996557	[0.8201737834426703, -0.47268913977503174, 0.3223041142959181]	[0.5883458236455776, -0.33908018871551837, 0.231202561478905]	[]
0.35189553779582	0.64810446220418	[0.8201737834426703, -0.47268913977503174, 0.3223041142959181]	[0.5883458236455776, -0.33908018871551837, 0.231202561478905]	[]
-2.0748740491240325e-10	1.0000000002074876	[0.8201737834426703, -0.47268913977503174, 0.3223041142959181]	[0.5883458236455776, -0.33908018871551837, 0.231202561478905]	[]
0.7360048219746455	0.2639951780253545	[0.8201737834426703, -0.47268913977503174, 0.3223041142959181]	[0.5883458236455776, -0.33908018871551837, 0.231202561478905]	[]
-3.9001818981348697e-10	1.0000000003900182	[0.8201737834426703, -0.47268913977503174, 0.3223041142959181]	[0.5883458236455776, -0.33908018871551837, 0.231202561478905]	[]
-1.1900287613120935e-09	1.0000000011900116	[0.8201737834426703, -0.47268913977503174, 0.3223041142959181]	[0.5883458236455776, -0.33908018871551837, 0.231202561478905]	[]
-5.636547577387271e-10	1.0000000005636547	[0.8201737834426703, -0.47268913977503174, 0.3223041142959181]	[0.5883458236455776, -0.33908018871551837, 0.231202561478905]	[]
-4.0049679804911916e-10	1.0000000004004967	[0.8201737834426703, -0.47268913977503174, 0.3223041142959181]	[0.5883458236455776, -0.33908018871551837, 0.231202561478905]	[]
0.8840535323593762	0.11594646764062376	[0.8201737834426703, -0.47268913977503174, 0.3223041142959181]	[0.5883458236455776, -0.33908018871551837, 0.231202561478905]	[]
0.5422674995017576	0.45773250049824243	[-0.945863434036826, -0.26237212886889666, 0.19105818523388635]	[-0.5129109992452954, -0.14227587826068963, 0.10360464436612256]	[]
-9.107774550392363e-12	1.0000000000091072	[-0.945863434036826, -0.26237212886889666, 0.19105818523388635]	[-0.5129109992452954, -0.14227587826068963, 0.10360464436612256]	[]
0.652742901323747	0.3472570986762529	[-0.945863434036826, -0.26237212886889666, 0.19105818523388635]	[-0.5129109992452954, -0.14227587826068963, 0.10360464436612256]	[]
0.7200957243022879	0.2799042756977121	[-0.945863434036826, -0.26237212886889666, 0.19105818523388635]	[-0.5129109992452954, -0.14227587826068963, 0.10360464436612256]	[]
-4.004552011137349e-10	1.0000000004004552	[-0.945863434036826, -0.26237212886889666, 0.19105818523388635]	[-0.5129109992452954, -0.14227587826068963, 0.10360464436612256]	[]
-1.409670294463587e-10	1.000000000140967	[-0.945863434036826, -0.26237212886889666, 0.19105818523388635]	[-0.5129109992452954, -0.14227587826068963, 0.10360464436612256]	[]
0.39578587855156644	0.6042141214484336	[-0.945863434036826, -0.26237212886889666, 0.19105818523388635]	[-0.5129109992452954, -0.14227587826068963, 0.10360464436612256]	[]
-2.00184130311121e-10	1.000000000200184	[-0.945863434036826, -0.26237212886889666, 0.19105818523388635]	[-0.5129109992452954, -0.14227587826068963, 0.10360464436612256]	[]
-4.010519691865776e-10	1.0000000004010519	[-0.945863434036826, -0.26237212886889666, 0.19105818523388635]	[-0.5129109992452954, -0.14227587826068963, 0.10360464436612256]	[]
0.39449277305030866	0.6055072269496913	[-0.945863434036826, -0.26237212886889666, 0.19105818523388635]	[-0.5129109992452954, -0.14227587826068963, 0.10360464436612256]	[]
0.6038137270699427	0.39618627293005715	[-0.945863434036826, -0.26237212886889666, 0.19105818523388635]	[-0.5129109992452954, -0.14227587826068963, 0.10360464436612256]	[]
0.5167293946696477	0.48327060533035204	[-0.945863434036826, -0.26237212886889666, 0.19105818523388635]	[-0.5129109992452954, -0.14227587826068963, 0.10360464436612256]	[]
-5.876735758860274e-10	1.0000000005876735	[-0.945863434036826, -0.26237212886889666, 0.19105818523388635]	[-0.5129109992452954, -0.14227587826068963, 0.10360464436612256]	[]
0.6704161431206069	0.32958385687939296	[-0.945863434036826, -0.26237212886889666, 0.19105818523388635]	[-0.5129109992452954, -0.14227587826068963, 0.10360464436612256]	[]
-2.4384921717506404e-10	1.000000000243849	[-0.945863434036826, -0.26237212886889666, 0.19105818523388635]	[-0.5129109992452954, -0.14227587826068963, 0.10360464436612256]	[]
