0.36290026085361127	0.6370997391463887	[-0.24180703114532576, -0.7103851092741186, 0.6609707680452155]	[-0.08775183467887603, -0.2577989414620989, 0.23986646414022034]	[]
-5.994785394213883e-11	1.0000000000599478	[-0.24180703114532576, -0.7103851092741186, 0.6609707680452155]	[-0.08775183467887603, -0.2577989414620989, 0.23986646414022034]	[]
0.7850166847605704	0.21498331523942965	[-0.24180703114532576, -0.7103851092741186, 0.6609707680452155]	[-0.08775183467887603, -0.2577989414620989, 0.23986646414022034]	[]
3.6341671405242885e-10	0.9999999996365838	[-0.24180703114532576, -0.7103851092741186, 0.6609707680452155]	[-0.08775183467887603, -0.2577989414620989, 0.23986646414022034]	[]
0.4141040172004541	0.5858959827995459	[-0.24180703114532576, -0.7103851092741186, 0.6609707680452155]	[-0.08775183467887603, -0.2577989414620989, 0.23986646414022034]	[]
0.5069902156434646	0.4930097843565357	[-0.24180703114532576, -0.7103851092741186, 0.6609707680452155]	[-0.08775183467887603, -0.2577989414620989, 0.23986646414022034]	[]
7.204555085861949e-10	0.9999999992795449	[-0.24180703114532576, -0.7103851092741186, 0.6609707680452155]	[-0.08775183467887603, -0.2577989414620989, 0.23986646414022034]	[]
0.4868360331244811	0.513163966875519	[-0.24180703114532576, -0.7103851092741186, 0.6609707680452155]	[-0.08775183467887603, -0.2577989414620989, 0.23986646414022034]	[]
0.38387746542278234	0.6161225345772176	[-0.24180703114532576, -0.7103851092741186, 0.6609707680452155]	[-0.08775183467887603, -0.2577989414620989, 0.23986646414022034]	[]
-4.030905999315825e-10	1.0000000004030904	[-0.24180703114532576, -0.7103851092741186, 0.6609707680452155]	[-0.08775183467887603, -0.2577989414620989, 0.23986646414022034]	[]
0.6657776759883994	0.3342223240116005	[-0.24180703114532576, -0.7103851092741186, 0.6609707680452155]	[-0.08775183467887603, -0.2577989414620989, 0.23986646414022034]	[]
0.8925699893283289	0.10743001067167117	[-0.24180703114532576, -0.7103851092741186, 0.6609707680452155]	[-0.08775183467887603, -0.2577989414620989, 0.23986646414022034]	[]
-3.086703067261044e-10	1.0000000003086702	[-0.24180703114532576, -0.7103851092741186, 0.6609707680452155]	[-0.08775183467887603, -0.2577989414620989, 0.23986646414022034]	[]
-4.5576139094743223e-10	1.0000000004557612	[-0.24180703114532576, -0.7103851092741186, 0.6609707680452155]	[-0.08775183467887603, -0.2577989414620989, 0.23986646414022034]	[]
-3.5111162121141466e-10	1.0000000003511116	[-0.24180703114532576, -0.7103851092741186, 0.6609707680452155]	[-0.08775183467887603, -0.2577989414620989, 0.23986646414022034]	[]
-2.5241004510281607e-10	1.0000000002524099	[-0.6760496840786048, 0.733904073057672, -0.06589109352999079]	[1.7064176460745983e-10, -1.8524476397274725e-10, 1.6631221316285434e-11]	[]
-4.079217255969958e-10	1.0000000004079217	[-0.6760496840786048, 0.733904073057672, -0.06589109352999079]	[1.7064176460745983e-10, -1.8524476397274725e-10, 1.6631221316285434e-11]	[]
-3.932055635862838e-10	1.0000000003932055	[-0.6760496840786048, 0.733904073057672, -0.06589109352999079]	[1.7064176460745983e-10, -1.8524476397274725e-10, 1.6631221316285434e-11]	[]
0.38711635911937725	0.6128836408806227	[-0.6760496840786048, 0.733904073057672, -0.06589109352999079]	[1.7064176460745983e-10, -1.8524476397274725e-10, 1.6631221316285434e-11]	[]
-4.3224924269257254e-11	1.000000000043225	[-0.6760496840786048, 0.733904073057672, -0.06589109352999079]	[1.7064176460745983e-10, -1.8524476397274725e-10, 1.6631221316285434e-11]	[]
0.7702663224458276	0.22973367755417243	[-0.6760496840786048, 0.733904073057672, -0.06589109352999079]	[1.7064176460745983e-10, -1.8524476397274725e-10, 1.6631221316285434e-11]	[]
-4.219424202877372e-11	1.0000000000421942	[-0.6760496840786048, 0.733904073057672, -0.06589109352999079]	[1.7064176460745983e-10, -1.8524476397274725e-10, 1.6631221316285434e-11]	[]
0.3844884101458743	0.6155115898541257	[-0.6760496840786048, 0.733904073057672, -0.06589109352999079]	[1.7064176460745983e-10, -1.8524476397274725e-10, 1.6631221316285434e-11]	[]
0.5130327841270175	0.4869672158729825	[-0.6760496840786048, 0.733904073057672, -0.06589109352999079]	[1.7064176460745983e-10, -1.8524476397274725e-10, 1.6631221316285434e-11]	[]
-2.77735657387081e-10	1.0000000002777356	[-0.6760496840786048, 0.733904073057672, -0.06589109352999079]	[1.7064176460745983e-10, -1.8524476397274725e-10, 1.6631221316285434e-11]	[]
-4.210649236421296e-10	1.000000000421065	[-0.6760496840786048, 0.733904073057672, -0.06589109352999079]	[1.7064176460745983e-10, -1.8524476397274725e-10, 1.6631221316285434e-11]	[]
0.3669015820762836	0.6330984179237165	[-0.6760496840786048, 0.733904073057672, -0.06589109352999079]	[1.7064176460745983e-10, -1.8524476397274725e-10, 1.6631221316285434e-11]	[]
0.3790000640367371	0.6209999359632629	[-0.6760496840786048, 0.733904073057672, -0.06589109352999079]	[1.7064176460745983e-10, -1.8524476397274725e-10, 1.6631221316285434e-11]	[]
-5.030521319781254e-11	1.000000000050305	[-0.6760496840786048, 0.733904073057672, -0.06589109352999079]	[1.7064176460745983e-10, -1.8524476397274725e-10, 1.6631221316285434e-11]	[]
-4.050430858894347e-10	1.000000000405043	[-0.6760496840786048, 0.733904073057672, -0.06589109352999079]	[1.7064176460745983e-10, -1.8524476397274725e-10, 1.6631221316285434e-11]	[]
-4.573043752907532e-10	1.0000000004573044	[0.2583352041547804, 0.2666611457993041, -0.9285228891176083]	[-1.1813777733848951e-10, -1.2194506515683656e-10, 4.246176589933595e-10]	[]
0.7867458009797351	0.21325419902026496	[0.2583352041547804, 0.2666611457993041, -0.9285228891176083]	[-1.1813777733848951e-10, -1.2194506515683656e-10, 4.246176589933595e-10]	[]
0.8865850992897627	0.11341490071023767	[0.2583352041547804, 0.2666611457993041, -0.9285228891176083]	[-1.1813777733848951e-10, -1.2194506515683656e-10, 4.246176589933595e-10]	[]
0.34936260649456125	0.6506373935054387	[0.2583352041547804, 0.2666611457993041, -0.9285228891176083]	[-1.1813777733848951e-10, -1.2194506515683656e-10, 4.246176589933595e-10]	[]
0.5639011748953133	0.4360988251046866	[0.2583352041547804, 0.2666611457993041, -0.9285228891176083]	[-1.1813777733848951e-10, -1.2194506515683656e-10, 4.246176589933595e-10]	[]
0.7651542268916856	0.23484577310831448	[0.2583352041547804, 0.2666611457993041, -0.9285228891176083]	[-1.1813777733848951e-10, -1.2194506515683656e-10, 4.246176589933595e-10]	[]
-1.7917427553706357e-13	1.000000000000179	[0.2583352041547804, 0.2666611457993041, -0.9285228891176083]	[-1.1813777733848951e-10, -1.2194506515683656e-10, 4.246176589933595e-10]	[]
-4.5489364621386896e-10	1.0000000004548937	[0.2583352041547804, 0.2666611457993041, -0.9285228891176083]	[-1.1813777733848951e-10, -1.2194506515683656e-10, 4.246176589933595e-10]	[]
0.6788671986663388	0.3211328013336613	[0.2583352041547804, 0.2666611457993041, -0.9285228891176083]	[-1.1813777733848951e-10, -1.2194506515683656e-10, 4.246176589933595e-10]	[]
0.7690835766058859	0.23091642339412322	[0.2583352041547804, 0.2666611457993041, -0.9285228891176083]	[-1.1813777733848951e-10, -1.2194506515683656e-10, 4.246176589933595e-10]	[]
-2.5561980858918146e-11	1.0000000000255618	[0.2583352041547804, 0.2666611457993041, -0.9285228891176083]	[-1.1813777733848951e-10, -1.2194506515683656e-10, 4.246176589933595e-10]	[]
0.367906281787226	0.632093718212774	[0.2583352041547804, 0.2666611457993041, -0.9285228891176083]	[-1.1813777733848951e-10, -1.2194506515683656e-10, 4.246176589933595e-10]	[]
-3.087317713013142e-10	1.0000000003087315	[0.2583352041547804, 0.2666611457993041, -0.9285228891176083]	[-1.1813777733848951e-10, -1.2194506515683656e-10, 4.246176589933595e-10]	[]
0.597024734435506	0.4029752655644939	[0.2583352041547804, 0.2666611457993041, -0.9285228891176083]	[-1.1813777733848951e-10, -1.2194506515683656e-10, 4.246176589933595e-10]	[]
0.4188059641929105	0.5811940358070895	[0.2583352041547804, 0.2666611457993041, -0.9285228891176083]	[-1.1813777733848951e-10, -1.2194506515683656e-10, 4.246176589933595e-10]	[]
-1.043147277324015e-10	1.0000000001043146	[0.7905674396866558, -0.4099690661387028, -0.45489393062190403]	[-8.246761606933717e-11, 4.276534681935118e-11, 4.7453008238869404e-11]	[]
0.34303327962300756	0.6569667203769924	[0.7905674396866558, -0.4099690661387028, -0.45489393062190403]	[-8.246761606933717e-11, 4.276534681935118e-11, 4.7453008238869404e-11]	[]
-4.3648809439689466e-10	1.0000000004364882	[0.7905674396866558, -0.4099690661387028, -0.45489393062190403]	[-8.246761606933717e-11, 4.276534681935118e-11, 4.7453008238869404e-11]	[]
-3.480930806683765e-10	1.0000000003480929	[0.7905674396866558, -0.4099690661387028, -0.45489393062190403]	[-8.246761606933717e-11, 4.276534681935118e-11, 4.7453008238869404e-11]	[]
0.6679124092215301	0.3320875907784699	[0.7905674396866558, -0.4099690661387028, -0.45489393062190403]	[-8.246761606933717e-11, 4.276534681935118e-11, 4.7453008238869404e-11]	[]
-1.3550900050281691e-11	1.000000000013551	[0.7905674396866558, -0.4099690661387028, -0.45489393062190403]	[-8.246761606933717e-11, 4.276534681935118e-11, 4.7453008238869404e-11]	[]
0.4702053480509061	0.5297946519490939	[0.7905674396866558, -0.4099690661387028, -0.45489393062190403]	[-8.246761606933717e-11, 4.276534681935118e-11, 4.7453008238869404e-11]	[]
0.4456407567009164	0.5543592432990836	[0.7905674396866558, -0.4099690661387028, -0.45489393062190403]	[-8.246761606933717e-11, 4.276534681935118e-11, 4.7453008238869404e-11]	[]
-2.8315931343487195e-10	1.0000000002831593	[0.7905674396866558, -0.4099690661387028, -0.45489393062190403]	[-8.246761606933717e-11, 4.276534681935118e-11, 4.7453008238869404e-11]	[]
0.5940405529340925	0.4059594470659074	[0.7905674396866558, -0.4099690661387028, -0.45489393062190403]	[-8.246761606933717e-11, 4.276534681935118e-11, 4.7453008238869404e-11]	[]
0.688386169769381	0.31161383023061895	[0.7905674396866558, -0.4099690661387028, -0.45489393062190403]	[-8.246761606933717e-11, 4.276534681935118e-11, 4.7453008238869404e-11]	[]
0.7549653374327001	0.24503466256729994	[0.7905674396866558, -0.4099690661387028, -0.45489393062190403]	[-8.246761606933717e-11, 4.276534681935118e-11, 4.7453008238869404e-11]	[]
-4.147194315160948e-10	1.0000000004147191	[0.7905674396866558, -0.4099690661387028, -0.45489393062190403]	[-8.246761606933717e-11, 4.276534681935118e-11, 4.7453008238869404e-11]	[]
-1.0445933638719409e-11	1.0000000000104459	[0.7905674396866558, -0.4099690661387028, -0.45489393062190403]	[-8.246761606933717e-11, 4.276534681935118e-11, 4.7453008238869404e-11]	[]
-4.3527027814293325e-10	1.0000000004352703	[0.7905674396866558, -0.4099690661387028, -0.45489393062190403]	[-8.246761606933717e-11, 4.276534681935118e-11, 4.7453008238869404e-11]	[]
0.34514083991132793	0.654859160088672	[-0.34762115204461297, 0.9189169746679398, 0.18641654518388928]	[-0.11997825638762115, 0.31715577644567006, 0.06433996297813131]	[]
-4.123322453481426e-10	1.0000000004123322	[-0.34762115204461297, 0.9189169746679398, 0.18641654518388928]	[-0.11997825638762115, 0.31715577644567006, 0.06433996297813131]	[]
9.003191833562614e-10	0.999999999099682	[-0.34762115204461297, 0.9189169746679398, 0.18641654518388928]	[-0.11997825638762115, 0.31715577644567006, 0.06433996297813131]	[]
-4.516005453377902e-10	1.0000000004516005	[-0.34762115204461297, 0.9189169746679398, 0.18641654518388928]	[-0.11997825638762115, 0.31715577644567006, 0.06433996297813131]	[]
-7.227332748390843e-12	1.000000000007227	[-0.34762115204461297, 0.9189169746679398, 0.18641654518388928]	[-0.11997825638762115, 0.31715577644567006, 0.06433996297813131]	[]
-2.0988828279426812e-10	1.0000000002098883	[-0.34762115204461297, 0.9189169746679398, 0.18641654518388928]	[-0.11997825638762115, 0.31715577644567006, 0.06433996297813131]	[]
2.625193275632474e-10	0.9999999997374811	[-0.34762115204461297, 0.9189169746679398, 0.18641654518388928]	[-0.11997825638762115, 0.31715577644567006, 0.06433996297813131]	[]
0.3396962369273086	0.6603037630726913	[-0.34762115204461297, 0.9189169746679398, 0.18641654518388928]	[-0.11997825638762115, 0.31715577644567006, 0.06433996297813131]	[]
0.43960778250649335	0.5603922174935068	[-0.34762115204461297, 0.9189169746679398, 0.18641654518388928]	[-0.11997825638762115, 0.31715577644567006, 0.06433996297813131]	[]
0.5472167347736369	0.45278326522636314	[-0.34762115204461297, 0.9189169746679398, 0.18641654518388928]	[-0.11997825638762115, 0.31715577644567006, 0.06433996297813131]	[]
-2.4007894857656955e-10	1.0000000002400788	[-0.34762115204461297, 0.9189169746679398, 0.18641654518388928]	[-0.11997825638762115, 0.31715577644567006, 0.06433996297813131]	[]
-2.539044298005341e-13	1.0000000000002536	[-0.34762115204461297, 0.9189169746679398, 0.18641654518388928]	[-0.11997825638762115, 0.31715577644567006, 0.06433996297813131]	[]
-3.537775981413382e-10	1.0000000003537777	[-0.34762115204461297, 0.9189169746679398, 0.18641654518388928]	[-0.11997825638762115, 0.31715577644567006, 0.06433996297813131]	[]
0.49514153648537956	0.5048584635146205	[-0.34762115204461297, 0.9189169746679398, 0.18641654518388928]	[-0.11997825638762115, 0.31715577644567006, 0.06433996297813131]	[]
-9.998381771574014e-11	1.000000000099984	[-0.34762115204461297, 0.9189169746679398, 0.18641654518388928]	[-0.11997825638762115, 0.31715577644567006, 0.06433996297813131]	[]
