-8.334755845140122e-11	1.0000000000833476	[-0.8967199604030236, -0.3985307365811651, -0.19252678934338915]	[7.473949237279953e-11, 3.3216651651457596e-11, 1.6046448418055986e-11]	[]
0.3453016022713266	0.6546983977286733	[-0.8967199604030236, -0.3985307365811651, -0.19252678934338915]	[7.473949237279953e-11, 3.3216651651457596e-11, 1.6046448418055986e-11]	[]
-2.9473691104174087e-10	1.0000000002947367	[-0.8967199604030236, -0.3985307365811651, -0.19252678934338915]	[7.473949237279953e-11, 3.3216651651457596e-11, 1.6046448418055986e-11]	[]
0.8127607840783567	0.1872392159216431	[-0.8967199604030236, -0.3985307365811651, -0.19252678934338915]	[7.473949237279953e-11, 3.3216651651457596e-11, 1.6046448418055986e-11]	[]
0.3495065256469388	0.650493474353061	[-0.8967199604030236, -0.3985307365811651, -0.19252678934338915]	[7.473949237279953e-11, 3.3216651651457596e-11, 1.6046448418055986e-11]	[]
-3.112410024654264e-10	1.000000000311241	[-0.8967199604030236, -0.3985307365811651, -0.19252678934338915]	[7.473949237279953e-11, 3.3216651651457596e-11, 1.6046448418055986e-11]	[]
-3.221895658231519e-10	1.0000000003221896	[-0.8967199604030236, -0.3985307365811651, -0.19252678934338915]	[7.473949237279953e-11, 3.3216651651457596e-11, 1.6046448418055986e-11]	[]
0.4105175136424492	0.5894824863575507	[-0.8967199604030236, -0.3985307365811651, -0.19252678934338915]	[7.473949237279953e-11, 3.3216651651457596e-11, 1.6046448418055986e-11]	[]
-3.7004468432906665e-10	1.0000000003700447	[-0.8967199604030236, -0.3985307365811651, -0.19252678934338915]	[7.473949237279953e-11, 3.3216651651457596e-11, 1.6046448418055986e-11]	[]
-1.9151957053041608e-11	1.0000000000191513	[-0.8967199604030236, -0.3985307365811651, -0.19252678934338915]	[7.473949237279953e-11, 3.3216651651457596e-11, 1.6046448418055986e-11]	[]
-7.385151144393383e-12	1.000000000007385	[-0.8967199604030236, -0.3985307365811651, -0.19252678934338915]	[7.473949237279953e-11, 3.3216651651457596e-11, 1.6046448418055986e-11]	[]
0.35070627814175886	0.6492937218582412	[-0.8967199604030236, -0.3985307365811651, -0.19252678934338915]	[7.473949237279953e-11, 3.3216651651457596e-11, 1.6046448418055986e-11]	[]
0.5091451782432883	0.4908548217567118	[-0.8967199604030236, -0.3985307365811651, -0.19252678934338915]	[7.473949237279953e-11, 3.3216651651457596e-11, 1.6046448418055986e-11]	[]
0.35783554306387294	0.642164456936127	[-0.8967199604030236, -0.3985307365811651, -0.19252678934338915]	[7.473949237279953e-11, 3.3216651651457596e-11, 1.6046448418055986e-11]	[]
0.6344496203621538	0.3655503796378461	[-0.8967199604030236, -0.3985307365811651, -0.19252678934338915]	[7.473949237279953e-11, 3.3216651651457596e-11, 1.6046448418055986e-11]	[]
-9.538761780424145e-12	1.0000000000095386	[0.676674149324106, 0.7295359302927178, -0.09944557329733784]	[-6.454614620565735e-12, -6.958877918350481e-12, 9.48758465294336e-13]	[]
0.44284848799632226	0.5571515120036777	[0.676674149324106, 0.7295359302927178, -0.09944557329733784]	[-6.454614620565735e-12, -6.958877918350481e-12, 9.48758465294336e-13]	[]
-4.775167949519609e-12	1.000000000004775	[0.676674149324106, 0.7295359302927178, -0.09944557329733784]	[-6.454614620565735e-12, -6.958877918350481e-12, 9.48758465294336e-13]	[]
-3.9811162588644214e-10	1.0000000003981115	[0.676674149324106, 0.7295359302927178, -0.09944557329733784]	[-6.454614620565735e-12, -6.958877918350481e-12, 9.48758465294336e-13]	[]
-8.229217253268567e-13	1.000000000000823	[0.676674149324106, 0.7295359302927178, -0.09944557329733784]	[-6.454614620565735e-12, -6.958877918350481e-12, 9.48758465294336e-13]	[]
0.3615665191986633	0.6384334808013367	[0.676674149324106, 0.7295359302927178, -0.09944557329733784]	[-6.454614620565735e-12, -6.958877918350481e-12, 9.48758465294336e-13]	[]
0.7031451179191182	0.2968548820808818	[0.676674149324106, 0.7295359302927178, -0.09944557329733784]	[-6.454614620565735e-12, -6.958877918350481e-12, 9.48758465294336e-13]	[]
0.5234193876893865	0.4765806123106136	[0.676674149324106, 0.7295359302927178, -0.09944557329733784]	[-6.454614620565735e-12, -6.958877918350481e-12, 9.48758465294336e-13]	[]
-4.2208905372461316e-12	1.0000000000042208	[0.676674149324106, 0.7295359302927178, -0.09944557329733784]	[-6.454614620565735e-12, -6.958877918350481e-12, 9.48758465294336e-13]	[]
-4.0952348000703956e-10	1.0000000004095233	[0.676674149324106, 0.7295359302927178, -0.09944557329733784]	[-6.454614620565735e-12, -6.958877918350481e-12, 9.48758465294336e-13]	[]
-3.4260193683757813e-10	1.000000000342602	[0.676674149324106, 0.7295359302927178, -0.09944557329733784]	[-6.454614620565735e-12, -6.958877918350481e-12, 9.48758465294336e-13]	[]
-3.4989060049735667e-10	1.0000000003498903	[0.676674149324106, 0.7295359302927178, -0.09944557329733784]	[-6.454614620565735e-12, -6.958877918350481e-12, 9.48758465294336e-13]	[]
0.33784890054301475	0.6621510994569852	[0.676674149324106, 0.7295359302927178, -0.09944557329733784]	[-6.454614620565735e-12, -6.958877918350481e-12, 9.48758465294336e-13]	[]
0.3375824801165641	0.6624175198834358	[0.676674149324106, 0.7295359302927178, -0.09944557329733784]	[-6.454614620565735e-12, -6.958877918350481e-12, 9.48758465294336e-13]	[]
0.8447253005885672	0.15527469941143263	[0.676674149324106, 0.7295359302927178, -0.09944557329733784]	[-6.454614620565735e-12, -6.958877918350481e-12, 9.48758465294336e-13]	[]
0.6181752283049267	0.38182477169507323	[-0.9499068927120775, -0.10824751702892606, 0.29318828461444]	[-0.5872089102707121, -0.0669159335527977, 0.1812417347778612]	[]
0.7030885752012203	0.29691142479877963	[-0.9499068927120775, -0.10824751702892606, 0.29318828461444]	[-0.5872089102707121, -0.0669159335527977, 0.1812417347778612]	[]
0.3932845016897264	0.6067154983102736	[-0.9499068927120775, -0.10824751702892606, 0.29318828461444]	[-0.5872089102707121, -0.0669159335527977, 0.1812417347778612]	[]
0.36600627540719294	0.633993724592807	[-0.9499068927120775, -0.10824751702892606, 0.29318828461444]	[-0.5872089102707121, -0.0669159335527977, 0.1812417347778612]	[]
-3.177478375011267e-10	1.000000000317748	[-0.9499068927120775, -0.10824751702892606, 0.29318828461444]	[-0.5872089102707121, -0.0669159335527977, 0.1812417347778612]	[]
-3.2577037223554563e-13	1.0000000000003257	[-0.9499068927120775, -0.10824751702892606, 0.29318828461444]	[-0.5872089102707121, -0.0669159335527977, 0.1812417347778612]	[]
-5.262900073990188e-10	1.00000000052629	[-0.9499068927120775, -0.10824751702892606, 0.29318828461444]	[-0.5872089102707121, -0.0669159335527977, 0.1812417347778612]	[]
0.5590845378415197	0.4409154621584803	[-0.9499068927120775, -0.10824751702892606, 0.29318828461444]	[-0.5872089102707121, -0.0669159335527977, 0.1812417347778612]	[]
0.6520454383031578	0.34795456169684225	[-0.9499068927120775, -0.10824751702892606, 0.29318828461444]	[-0.5872089102707121, -0.0669159335527977, 0.1812417347778612]	[]
-3.470738677477699e-10	1.000000000347074	[-0.9499068927120775, -0.10824751702892606, 0.29318828461444]	[-0.5872089102707121, -0.0669159335527977, 0.1812417347778612]	[]
0.36919025615611445	0.6308097438438856	[-0.9499068927120775, -0.10824751702892606, 0.29318828461444]	[-0.5872089102707121, -0.0669159335527977, 0.1812417347778612]	[]
0.6318781311032382	0.3681218688967619	[-0.9499068927120775, -0.10824751702892606, 0.29318828461444]	[-0.5872089102707121, -0.0669159335527977, 0.1812417347778612]	[]
0.3593108297046403	0.6406891702953595	[-0.9499068927120775, -0.10824751702892606, 0.29318828461444]	[-0.5872089102707121, -0.0669159335527977, 0.1812417347778612]	[]
-4.186139695948162e-13	1.0000000000004186	[-0.9499068927120775, -0.10824751702892606, 0.29318828461444]	[-0.5872089102707121, -0.0669159335527977, 0.1812417347778612]	[]
-3.900848784304924e-10	1.0000000003900849	[-0.9499068927120775, -0.10824751702892606, 0.29318828461444]	[-0.5872089102707121, -0.0669159335527977, 0.1812417347778612]	[]
0.4975929252557457	0.5024070747442543	[0.4539532791492059, -0.7980543691144837, 0.3962772316030363]	[0.22588394010129148, -0.39710620804080454, 0.19718474688560345]	[]
0.34721044253890343	0.6527895574610967	[0.4539532791492059, -0.7980543691144837, 0.3962772316030363]	[0.22588394010129148, -0.39710620804080454, 0.19718474688560345]	[]
-5.48889229565291e-12	1.000000000005489	[0.4539532791492059, -0.7980543691144837, 0.3962772316030363]	[0.22588394010129148, -0.39710620804080454, 0.19718474688560345]	[]
0.3875412998866517	0.6124587001133484	[0.4539532791492059, -0.7980543691144837, 0.3962772316030363]	[0.22588394010129148, -0.39710620804080454, 0.19718474688560345]	[]
-3.508568507909648e-10	1.0000000003508567	[0.4539532791492059, -0.7980543691144837, 0.3962772316030363]	[0.22588394010129148, -0.39710620804080454, 0.19718474688560345]	[]
-2.6875977010574834e-10	1.00000000026876	[0.4539532791492059, -0.7980543691144837, 0.3962772316030363]	[0.22588394010129148, -0.39710620804080454, 0.19718474688560345]	[]
0.7427060198574331	0.257293980142567	[0.4539532791492059, -0.7980543691144837, 0.3962772316030363]	[0.22588394010129148, -0.39710620804080454, 0.19718474688560345]	[]
0.6578446137624823	0.3421553862375177	[0.4539532791492059, -0.7980543691144837, 0.3962772316030363]	[0.22588394010129148, -0.39710620804080454, 0.19718474688560345]	[]
-3.9460152006657316e-10	1.0000000003946017	[0.4539532791492059, -0.7980543691144837, 0.3962772316030363]	[0.22588394010129148, -0.39710620804080454, 0.19718474688560345]	[]
0.6293039210569656	0.37069607894303447	[0.4539532791492059, -0.7980543691144837, 0.3962772316030363]	[0.22588394010129148, -0.39710620804080454, 0.19718474688560345]	[]
-2.811046248682762e-10	1.0000000002811045	[0.4539532791492059, -0.7980543691144837, 0.3962772316030363]	[0.22588394010129148, -0.39710620804080454, 0.19718474688560345]	[]
-1.1209296597136544e-13	1.0000000000001121	[0.4539532791492059, -0.7980543691144837, 0.3962772316030363]	[0.22588394010129148, -0.39710620804080454, 0.19718474688560345]	[]
-4.8393271339055816e-11	1.0000000000483933	[0.4539532791492059, -0.7980543691144837, 0.3962772316030363]	[0.22588394010129148, -0.39710620804080454, 0.19718474688560345]	[]
-5.230222125340842e-10	1.0000000005230223	[0.4539532791492059, -0.7980543691144837, 0.3962772316030363]	[0.22588394010129148, -0.39710620804080454, 0.19718474688560345]	[]
-6.609979626039253e-10	1.0000000006609966	[0.4539532791492059, -0.7980543691144837, 0.3962772316030363]	[0.22588394010129148, -0.39710620804080454, 0.19718474688560345]	[]
2.7435252591320116e-10	0.999999999725647	[0.9934892610906425, 0.10227583006198158, -0.05018707684954202]	[2.7256637225026026e-10, 2.805962406871032e-11, -1.3775184846119443e-11]	[]
-3.762695053437075e-10	1.0000000003762695	[0.9934892610906425, 0.10227583006198158, -0.05018707684954202]	[2.7256637225026026e-10, 2.805962406871032e-11, -1.3775184846119443e-11]	[]
-5.361894899240817e-11	1.0000000000536189	[0.9934892610906425, 0.10227583006198158, -0.05018707684954202]	[2.7256637225026026e-10, 2.805962406871032e-11, -1.3775184846119443e-11]	[]
0.3897134087045897	0.6102865912954102	[0.9934892610906425, 0.10227583006198158, -0.05018707684954202]	[2.7256637225026026e-10, 2.805962406871032e-11, -1.3775184846119443e-11]	[]
0.41811123323901994	0.5818887667609801	[0.9934892610906425, 0.10227583006198158, -0.05018707684954202]	[2.7256637225026026e-10, 2.805962406871032e-11, -1.3775184846119443e-11]	[]
-4.313819393146043e-10	1.000000000431382	[0.9934892610906425, 0.10227583006198158, -0.05018707684954202]	[2.7256637225026026e-10, 2.805962406871032e-11, -1.3775184846119443e-11]	[]
0.745415227702294	0.2545847722977061	[0.9934892610906425, 0.10227583006198158, -0.05018707684954202]	[2.7256637225026026e-10, 2.805962406871032e-11, -1.3775184846119443e-11]	[]
-2.9221683988960363e-10	1.0000000002922167	[0.9934892610906425, 0.10227583006198158, -0.05018707684954202]	[2.7256637225026026e-10, 2.805962406871032e-11, -1.3775184846119443e-11]	[]
0.6527731517045511	0.3472268482954489	[0.9934892610906425, 0.10227583006198158, -0.05018707684954202]	[2.7256637225026026e-10, 2.805962406871032e-11, -1.3775184846119443e-11]	[]
-5.694751818978489e-10	1.0000000005694751	[0.9934892610906425, 0.10227583006198158, -0.05018707684954202]	[2.7256637225026026e-10, 2.805962406871032e-11, -1.3775184846119443e-11]	[]
0.3883657310802503	0.6116342689197497	[0.9934892610906425, 0.10227583006198158, -0.05018707684954202]	[2.7256637225026026e-10, 2.805962406871032e-11, -1.3775184846119443e-11]	[]
-4.2900496847910114e-10	1.000000000429005	[0.9934892610906425, 0.10227583006198158, -0.05018707684954202]	[2.7256637225026026e-10, 2.805962406871032e-11, -1.3775184846119443e-11]	[]
0.46928366793361037	0.5307163320663896	[0.9934892610906425, 0.10227583006198158, -0.05018707684954202]	[2.7256637225026026e-10, 2.805962406871032e-11, -1.3775184846119443e-11]	[]
0.7033893065713224	0.2966106934286778	[0.9934892610906425, 0.10227583006198158, -0.05018707684954202]	[2.7256637225026026e-10, 2.805962406871032e-11, -1.3775184846119443e-11]	[]
-3.7610137115223636e-10	1.0000000003761014	[0.9934892610906425, 0.10227583006198158, -0.05018707684954202]	[2.7256637225026026e-10, 2.805962406871032e-11, -1.3775184846119443e-11]	[]
