0.5126651755280324	0.4873348244719676	[0.33842267572050444, 0.6370248821603568, 0.692581686205142]	[0.17349752045091923, 0.32658047302846327, 0.3550625117258598]	[]
0.39849762218056056	0.6015023778194394	[0.33842267572050444, 0.6370248821603568, 0.692581686205142]	[0.17349752045091923, 0.32658047302846327, 0.3550625117258598]	[]
0.575833627074242	0.4241663729257579	[0.33842267572050444, 0.6370248821603568, 0.692581686205142]	[0.17349752045091923, 0.32658047302846327, 0.3550625117258598]	[]
0.36173036618379134	0.6382696338162087	[0.33842267572050444, 0.6370248821603568, 0.692581686205142]	[0.17349752045091923, 0.32658047302846327, 0.3550625117258598]	[]
0.5707138069540385	0.42928619304596144	[0.33842267572050444, 0.6370248821603568, 0.692581686205142]	[0.17349752045091923, 0.32658047302846327, 0.3550625117258598]	[]
0.7459540894562514	0.2540459105437485	[0.33842267572050444, 0.6370248821603568, 0.692581686205142]	[0.17349752045091923, 0.32658047302846327, 0.3550625117258598]	[]
0.6917049331477598	0.30829506685224006	[0.33842267572050444, 0.6370248821603568, 0.692581686205142]	[0.17349752045091923, 0.32658047302846327, 0.3550625117258598]	[]
0.6669405967455218	0.3330594032544783	[0.33842267572050444, 0.6370248821603568, 0.692581686205142]	[0.17349752045091923, 0.32658047302846327, 0.3550625117258598]	[]
0.71249100819886	0.28750899180114003	[0.33842267572050444, 0.6370248821603568, 0.692581686205142]	[0.17349752045091923, 0.32658047302846327, 0.3550625117258598]	[]
-4.3271550242835153e-13	1.0000000000004328	[0.33842267572050444, 0.6370248821603568, 0.692581686205142]	[0.17349752045091923, 0.32658047302846327, 0.3550625117258598]	[]
-5.333348048743328e-10	1.000000000533335	[0.33842267572050444, 0.6370248821603568, 0.692581686205142]	[0.17349752045091923, 0.32658047302846327, 0.3550625117258598]	[]
-4.033095588115741e-10	1.0000000004033096	[0.33842267572050444, 0.6370248821603568, 0.692581686205142]	[0.17349752045091923, 0.32658047302846327, 0.3550625117258598]	[]
-3.148317313100859e-10	1.0000000003148317	[0.33842267572050444, 0.6370248821603568, 0.692581686205142]	[0.17349752045091923, 0.32658047302846327, 0.3550625117258598]	[]
-8.02800896724811e-12	1.0000000000080285	[0.33842267572050444, 0.6370248821603568, 0.692581686205142]	[0.17349752045091923, 0.32658047302846327, 0.3550625117258598]	[]
0.7550028617866259	0.24499713821337418	[0.33842267572050444, 0.6370248821603568, 0.692581686205142]	[0.17349752045091923, 0.32658047302846327, 0.3550625117258598]	[]
0.40216195107746544	0.5978380489225347	[0.1238348421876108, -0.9758702685111506, 0.17983923625378465]	[0.04980166174553946, -0.3924578911829344, 0.07232449813210322]	[]
-1.589764529935171e-11	1.0000000000158975	[0.1238348421876108, -0.9758702685111506, 0.17983923625378465]	[0.04980166174553946, -0.3924578911829344, 0.07232449813210322]	[]
-7.719071578301201e-11	1.0000000000771907	[0.1238348421876108, -0.9758702685111506, 0.17983923625378465]	[0.04980166174553946, -0.3924578911829344, 0.07232449813210322]	[]
-3.463830050699936e-13	1.0000000000003464	[0.1238348421876108, -0.9758702685111506, 0.17983923625378465]	[0.04980166174553946, -0.3924578911829344, 0.07232449813210322]	[]
-4.659633094466457e-10	1.0000000004659633	[0.1238348421876108, -0.9758702685111506, 0.17983923625378465]	[0.04980166174553946, -0.3924578911829344, 0.07232449813210322]	[]
0.6630317146549546	0.33696828534504536	[0.1238348421876108, -0.9758702685111506, 0.17983923625378465]	[0.04980166174553946, -0.3924578911829344, 0.07232449813210322]	[]
0.5830549191219861	0.4169450808780138	[0.1238348421876108, -0.9758702685111506, 0.17983923625378465]	[0.04980166174553946, -0.3924578911829344, 0.07232449813210322]	[]
-1.9094584225592365e-12	1.0000000000019094	[0.1238348421876108, -0.9758702685111506, 0.17983923625378465]	[0.04980166174553946, -0.3924578911829344, 0.07232449813210322]	[]
-2.409787495868411e-11	1.0000000000240976	[0.1238348421876108, -0.9758702685111506, 0.17983923625378465]	[0.04980166174553946, -0.3924578911829344, 0.07232449813210322]	[]
-7.677649043507589e-11	1.0000000000767766	[0.1238348421876108, -0.9758702685111506, 0.17983923625378465]	[0.04980166174553946, -0.3924578911829344, 0.07232449813210322]	[]
-8.00642532634495e-11	1.0000000000800644	[0.1238348421876108, -0.9758702685111506, 0.17983923625378465]	[0.04980166174553946, -0.3924578911829344, 0.07232449813210322]	[]
0.5123643519685609	0.4876356480314393	[0.1238348421876108, -0.9758702685111506, 0.17983923625378465]	[0.04980166174553946, -0.3924578911829344, 0.07232449813210322]	[]
-4.3233398961354384e-10	1.000000000432334	[0.1238348421876108, -0.9758702685111506, 0.17983923625378465]	[0.04980166174553946, -0.3924578911829344, 0.07232449813210322]	[]
-4.249931071449719e-10	1.0000000004249932	[0.1238348421876108, -0.9758702685111506, 0.17983923625378465]	[0.04980166174553946, -0.3924578911829344, 0.07232449813210322]	[]
-4.117165242280161e-10	1.0000000004117167	[0.1238348421876108, -0.9758702685111506, 0.17983923625378465]	[0.04980166174553946, -0.3924578911829344, 0.07232449813210322]	[]
0.5688353664699801	0.43116463353001977	[0.011393150861737198, 0.3184279643504219, 0.9478785932982599]	[0.006480827145684382, 0.1811330877955615, 0.5391868669878651]	[]
-4.496443182233645e-12	1.0000000000044964	[0.011393150861737198, 0.3184279643504219, 0.9478785932982599]	[0.006480827145684382, 0.1811330877955615, 0.5391868669878651]	[]
0.6324094345450718	0.36759056545492824	[0.011393150861737198, 0.3184279643504219, 0.9478785932982599]	[0.006480827145684382, 0.1811330877955615, 0.5391868669878651]	[]
-1.840553973902093e-11	1.0000000000184055	[0.011393150861737198, 0.3184279643504219, 0.9478785932982599]	[0.006480827145684382, 0.1811330877955615, 0.5391868669878651]	[]
-3.454498741499106e-10	1.00000000034545	[0.011393150861737198, 0.3184279643504219, 0.9478785932982599]	[0.006480827145684382, 0.1811330877955615, 0.5391868669878651]	[]
-4.136642934476747e-10	1.0000000004136642	[0.011393150861737198, 0.3184279643504219, 0.9478785932982599]	[0.006480827145684382, 0.1811330877955615, 0.5391868669878651]	[]
0.6745138710200496	0.3254861289799505	[0.011393150861737198, 0.3184279643504219, 0.9478785932982599]	[0.006480827145684382, 0.1811330877955615, 0.5391868669878651]	[]
-3.7354108631587066e-10	1.0000000003735412	[0.011393150861737198, 0.3184279643504219, 0.9478785932982599]	[0.006480827145684382, 0.1811330877955615, 0.5391868669878651]	[]
-4.1016638558230566e-12	1.0000000000041016	[0.011393150861737198, 0.3184279643504219, 0.9478785932982599]	[0.006480827145684382, 0.1811330877955615, 0.5391868669878651]	[]
0.7055428537091724	0.2944571462908276	[0.011393150861737198, 0.3184279643504219, 0.9478785932982599]	[0.006480827145684382, 0.1811330877955615, 0.5391868669878651]	[]
0.4924451638447745	0.5075548361552255	[0.011393150861737198, 0.3184279643504219, 0.9478785932982599]	[0.006480827145684382, 0.1811330877955615, 0.5391868669878651]	[]
-6.408767720563038e-10	1.000000000640877	[0.011393150861737198, 0.3184279643504219, 0.9478785932982599]	[0.006480827145684382, 0.1811330877955615, 0.5391868669878651]	[]
0.4738861046190183	0.5261138953809817	[0.011393150861737198, 0.3184279643504219, 0.9478785932982599]	[0.006480827145684382, 0.1811330877955615, 0.5391868669878651]	[]
0.37590477969773556	0.6240952203022716	[0.011393150861737198, 0.3184279643504219, 0.9478785932982599]	[0.006480827145684382, 0.1811330877955615, 0.5391868669878651]	[]
-2.960131861316966e-10	1.000000000296013	[0.011393150861737198, 0.3184279643504219, 0.9478785932982599]	[0.006480827145684382, 0.1811330877955615, 0.5391868669878651]	[]
0.6487255508354669	0.35127444916453304	[0.2614873905458356, -0.3560550519520336, 0.8971338498601891]	[0.16963355146837622, -0.23098200970533367, 0.5819936509236943]	[]
0.37690511718738356	0.6230948828126163	[0.2614873905458356, -0.3560550519520336, 0.8971338498601891]	[0.16963355146837622, -0.23098200970533367, 0.5819936509236943]	[]
0.6656910654382913	0.3343089345617088	[0.2614873905458356, -0.3560550519520336, 0.8971338498601891]	[0.16963355146837622, -0.23098200970533367, 0.5819936509236943]	[]
0.5550303502568946	0.4449696497431054	[0.2614873905458356, -0.3560550519520336, 0.8971338498601891]	[0.16963355146837622, -0.23098200970533367, 0.5819936509236943]	[]
0.39014412341666693	0.6098558765833334	[0.2614873905458356, -0.3560550519520336, 0.8971338498601891]	[0.16963355146837622, -0.23098200970533367, 0.5819936509236943]	[]
-4.328397794883938e-10	1.0000000004328398	[0.2614873905458356, -0.3560550519520336, 0.8971338498601891]	[0.16963355146837622, -0.23098200970533367, 0.5819936509236943]	[]
0.37069052700710003	0.6293094729929	[0.2614873905458356, -0.3560550519520336, 0.8971338498601891]	[0.16963355146837622, -0.23098200970533367, 0.5819936509236943]	[]
0.6279327651287604	0.3720672348712396	[0.2614873905458356, -0.3560550519520336, 0.8971338498601891]	[0.16963355146837622, -0.23098200970533367, 0.5819936509236943]	[]
0.3678600996127908	0.6321399003872091	[0.2614873905458356, -0.3560550519520336, 0.8971338498601891]	[0.16963355146837622, -0.23098200970533367, 0.5819936509236943]	[]
0.38070375339272194	0.619296246607278	[0.2614873905458356, -0.3560550519520336, 0.8971338498601891]	[0.16963355146837622, -0.23098200970533367, 0.5819936509236943]	[]
-4.034473013553277e-10	1.0000000004034473	[0.2614873905458356, -0.3560550519520336, 0.8971338498601891]	[0.16963355146837622, -0.23098200970533367, 0.5819936509236943]	[]
-1.368547197408294e-11	1.0000000000136855	[0.2614873905458356, -0.3560550519520336, 0.8971338498601891]	[0.16963355146837622, -0.23098200970533367, 0.5819936509236943]	[]
-4.417007943598595e-10	1.000000000441701	[0.2614873905458356, -0.3560550519520336, 0.8971338498601891]	[0.16963355146837622, -0.23098200970533367, 0.5819936509236943]	[]
0.5227638833617084	0.4772361166382915	[0.2614873905458356, -0.3560550519520336, 0.8971338498601891]	[0.16963355146837622, -0.23098200970533367, 0.5819936509236943]	[]
0.6008942499305007	0.3991057500694994	[0.2614873905458356, -0.3560550519520336, 0.8971338498601891]	[0.16963355146837622, -0.23098200970533367, 0.5819936509236943]	[]
0.43191437425027285	0.5680856257497272	[-0.7788690799791791, 0.4116157100375106, 0.47321819861740644]	[-0.33640475130209285, 0.17778274183243323, 0.20438974213967828]	[]
0.79632411515687	0.20367588484313012	[-0.7788690799791791, 0.4116157100375106, 0.47321819861740644]	[-0.33640475130209285, 0.17778274183243323, 0.20438974213967828]	[]
0.47132244188477945	0.5286775581152205	[-0.7788690799791791, 0.4116157100375106, 0.47321819861740644]	[-0.33640475130209285, 0.17778274183243323, 0.20438974213967828]	[]
-4.022139393935765e-10	1.0000000004022138	[-0.7788690799791791, 0.4116157100375106, 0.47321819861740644]	[-0.33640475130209285, 0.17778274183243323, 0.20438974213967828]	[]
-3.7162879711098177e-10	1.0000000003716287	[-0.7788690799791791, 0.4116157100375106, 0.47321819861740644]	[-0.33640475130209285, 0.17778274183243323, 0.20438974213967828]	[]
0.6872033740369076	0.31279662596309243	[-0.7788690799791791, 0.4116157100375106, 0.47321819861740644]	[-0.33640475130209285, 0.17778274183243323, 0.20438974213967828]	[]
0.488509027013836	0.5114909729861641	[-0.7788690799791791, 0.4116157100375106, 0.47321819861740644]	[-0.33640475130209285, 0.17778274183243323, 0.20438974213967828]	[]
0.7722390696842268	0.22776093031577324	[-0.7788690799791791, 0.4116157100375106, 0.47321819861740644]	[-0.33640475130209285, 0.17778274183243323, 0.20438974213967828]	[]
-3.4415885005305296e-11	1.0000000000344158	[-0.7788690799791791, 0.4116157100375106, 0.47321819861740644]	[-0.33640475130209285, 0.17778274183243323, 0.20438974213967828]	[]
-3.4194062129629906e-12	1.0000000000034193	[-0.7788690799791791, 0.4116157100375106, 0.47321819861740644]	[-0.33640475130209285, 0.17778274183243323, 0.20438974213967828]	[]
0.5857217341527206	0.41427826584727945	[-0.7788690799791791, 0.4116157100375106, 0.47321819861740644]	[-0.33640475130209285, 0.17778274183243323, 0.20438974213967828]	[]
-1.6709258142967766e-11	1.0000000000167093	[-0.7788690799791791, 0.4116157100375106, 0.47321819861740644]	[-0.33640475130209285, 0.17778274183243323, 0.20438974213967828]	[]
0.805023697367819	0.19497630263218088	[-0.7788690799791791, 0.4116157100375106, 0.47321819861740644]	[-0.33640475130209285, 0.17778274183243323, 0.20438974213967828]	[]
0.6760837773930599	0.3239162226069401	[-0.7788690799791791, 0.4116157100375106, 0.47321819861740644]	[-0.33640475130209285, 0.17778274183243323, 0.20438974213967828]	[]
-1.0721043963036442e-10	1.0000000001072105	[-0.7788690799791791, 0.4116157100375106, 0.47321819861740644]	[-0.33640475130209285, 0.17778274183243323, 0.20438974213967828]	[]
