0.7044812484412437	0.29551875155875634	[0.3094348983870812, -0.1323650082722765, 0.9416631819526858]	[0.2179910835270204, -0.09324866627758878, 0.6633840540331821]	[]
-5.296751080985889e-10	1.0000000005296752	[0.3094348983870812, -0.1323650082722765, 0.9416631819526858]	[0.2179910835270204, -0.09324866627758878, 0.6633840540331821]	[]
-1.4183522391096393e-12	1.0000000000014182	[0.3094348983870812, -0.1323650082722765, 0.9416631819526858]	[0.2179910835270204, -0.09324866627758878, 0.6633840540331821]	[]
-4.279039798629134e-10	1.000000000427904	[0.3094348983870812, -0.1323650082722765, 0.9416631819526858]	[0.2179910835270204, -0.09324866627758878, 0.6633840540331821]	[]
-4.2082889555365434e-10	1.000000000420829	[0.3094348983870812, -0.1323650082722765, 0.9416631819526858]	[0.2179910835270204, -0.09324866627758878, 0.6633840540331821]	[]
0.3891312770195976	0.6108687229804024	[0.3094348983870812, -0.1323650082722765, 0.9416631819526858]	[0.2179910835270204, -0.09324866627758878, 0.6633840540331821]	[]
0.3338749340198231	0.666125065980177	[0.3094348983870812, -0.1323650082722765, 0.9416631819526858]	[0.2179910835270204, -0.09324866627758878, 0.6633840540331821]	[]
-1.2884383917458418e-11	1.0000000000128844	[0.3094348983870812, -0.1323650082722765, 0.9416631819526858]	[0.2179910835270204, -0.09324866627758878, 0.6633840540331821]	[]
-4.415019213214768e-10	1.000000000441502	[0.3094348983870812, -0.1323650082722765, 0.9416631819526858]	[0.2179910835270204, -0.09324866627758878, 0.6633840540331821]	[]
-1.4482639307162447e-10	1.0000000001448264	[0.3094348983870812, -0.1323650082722765, 0.9416631819526858]	[0.2179910835270204, -0.09324866627758878, 0.6633840540331821]	[]
0.33716290336677224	0.6628370966332278	[0.3094348983870812, -0.1323650082722765, 0.9416631819526858]	[0.2179910835270204, -0.09324866627758878, 0.6633840540331821]	[]
0.5499694482702367	0.45003055172976325	[0.3094348983870812, -0.1323650082722765, 0.9416631819526858]	[0.2179910835270204, -0.09324866627758878, 0.6633840540331821]	[]
0.46118207157675006	0.5388179284232499	[0.3094348983870812, -0.1323650082722765, 0.9416631819526858]	[0.2179910835270204, -0.09324866627758878, 0.6633840540331821]	[]
-3.198457481258524e-10	1.0000000003198457	[0.3094348983870812, -0.1323650082722765, 0.9416631819526858]	[0.2179910835270204, -0.09324866627758878, 0.6633840540331821]	[]
-8.028581530347908e-11	1.0000000000802858	[0.3094348983870812, -0.1323650082722765, 0.9416631819526858]	[0.2179910835270204, -0.09324866627758878, 0.6633840540331821]	[]
0.4959510118112405	0.5040489881887595	[-0.7001490347575112, -0.1937091425410778, 0.6872176490924298]	[-0.34723962220665106, -0.09607024524033543, 0.3408262884019326]	[]
-5.243876771213394e-10	1.0000000005243876	[-0.7001490347575112, -0.1937091425410778, 0.6872176490924298]	[-0.34723962220665106, -0.09607024524033543, 0.3408262884019326]	[]
0.6615059135808428	0.3384940864191572	[-0.7001490347575112, -0.1937091425410778, 0.6872176490924298]	[-0.34723962220665106, -0.09607024524033543, 0.3408262884019326]	[]
-3.1751595655129083e-10	1.0000000003175158	[-0.7001490347575112, -0.1937091425410778, 0.6872176490924298]	[-0.34723962220665106, -0.09607024524033543, 0.3408262884019326]	[]
0.5141280502514614	0.48587194974853865	[-0.7001490347575112, -0.1937091425410778, 0.6872176490924298]	[-0.34723962220665106, -0.09607024524033543, 0.3408262884019326]	[]
0.5136382213607676	0.48636177863923225	[-0.7001490347575112, -0.1937091425410778, 0.6872176490924298]	[-0.34723962220665106, -0.09607024524033543, 0.3408262884019326]	[]
0.49924345378812746	0.5007565462118725	[-0.7001490347575112, -0.1937091425410778, 0.6872176490924298]	[-0.34723962220665106, -0.09607024524033543, 0.3408262884019326]	[]
-4.310811791126326e-10	1.0000000004310812	[-0.7001490347575112, -0.1937091425410778, 0.6872176490924298]	[-0.34723962220665106, -0.09607024524033543, 0.3408262884019326]	[]
-3.9615792581517296e-10	1.000000000396158	[-0.7001490347575112, -0.1937091425410778, 0.6872176490924298]	[-0.34723962220665106, -0.09607024524033543, 0.3408262884019326]	[]
0.32937865013161194	0.6706213498683882	[-0.7001490347575112, -0.1937091425410778, 0.6872176490924298]	[-0.34723962220665106, -0.09607024524033543, 0.3408262884019326]	[]
0.3336362923011172	0.6663637076988828	[-0.7001490347575112, -0.1937091425410778, 0.6872176490924298]	[-0.34723962220665106, -0.09607024524033543, 0.3408262884019326]	[]
-6.206334691463815e-10	1.000000000620633	[-0.7001490347575112, -0.1937091425410778, 0.6872176490924298]	[-0.34723962220665106, -0.09607024524033543, 0.3408262884019326]	[]
0.3888157100447418	0.6111842899552582	[-0.7001490347575112, -0.1937091425410778, 0.6872176490924298]	[-0.34723962220665106, -0.09607024524033543, 0.3408262884019326]	[]
0.7794465045624486	0.22055349543755154	[-0.7001490347575112, -0.1937091425410778, 0.6872176490924298]	[-0.34723962220665106, -0.09607024524033543, 0.3408262884019326]	[]
0.3865332037653655	0.6134667962346462	[-0.7001490347575112, -0.1937091425410778, 0.6872176490924298]	[-0.34723962220665106, -0.09607024524033543, 0.3408262884019326]	[]
0.4034046259887621	0.5965953740112377	[0.23808821441638053, -0.844731138705738, 0.47931545505744627]	[0.09604588708897248, -0.34076844907064974, 0.19335807187808177]	[]
0.7489836915822442	0.2510163084177556	[0.23808821441638053, -0.844731138705738, 0.47931545505744627]	[0.09604588708897248, -0.34076844907064974, 0.19335807187808177]	[]
0.45627921632845	0.54372078367155	[0.23808821441638053, -0.844731138705738, 0.47931545505744627]	[0.09604588708897248, -0.34076844907064974, 0.19335807187808177]	[]
0.6066983254599347	0.39330167454006537	[0.23808821441638053, -0.844731138705738, 0.47931545505744627]	[0.09604588708897248, -0.34076844907064974, 0.19335807187808177]	[]
0.471445787343593	0.5285542126564071	[0.23808821441638053, -0.844731138705738, 0.47931545505744627]	[0.09604588708897248, -0.34076844907064974, 0.19335807187808177]	[]
-2.205128301028505e-10	1.0000000002205127	[0.23808821441638053, -0.844731138705738, 0.47931545505744627]	[0.09604588708897248, -0.34076844907064974, 0.19335807187808177]	[]
0.4913510449988248	0.5086489550011751	[0.23808821441638053, -0.844731138705738, 0.47931545505744627]	[0.09604588708897248, -0.34076844907064974, 0.19335807187808177]	[]
-2.7709956717920554e-14	1.0000000000000275	[0.23808821441638053, -0.844731138705738, 0.47931545505744627]	[0.09604588708897248, -0.34076844907064974, 0.19335807187808177]	[]
0.4021753535296213	0.5978246464703786	[0.23808821441638053, -0.844731138705738, 0.47931545505744627]	[0.09604588708897248, -0.34076844907064974, 0.19335807187808177]	[]
-4.0925892682266633e-10	1.000000000409259	[0.23808821441638053, -0.844731138705738, 0.47931545505744627]	[0.09604588708897248, -0.34076844907064974, 0.19335807187808177]	[]
0.3563065706127791	0.6436934293872287	[0.23808821441638053, -0.844731138705738, 0.47931545505744627]	[0.09604588708897248, -0.34076844907064974, 0.19335807187808177]	[]
-3.5287486880094444e-10	1.0000000003528748	[0.23808821441638053, -0.844731138705738, 0.47931545505744627]	[0.09604588708897248, -0.34076844907064974, 0.19335807187808177]	[]
-3.912266288019977e-10	1.0000000003912266	[0.23808821441638053, -0.844731138705738, 0.47931545505744627]	[0.09604588708897248, -0.34076844907064974, 0.19335807187808177]	[]
-4.488507920337794e-10	1.0000000004488507	[0.23808821441638053, -0.844731138705738, 0.47931545505744627]	[0.09604588708897248, -0.34076844907064974, 0.19335807187808177]	[]
-7.171825726623183e-10	1.0000000007171825	[0.23808821441638053, -0.844731138705738, 0.47931545505744627]	[0.09604588708897248, -0.34076844907064974, 0.19335807187808177]	[]
0.49270048997457266	0.5072995100254273	[-0.7112575040130952, -0.19966050786462247, 0.6739795579869636]	[-0.35043692072534366, -0.09837283005347157, 0.3320700584530229]	[]
0.6530010081401542	0.3469989918598456	[-0.7112575040130952, -0.19966050786462247, 0.6739795579869636]	[-0.35043692072534366, -0.09837283005347157, 0.3320700584530229]	[]
-2.835857972194857e-11	1.0000000000283586	[-0.7112575040130952, -0.19966050786462247, 0.6739795579869636]	[-0.35043692072534366, -0.09837283005347157, 0.3320700584530229]	[]
0.5635947367357647	0.43640526326423523	[-0.7112575040130952, -0.19966050786462247, 0.6739795579869636]	[-0.35043692072534366, -0.09837283005347157, 0.3320700584530229]	[]
0.4075602034655179	0.592439796534482	[-0.7112575040130952, -0.19966050786462247, 0.6739795579869636]	[-0.35043692072534366, -0.09837283005347157, 0.3320700584530229]	[]
-1.1207263525378597e-10	1.0000000001120726	[-0.7112575040130952, -0.19966050786462247, 0.6739795579869636]	[-0.35043692072534366, -0.09837283005347157, 0.3320700584530229]	[]
-3.669993371234455e-12	1.00000000000367	[-0.7112575040130952, -0.19966050786462247, 0.6739795579869636]	[-0.35043692072534366, -0.09837283005347157, 0.3320700584530229]	[]
-1.1529238129233666e-10	1.0000000001152922	[-0.7112575040130952, -0.19966050786462247, 0.6739795579869636]	[-0.35043692072534366, -0.09837283005347157, 0.3320700584530229]	[]
-1.6126678017244365e-11	1.0000000000161264	[-0.7112575040130952, -0.19966050786462247, 0.6739795579869636]	[-0.35043692072534366, -0.09837283005347157, 0.3320700584530229]	[]
-3.0100909592767724e-10	1.0000000003010092	[-0.7112575040130952, -0.19966050786462247, 0.6739795579869636]	[-0.35043692072534366, -0.09837283005347157, 0.3320700584530229]	[]
0.7375901780439056	0.26240982195609447	[-0.7112575040130952, -0.19966050786462247, 0.6739795579869636]	[-0.35043692072534366, -0.09837283005347157, 0.3320700584530229]	[]
-1.8116866342616753e-10	1.0000000001811686	[-0.7112575040130952, -0.19966050786462247, 0.6739795579869636]	[-0.35043692072534366, -0.09837283005347157, 0.3320700584530229]	[]
-3.832626805770375e-10	1.0000000003832628	[-0.7112575040130952, -0.19966050786462247, 0.6739795579869636]	[-0.35043692072534366, -0.09837283005347157, 0.3320700584530229]	[]
0.6296895347470334	0.3703104652529665	[-0.7112575040130952, -0.19966050786462247, 0.6739795579869636]	[-0.35043692072534366, -0.09837283005347157, 0.3320700584530229]	[]
0.38999567825699005	0.6100043217430099	[-0.7112575040130952, -0.19966050786462247, 0.6739795579869636]	[-0.35043692072534366, -0.09837283005347157, 0.3320700584530229]	[]
-4.124294019969527e-10	1.0000000004124294	[-0.050640326683014644, -0.22034584522429543, -0.9741063934734381]	[2.0885584928187484e-11, 9.087684771369453e-11, 4.017501722287433e-10]	[]
-6.939477881399516e-12	1.0000000000069393	[-0.050640326683014644, -0.22034584522429543, -0.9741063934734381]	[2.0885584928187484e-11, 9.087684771369453e-11, 4.017501722287433e-10]	[]
0.6797649045964537	0.32023509540354644	[-0.050640326683014644, -0.22034584522429543, -0.9741063934734381]	[2.0885584928187484e-11, 9.087684771369453e-11, 4.017501722287433e-10]	[]
-8.895628468390724e-12	1.0000000000088956	[-0.050640326683014644, -0.22034584522429543, -0.9741063934734381]	[2.0885584928187484e-11, 9.087684771369453e-11, 4.017501722287433e-10]	[]
0.44958217991142285	0.5504178200885772	[-0.050640326683014644, -0.22034584522429543, -0.9741063934734381]	[2.0885584928187484e-11, 9.087684771369453e-11, 4.017501722287433e-10]	[]
0.43148561654959566	0.5685143834504043	[-0.050640326683014644, -0.22034584522429543, -0.9741063934734381]	[2.0885584928187484e-11, 9.087684771369453e-11, 4.017501722287433e-10]	[]
-1.3585697969331744e-11	1.0000000000135856	[-0.050640326683014644, -0.22034584522429543, -0.9741063934734381]	[2.0885584928187484e-11, 9.087684771369453e-11, 4.017501722287433e-10]	[]
0.3708148134715431	0.6291851865284569	[-0.050640326683014644, -0.22034584522429543, -0.9741063934734381]	[2.0885584928187484e-11, 9.087684771369453e-11, 4.017501722287433e-10]	[]
-1.5676732239329913e-11	1.0000000000156768	[-0.050640326683014644, -0.22034584522429543, -0.9741063934734381]	[2.0885584928187484e-11, 9.087684771369453e-11, 4.017501722287433e-10]	[]
0.5490056119268842	0.4509943880731158	[-0.050640326683014644, -0.22034584522429543, -0.9741063934734381]	[2.0885584928187484e-11, 9.087684771369453e-11, 4.017501722287433e-10]	[]
-2.6178534969876726e-11	1.0000000000261784	[-0.050640326683014644, -0.22034584522429543, -0.9741063934734381]	[2.0885584928187484e-11, 9.087684771369453e-11, 4.017501722287433e-10]	[]
-3.117497792339783e-10	1.0000000003117497	[-0.050640326683014644, -0.22034584522429543, -0.9741063934734381]	[2.0885584928187484e-11, 9.087684771369453e-11, 4.017501722287433e-10]	[]
-4.15487314524601e-10	1.0000000004154872	[-0.050640326683014644, -0.22034584522429543, -0.9741063934734381]	[2.0885584928187484e-11, 9.087684771369453e-11, 4.017501722287433e-10]	[]
0.6855796328940285	0.31442036710597143	[-0.050640326683014644, -0.22034584522429543, -0.9741063934734381]	[2.0885584928187484e-11, 9.087684771369453e-11, 4.017501722287433e-10]	[]
0.42709361235459414	0.5729063876454059	[-0.050640326683014644, -0.22034584522429543, -0.9741063934734381]	[2.0885584928187484e-11, 9.087684771369453e-11, 4.017501722287433e-10]	[]
