-2.8583026736422496e-11	1.0000000000285822	[0.03777405623962452, 0.9992596709392062, -0.007295937888643655]	[-1.0796918914479647e-12, -2.8561875087262933e-11, 1.216156873133136e-13]	[]
0.9097841822272003	0.09021581777279976	[0.03777405623962452, 0.9992596709392062, -0.007295937888643655]	[-1.0796918914479647e-12, -2.8561875087262933e-11, 1.216156873133136e-13]	[]
0.8309891664991615	0.1690108335008385	[0.03777405623962452, 0.9992596709392062, -0.007295937888643655]	[-1.0796918914479647e-12, -2.8561875087262933e-11, 1.216156873133136e-13]	[]
-4.3931986759041856e-10	1.00000000043932	[0.03777405623962452, 0.9992596709392062, -0.007295937888643655]	[-1.0796918914479647e-12, -2.8561875087262933e-11, 1.216156873133136e-13]	[]
3.4752713267764085e-10	0.9999999996524731	[0.03777405623962452, 0.9992596709392062, -0.007295937888643655]	[-1.0796918914479647e-12, -2.8561875087262933e-11, 1.216156873133136e-13]	[]
-2.7533251966755965e-10	1.0000000002753326	[0.03777405623962452, 0.9992596709392062, -0.007295937888643655]	[-1.0796918914479647e-12, -2.8561875087262933e-11, 1.216156873133136e-13]	[]
-4.557453653502525e-10	1.0000000004557452	[0.03777405623962452, 0.9992596709392062, -0.007295937888643655]	[-1.0796918914479647e-12, -2.8561875087262933e-11, 1.216156873133136e-13]	[]
0.5297907470150789	0.470209252984921	[0.03777405623962452, 0.9992596709392062, -0.007295937888643655]	[-1.0796918914479647e-12, -2.8561875087262933e-11, 1.216156873133136e-13]	[]
0.3948183949436126	0.6051816050563873	[0.03777405623962452, 0.9992596709392062, -0.007295937888643655]	[-1.0796918914479647e-12, -2.8561875087262933e-11, 1.216156873133136e-13]	[]
0.6664014268039828	0.33359857319601716	[0.03777405623962452, 0.9992596709392062, -0.007295937888643655]	[-1.0796918914479647e-12, -2.8561875087262933e-11, 1.216156873133136e-13]	[]
-2.37717717972646e-11	1.0000000000237717	[0.03777405623962452, 0.9992596709392062, -0.007295937888643655]	[-1.0796918914479647e-12, -2.8561875087262933e-11, 1.216156873133136e-13]	[]
0.83426042872652	0.16573957127348016	[0.03777405623962452, 0.9992596709392062, -0.007295937888643655]	[-1.0796918914479647e-12, -2.8561875087262933e-11, 1.216156873133136e-13]	[]
0.49810848851940387	0.5018915114805962	[0.03777405623962452, 0.9992596709392062, -0.007295937888643655]	[-1.0796918914479647e-12, -2.8561875087262933e-11, 1.216156873133136e-13]	[]
-3.847939044597083e-11	1.0000000000384794	[0.03777405623962452, 0.9992596709392062, -0.007295937888643655]	[-1.0796918914479647e-12, -2.8561875087262933e-11, 1.216156873133136e-13]	[]
0.6697493277077139	0.33025067229228594	[0.03777405623962452, 0.9992596709392062, -0.007295937888643655]	[-1.0796918914479647e-12, -2.8561875087262933e-11, 1.216156873133136e-13]	[]
0.6129875485803766	0.3870124514196234	[-0.8373023837798879, 0.10680298812740224, 0.5362069002200323]	[-0.5132559356537392, 0.06546890187327552, 0.32868815329776013]	[]
0.4143816901577045	0.5856183098422956	[-0.8373023837798879, 0.10680298812740224, 0.5362069002200323]	[-0.5132559356537392, 0.06546890187327552, 0.32868815329776013]	[]
0.5664658202954888	0.4335341797045112	[-0.8373023837798879, 0.10680298812740224, 0.5362069002200323]	[-0.5132559356537392, 0.06546890187327552, 0.32868815329776013]	[]
-2.603928566565319e-10	1.0000000002603928	[-0.8373023837798879, 0.10680298812740224, 0.5362069002200323]	[-0.5132559356537392, 0.06546890187327552, 0.32868815329776013]	[]
-4.707568330155422e-12	1.0000000000047076	[-0.8373023837798879, 0.10680298812740224, 0.5362069002200323]	[-0.5132559356537392, 0.06546890187327552, 0.32868815329776013]	[]
-3.3654471935574996e-10	1.0000000003365448	[-0.8373023837798879, 0.10680298812740224, 0.5362069002200323]	[-0.5132559356537392, 0.06546890187327552, 0.32868815329776013]	[]
0.45547994129024644	0.5445200587097534	[-0.8373023837798879, 0.10680298812740224, 0.5362069002200323]	[-0.5132559356537392, 0.06546890187327552, 0.32868815329776013]	[]
0.4750142667628712	0.524985733237129	[-0.8373023837798879, 0.10680298812740224, 0.5362069002200323]	[-0.5132559356537392, 0.06546890187327552, 0.32868815329776013]	[]
-3.739701723239336e-14	1.0000000000000373	[-0.8373023837798879, 0.10680298812740224, 0.5362069002200323]	[-0.5132559356537392, 0.06546890187327552, 0.32868815329776013]	[]
-6.924893393650054e-12	1.000000000006925	[-0.8373023837798879, 0.10680298812740224, 0.5362069002200323]	[-0.5132559356537392, 0.06546890187327552, 0.32868815329776013]	[]
0.6849897757407977	0.3150102242592023	[-0.8373023837798879, 0.10680298812740224, 0.5362069002200323]	[-0.5132559356537392, 0.06546890187327552, 0.32868815329776013]	[]
-5.137681131973675e-10	1.0000000005137681	[-0.8373023837798879, 0.10680298812740224, 0.5362069002200323]	[-0.5132559356537392, 0.06546890187327552, 0.32868815329776013]	[]
-2.8396765577996483e-10	1.0000000002839677	[-0.8373023837798879, 0.10680298812740224, 0.5362069002200323]	[-0.5132559356537392, 0.06546890187327552, 0.32868815329776013]	[]
-2.052996898387835e-10	1.0000000002052998	[-0.8373023837798879, 0.10680298812740224, 0.5362069002200323]	[-0.5132559356537392, 0.06546890187327552, 0.32868815329776013]	[]
0.43663861191489095	0.5633613880851089	[-0.8373023837798879, 0.10680298812740224, 0.5362069002200323]	[-0.5132559356537392, 0.06546890187327552, 0.32868815329776013]	[]
0.6752521678621407	0.3247478321378593	[0.149805423746636, -0.28307688103094175, 0.9473256116256358]	[0.10115643714242264, -0.19114827758779665, 0.6396836729215389]	[]
0.47593647418169427	0.5240635258183056	[0.149805423746636, -0.28307688103094175, 0.9473256116256358]	[0.10115643714242264, -0.19114827758779665, 0.6396836729215389]	[]
-1.646582393024716e-13	1.0000000000001645	[0.149805423746636, -0.28307688103094175, 0.9473256116256358]	[0.10115643714242264, -0.19114827758779665, 0.6396836729215389]	[]
-4.241066912833958e-10	1.0000000004241067	[0.149805423746636, -0.28307688103094175, 0.9473256116256358]	[0.10115643714242264, -0.19114827758779665, 0.6396836729215389]	[]
-1.2794897761277788e-10	1.000000000127949	[0.149805423746636, -0.28307688103094175, 0.9473256116256358]	[0.10115643714242264, -0.19114827758779665, 0.6396836729215389]	[]
-3.9105735383653164e-10	1.0000000003910572	[0.149805423746636, -0.28307688103094175, 0.9473256116256358]	[0.10115643714242264, -0.19114827758779665, 0.6396836729215389]	[]
0.5460891560463327	0.4539108439536675	[0.149805423746636, -0.28307688103094175, 0.9473256116256358]	[0.10115643714242264, -0.19114827758779665, 0.6396836729215389]	[]
0.3858599756834479	0.6141400243165521	[0.149805423746636, -0.28307688103094175, 0.9473256116256358]	[0.10115643714242264, -0.19114827758779665, 0.6396836729215389]	[]
-4.2529287897063354e-10	1.0000000004252927	[0.149805423746636, -0.28307688103094175, 0.9473256116256358]	[0.10115643714242264, -0.19114827758779665, 0.6396836729215389]	[]
0.49370912442773146	0.5062908755722686	[0.149805423746636, -0.28307688103094175, 0.9473256116256358]	[0.10115643714242264, -0.19114827758779665, 0.6396836729215389]	[]
-2.615563904723107e-10	1.0000000002615563	[0.149805423746636, -0.28307688103094175, 0.9473256116256358]	[0.10115643714242264, -0.19114827758779665, 0.6396836729215389]	[]
0.3871126284258442	0.6128873715741558	[0.149805423746636, -0.28307688103094175, 0.9473256116256358]	[0.10115643714242264, -0.19114827758779665, 0.6396836729215389]	[]
-1.9585254893781396e-11	1.000000000019585	[0.149805423746636, -0.28307688103094175, 0.9473256116256358]	[0.10115643714242264, -0.19114827758779665, 0.6396836729215389]	[]
0.36965328975295897	0.6303467102470409	[0.149805423746636, -0.28307688103094175, 0.9473256116256358]	[0.10115643714242264, -0.19114827758779665, 0.6396836729215389]	[]
-3.6659276300619237e-10	1.0000000003665928	[0.149805423746636, -0.28307688103094175, 0.9473256116256358]	[0.10115643714242264, -0.19114827758779665, 0.6396836729215389]	[]
-1.6933797331929305e-10	1.000000000169338	[0.07747174351394122, 0.9103547793324852, -0.40651236722074324]	[-1.3119047514997817e-11, -1.5415670129304004e-10, 6.883998874344032e-11]	[]
0.6303187556877048	0.36968124431229515	[0.07747174351394122, 0.9103547793324852, -0.40651236722074324]	[-1.3119047514997817e-11, -1.5415670129304004e-10, 6.883998874344032e-11]	[]
-3.777476041614513e-10	1.0000000003777476	[0.07747174351394122, 0.9103547793324852, -0.40651236722074324]	[-1.3119047514997817e-11, -1.5415670129304004e-10, 6.883998874344032e-11]	[]
-4.084452661202898e-10	1.0000000004084453	[0.07747174351394122, 0.9103547793324852, -0.40651236722074324]	[-1.3119047514997817e-11, -1.5415670129304004e-10, 6.883998874344032e-11]	[]
-4.0929189503517074e-10	1.0000000004092917	[0.07747174351394122, 0.9103547793324852, -0.40651236722074324]	[-1.3119047514997817e-11, -1.5415670129304004e-10, 6.883998874344032e-11]	[]
-2.6897539351545744e-13	1.000000000000269	[0.07747174351394122, 0.9103547793324852, -0.40651236722074324]	[-1.3119047514997817e-11, -1.5415670129304004e-10, 6.883998874344032e-11]	[]
-3.9363011461108083e-10	1.00000000039363	[0.07747174351394122, 0.9103547793324852, -0.40651236722074324]	[-1.3119047514997817e-11, -1.5415670129304004e-10, 6.883998874344032e-11]	[]
0.3834437741673892	0.6165562258326108	[0.07747174351394122, 0.9103547793324852, -0.40651236722074324]	[-1.3119047514997817e-11, -1.5415670129304004e-10, 6.883998874344032e-11]	[]
-4.41968544914955e-10	1.0000000004419685	[0.07747174351394122, 0.9103547793324852, -0.40651236722074324]	[-1.3119047514997817e-11, -1.5415670129304004e-10, 6.883998874344032e-11]	[]
0.7049390192928606	0.2950609807071393	[0.07747174351394122, 0.9103547793324852, -0.40651236722074324]	[-1.3119047514997817e-11, -1.5415670129304004e-10, 6.883998874344032e-11]	[]
0.49813061372589174	0.5018693862741083	[0.07747174351394122, 0.9103547793324852, -0.40651236722074324]	[-1.3119047514997817e-11, -1.5415670129304004e-10, 6.883998874344032e-11]	[]
0.6912692455721687	0.3087307544278313	[0.07747174351394122, 0.9103547793324852, -0.40651236722074324]	[-1.3119047514997817e-11, -1.5415670129304004e-10, 6.883998874344032e-11]	[]
0.5823485983447391	0.41765140165526093	[0.07747174351394122, 0.9103547793324852, -0.40651236722074324]	[-1.3119047514997817e-11, -1.5415670129304004e-10, 6.883998874344032e-11]	[]
-1.253717163530636e-10	1.0000000001253717	[0.07747174351394122, 0.9103547793324852, -0.40651236722074324]	[-1.3119047514997817e-11, -1.5415670129304004e-10, 6.883998874344032e-11]	[]
0.4556275034280016	0.5443724965719984	[0.07747174351394122, 0.9103547793324852, -0.40651236722074324]	[-1.3119047514997817e-11, -1.5415670129304004e-10, 6.883998874344032e-11]	[]
0.5641312309819728	0.43586876901802724	[0.10733620830418689, -0.4020673908626564, 0.9092968445957437]	[0.06055170731957881, -0.22681877214505974, 0.5129627482698207]	[]
-4.3330373738677805e-10	1.0000000004333036	[0.10733620830418689, -0.4020673908626564, 0.9092968445957437]	[0.06055170731957881, -0.22681877214505974, 0.5129627482698207]	[]
-2.961291291686993e-12	1.0000000000029612	[0.10733620830418689, -0.4020673908626564, 0.9092968445957437]	[0.06055170731957881, -0.22681877214505974, 0.5129627482698207]	[]
-4.244330086342849e-10	1.0000000004244332	[0.10733620830418689, -0.4020673908626564, 0.9092968445957437]	[0.06055170731957881, -0.22681877214505974, 0.5129627482698207]	[]
0.8067720425283598	0.1932279574716403	[0.10733620830418689, -0.4020673908626564, 0.9092968445957437]	[0.06055170731957881, -0.22681877214505974, 0.5129627482698207]	[]
0.7419900910574818	0.25800990894251924	[0.10733620830418689, -0.4020673908626564, 0.9092968445957437]	[0.06055170731957881, -0.22681877214505974, 0.5129627482698207]	[]
-3.8191042407865057e-10	1.0000000003819105	[0.10733620830418689, -0.4020673908626564, 0.9092968445957437]	[0.06055170731957881, -0.22681877214505974, 0.5129627482698207]	[]
-1.787981369902875e-11	1.0000000000178797	[0.10733620830418689, -0.4020673908626564, 0.9092968445957437]	[0.06055170731957881, -0.22681877214505974, 0.5129627482698207]	[]
0.7080779788944043	0.29192202110559556	[0.10733620830418689, -0.4020673908626564, 0.9092968445957437]	[0.06055170731957881, -0.22681877214505974, 0.5129627482698207]	[]
0.7901453706009157	0.20985462939908428	[0.10733620830418689, -0.4020673908626564, 0.9092968445957437]	[0.06055170731957881, -0.22681877214505974, 0.5129627482698207]	[]
-4.1478233934631077e-10	1.0000000004147822	[0.10733620830418689, -0.4020673908626564, 0.9092968445957437]	[0.06055170731957881, -0.22681877214505974, 0.5129627482698207]	[]
-2.1921572414917206e-12	1.000000000002192	[0.10733620830418689, -0.4020673908626564, 0.9092968445957437]	[0.06055170731957881, -0.22681877214505974, 0.5129627482698207]	[]
-4.0144361844957646e-10	1.0000000004014435	[0.10733620830418689, -0.4020673908626564, 0.9092968445957437]	[0.06055170731957881, -0.22681877214505974, 0.5129627482698207]	[]
-2.788366047383153e-10	1.0000000002788365	[0.10733620830418689, -0.4020673908626564, 0.9092968445957437]	[0.06055170731957881, -0.22681877214505974, 0.5129627482698207]	[]
-4.991651568761138e-10	1.0000000004991652	[0.10733620830418689, -0.4020673908626564, 0.9092968445957437]	[0.06055170731957881, -0.22681877214505974, 0.5129627482698207]	[]
-1.9217628785451583e-11	1.0000000000192175	[0.06280325821726504, -0.9923216828772305, -0.10655246805680645]	[-1.206972022327335e-12, 1.9070058032699677e-11, 2.047051728914197e-12]	[]
-4.3276654085106596e-10	1.0000000004327665	[0.06280325821726504, -0.9923216828772305, -0.10655246805680645]	[-1.206972022327335e-12, 1.9070058032699677e-11, 2.047051728914197e-12]	[]
-4.033297653736574e-10	1.0000000004033298	[0.06280325821726504, -0.9923216828772305, -0.10655246805680645]	[-1.206972022327335e-12, 1.9070058032699677e-11, 2.047051728914197e-12]	[]
0.39562494497107287	0.6043750550289271	[0.06280325821726504, -0.9923216828772305, -0.10655246805680645]	[-1.206972022327335e-12, 1.9070058032699677e-11, 2.047051728914197e-12]	[]
-9.068909967317736e-11	1.000000000090689	[0.06280325821726504, -0.9923216828772305, -0.10655246805680645]	[-1.206972022327335e-12, 1.9070058032699677e-11, 2.047051728914197e-12]	[]
-3.0291211259407955e-13	1.0000000000003029	[0.06280325821726504, -0.9923216828772305, -0.10655246805680645]	[-1.206972022327335e-12, 1.9070058032699677e-11, 2.047051728914197e-12]	[]
-4.272884640248352e-10	1.0000000004272884	[0.06280325821726504, -0.9923216828772305, -0.10655246805680645]	[-1.206972022327335e-12, 1.9070058032699677e-11, 2.047051728914197e-12]	[]
-4.149449579100857e-10	1.000000000414945	[0.06280325821726504, -0.9923216828772305, -0.10655246805680645]	[-1.206972022327335e-12, 1.9070058032699677e-11, 2.047051728914197e-12]	[]
-2.6022615980049814e-13	1.0000000000002602	[0.06280325821726504, -0.9923216828772305, -0.10655246805680645]	[-1.206972022327335e-12, 1.9070058032699677e-11, 2.047051728914197e-12]	[]
0.3744776491796555	0.6255223508203445	[0.06280325821726504, -0.9923216828772305, -0.10655246805680645]	[-1.206972022327335e-12, 1.9070058032699677e-11, 2.047051728914197e-12]	[]
0.4862677631473619	0.5137322368526381	[0.06280325821726504, -0.9923216828772305, -0.10655246805680645]	[-1.206972022327335e-12, 1.9070058032699677e-11, 2.047051728914197e-12]	[]
0.42098747241718226	0.5790125275828177	[0.06280325821726504, -0.9923216828772305, -0.10655246805680645]	[-1.206972022327335e-12, 1.9070058032699677e-11, 2.047051728914197e-12]	[]
-4.4285013543223507e-10	1.0000000004428502	[0.06280325821726504, -0.9923216828772305, -0.10655246805680645]	[-1.206972022327335e-12, 1.9070058032699677e-11, 2.047051728914197e-12]	[]
-4.1359557457628773e-10	1.0000000004135954	[0.06280325821726504, -0.9923216828772305, -0.10655246805680645]	[-1.206972022327335e-12, 1.9070058032699677e-11, 2.047051728914197e-12]	[]
-1.4120603248099788e-11	1.0000000000141207	[0.06280325821726504, -0.9923216828772305, -0.10655246805680645]	[-1.206972022327335e-12, 1.9070058032699677e-11, 2.047051728914197e-12]	[]
-4.3086411547980133e-10	1.000000000430864	[-0.5309962729292413, 0.07691125362759434, -0.8438765414447106]	[2.2878707262030673e-10, -3.3138172761404405e-11, 3.635962386401738e-10]	[]
-9.214497528536533e-10	1.0000000009214496	[-0.5309962729292413, 0.07691125362759434, -0.8438765414447106]	[2.2878707262030673e-10, -3.3138172761404405e-11, 3.635962386401738e-10]	[]
-3.755939609350171e-10	1.000000000375594	[-0.5309962729292413, 0.07691125362759434, -0.8438765414447106]	[2.2878707262030673e-10, -3.3138172761404405e-11, 3.635962386401738e-10]	[]
0.47753661604245146	0.5224633839575487	[-0.5309962729292413, 0.07691125362759434, -0.8438765414447106]	[2.2878707262030673e-10, -3.3138172761404405e-11, 3.635962386401738e-10]	[]
0.8235941073405818	0.17640589265941828	[-0.5309962729292413, 0.07691125362759434, -0.8438765414447106]	[2.2878707262030673e-10, -3.3138172761404405e-11, 3.635962386401738e-10]	[]
-1.4047735779196248e-10	1.0000000001404776	[-0.5309962729292413, 0.07691125362759434, -0.8438765414447106]	[2.2878707262030673e-10, -3.3138172761404405e-11, 3.635962386401738e-10]	[]
0.7144634933173433	0.28553650668265673	[-0.5309962729292413, 0.07691125362759434, -0.8438765414447106]	[2.2878707262030673e-10, -3.3138172761404405e-11, 3.635962386401738e-10]	[]
-3.943792261403657e-10	1.0000000003943792	[-0.5309962729292413, 0.07691125362759434, -0.8438765414447106]	[2.2878707262030673e-10, -3.3138172761404405e-11, 3.635962386401738e-10]	[]
0.6145324295599381	0.3854675704400619	[-0.5309962729292413, 0.07691125362759434, -0.8438765414447106]	[2.2878707262030673e-10, -3.3138172761404405e-11, 3.635962386401738e-10]	[]
0.7065426240859478	0.2934573759140522	[-0.5309962729292413, 0.07691125362759434, -0.8438765414447106]	[2.2878707262030673e-10, -3.3138172761404405e-11, 3.635962386401738e-10]	[]
0.5511562852640433	0.4488437147359567	[-0.5309962729292413, 0.07691125362759434, -0.8438765414447106]	[2.2878707262030673e-10, -3.3138172761404405e-11, 3.635962386401738e-10]	[]
0.5272182597554842	0.4727817402445158	[-0.5309962729292413, 0.07691125362759434, -0.8438765414447106]	[2.2878707262030673e-10, -3.3138172761404405e-11, 3.635962386401738e-10]	[]
-1.6965528358835381e-12	1.0000000000016966	[-0.5309962729292413, 0.07691125362759434, -0.8438765414447106]	[2.2878707262030673e-10, -3.3138172761404405e-11, 3.635962386401738e-10]	[]
-3.704334744280056e-10	1.0000000003704335	[-0.5309962729292413, 0.07691125362759434, -0.8438765414447106]	[2.2878707262030673e-10, -3.3138172761404405e-11, 3.635962386401738e-10]	[]
0.44809123695441216	0.5519087630455879	[-0.5309962729292413, 0.07691125362759434, -0.8438765414447106]	[2.2878707262030673e-10, -3.3138172761404405e-11, 3.635962386401738e-10]	[]
0.4336906853812707	0.5663093146187292	[-0.5675339895349695, 0.42889162584799057, 0.7028208477272059]	[-0.24613420489858784, 0.18600630316830252, 0.3048068551510576]	[]
0.8920814810609952	0.1079185189390047	[-0.5675339895349695, 0.42889162584799057, 0.7028208477272059]	[-0.24613420489858784, 0.18600630316830252, 0.3048068551510576]	[]
0.46909791078766555	0.5309020892123345	[-0.5675339895349695, 0.42889162584799057, 0.7028208477272059]	[-0.24613420489858784, 0.18600630316830252, 0.3048068551510576]	[]
0.37033322251702805	0.629666777482972	[-0.5675339895349695, 0.42889162584799057, 0.7028208477272059]	[-0.24613420489858784, 0.18600630316830252, 0.3048068551510576]	[]
0.5435709576787363	0.45642904232126374	[-0.5675339895349695, 0.42889162584799057, 0.7028208477272059]	[-0.24613420489858784, 0.18600630316830252, 0.3048068551510576]	[]
0.6985121021117591	0.30148789788824093	[-0.5675339895349695, 0.42889162584799057, 0.7028208477272059]	[-0.24613420489858784, 0.18600630316830252, 0.3048068551510576]	[]
-3.29190599066318e-10	1.0000000003291907	[-0.5675339895349695, 0.42889162584799057, 0.7028208477272059]	[-0.24613420489858784, 0.18600630316830252, 0.3048068551510576]	[]
8.613527016880273e-10	0.9999999991386284	[-0.5675339895349695, 0.42889162584799057, 0.7028208477272059]	[-0.24613420489858784, 0.18600630316830252, 0.3048068551510576]	[]
-1.0204504526154958e-11	1.0000000000102043	[-0.5675339895349695, 0.42889162584799057, 0.7028208477272059]	[-0.24613420489858784, 0.18600630316830252, 0.3048068551510576]	[]
-2.1263150167598856e-11	1.000000000021263	[-0.5675339895349695, 0.42889162584799057, 0.7028208477272059]	[-0.24613420489858784, 0.18600630316830252, 0.3048068551510576]	[]
-2.8004157051519994e-10	1.0000000002800415	[-0.5675339895349695, 0.42889162584799057, 0.7028208477272059]	[-0.24613420489858784, 0.18600630316830252, 0.3048068551510576]	[]
0.4736262019719669	0.526373798028033	[-0.5675339895349695, 0.42889162584799057, 0.7028208477272059]	[-0.24613420489858784, 0.18600630316830252, 0.3048068551510576]	[]
0.48698598576109464	0.5130140142389055	[-0.5675339895349695, 0.42889162584799057, 0.7028208477272059]	[-0.24613420489858784, 0.18600630316830252, 0.3048068551510576]	[]
0.37928967866938157	0.6207103213306184	[-0.5675339895349695, 0.42889162584799057, 0.7028208477272059]	[-0.24613420489858784, 0.18600630316830252, 0.3048068551510576]	[]
-3.5847180006834317e-10	1.0000000003584717	[-0.5675339895349695, 0.42889162584799057, 0.7028208477272059]	[-0.24613420489858784, 0.18600630316830252, 0.3048068551510576]	[]
0.40850623710506445	0.5914937628949355	[0.027683618160172, 0.9973069854978693, 0.06791460787425818]	[0.011308930684065254, 0.40740612388432973, 0.027743540907178548]	[]
-3.671711610208884e-11	1.000000000036717	[0.027683618160172, 0.9973069854978693, 0.06791460787425818]	[0.011308930684065254, 0.40740612388432973, 0.027743540907178548]	[]
-4.084162337737292e-10	1.0000000004084162	[0.027683618160172, 0.9973069854978693, 0.06791460787425818]	[0.011308930684065254, 0.40740612388432973, 0.027743540907178548]	[]
-7.458989429064961e-10	1.0000000007458991	[0.027683618160172, 0.9973069854978693, 0.06791460787425818]	[0.011308930684065254, 0.40740612388432973, 0.027743540907178548]	[]
0.3925268103249493	0.6074731896750507	[0.027683618160172, 0.9973069854978693, 0.06791460787425818]	[0.011308930684065254, 0.40740612388432973, 0.027743540907178548]	[]
0.6500112057731454	0.3499887942268546	[0.027683618160172, 0.9973069854978693, 0.06791460787425818]	[0.011308930684065254, 0.40740612388432973, 0.027743540907178548]	[]
0.84593304075354	0.15406695924646	[0.027683618160172, 0.9973069854978693, 0.06791460787425818]	[0.011308930684065254, 0.40740612388432973, 0.027743540907178548]	[]
0.3953625469962373	0.6046374530037627	[0.027683618160172, 0.9973069854978693, 0.06791460787425818]	[0.011308930684065254, 0.40740612388432973, 0.027743540907178548]	[]
-3.375689282871644e-10	1.0000000003375689	[0.027683618160172, 0.9973069854978693, 0.06791460787425818]	[0.011308930684065254, 0.40740612388432973, 0.027743540907178548]	[]
0.36903078199645534	0.6309692180035447	[0.027683618160172, 0.9973069854978693, 0.06791460787425818]	[0.011308930684065254, 0.40740612388432973, 0.027743540907178548]	[]
-4.0178184015087744e-11	1.0000000000401783	[0.027683618160172, 0.9973069854978693, 0.06791460787425818]	[0.011308930684065254, 0.40740612388432973, 0.027743540907178548]	[]
-2.8147571855520167e-11	1.0000000000281475	[0.027683618160172, 0.9973069854978693, 0.06791460787425818]	[0.011308930684065254, 0.40740612388432973, 0.027743540907178548]	[]
0.48592210164572924	0.5140778983542706	[0.027683618160172, 0.9973069854978693, 0.06791460787425818]	[0.011308930684065254, 0.40740612388432973, 0.027743540907178548]	[]
-2.989455133653807e-11	1.0000000000298945	[0.027683618160172, 0.9973069854978693, 0.06791460787425818]	[0.011308930684065254, 0.40740612388432973, 0.027743540907178548]	[]
0.6399915716311864	0.36000842836881347	[0.027683618160172, 0.9973069854978693, 0.06791460787425818]	[0.011308930684065254, 0.40740612388432973, 0.027743540907178548]	[]
0.6875322115040264	0.31246778849597356	[0.7807544835459642, -0.28873638806121155, 0.5541242952914448]	[0.5367938567140409, -0.19851556742540943, 0.38097830218983714]	[]
-2.852183041368448e-11	1.0000000000285216	[0.7807544835459642, -0.28873638806121155, 0.5541242952914448]	[0.5367938567140409, -0.19851556742540943, 0.38097830218983714]	[]
-4.328125762608039e-10	1.0000000004328127	[0.7807544835459642, -0.28873638806121155, 0.5541242952914448]	[0.5367938567140409, -0.19851556742540943, 0.38097830218983714]	[]
-2.481960749119687e-10	1.0000000002481961	[0.7807544835459642, -0.28873638806121155, 0.5541242952914448]	[0.5367938567140409, -0.19851556742540943, 0.38097830218983714]	[]
0.5160519124699453	0.4839480875300547	[0.7807544835459642, -0.28873638806121155, 0.5541242952914448]	[0.5367938567140409, -0.19851556742540943, 0.38097830218983714]	[]
0.47670347852915484	0.5232965214708452	[0.7807544835459642, -0.28873638806121155, 0.5541242952914448]	[0.5367938567140409, -0.19851556742540943, 0.38097830218983714]	[]
-3.774705890201833e-10	1.0000000003774707	[0.7807544835459642, -0.28873638806121155, 0.5541242952914448]	[0.5367938567140409, -0.19851556742540943, 0.38097830218983714]	[]
0.4224621494816738	0.5775378505183262	[0.7807544835459642, -0.28873638806121155, 0.5541242952914448]	[0.5367938567140409, -0.19851556742540943, 0.38097830218983714]	[]
0.5627779692112114	0.43722203078878863	[0.7807544835459642, -0.28873638806121155, 0.5541242952914448]	[0.5367938567140409, -0.19851556742540943, 0.38097830218983714]	[]
-3.3782047953585825e-10	1.0000000003378204	[0.7807544835459642, -0.28873638806121155, 0.5541242952914448]	[0.5367938567140409, -0.19851556742540943, 0.38097830218983714]	[]
2.653136230980524e-07	0.9999997346869093	[0.7807544835459642, -0.28873638806121155, 0.5541242952914448]	[0.5367938567140409, -0.19851556742540943, 0.38097830218983714]	[]
0.704613837992041	0.295386162007959	[0.7807544835459642, -0.28873638806121155, 0.5541242952914448]	[0.5367938567140409, -0.19851556742540943, 0.38097830218983714]	[]
-3.603506659463482e-10	1.0000000003603504	[0.7807544835459642, -0.28873638806121155, 0.5541242952914448]	[0.5367938567140409, -0.19851556742540943, 0.38097830218983714]	[]
-1.4538604411478523e-11	1.0000000000145384	[0.7807544835459642, -0.28873638806121155, 0.5541242952914448]	[0.5367938567140409, -0.19851556742540943, 0.38097830218983714]	[]
0.5987197836794367	0.4012802163205633	[0.7807544835459642, -0.28873638806121155, 0.5541242952914448]	[0.5367938567140409, -0.19851556742540943, 0.38097830218983714]	[]
0.8363156955182087	0.16368430448179142	[0.942429967915496, 0.31025077145589547, 0.12478066511210294]	[0.7881689740944514, 0.25946758971519823, 0.10435602873045]	[]
-5.067739088037107e-10	1.000000000506774	[0.942429967915496, 0.31025077145589547, 0.12478066511210294]	[0.7881689740944514, 0.25946758971519823, 0.10435602873045]	[]
0.6616110649827875	0.33838893501721246	[0.942429967915496, 0.31025077145589547, 0.12478066511210294]	[0.7881689740944514, 0.25946758971519823, 0.10435602873045]	[]
-9.902990334668451e-12	1.000000000009903	[0.942429967915496, 0.31025077145589547, 0.12478066511210294]	[0.7881689740944514, 0.25946758971519823, 0.10435602873045]	[]
0.7314120732330237	0.26858792676697624	[0.942429967915496, 0.31025077145589547, 0.12478066511210294]	[0.7881689740944514, 0.25946758971519823, 0.10435602873045]	[]
0.7022920056082299	0.29770799439177	[0.942429967915496, 0.31025077145589547, 0.12478066511210294]	[0.7881689740944514, 0.25946758971519823, 0.10435602873045]	[]
-3.059906408794376e-10	1.0000000003059906	[0.942429967915496, 0.31025077145589547, 0.12478066511210294]	[0.7881689740944514, 0.25946758971519823, 0.10435602873045]	[]
-3.875106362046279e-10	1.0000000003875105	[0.942429967915496, 0.31025077145589547, 0.12478066511210294]	[0.7881689740944514, 0.25946758971519823, 0.10435602873045]	[]
0.6932504432952489	0.30674955670475107	[0.942429967915496, 0.31025077145589547, 0.12478066511210294]	[0.7881689740944514, 0.25946758971519823, 0.10435602873045]	[]
0.5408528366958473	0.45914716330415273	[0.942429967915496, 0.31025077145589547, 0.12478066511210294]	[0.7881689740944514, 0.25946758971519823, 0.10435602873045]	[]
-6.321516194286645e-12	1.0000000000063214	[0.942429967915496, 0.31025077145589547, 0.12478066511210294]	[0.7881689740944514, 0.25946758971519823, 0.10435602873045]	[]
0.457242605383626	0.5427573946163738	[0.942429967915496, 0.31025077145589547, 0.12478066511210294]	[0.7881689740944514, 0.25946758971519823, 0.10435602873045]	[]
-2.2778238950528027e-10	1.0000000002277822	[0.942429967915496, 0.31025077145589547, 0.12478066511210294]	[0.7881689740944514, 0.25946758971519823, 0.10435602873045]	[]
-3.714142503868995e-10	1.0000000003714142	[0.942429967915496, 0.31025077145589547, 0.12478066511210294]	[0.7881689740944514, 0.25946758971519823, 0.10435602873045]	[]
0.4674230996319582	0.5325769003680417	[0.942429967915496, 0.31025077145589547, 0.12478066511210294]	[0.7881689740944514, 0.25946758971519823, 0.10435602873045]	[]
-2.2658769621329013e-10	1.0000000002265876	[0.8076416645791876, 0.20959886407130335, -0.5511653634035599]	[-1.830013640624628e-10, -4.7492301757934285e-11, 1.2488785800316796e-10]	[]
0.7420051795130915	0.25799482048690847	[0.8076416645791876, 0.20959886407130335, -0.5511653634035599]	[-1.830013640624628e-10, -4.7492301757934285e-11, 1.2488785800316796e-10]	[]
-9.995432727593592e-11	1.0000000000999543	[0.8076416645791876, 0.20959886407130335, -0.5511653634035599]	[-1.830013640624628e-10, -4.7492301757934285e-11, 1.2488785800316796e-10]	[]
6.655675779291661e-10	0.9999999993344308	[0.8076416645791876, 0.20959886407130335, -0.5511653634035599]	[-1.830013640624628e-10, -4.7492301757934285e-11, 1.2488785800316796e-10]	[]
-1.076602263892595e-10	1.00000000010766	[0.8076416645791876, 0.20959886407130335, -0.5511653634035599]	[-1.830013640624628e-10, -4.7492301757934285e-11, 1.2488785800316796e-10]	[]
0.42803278731301886	0.5719672126869811	[0.8076416645791876, 0.20959886407130335, -0.5511653634035599]	[-1.830013640624628e-10, -4.7492301757934285e-11, 1.2488785800316796e-10]	[]
0.5394918102630355	0.46050818973696456	[0.8076416645791876, 0.20959886407130335, -0.5511653634035599]	[-1.830013640624628e-10, -4.7492301757934285e-11, 1.2488785800316796e-10]	[]
-7.393574956927434e-12	1.0000000000073936	[0.8076416645791876, 0.20959886407130335, -0.5511653634035599]	[-1.830013640624628e-10, -4.7492301757934285e-11, 1.2488785800316796e-10]	[]
-4.55401612488861e-10	1.0000000004554015	[0.8076416645791876, 0.20959886407130335, -0.5511653634035599]	[-1.830013640624628e-10, -4.7492301757934285e-11, 1.2488785800316796e-10]	[]
-3.607004640776547e-10	1.0000000003607004	[0.8076416645791876, 0.20959886407130335, -0.5511653634035599]	[-1.830013640624628e-10, -4.7492301757934285e-11, 1.2488785800316796e-10]	[]
0.5180870033565836	0.4819129966434163	[0.8076416645791876, 0.20959886407130335, -0.5511653634035599]	[-1.830013640624628e-10, -4.7492301757934285e-11, 1.2488785800316796e-10]	[]
-4.2067603591149183e-10	1.000000000420676	[0.8076416645791876, 0.20959886407130335, -0.5511653634035599]	[-1.830013640624628e-10, -4.7492301757934285e-11, 1.2488785800316796e-10]	[]
0.4945452059805976	0.5054547940194024	[0.8076416645791876, 0.20959886407130335, -0.5511653634035599]	[-1.830013640624628e-10, -4.7492301757934285e-11, 1.2488785800316796e-10]	[]
-4.5869107271598845e-10	1.000000000458691	[0.8076416645791876, 0.20959886407130335, -0.5511653634035599]	[-1.830013640624628e-10, -4.7492301757934285e-11, 1.2488785800316796e-10]	[]
-3.699372282477963e-10	1.0000000003699372	[0.8076416645791876, 0.20959886407130335, -0.5511653634035599]	[-1.830013640624628e-10, -4.7492301757934285e-11, 1.2488785800316796e-10]	[]
