0.6602955795238938	0.33970442047610633	[0.3369830359929369, -0.5161982849676826, 0.7873892074758239]	[0.1867031080006427, -0.28599607058584325, 0.43624751557220925]	[]
0.6749677508782451	0.32503224912175477	[0.3369830359929369, -0.5161982849676826, 0.7873892074758239]	[0.1867031080006427, -0.28599607058584325, 0.43624751557220925]	[]
0.6257497316414199	0.37425026835857994	[0.3369830359929369, -0.5161982849676826, 0.7873892074758239]	[0.1867031080006427, -0.28599607058584325, 0.43624751557220925]	[]
0.6513875272591586	0.34861247274084145	[0.3369830359929369, -0.5161982849676826, 0.7873892074758239]	[0.1867031080006427, -0.28599607058584325, 0.43624751557220925]	[]
0.6110694930579708	0.3889305069420291	[0.3369830359929369, -0.5161982849676826, 0.7873892074758239]	[0.1867031080006427, -0.28599607058584325, 0.43624751557220925]	[]
0.8009488137928679	0.19905118620713216	[0.3369830359929369, -0.5161982849676826, 0.7873892074758239]	[0.1867031080006427, -0.28599607058584325, 0.43624751557220925]	[]
0.5794549245992899	0.4205450754007101	[0.3369830359929369, -0.5161982849676826, 0.7873892074758239]	[0.1867031080006427, -0.28599607058584325, 0.43624751557220925]	[]
0.5545220533797863	0.44547794662021367	[0.3369830359929369, -0.5161982849676826, 0.7873892074758239]	[0.1867031080006427, -0.28599607058584325, 0.43624751557220925]	[]
0.6064903918515715	0.3935096081484284	[0.3369830359929369, -0.5161982849676826, 0.7873892074758239]	[0.1867031080006427, -0.28599607058584325, 0.43624751557220925]	[]
0.7651864407620269	0.23481355923797304	[0.3369830359929369, -0.5161982849676826, 0.7873892074758239]	[0.1867031080006427, -0.28599607058584325, 0.43624751557220925]	[]
0.6248650605864675	0.37513493941353254	[0.3369830359929369, -0.5161982849676826, 0.7873892074758239]	[0.1867031080006427, -0.28599607058584325, 0.43624751557220925]	[]
0.632797567084817	0.36720243291518284	[0.3369830359929369, -0.5161982849676826, 0.7873892074758239]	[0.1867031080006427, -0.28599607058584325, 0.43624751557220925]	[]
0.6137265995746293	0.3862734004253708	[0.3369830359929369, -0.5161982849676826, 0.7873892074758239]	[0.1867031080006427, -0.28599607058584325, 0.43624751557220925]	[]
0.5212422505745556	0.4787577494254444	[0.3369830359929369, -0.5161982849676826, 0.7873892074758239]	[0.1867031080006427, -0.28599607058584325, 0.43624751557220925]	[]
0.848348670678802	0.15165132932119788	[0.3369830359929369, -0.5161982849676826, 0.7873892074758239]	[0.1867031080006427, -0.28599607058584325, 0.43624751557220925]	[]
0.6078086504865168	0.3921913495134833	[-0.24446136842836091, 0.7894407179207908, -0.5630470604086656]	[1.1418643808269735e-10, -3.687420091491589e-10, 2.629971612227346e-10]	[]
0.6508433538282119	0.3491566461717881	[-0.24446136842836091, 0.7894407179207908, -0.5630470604086656]	[1.1418643808269735e-10, -3.687420091491589e-10, 2.629971612227346e-10]	[]
0.8000245168268868	0.19997548317311295	[-0.24446136842836091, 0.7894407179207908, -0.5630470604086656]	[1.1418643808269735e-10, -3.687420091491589e-10, 2.629971612227346e-10]	[]
0.5849097730153829	0.4150902269846169	[-0.24446136842836091, 0.7894407179207908, -0.5630470604086656]	[1.1418643808269735e-10, -3.687420091491589e-10, 2.629971612227346e-10]	[]
0.7926455942108191	0.2073544057891807	[-0.24446136842836091, 0.7894407179207908, -0.5630470604086656]	[1.1418643808269735e-10, -3.687420091491589e-10, 2.629971612227346e-10]	[]
0.6050951851673537	0.39490481483264617	[-0.24446136842836091, 0.7894407179207908, -0.5630470604086656]	[1.1418643808269735e-10, -3.687420091491589e-10, 2.629971612227346e-10]	[]
0.7384321966598415	0.2615678033401587	[-0.24446136842836091, 0.7894407179207908, -0.5630470604086656]	[1.1418643808269735e-10, -3.687420091491589e-10, 2.629971612227346e-10]	[]
0.7635039912715266	0.23649600872847357	[-0.24446136842836091, 0.7894407179207908, -0.5630470604086656]	[1.1418643808269735e-10, -3.687420091491589e-10, 2.629971612227346e-10]	[]
0.6195628284369488	0.3804371715630511	[-0.24446136842836091, 0.7894407179207908, -0.5630470604086656]	[1.1418643808269735e-10, -3.687420091491589e-10, 2.629971612227346e-10]	[]
0.766824611536218	0.23317538846378186	[-0.24446136842836091, 0.7894407179207908, -0.5630470604086656]	[1.1418643808269735e-10, -3.687420091491589e-10, 2.629971612227346e-10]	[]
0.5123378154475124	0.4876621845524876	[-0.24446136842836091, 0.7894407179207908, -0.5630470604086656]	[1.1418643808269735e-10, -3.687420091491589e-10, 2.629971612227346e-10]	[]
0.7360155037231245	0.26398449627687554	[-0.24446136842836091, 0.7894407179207908, -0.5630470604086656]	[1.1418643808269735e-10, -3.687420091491589e-10, 2.629971612227346e-10]	[]
0.7726036166679486	0.2273963833320515	[-0.24446136842836091, 0.7894407179207908, -0.5630470604086656]	[1.1418643808269735e-10, -3.687420091491589e-10, 2.629971612227346e-10]	[]
0.5202714387605876	0.47972856123941243	[-0.24446136842836091, 0.7894407179207908, -0.5630470604086656]	[1.1418643808269735e-10, -3.687420091491589e-10, 2.629971612227346e-10]	[]
0.6554959628678123	0.34450403713218763	[-0.24446136842836091, 0.7894407179207908, -0.5630470604086656]	[1.1418643808269735e-10, -3.687420091491589e-10, 2.629971612227346e-10]	[]
0.5403652089889835	0.45963479101101645	[-0.9586567100249667, 0.0537379101804175, -0.27944507391175893]	[1.8599011220032935e-12, -1.042499420123022e-13, 5.421582255944102e-13]	[]
0.6736142270837021	0.326385772916298	[-0.9586567100249667, 0.0537379101804175, -0.27944507391175893]	[1.8599011220032935e-12, -1.042499420123022e-13, 5.421582255944102e-13]	[]
0.7598134157584525	0.24018658424154757	[-0.9586567100249667, 0.0537379101804175, -0.27944507391175893]	[1.8599011220032935e-12, -1.042499420123022e-13, 5.421582255944102e-13]	[]
0.6139409219459993	0.38605907805400075	[-0.9586567100249667, 0.0537379101804175, -0.27944507391175893]	[1.8599011220032935e-12, -1.042499420123022e-13, 5.421582255944102e-13]	[]
0.6164506295206741	0.38354937047932597	[-0.9586567100249667, 0.0537379101804175, -0.27944507391175893]	[1.8599011220032935e-12, -1.042499420123022e-13, 5.421582255944102e-13]	[]
0.7629959000017207	0.23700409999827907	[-0.9586567100249667, 0.0537379101804175, -0.27944507391175893]	[1.8599011220032935e-12, -1.042499420123022e-13, 5.421582255944102e-13]	[]
0.5614233491883334	0.43857665081166664	[-0.9586567100249667, 0.0537379101804175, -0.27944507391175893]	[1.8599011220032935e-12, -1.042499420123022e-13, 5.421582255944102e-13]	[]
0.8444637249148779	0.15553627508512213	[-0.9586567100249667, 0.0537379101804175, -0.27944507391175893]	[1.8599011220032935e-12, -1.042499420123022e-13, 5.421582255944102e-13]	[]
0.6323079265115731	0.3676920734884271	[-0.9586567100249667, 0.0537379101804175, -0.27944507391175893]	[1.8599011220032935e-12, -1.042499420123022e-13, 5.421582255944102e-13]	[]
0.5475971235564061	0.4524028764435939	[-0.9586567100249667, 0.0537379101804175, -0.27944507391175893]	[1.8599011220032935e-12, -1.042499420123022e-13, 5.421582255944102e-13]	[]
0.6511669822233149	0.3488330177766852	[-0.9586567100249667, 0.0537379101804175, -0.27944507391175893]	[1.8599011220032935e-12, -1.042499420123022e-13, 5.421582255944102e-13]	[]
0.5552105398420557	0.44478946015794435	[-0.9586567100249667, 0.0537379101804175, -0.27944507391175893]	[1.8599011220032935e-12, -1.042499420123022e-13, 5.421582255944102e-13]	[]
0.5512498786013994	0.44875012139860054	[-0.9586567100249667, 0.0537379101804175, -0.27944507391175893]	[1.8599011220032935e-12, -1.042499420123022e-13, 5.421582255944102e-13]	[]
0.6314665088284206	0.36853349117157924	[-0.9586567100249667, 0.0537379101804175, -0.27944507391175893]	[1.8599011220032935e-12, -1.042499420123022e-13, 5.421582255944102e-13]	[]
0.6304169039383666	0.36958309606163353	[-0.9586567100249667, 0.0537379101804175, -0.27944507391175893]	[1.8599011220032935e-12, -1.042499420123022e-13, 5.421582255944102e-13]	[]
0.5194470779243466	0.48055292207565325	[0.8675428284776457, 0.1501748290518864, 0.4741486702251128]	[0.5808765657700631, 0.10055185300516124, 0.3174734920097406]	[]
0.730141334893436	0.2698586651065637	[0.8675428284776457, 0.1501748290518864, 0.4741486702251128]	[0.5808765657700631, 0.10055185300516124, 0.3174734920097406]	[]
0.5379258747756168	0.4620741252243832	[0.8675428284776457, 0.1501748290518864, 0.4741486702251128]	[0.5808765657700631, 0.10055185300516124, 0.3174734920097406]	[]
0.8145768397576099	0.18542316024238986	[0.8675428284776457, 0.1501748290518864, 0.4741486702251128]	[0.5808765657700631, 0.10055185300516124, 0.3174734920097406]	[]
0.6682183520243464	0.33178164797565324	[0.8675428284776457, 0.1501748290518864, 0.4741486702251128]	[0.5808765657700631, 0.10055185300516124, 0.3174734920097406]	[]
0.5224839690829498	0.4775160309170501	[0.8675428284776457, 0.1501748290518864, 0.4741486702251128]	[0.5808765657700631, 0.10055185300516124, 0.3174734920097406]	[]
0.6384268502056182	0.361573149794382	[0.8675428284776457, 0.1501748290518864, 0.4741486702251128]	[0.5808765657700631, 0.10055185300516124, 0.3174734920097406]	[]
0.5786007793118931	0.42139922068810687	[0.8675428284776457, 0.1501748290518864, 0.4741486702251128]	[0.5808765657700631, 0.10055185300516124, 0.3174734920097406]	[]
0.6232592522956408	0.3767407477043591	[0.8675428284776457, 0.1501748290518864, 0.4741486702251128]	[0.5808765657700631, 0.10055185300516124, 0.3174734920097406]	[]
0.5655379186211539	0.43446208137884595	[0.8675428284776457, 0.1501748290518864, 0.4741486702251128]	[0.5808765657700631, 0.10055185300516124, 0.3174734920097406]	[]
0.511220050510204	0.4887799494897959	[0.8675428284776457, 0.1501748290518864, 0.4741486702251128]	[0.5808765657700631, 0.10055185300516124, 0.3174734920097406]	[]
0.6268256911333059	0.3731743088666939	[0.8675428284776457, 0.1501748290518864, 0.4741486702251128]	[0.5808765657700631, 0.10055185300516124, 0.3174734920097406]	[]
0.5795053470507642	0.42049465294923594	[0.8675428284776457, 0.1501748290518864, 0.4741486702251128]	[0.5808765657700631, 0.10055185300516124, 0.3174734920097406]	[]
0.6110739524612148	0.3889260475387852	[0.8675428284776457, 0.1501748290518864, 0.4741486702251128]	[0.5808765657700631, 0.10055185300516124, 0.3174734920097406]	[]
0.6203475927967279	0.3796524072032719	[0.8675428284776457, 0.1501748290518864, 0.4741486702251128]	[0.5808765657700631, 0.10055185300516124, 0.3174734920097406]	[]
0.5108494892712628	0.48915051072873733	[-0.8226668475093709, 0.0508918683138265, -0.5662413582108973]	[2.8223356984824477e-10, -1.7459408918618635e-11, 1.9426220252602364e-10]	[]
0.6588959316696749	0.3411040683303249	[-0.8226668475093709, 0.0508918683138265, -0.5662413582108973]	[2.8223356984824477e-10, -1.7459408918618635e-11, 1.9426220252602364e-10]	[]
0.7706849501529008	0.22931504984709916	[-0.8226668475093709, 0.0508918683138265, -0.5662413582108973]	[2.8223356984824477e-10, -1.7459408918618635e-11, 1.9426220252602364e-10]	[]
0.6823220407734983	0.31767795922650127	[-0.8226668475093709, 0.0508918683138265, -0.5662413582108973]	[2.8223356984824477e-10, -1.7459408918618635e-11, 1.9426220252602364e-10]	[]
0.608799319771514	0.391200680228486	[-0.8226668475093709, 0.0508918683138265, -0.5662413582108973]	[2.8223356984824477e-10, -1.7459408918618635e-11, 1.9426220252602364e-10]	[]
0.7377467752607323	0.26225322473926765	[-0.8226668475093709, 0.0508918683138265, -0.5662413582108973]	[2.8223356984824477e-10, -1.7459408918618635e-11, 1.9426220252602364e-10]	[]
0.6606910452418882	0.3393089547581117	[-0.8226668475093709, 0.0508918683138265, -0.5662413582108973]	[2.8223356984824477e-10, -1.7459408918618635e-11, 1.9426220252602364e-10]	[]
0.603931222532711	0.39606877746728897	[-0.8226668475093709, 0.0508918683138265, -0.5662413582108973]	[2.8223356984824477e-10, -1.7459408918618635e-11, 1.9426220252602364e-10]	[]
0.6217758027436031	0.37822419725639694	[-0.8226668475093709, 0.0508918683138265, -0.5662413582108973]	[2.8223356984824477e-10, -1.7459408918618635e-11, 1.9426220252602364e-10]	[]
0.5280268927527407	0.4719731072472592	[-0.8226668475093709, 0.0508918683138265, -0.5662413582108973]	[2.8223356984824477e-10, -1.7459408918618635e-11, 1.9426220252602364e-10]	[]
0.7781208210424925	0.22187917895750753	[-0.8226668475093709, 0.0508918683138265, -0.5662413582108973]	[2.8223356984824477e-10, -1.7459408918618635e-11, 1.9426220252602364e-10]	[]
0.5599621235342893	0.44003787646571074	[-0.8226668475093709, 0.0508918683138265, -0.5662413582108973]	[2.8223356984824477e-10, -1.7459408918618635e-11, 1.9426220252602364e-10]	[]
0.5798178282700919	0.4201821717299082	[-0.8226668475093709, 0.0508918683138265, -0.5662413582108973]	[2.8223356984824477e-10, -1.7459408918618635e-11, 1.9426220252602364e-10]	[]
0.650835722426213	0.349164277573787	[-0.8226668475093709, 0.0508918683138265, -0.5662413582108973]	[2.8223356984824477e-10, -1.7459408918618635e-11, 1.9426220252602364e-10]	[]
0.6811917438359033	0.3188082561640967	[-0.8226668475093709, 0.0508918683138265, -0.5662413582108973]	[2.8223356984824477e-10, -1.7459408918618635e-11, 1.9426220252602364e-10]	[]
