0.7266373757116891	0.2733626242883108	[0.33842267572050444, 0.6370248821603568, 0.692581686205142]	[0.17349752045091923, 0.32658047302846327, 0.3550625117258598]	[]
0.6971515219868066	0.30284847801319337	[0.33842267572050444, 0.6370248821603568, 0.692581686205142]	[0.17349752045091923, 0.32658047302846327, 0.3550625117258598]	[]
0.7601562737545383	0.2398437262454619	[0.33842267572050444, 0.6370248821603568, 0.692581686205142]	[0.17349752045091923, 0.32658047302846327, 0.3550625117258598]	[]
0.847095528065134	0.15290447193486606	[0.33842267572050444, 0.6370248821603568, 0.692581686205142]	[0.17349752045091923, 0.32658047302846327, 0.3550625117258598]	[]
0.5901968796795796	0.40980312032042043	[0.33842267572050444, 0.6370248821603568, 0.692581686205142]	[0.17349752045091923, 0.32658047302846327, 0.3550625117258598]	[]
0.8318875076678856	0.16811249233211434	[0.33842267572050444, 0.6370248821603568, 0.692581686205142]	[0.17349752045091923, 0.32658047302846327, 0.3550625117258598]	[]
0.6311054276828058	0.3688945723171943	[0.33842267572050444, 0.6370248821603568, 0.692581686205142]	[0.17349752045091923, 0.32658047302846327, 0.3550625117258598]	[]
0.5510940420855872	0.4489059579144128	[0.33842267572050444, 0.6370248821603568, 0.692581686205142]	[0.17349752045091923, 0.32658047302846327, 0.3550625117258598]	[]
0.5630158451480899	0.43698415485190995	[0.33842267572050444, 0.6370248821603568, 0.692581686205142]	[0.17349752045091923, 0.32658047302846327, 0.3550625117258598]	[]
0.7201254046078227	0.2798745953921776	[0.33842267572050444, 0.6370248821603568, 0.692581686205142]	[0.17349752045091923, 0.32658047302846327, 0.3550625117258598]	[]
0.6923385003726353	0.3076614996273648	[0.33842267572050444, 0.6370248821603568, 0.692581686205142]	[0.17349752045091923, 0.32658047302846327, 0.3550625117258598]	[]
0.6784006676646013	0.3215993323353988	[0.33842267572050444, 0.6370248821603568, 0.692581686205142]	[0.17349752045091923, 0.32658047302846327, 0.3550625117258598]	[]
0.6435611759853255	0.35643882401467447	[0.33842267572050444, 0.6370248821603568, 0.692581686205142]	[0.17349752045091923, 0.32658047302846327, 0.3550625117258598]	[]
0.6609068611615863	0.33909313883841374	[0.33842267572050444, 0.6370248821603568, 0.692581686205142]	[0.17349752045091923, 0.32658047302846327, 0.3550625117258598]	[]
0.6965644029730771	0.3034355970269227	[0.33842267572050444, 0.6370248821603568, 0.692581686205142]	[0.17349752045091923, 0.32658047302846327, 0.3550625117258598]	[]
0.8540777127392621	0.1459222872607382	[0.1238348421876108, -0.9758702685111506, 0.17983923625378465]	[0.04980166174553946, -0.3924578911829344, 0.07232449813210322]	[]
0.5629101968251378	0.43708980317486223	[0.1238348421876108, -0.9758702685111506, 0.17983923625378465]	[0.04980166174553946, -0.3924578911829344, 0.07232449813210322]	[]
0.8005870678470947	0.19941293215290543	[0.1238348421876108, -0.9758702685111506, 0.17983923625378465]	[0.04980166174553946, -0.3924578911829344, 0.07232449813210322]	[]
0.750524613368476	0.24947538663152416	[0.1238348421876108, -0.9758702685111506, 0.17983923625378465]	[0.04980166174553946, -0.3924578911829344, 0.07232449813210322]	[]
0.6583226759198937	0.34167732408010654	[0.1238348421876108, -0.9758702685111506, 0.17983923625378465]	[0.04980166174553946, -0.3924578911829344, 0.07232449813210322]	[]
0.5576116406870312	0.4423883593129688	[0.1238348421876108, -0.9758702685111506, 0.17983923625378465]	[0.04980166174553946, -0.3924578911829344, 0.07232449813210322]	[]
0.7563376420500091	0.24366235794999097	[0.1238348421876108, -0.9758702685111506, 0.17983923625378465]	[0.04980166174553946, -0.3924578911829344, 0.07232449813210322]	[]
0.720413220812666	0.27958677918733404	[0.1238348421876108, -0.9758702685111506, 0.17983923625378465]	[0.04980166174553946, -0.3924578911829344, 0.07232449813210322]	[]
0.8643443337326411	0.135655666267359	[0.1238348421876108, -0.9758702685111506, 0.17983923625378465]	[0.04980166174553946, -0.3924578911829344, 0.07232449813210322]	[]
0.6316990066738686	0.36830099332613137	[0.1238348421876108, -0.9758702685111506, 0.17983923625378465]	[0.04980166174553946, -0.3924578911829344, 0.07232449813210322]	[]
0.6730604368187658	0.3269395631812343	[0.1238348421876108, -0.9758702685111506, 0.17983923625378465]	[0.04980166174553946, -0.3924578911829344, 0.07232449813210322]	[]
0.607953919710245	0.3920460802897549	[0.1238348421876108, -0.9758702685111506, 0.17983923625378465]	[0.04980166174553946, -0.3924578911829344, 0.07232449813210322]	[]
0.5704935788255062	0.4295064211744938	[0.1238348421876108, -0.9758702685111506, 0.17983923625378465]	[0.04980166174553946, -0.3924578911829344, 0.07232449813210322]	[]
0.5637556725376147	0.43624432746238523	[0.1238348421876108, -0.9758702685111506, 0.17983923625378465]	[0.04980166174553946, -0.3924578911829344, 0.07232449813210322]	[]
0.7207077895176892	0.27929221048231073	[0.1238348421876108, -0.9758702685111506, 0.17983923625378465]	[0.04980166174553946, -0.3924578911829344, 0.07232449813210322]	[]
0.8622862853035748	0.13771371469642524	[0.011393150861737198, 0.3184279643504219, 0.9478785932982599]	[0.006480827145684382, 0.1811330877955615, 0.5391868669878651]	[]
0.7128274989680545	0.2871725010319455	[0.011393150861737198, 0.3184279643504219, 0.9478785932982599]	[0.006480827145684382, 0.1811330877955615, 0.5391868669878651]	[]
0.692675580100555	0.30732441989944503	[0.011393150861737198, 0.3184279643504219, 0.9478785932982599]	[0.006480827145684382, 0.1811330877955615, 0.5391868669878651]	[]
0.7275143146702565	0.27248568532974327	[0.011393150861737198, 0.3184279643504219, 0.9478785932982599]	[0.006480827145684382, 0.1811330877955615, 0.5391868669878651]	[]
0.6439145825351411	0.356085417464859	[0.011393150861737198, 0.3184279643504219, 0.9478785932982599]	[0.006480827145684382, 0.1811330877955615, 0.5391868669878651]	[]
0.6223771118478115	0.3776228881521884	[0.011393150861737198, 0.3184279643504219, 0.9478785932982599]	[0.006480827145684382, 0.1811330877955615, 0.5391868669878651]	[]
0.6369626235447269	0.36303737645527306	[0.011393150861737198, 0.3184279643504219, 0.9478785932982599]	[0.006480827145684382, 0.1811330877955615, 0.5391868669878651]	[]
0.5725908756685105	0.4274091243314895	[0.011393150861737198, 0.3184279643504219, 0.9478785932982599]	[0.006480827145684382, 0.1811330877955615, 0.5391868669878651]	[]
0.716775388652659	0.28322461134734084	[0.011393150861737198, 0.3184279643504219, 0.9478785932982599]	[0.006480827145684382, 0.1811330877955615, 0.5391868669878651]	[]
0.681329853260545	0.318670146739455	[0.011393150861737198, 0.3184279643504219, 0.9478785932982599]	[0.006480827145684382, 0.1811330877955615, 0.5391868669878651]	[]
0.8001204974161448	0.19987950258385503	[0.011393150861737198, 0.3184279643504219, 0.9478785932982599]	[0.006480827145684382, 0.1811330877955615, 0.5391868669878651]	[]
0.8039207201334231	0.19607927986657683	[0.011393150861737198, 0.3184279643504219, 0.9478785932982599]	[0.006480827145684382, 0.1811330877955615, 0.5391868669878651]	[]
0.8133024461546858	0.1866975538453141	[0.011393150861737198, 0.3184279643504219, 0.9478785932982599]	[0.006480827145684382, 0.1811330877955615, 0.5391868669878651]	[]
0.880288984449654	0.11971101555034605	[0.011393150861737198, 0.3184279643504219, 0.9478785932982599]	[0.006480827145684382, 0.1811330877955615, 0.5391868669878651]	[]
0.5663141530420724	0.4336858469579274	[0.011393150861737198, 0.3184279643504219, 0.9478785932982599]	[0.006480827145684382, 0.1811330877955615, 0.5391868669878651]	[]
0.7203866978360844	0.2796133021639154	[0.2614873905458356, -0.3560550519520336, 0.8971338498601891]	[0.16963355146837622, -0.23098200970533367, 0.5819936509236943]	[]
0.8826315614782458	0.11736843852175416	[0.2614873905458356, -0.3560550519520336, 0.8971338498601891]	[0.16963355146837622, -0.23098200970533367, 0.5819936509236943]	[]
0.5658827797454717	0.43411722025452837	[0.2614873905458356, -0.3560550519520336, 0.8971338498601891]	[0.16963355146837622, -0.23098200970533367, 0.5819936509236943]	[]
0.7187462789370549	0.2812537210629451	[0.2614873905458356, -0.3560550519520336, 0.8971338498601891]	[0.16963355146837622, -0.23098200970533367, 0.5819936509236943]	[]
0.9136344968100384	0.08636550318996145	[0.2614873905458356, -0.3560550519520336, 0.8971338498601891]	[0.16963355146837622, -0.23098200970533367, 0.5819936509236943]	[]
0.5828735601895746	0.41712643981042546	[0.2614873905458356, -0.3560550519520336, 0.8971338498601891]	[0.16963355146837622, -0.23098200970533367, 0.5819936509236943]	[]
0.8680783155188945	0.13192168448110525	[0.2614873905458356, -0.3560550519520336, 0.8971338498601891]	[0.16963355146837622, -0.23098200970533367, 0.5819936509236943]	[]
0.8183643349370148	0.18163566506298542	[0.2614873905458356, -0.3560550519520336, 0.8971338498601891]	[0.16963355146837622, -0.23098200970533367, 0.5819936509236943]	[]
0.8614500581399894	0.13854994186001063	[0.2614873905458356, -0.3560550519520336, 0.8971338498601891]	[0.16963355146837622, -0.23098200970533367, 0.5819936509236943]	[]
0.8511489519365291	0.14885104806347088	[0.2614873905458356, -0.3560550519520336, 0.8971338498601891]	[0.16963355146837622, -0.23098200970533367, 0.5819936509236943]	[]
0.7230545131064762	0.27694548689352366	[0.2614873905458356, -0.3560550519520336, 0.8971338498601891]	[0.16963355146837622, -0.23098200970533367, 0.5819936509236943]	[]
0.6947840626106567	0.3052159373893433	[0.2614873905458356, -0.3560550519520336, 0.8971338498601891]	[0.16963355146837622, -0.23098200970533367, 0.5819936509236943]	[]
0.7261652563932091	0.2738347436067911	[0.2614873905458356, -0.3560550519520336, 0.8971338498601891]	[0.16963355146837622, -0.23098200970533367, 0.5819936509236943]	[]
0.786942545152054	0.213057454847946	[0.2614873905458356, -0.3560550519520336, 0.8971338498601891]	[0.16963355146837622, -0.23098200970533367, 0.5819936509236943]	[]
0.8554241917203987	0.1445758082796012	[0.2614873905458356, -0.3560550519520336, 0.8971338498601891]	[0.16963355146837622, -0.23098200970533367, 0.5819936509236943]	[]
0.5975085817068405	0.4024914182931595	[-0.7788690799791791, 0.4116157100375106, 0.47321819861740644]	[-0.33640475130209285, 0.17778274183243323, 0.20438974213967828]	[]
0.6761252299670039	0.3238747700329963	[-0.7788690799791791, 0.4116157100375106, 0.47321819861740644]	[-0.33640475130209285, 0.17778274183243323, 0.20438974213967828]	[]
0.8621677272515637	0.13783227274843618	[-0.7788690799791791, 0.4116157100375106, 0.47321819861740644]	[-0.33640475130209285, 0.17778274183243323, 0.20438974213967828]	[]
0.7980788229902958	0.20192117700970447	[-0.7788690799791791, 0.4116157100375106, 0.47321819861740644]	[-0.33640475130209285, 0.17778274183243323, 0.20438974213967828]	[]
0.5710449916532848	0.4289550083467152	[-0.7788690799791791, 0.4116157100375106, 0.47321819861740644]	[-0.33640475130209285, 0.17778274183243323, 0.20438974213967828]	[]
0.642721675144745	0.3572783248552549	[-0.7788690799791791, 0.4116157100375106, 0.47321819861740644]	[-0.33640475130209285, 0.17778274183243323, 0.20438974213967828]	[]
0.6333108883581393	0.36668911164186063	[-0.7788690799791791, 0.4116157100375106, 0.47321819861740644]	[-0.33640475130209285, 0.17778274183243323, 0.20438974213967828]	[]
0.7105709647480766	0.28942903525192365	[-0.7788690799791791, 0.4116157100375106, 0.47321819861740644]	[-0.33640475130209285, 0.17778274183243323, 0.20438974213967828]	[]
0.7317668830943983	0.2682331169056018	[-0.7788690799791791, 0.4116157100375106, 0.47321819861740644]	[-0.33640475130209285, 0.17778274183243323, 0.20438974213967828]	[]
0.7069646805866091	0.29303531941339084	[-0.7788690799791791, 0.4116157100375106, 0.47321819861740644]	[-0.33640475130209285, 0.17778274183243323, 0.20438974213967828]	[]
0.6573025473235201	0.3426974526764798	[-0.7788690799791791, 0.4116157100375106, 0.47321819861740644]	[-0.33640475130209285, 0.17778274183243323, 0.20438974213967828]	[]
0.71360388525224	0.2863961147477601	[-0.7788690799791791, 0.4116157100375106, 0.47321819861740644]	[-0.33640475130209285, 0.17778274183243323, 0.20438974213967828]	[]
0.8675849844341114	0.13241501556588867	[-0.7788690799791791, 0.4116157100375106, 0.47321819861740644]	[-0.33640475130209285, 0.17778274183243323, 0.20438974213967828]	[]
0.5603336560758924	0.43966634392410775	[-0.7788690799791791, 0.4116157100375106, 0.47321819861740644]	[-0.33640475130209285, 0.17778274183243323, 0.20438974213967828]	[]
0.5847715551523405	0.41522844484765964	[-0.7788690799791791, 0.4116157100375106, 0.47321819861740644]	[-0.33640475130209285, 0.17778274183243323, 0.20438974213967828]	[]
