0.7310720527473312	0.2689279472526688	[-0.2723308334280123, -0.38196888052296435, 0.8831396783501677]	[-0.12845639672554107, -0.1801718352477293, 0.41657031434233005]	[]
0.5931996931145717	0.4068003068854285	[-0.2723308334280123, -0.38196888052296435, 0.8831396783501677]	[-0.12845639672554107, -0.1801718352477293, 0.41657031434233005]	[]
0.7353161552988909	0.26468384470110895	[-0.2723308334280123, -0.38196888052296435, 0.8831396783501677]	[-0.12845639672554107, -0.1801718352477293, 0.41657031434233005]	[]
0.6721716563589114	0.32782834364108876	[-0.2723308334280123, -0.38196888052296435, 0.8831396783501677]	[-0.12845639672554107, -0.1801718352477293, 0.41657031434233005]	[]
0.7277993144135636	0.27220068558643645	[-0.2723308334280123, -0.38196888052296435, 0.8831396783501677]	[-0.12845639672554107, -0.1801718352477293, 0.41657031434233005]	[]
0.7502380808649002	0.24976191913509987	[-0.2723308334280123, -0.38196888052296435, 0.8831396783501677]	[-0.12845639672554107, -0.1801718352477293, 0.41657031434233005]	[]
0.5590912385833171	0.4409087614166829	[-0.2723308334280123, -0.38196888052296435, 0.8831396783501677]	[-0.12845639672554107, -0.1801718352477293, 0.41657031434233005]	[]
0.7713210157533362	0.2286789842466639	[-0.2723308334280123, -0.38196888052296435, 0.8831396783501677]	[-0.12845639672554107, -0.1801718352477293, 0.41657031434233005]	[]
0.6791438932445125	0.32085610675548765	[-0.2723308334280123, -0.38196888052296435, 0.8831396783501677]	[-0.12845639672554107, -0.1801718352477293, 0.41657031434233005]	[]
0.6856392507239337	0.31436074927606644	[-0.2723308334280123, -0.38196888052296435, 0.8831396783501677]	[-0.12845639672554107, -0.1801718352477293, 0.41657031434233005]	[]
0.6799555053394184	0.32004449466058155	[-0.2723308334280123, -0.38196888052296435, 0.8831396783501677]	[-0.12845639672554107, -0.1801718352477293, 0.41657031434233005]	[]
0.8454377182107549	0.15456228178924514	[-0.2723308334280123, -0.38196888052296435, 0.8831396783501677]	[-0.12845639672554107, -0.1801718352477293, 0.41657031434233005]	[]
0.6256752378608053	0.37432476213919486	[-0.2723308334280123, -0.38196888052296435, 0.8831396783501677]	[-0.12845639672554107, -0.1801718352477293, 0.41657031434233005]	[]
0.8290835617280568	0.17091643827194303	[-0.2723308334280123, -0.38196888052296435, 0.8831396783501677]	[-0.12845639672554107, -0.1801718352477293, 0.41657031434233005]	[]
0.6856250916433513	0.3143749083566486	[-0.2723308334280123, -0.38196888052296435, 0.8831396783501677]	[-0.12845639672554107, -0.1801718352477293, 0.41657031434233005]	[]
0.7222561234642094	0.2777438765357906	[0.34850983542720604, 0.5670168446576371, 0.7463462952845675]	[0.1933167128372144, 0.3145214894672278, 0.41399466464349316]	[]
0.8155565300560189	0.18444346994398092	[0.34850983542720604, 0.5670168446576371, 0.7463462952845675]	[0.1933167128372144, 0.3145214894672278, 0.41399466464349316]	[]
0.8584528734620231	0.14154712653797696	[0.34850983542720604, 0.5670168446576371, 0.7463462952845675]	[0.1933167128372144, 0.3145214894672278, 0.41399466464349316]	[]
0.8804051232851334	0.11959487671486649	[0.34850983542720604, 0.5670168446576371, 0.7463462952845675]	[0.1933167128372144, 0.3145214894672278, 0.41399466464349316]	[]
0.6589504841809893	0.3410495158190104	[0.34850983542720604, 0.5670168446576371, 0.7463462952845675]	[0.1933167128372144, 0.3145214894672278, 0.41399466464349316]	[]
0.6701056083962738	0.32989439160372624	[0.34850983542720604, 0.5670168446576371, 0.7463462952845675]	[0.1933167128372144, 0.3145214894672278, 0.41399466464349316]	[]
0.6391358933980011	0.36086410660199886	[0.34850983542720604, 0.5670168446576371, 0.7463462952845675]	[0.1933167128372144, 0.3145214894672278, 0.41399466464349316]	[]
0.6889934939323515	0.31100650606764857	[0.34850983542720604, 0.5670168446576371, 0.7463462952845675]	[0.1933167128372144, 0.3145214894672278, 0.41399466464349316]	[]
0.7325768428927423	0.2674231571072577	[0.34850983542720604, 0.5670168446576371, 0.7463462952845675]	[0.1933167128372144, 0.3145214894672278, 0.41399466464349316]	[]
0.7894917990097698	0.21050820099023007	[0.34850983542720604, 0.5670168446576371, 0.7463462952845675]	[0.1933167128372144, 0.3145214894672278, 0.41399466464349316]	[]
0.6013973005385271	0.3986026994614729	[0.34850983542720604, 0.5670168446576371, 0.7463462952845675]	[0.1933167128372144, 0.3145214894672278, 0.41399466464349316]	[]
0.6879646519740319	0.3120353480259681	[0.34850983542720604, 0.5670168446576371, 0.7463462952845675]	[0.1933167128372144, 0.3145214894672278, 0.41399466464349316]	[]
0.8637185033827913	0.13628149661720868	[0.34850983542720604, 0.5670168446576371, 0.7463462952845675]	[0.1933167128372144, 0.3145214894672278, 0.41399466464349316]	[]
0.7542485185744434	0.2457514814255566	[0.34850983542720604, 0.5670168446576371, 0.7463462952845675]	[0.1933167128372144, 0.3145214894672278, 0.41399466464349316]	[]
0.6689200573903021	0.33107994260969786	[0.34850983542720604, 0.5670168446576371, 0.7463462952845675]	[0.1933167128372144, 0.3145214894672278, 0.41399466464349316]	[]
0.5827508145858525	0.41724918541414724	[0.9385761578167026, 0.12738601190922888, 0.3206986123261186]	[0.7010493467375908, 0.09514825162425673, 0.2395389556814033]	[]
0.6797904832657531	0.32020951673424686	[0.9385761578167026, 0.12738601190922888, 0.3206986123261186]	[0.7010493467375908, 0.09514825162425673, 0.2395389556814033]	[]
0.6094149625340421	0.3905850374659578	[0.9385761578167026, 0.12738601190922888, 0.3206986123261186]	[0.7010493467375908, 0.09514825162425673, 0.2395389556814033]	[]
0.8061545491985233	0.19384545080147683	[0.9385761578167026, 0.12738601190922888, 0.3206986123261186]	[0.7010493467375908, 0.09514825162425673, 0.2395389556814033]	[]
0.8101359041369034	0.1898640958630966	[0.9385761578167026, 0.12738601190922888, 0.3206986123261186]	[0.7010493467375908, 0.09514825162425673, 0.2395389556814033]	[]
0.6458837001928753	0.3541162998071247	[0.9385761578167026, 0.12738601190922888, 0.3206986123261186]	[0.7010493467375908, 0.09514825162425673, 0.2395389556814033]	[]
0.6741400126032135	0.3258599873967866	[0.9385761578167026, 0.12738601190922888, 0.3206986123261186]	[0.7010493467375908, 0.09514825162425673, 0.2395389556814033]	[]
0.6120280657745564	0.3879719342254436	[0.9385761578167026, 0.12738601190922888, 0.3206986123261186]	[0.7010493467375908, 0.09514825162425673, 0.2395389556814033]	[]
0.8416068878107481	0.15839311218925206	[0.9385761578167026, 0.12738601190922888, 0.3206986123261186]	[0.7010493467375908, 0.09514825162425673, 0.2395389556814033]	[]
0.831130515216497	0.16886948478350283	[0.9385761578167026, 0.12738601190922888, 0.3206986123261186]	[0.7010493467375908, 0.09514825162425673, 0.2395389556814033]	[]
0.8595056557784345	0.1404943442215657	[0.9385761578167026, 0.12738601190922888, 0.3206986123261186]	[0.7010493467375908, 0.09514825162425673, 0.2395389556814033]	[]
0.8520298651558653	0.1479701348441348	[0.9385761578167026, 0.12738601190922888, 0.3206986123261186]	[0.7010493467375908, 0.09514825162425673, 0.2395389556814033]	[]
0.6159174092052496	0.38408259079475027	[0.9385761578167026, 0.12738601190922888, 0.3206986123261186]	[0.7010493467375908, 0.09514825162425673, 0.2395389556814033]	[]
0.7911979020556994	0.2088020979443005	[0.9385761578167026, 0.12738601190922888, 0.3206986123261186]	[0.7010493467375908, 0.09514825162425673, 0.2395389556814033]	[]
0.7071914842976359	0.29280851570236405	[0.9385761578167026, 0.12738601190922888, 0.3206986123261186]	[0.7010493467375908, 0.09514825162425673, 0.2395389556814033]	[]
0.9029905872923981	0.0970094127076021	[-0.03606512161996483, -0.8012560093943166, 0.5972337184151878]	[-0.013764766952008166, -0.30581075961500165, 0.2279427485783243]	[]
0.6651822916366035	0.33481770836339647	[-0.03606512161996483, -0.8012560093943166, 0.5972337184151878]	[-0.013764766952008166, -0.30581075961500165, 0.2279427485783243]	[]
0.6332339008882943	0.3667660991117058	[-0.03606512161996483, -0.8012560093943166, 0.5972337184151878]	[-0.013764766952008166, -0.30581075961500165, 0.2279427485783243]	[]
0.6688370153407072	0.3311629846592927	[-0.03606512161996483, -0.8012560093943166, 0.5972337184151878]	[-0.013764766952008166, -0.30581075961500165, 0.2279427485783243]	[]
0.6520449858536581	0.3479550141463419	[-0.03606512161996483, -0.8012560093943166, 0.5972337184151878]	[-0.013764766952008166, -0.30581075961500165, 0.2279427485783243]	[]
0.6891855852961731	0.3108144147038269	[-0.03606512161996483, -0.8012560093943166, 0.5972337184151878]	[-0.013764766952008166, -0.30581075961500165, 0.2279427485783243]	[]
0.6531087669547385	0.3468912330452614	[-0.03606512161996483, -0.8012560093943166, 0.5972337184151878]	[-0.013764766952008166, -0.30581075961500165, 0.2279427485783243]	[]
0.5895864933133792	0.4104135066866208	[-0.03606512161996483, -0.8012560093943166, 0.5972337184151878]	[-0.013764766952008166, -0.30581075961500165, 0.2279427485783243]	[]
0.8734040763728436	0.1265959236271564	[-0.03606512161996483, -0.8012560093943166, 0.5972337184151878]	[-0.013764766952008166, -0.30581075961500165, 0.2279427485783243]	[]
0.7599487607471526	0.24005123925284752	[-0.03606512161996483, -0.8012560093943166, 0.5972337184151878]	[-0.013764766952008166, -0.30581075961500165, 0.2279427485783243]	[]
0.80940435377008	0.19059564622992015	[-0.03606512161996483, -0.8012560093943166, 0.5972337184151878]	[-0.013764766952008166, -0.30581075961500165, 0.2279427485783243]	[]
0.5997909715304721	0.40020902846952794	[-0.03606512161996483, -0.8012560093943166, 0.5972337184151878]	[-0.013764766952008166, -0.30581075961500165, 0.2279427485783243]	[]
0.8237608032268152	0.17623919677318461	[-0.03606512161996483, -0.8012560093943166, 0.5972337184151878]	[-0.013764766952008166, -0.30581075961500165, 0.2279427485783243]	[]
0.586834110088616	0.413165889911384	[-0.03606512161996483, -0.8012560093943166, 0.5972337184151878]	[-0.013764766952008166, -0.30581075961500165, 0.2279427485783243]	[]
0.614598389573976	0.385401610426024	[-0.03606512161996483, -0.8012560093943166, 0.5972337184151878]	[-0.013764766952008166, -0.30581075961500165, 0.2279427485783243]	[]
0.8385021806632026	0.16149781933679738	[0.2542810097695804, 0.8457279120174305, 0.46913267516258117]	[0.11042862694245871, 0.36728095493889207, 0.20373396038890337]	[]
0.572008032747532	0.4279919672524681	[0.2542810097695804, 0.8457279120174305, 0.46913267516258117]	[0.11042862694245871, 0.36728095493889207, 0.20373396038890337]	[]
0.6544292080072597	0.3455707919927404	[0.2542810097695804, 0.8457279120174305, 0.46913267516258117]	[0.11042862694245871, 0.36728095493889207, 0.20373396038890337]	[]
0.6853786874539183	0.3146213125460819	[0.2542810097695804, 0.8457279120174305, 0.46913267516258117]	[0.11042862694245871, 0.36728095493889207, 0.20373396038890337]	[]
0.8180719590267269	0.18192804097327298	[0.2542810097695804, 0.8457279120174305, 0.46913267516258117]	[0.11042862694245871, 0.36728095493889207, 0.20373396038890337]	[]
0.8390858274858853	0.16091417251411466	[0.2542810097695804, 0.8457279120174305, 0.46913267516258117]	[0.11042862694245871, 0.36728095493889207, 0.20373396038890337]	[]
0.8328913683889811	0.16710863161101872	[0.2542810097695804, 0.8457279120174305, 0.46913267516258117]	[0.11042862694245871, 0.36728095493889207, 0.20373396038890337]	[]
0.6702327952994841	0.3297672047005159	[0.2542810097695804, 0.8457279120174305, 0.46913267516258117]	[0.11042862694245871, 0.36728095493889207, 0.20373396038890337]	[]
0.8291835769483067	0.1708164230516932	[0.2542810097695804, 0.8457279120174305, 0.46913267516258117]	[0.11042862694245871, 0.36728095493889207, 0.20373396038890337]	[]
0.5992289813140824	0.40077101868591763	[0.2542810097695804, 0.8457279120174305, 0.46913267516258117]	[0.11042862694245871, 0.36728095493889207, 0.20373396038890337]	[]
0.6930176897365232	0.3069823102634768	[0.2542810097695804, 0.8457279120174305, 0.46913267516258117]	[0.11042862694245871, 0.36728095493889207, 0.20373396038890337]	[]
0.7409251319492022	0.25907486805079777	[0.2542810097695804, 0.8457279120174305, 0.46913267516258117]	[0.11042862694245871, 0.36728095493889207, 0.20373396038890337]	[]
0.8684635727299382	0.13153642727006182	[0.2542810097695804, 0.8457279120174305, 0.46913267516258117]	[0.11042862694245871, 0.36728095493889207, 0.20373396038890337]	[]
0.6686872449310847	0.33131275506891533	[0.2542810097695804, 0.8457279120174305, 0.46913267516258117]	[0.11042862694245871, 0.36728095493889207, 0.20373396038890337]	[]
0.7906292765789784	0.20937072342102162	[0.2542810097695804, 0.8457279120174305, 0.46913267516258117]	[0.11042862694245871, 0.36728095493889207, 0.20373396038890337]	[]
