0.6611171269508842	0.33888287304911613	[-0.3423133872820462, -0.02224877549145327, 0.9393223817607153]	[-0.23327622018537053, -0.015161867584578985, 0.6401197934222652]	[]
0.705565618345009	0.2944343816549914	[-0.3423133872820462, -0.02224877549145327, 0.9393223817607153]	[-0.23327622018537053, -0.015161867584578985, 0.6401197934222652]	[]
0.6642324161286575	0.3357675838713419	[-0.3423133872820462, -0.02224877549145327, 0.9393223817607153]	[-0.23327622018537053, -0.015161867584578985, 0.6401197934222652]	[]
0.5540137329367625	0.4459862670632376	[-0.3423133872820462, -0.02224877549145327, 0.9393223817607153]	[-0.23327622018537053, -0.015161867584578985, 0.6401197934222652]	[]
0.5601425278490553	0.4398574721509449	[-0.3423133872820462, -0.02224877549145327, 0.9393223817607153]	[-0.23327622018537053, -0.015161867584578985, 0.6401197934222652]	[]
0.7146462221304714	0.28535377786952876	[-0.3423133872820462, -0.02224877549145327, 0.9393223817607153]	[-0.23327622018537053, -0.015161867584578985, 0.6401197934222652]	[]
0.6625352285106282	0.33746477148937143	[-0.3423133872820462, -0.02224877549145327, 0.9393223817607153]	[-0.23327622018537053, -0.015161867584578985, 0.6401197934222652]	[]
0.6667990895963916	0.3332009104036082	[-0.3423133872820462, -0.02224877549145327, 0.9393223817607153]	[-0.23327622018537053, -0.015161867584578985, 0.6401197934222652]	[]
0.6562221992698647	0.3437778007301356	[-0.3423133872820462, -0.02224877549145327, 0.9393223817607153]	[-0.23327622018537053, -0.015161867584578985, 0.6401197934222652]	[]
0.49201774391765013	0.5079822560823498	[-0.3423133872820462, -0.02224877549145327, 0.9393223817607153]	[-0.23327622018537053, -0.015161867584578985, 0.6401197934222652]	[]
0.6642325328224834	0.3357674671775166	[-0.3423133872820462, -0.02224877549145327, 0.9393223817607153]	[-0.23327622018537053, -0.015161867584578985, 0.6401197934222652]	[]
0.6596118578194011	0.34038814218059926	[-0.3423133872820462, -0.02224877549145327, 0.9393223817607153]	[-0.23327622018537053, -0.015161867584578985, 0.6401197934222652]	[]
0.6704932807017279	0.3295067192982716	[-0.3423133872820462, -0.02224877549145327, 0.9393223817607153]	[-0.23327622018537053, -0.015161867584578985, 0.6401197934222652]	[]
0.608820383584489	0.39117961641551097	[-0.3423133872820462, -0.02224877549145327, 0.9393223817607153]	[-0.23327622018537053, -0.015161867584578985, 0.6401197934222652]	[]
0.706789880240108	0.2932101197598919	[-0.3423133872820462, -0.02224877549145327, 0.9393223817607153]	[-0.23327622018537053, -0.015161867584578985, 0.6401197934222652]	[]
0.6446438564897036	0.3553561435102969	[0.6070845838237848, -0.003470349671371004, 0.79462963999379]	[0.3937186371288061, -0.0022506605823619063, 0.515349108208159]	[]
0.5988406169085345	0.40115938309146537	[0.6070845838237848, -0.003470349671371004, 0.79462963999379]	[0.3937186371288061, -0.0022506605823619063, 0.515349108208159]	[]
0.6348622117952742	0.36513778820472553	[0.6070845838237848, -0.003470349671371004, 0.79462963999379]	[0.3937186371288061, -0.0022506605823619063, 0.515349108208159]	[]
0.6767366005961802	0.32326339940381976	[0.6070845838237848, -0.003470349671371004, 0.79462963999379]	[0.3937186371288061, -0.0022506605823619063, 0.515349108208159]	[]
0.5350828846662202	0.4649171153337799	[0.6070845838237848, -0.003470349671371004, 0.79462963999379]	[0.3937186371288061, -0.0022506605823619063, 0.515349108208159]	[]
0.666995681950742	0.33300431804925784	[0.6070845838237848, -0.003470349671371004, 0.79462963999379]	[0.3937186371288061, -0.0022506605823619063, 0.515349108208159]	[]
0.69166563226964	0.3083343677303601	[0.6070845838237848, -0.003470349671371004, 0.79462963999379]	[0.3937186371288061, -0.0022506605823619063, 0.515349108208159]	[]
0.6958649246806277	0.30413507531937173	[0.6070845838237848, -0.003470349671371004, 0.79462963999379]	[0.3937186371288061, -0.0022506605823619063, 0.515349108208159]	[]
0.6497985685570155	0.35020143144298466	[0.6070845838237848, -0.003470349671371004, 0.79462963999379]	[0.3937186371288061, -0.0022506605823619063, 0.515349108208159]	[]
0.46723091488635854	0.5327690851136414	[0.6070845838237848, -0.003470349671371004, 0.79462963999379]	[0.3937186371288061, -0.0022506605823619063, 0.515349108208159]	[]
0.6994387448699448	0.3005612551300554	[0.6070845838237848, -0.003470349671371004, 0.79462963999379]	[0.3937186371288061, -0.0022506605823619063, 0.515349108208159]	[]
0.5155661533711297	0.48443384662887046	[0.6070845838237848, -0.003470349671371004, 0.79462963999379]	[0.3937186371288061, -0.0022506605823619063, 0.515349108208159]	[]
0.5909141856448622	0.4090858143551378	[0.6070845838237848, -0.003470349671371004, 0.79462963999379]	[0.3937186371288061, -0.0022506605823619063, 0.515349108208159]	[]
0.6537750157726382	0.34622498422736175	[0.6070845838237848, -0.003470349671371004, 0.79462963999379]	[0.3937186371288061, -0.0022506605823619063, 0.515349108208159]	[]
0.7158706865857347	0.28412931341426534	[0.6070845838237848, -0.003470349671371004, 0.79462963999379]	[0.3937186371288061, -0.0022506605823619063, 0.515349108208159]	[]
0.6058806282131385	0.39411937178686135	[0.8791068797424685, 0.4404128117361452, -0.18222966072548052]	[-8.676669105422974e-10, -4.346819570955063e-10, 1.798542310310413e-10]	[]
0.671282552403081	0.3287174475969191	[0.8791068797424685, 0.4404128117361452, -0.18222966072548052]	[-8.676669105422974e-10, -4.346819570955063e-10, 1.798542310310413e-10]	[]
0.51943458071854	0.48056541928146007	[0.8791068797424685, 0.4404128117361452, -0.18222966072548052]	[-8.676669105422974e-10, -4.346819570955063e-10, 1.798542310310413e-10]	[]
0.6486113939695021	0.3513886060304981	[0.8791068797424685, 0.4404128117361452, -0.18222966072548052]	[-8.676669105422974e-10, -4.346819570955063e-10, 1.798542310310413e-10]	[]
0.6185291365849713	0.381470863415029	[0.8791068797424685, 0.4404128117361452, -0.18222966072548052]	[-8.676669105422974e-10, -4.346819570955063e-10, 1.798542310310413e-10]	[]
0.7114583769660984	0.2885416230339014	[0.8791068797424685, 0.4404128117361452, -0.18222966072548052]	[-8.676669105422974e-10, -4.346819570955063e-10, 1.798542310310413e-10]	[]
0.5397160826041032	0.46028391739589664	[0.8791068797424685, 0.4404128117361452, -0.18222966072548052]	[-8.676669105422974e-10, -4.346819570955063e-10, 1.798542310310413e-10]	[]
0.6705787737722055	0.32942122622779474	[0.8791068797424685, 0.4404128117361452, -0.18222966072548052]	[-8.676669105422974e-10, -4.346819570955063e-10, 1.798542310310413e-10]	[]
0.6893103658440631	0.31068963415593664	[0.8791068797424685, 0.4404128117361452, -0.18222966072548052]	[-8.676669105422974e-10, -4.346819570955063e-10, 1.798542310310413e-10]	[]
0.6436491309871554	0.356350869012845	[0.8791068797424685, 0.4404128117361452, -0.18222966072548052]	[-8.676669105422974e-10, -4.346819570955063e-10, 1.798542310310413e-10]	[]
0.6989029070995006	0.30109709290049946	[0.8791068797424685, 0.4404128117361452, -0.18222966072548052]	[-8.676669105422974e-10, -4.346819570955063e-10, 1.798542310310413e-10]	[]
0.6945282120411282	0.3054717879588718	[0.8791068797424685, 0.4404128117361452, -0.18222966072548052]	[-8.676669105422974e-10, -4.346819570955063e-10, 1.798542310310413e-10]	[]
0.6880024486468966	0.3119975513531033	[0.8791068797424685, 0.4404128117361452, -0.18222966072548052]	[-8.676669105422974e-10, -4.346819570955063e-10, 1.798542310310413e-10]	[]
0.6574189050605841	0.34258109493941585	[0.8791068797424685, 0.4404128117361452, -0.18222966072548052]	[-8.676669105422974e-10, -4.346819570955063e-10, 1.798542310310413e-10]	[]
0.5360965983475438	0.46390340165245625	[0.8791068797424685, 0.4404128117361452, -0.18222966072548052]	[-8.676669105422974e-10, -4.346819570955063e-10, 1.798542310310413e-10]	[]
0.6845814449185283	0.3154185550814722	[0.12125593722744642, -0.8170994332441064, 0.5636004913759867]	[0.0456906980170244, -0.3078929107133875, 0.21237145530782214]	[]
0.6791286946241839	0.32087130537581593	[0.12125593722744642, -0.8170994332441064, 0.5636004913759867]	[0.0456906980170244, -0.3078929107133875, 0.21237145530782214]	[]
0.6277987089192042	0.3722012910807958	[0.12125593722744642, -0.8170994332441064, 0.5636004913759867]	[0.0456906980170244, -0.3078929107133875, 0.21237145530782214]	[]
0.6358699509984146	0.3641300490015855	[0.12125593722744642, -0.8170994332441064, 0.5636004913759867]	[0.0456906980170244, -0.3078929107133875, 0.21237145530782214]	[]
0.6551354650160118	0.34486453498398795	[0.12125593722744642, -0.8170994332441064, 0.5636004913759867]	[0.0456906980170244, -0.3078929107133875, 0.21237145530782214]	[]
0.736076776418363	0.26392322358163745	[0.12125593722744642, -0.8170994332441064, 0.5636004913759867]	[0.0456906980170244, -0.3078929107133875, 0.21237145530782214]	[]
0.6566075805994925	0.3433924194005074	[0.12125593722744642, -0.8170994332441064, 0.5636004913759867]	[0.0456906980170244, -0.3078929107133875, 0.21237145530782214]	[]
0.5150209287294014	0.4849790712705987	[0.12125593722744642, -0.8170994332441064, 0.5636004913759867]	[0.0456906980170244, -0.3078929107133875, 0.21237145530782214]	[]
0.7118416615226517	0.2881583384773484	[0.12125593722744642, -0.8170994332441064, 0.5636004913759867]	[0.0456906980170244, -0.3078929107133875, 0.21237145530782214]	[]
0.658900070207623	0.34109992979237697	[0.12125593722744642, -0.8170994332441064, 0.5636004913759867]	[0.0456906980170244, -0.3078929107133875, 0.21237145530782214]	[]
0.6743954217069544	0.3256045782930456	[0.12125593722744642, -0.8170994332441064, 0.5636004913759867]	[0.0456906980170244, -0.3078929107133875, 0.21237145530782214]	[]
0.6030999480552031	0.3969000519447971	[0.12125593722744642, -0.8170994332441064, 0.5636004913759867]	[0.0456906980170244, -0.3078929107133875, 0.21237145530782214]	[]
0.6404627196562904	0.3595372803437101	[0.12125593722744642, -0.8170994332441064, 0.5636004913759867]	[0.0456906980170244, -0.3078929107133875, 0.21237145530782214]	[]
0.6787609917056923	0.3212390082943079	[0.12125593722744642, -0.8170994332441064, 0.5636004913759867]	[0.0456906980170244, -0.3078929107133875, 0.21237145530782214]	[]
0.458893508060016	0.541106491939984	[0.12125593722744642, -0.8170994332441064, 0.5636004913759867]	[0.0456906980170244, -0.3078929107133875, 0.21237145530782214]	[]
0.687583973557817	0.3124160264421831	[-0.03740174733009721, 0.9399339299227851, 0.3393012182067201]	[-0.012863500466419603, 0.3232694034119573, 0.11669511961936169]	[]
0.6983711469636352	0.30162885303636516	[-0.03740174733009721, 0.9399339299227851, 0.3393012182067201]	[-0.012863500466419603, 0.3232694034119573, 0.11669511961936169]	[]
0.6708794788965186	0.32912052110348133	[-0.03740174733009721, 0.9399339299227851, 0.3393012182067201]	[-0.012863500466419603, 0.3232694034119573, 0.11669511961936169]	[]
0.659957462664272	0.34004253733572837	[-0.03740174733009721, 0.9399339299227851, 0.3393012182067201]	[-0.012863500466419603, 0.3232694034119573, 0.11669511961936169]	[]
0.5838960754777571	0.41610392452224276	[-0.03740174733009721, 0.9399339299227851, 0.3393012182067201]	[-0.012863500466419603, 0.3232694034119573, 0.11669511961936169]	[]
0.5810157788633655	0.41898422113663447	[-0.03740174733009721, 0.9399339299227851, 0.3393012182067201]	[-0.012863500466419603, 0.3232694034119573, 0.11669511961936169]	[]
0.4739840522882969	0.5260159477117031	[-0.03740174733009721, 0.9399339299227851, 0.3393012182067201]	[-0.012863500466419603, 0.3232694034119573, 0.11669511961936169]	[]
0.6934271022634462	0.3065728977365539	[-0.03740174733009721, 0.9399339299227851, 0.3393012182067201]	[-0.012863500466419603, 0.3232694034119573, 0.11669511961936169]	[]
0.7029265391117546	0.2970734608882451	[-0.03740174733009721, 0.9399339299227851, 0.3393012182067201]	[-0.012863500466419603, 0.3232694034119573, 0.11669511961936169]	[]
0.653783882285165	0.3462161177148353	[-0.03740174733009721, 0.9399339299227851, 0.3393012182067201]	[-0.012863500466419603, 0.3232694034119573, 0.11669511961936169]	[]
0.6141958449010787	0.3858041550989213	[-0.03740174733009721, 0.9399339299227851, 0.3393012182067201]	[-0.012863500466419603, 0.3232694034119573, 0.11669511961936169]	[]
0.533147904627032	0.46685209537296823	[-0.03740174733009721, 0.9399339299227851, 0.3393012182067201]	[-0.012863500466419603, 0.3232694034119573, 0.11669511961936169]	[]
0.4761691979735906	0.5238308020264094	[-0.03740174733009721, 0.9399339299227851, 0.3393012182067201]	[-0.012863500466419603, 0.3232694034119573, 0.11669511961936169]	[]
0.6510315279043943	0.34896847209560516	[-0.03740174733009721, 0.9399339299227851, 0.3393012182067201]	[-0.012863500466419603, 0.3232694034119573, 0.11669511961936169]	[]
0.5841741723060444	0.4158258276939554	[-0.03740174733009721, 0.9399339299227851, 0.3393012182067201]	[-0.012863500466419603, 0.3232694034119573, 0.11669511961936169]	[]
