0.5506728536533506	0.44932714634664933	[-0.8967199604030236, -0.3985307365811651, -0.19252678934338915]	[7.473949237279953e-11, 3.3216651651457596e-11, 1.6046448418055986e-11]	[]
0.7210081536452214	0.27899184635477897	[-0.8967199604030236, -0.3985307365811651, -0.19252678934338915]	[7.473949237279953e-11, 3.3216651651457596e-11, 1.6046448418055986e-11]	[]
0.6703430624625746	0.3296569375374255	[-0.8967199604030236, -0.3985307365811651, -0.19252678934338915]	[7.473949237279953e-11, 3.3216651651457596e-11, 1.6046448418055986e-11]	[]
0.7268016066098774	0.2731983933901227	[-0.8967199604030236, -0.3985307365811651, -0.19252678934338915]	[7.473949237279953e-11, 3.3216651651457596e-11, 1.6046448418055986e-11]	[]
0.7297882574094516	0.27021174259054853	[-0.8967199604030236, -0.3985307365811651, -0.19252678934338915]	[7.473949237279953e-11, 3.3216651651457596e-11, 1.6046448418055986e-11]	[]
0.6714357111128154	0.32856428888718475	[-0.8967199604030236, -0.3985307365811651, -0.19252678934338915]	[7.473949237279953e-11, 3.3216651651457596e-11, 1.6046448418055986e-11]	[]
0.7434255512008094	0.25657444879919045	[-0.8967199604030236, -0.3985307365811651, -0.19252678934338915]	[7.473949237279953e-11, 3.3216651651457596e-11, 1.6046448418055986e-11]	[]
0.7648075322303601	0.23519246776963973	[-0.8967199604030236, -0.3985307365811651, -0.19252678934338915]	[7.473949237279953e-11, 3.3216651651457596e-11, 1.6046448418055986e-11]	[]
0.5559651187872451	0.4440348812127548	[-0.8967199604030236, -0.3985307365811651, -0.19252678934338915]	[7.473949237279953e-11, 3.3216651651457596e-11, 1.6046448418055986e-11]	[]
0.7833823542949413	0.21661764570505854	[-0.8967199604030236, -0.3985307365811651, -0.19252678934338915]	[7.473949237279953e-11, 3.3216651651457596e-11, 1.6046448418055986e-11]	[]
0.7010366343215366	0.29896336567846327	[-0.8967199604030236, -0.3985307365811651, -0.19252678934338915]	[7.473949237279953e-11, 3.3216651651457596e-11, 1.6046448418055986e-11]	[]
0.7322934049496932	0.2677065950503068	[-0.8967199604030236, -0.3985307365811651, -0.19252678934338915]	[7.473949237279953e-11, 3.3216651651457596e-11, 1.6046448418055986e-11]	[]
0.5828052405135897	0.4171947594864101	[-0.8967199604030236, -0.3985307365811651, -0.19252678934338915]	[7.473949237279953e-11, 3.3216651651457596e-11, 1.6046448418055986e-11]	[]
0.7471796914965966	0.2528203085034036	[-0.8967199604030236, -0.3985307365811651, -0.19252678934338915]	[7.473949237279953e-11, 3.3216651651457596e-11, 1.6046448418055986e-11]	[]
0.6742903989448019	0.32570960105519803	[-0.8967199604030236, -0.3985307365811651, -0.19252678934338915]	[7.473949237279953e-11, 3.3216651651457596e-11, 1.6046448418055986e-11]	[]
0.745946827731336	0.2540531722686637	[0.676674149324106, 0.7295359302927178, -0.09944557329733784]	[-6.454614620565735e-12, -6.958877918350481e-12, 9.48758465294336e-13]	[]
0.7039541847487412	0.296045815251259	[0.676674149324106, 0.7295359302927178, -0.09944557329733784]	[-6.454614620565735e-12, -6.958877918350481e-12, 9.48758465294336e-13]	[]
0.6976300186437064	0.30236998135629334	[0.676674149324106, 0.7295359302927178, -0.09944557329733784]	[-6.454614620565735e-12, -6.958877918350481e-12, 9.48758465294336e-13]	[]
0.707111053850058	0.29288894614994176	[0.676674149324106, 0.7295359302927178, -0.09944557329733784]	[-6.454614620565735e-12, -6.958877918350481e-12, 9.48758465294336e-13]	[]
0.6806182167116446	0.3193817832883555	[0.676674149324106, 0.7295359302927178, -0.09944557329733784]	[-6.454614620565735e-12, -6.958877918350481e-12, 9.48758465294336e-13]	[]
0.7549701677269799	0.24502983227302022	[0.676674149324106, 0.7295359302927178, -0.09944557329733784]	[-6.454614620565735e-12, -6.958877918350481e-12, 9.48758465294336e-13]	[]
0.674121894090197	0.325878105909803	[0.676674149324106, 0.7295359302927178, -0.09944557329733784]	[-6.454614620565735e-12, -6.958877918350481e-12, 9.48758465294336e-13]	[]
0.7622009296039878	0.23779907039601225	[0.676674149324106, 0.7295359302927178, -0.09944557329733784]	[-6.454614620565735e-12, -6.958877918350481e-12, 9.48758465294336e-13]	[]
0.497494740118708	0.502505259881292	[0.676674149324106, 0.7295359302927178, -0.09944557329733784]	[-6.454614620565735e-12, -6.958877918350481e-12, 9.48758465294336e-13]	[]
0.7424657673992225	0.2575342326007781	[0.676674149324106, 0.7295359302927178, -0.09944557329733784]	[-6.454614620565735e-12, -6.958877918350481e-12, 9.48758465294336e-13]	[]
0.7310589668243938	0.2689410331756067	[0.676674149324106, 0.7295359302927178, -0.09944557329733784]	[-6.454614620565735e-12, -6.958877918350481e-12, 9.48758465294336e-13]	[]
0.6049270363797198	0.39507296362027994	[0.676674149324106, 0.7295359302927178, -0.09944557329733784]	[-6.454614620565735e-12, -6.958877918350481e-12, 9.48758465294336e-13]	[]
0.7054465154716111	0.2945534845283884	[0.676674149324106, 0.7295359302927178, -0.09944557329733784]	[-6.454614620565735e-12, -6.958877918350481e-12, 9.48758465294336e-13]	[]
0.7048902177400559	0.2951097822599438	[0.676674149324106, 0.7295359302927178, -0.09944557329733784]	[-6.454614620565735e-12, -6.958877918350481e-12, 9.48758465294336e-13]	[]
0.738033217464209	0.2619667825357912	[0.676674149324106, 0.7295359302927178, -0.09944557329733784]	[-6.454614620565735e-12, -6.958877918350481e-12, 9.48758465294336e-13]	[]
0.549118948695086	0.4508810513049141	[-0.9499068927120775, -0.10824751702892606, 0.29318828461444]	[-0.5872089102707121, -0.0669159335527977, 0.1812417347778612]	[]
0.7366397861372617	0.26336021386273845	[-0.9499068927120775, -0.10824751702892606, 0.29318828461444]	[-0.5872089102707121, -0.0669159335527977, 0.1812417347778612]	[]
0.7576118884398417	0.24238811156015863	[-0.9499068927120775, -0.10824751702892606, 0.29318828461444]	[-0.5872089102707121, -0.0669159335527977, 0.1812417347778612]	[]
0.7642406152082383	0.23575938479176187	[-0.9499068927120775, -0.10824751702892606, 0.29318828461444]	[-0.5872089102707121, -0.0669159335527977, 0.1812417347778612]	[]
0.5296219915734646	0.4703780084265355	[-0.9499068927120775, -0.10824751702892606, 0.29318828461444]	[-0.5872089102707121, -0.0669159335527977, 0.1812417347778612]	[]
0.624696802832885	0.3753031971671147	[-0.9499068927120775, -0.10824751702892606, 0.29318828461444]	[-0.5872089102707121, -0.0669159335527977, 0.1812417347778612]	[]
0.7058130575791474	0.29418694242085264	[-0.9499068927120775, -0.10824751702892606, 0.29318828461444]	[-0.5872089102707121, -0.0669159335527977, 0.1812417347778612]	[]
0.6372683386095551	0.3627316613904449	[-0.9499068927120775, -0.10824751702892606, 0.29318828461444]	[-0.5872089102707121, -0.0669159335527977, 0.1812417347778612]	[]
0.7009942141000363	0.29900578589996346	[-0.9499068927120775, -0.10824751702892606, 0.29318828461444]	[-0.5872089102707121, -0.0669159335527977, 0.1812417347778612]	[]
0.5696872586389717	0.4303127413610282	[-0.9499068927120775, -0.10824751702892606, 0.29318828461444]	[-0.5872089102707121, -0.0669159335527977, 0.1812417347778612]	[]
0.7248904062692381	0.27510959373076177	[-0.9499068927120775, -0.10824751702892606, 0.29318828461444]	[-0.5872089102707121, -0.0669159335527977, 0.1812417347778612]	[]
0.5515870530177855	0.44841294698221473	[-0.9499068927120775, -0.10824751702892606, 0.29318828461444]	[-0.5872089102707121, -0.0669159335527977, 0.1812417347778612]	[]
0.7502601675099067	0.24973983249009357	[-0.9499068927120775, -0.10824751702892606, 0.29318828461444]	[-0.5872089102707121, -0.0669159335527977, 0.1812417347778612]	[]
0.6381577735848224	0.36184222641517777	[-0.9499068927120775, -0.10824751702892606, 0.29318828461444]	[-0.5872089102707121, -0.0669159335527977, 0.1812417347778612]	[]
0.4853320870319619	0.5146679129680379	[-0.9499068927120775, -0.10824751702892606, 0.29318828461444]	[-0.5872089102707121, -0.0669159335527977, 0.1812417347778612]	[]
0.6993001715922837	0.30069982840771586	[0.4539532791492059, -0.7980543691144837, 0.3962772316030363]	[0.22588394010129148, -0.39710620804080454, 0.19718474688560345]	[]
0.724993913926007	0.27500608607399324	[0.4539532791492059, -0.7980543691144837, 0.3962772316030363]	[0.22588394010129148, -0.39710620804080454, 0.19718474688560345]	[]
0.7162930665359469	0.2837069334640528	[0.4539532791492059, -0.7980543691144837, 0.3962772316030363]	[0.22588394010129148, -0.39710620804080454, 0.19718474688560345]	[]
0.685967120037193	0.31403287996280704	[0.4539532791492059, -0.7980543691144837, 0.3962772316030363]	[0.22588394010129148, -0.39710620804080454, 0.19718474688560345]	[]
0.5467876340717743	0.4532123659282255	[0.4539532791492059, -0.7980543691144837, 0.3962772316030363]	[0.22588394010129148, -0.39710620804080454, 0.19718474688560345]	[]
0.6622249140349015	0.3377750859650989	[0.4539532791492059, -0.7980543691144837, 0.3962772316030363]	[0.22588394010129148, -0.39710620804080454, 0.19718474688560345]	[]
0.7739988004330611	0.22600119956693868	[0.4539532791492059, -0.7980543691144837, 0.3962772316030363]	[0.22588394010129148, -0.39710620804080454, 0.19718474688560345]	[]
0.5594197809940759	0.4405802190059241	[0.4539532791492059, -0.7980543691144837, 0.3962772316030363]	[0.22588394010129148, -0.39710620804080454, 0.19718474688560345]	[]
0.5605896420467067	0.43941035795329336	[0.4539532791492059, -0.7980543691144837, 0.3962772316030363]	[0.22588394010129148, -0.39710620804080454, 0.19718474688560345]	[]
0.7093204711795672	0.2906795288204328	[0.4539532791492059, -0.7980543691144837, 0.3962772316030363]	[0.22588394010129148, -0.39710620804080454, 0.19718474688560345]	[]
0.7116460733686005	0.28835392663139925	[0.4539532791492059, -0.7980543691144837, 0.3962772316030363]	[0.22588394010129148, -0.39710620804080454, 0.19718474688560345]	[]
0.595922535067733	0.40407746493226704	[0.4539532791492059, -0.7980543691144837, 0.3962772316030363]	[0.22588394010129148, -0.39710620804080454, 0.19718474688560345]	[]
0.5446531226711417	0.45534687732885815	[0.4539532791492059, -0.7980543691144837, 0.3962772316030363]	[0.22588394010129148, -0.39710620804080454, 0.19718474688560345]	[]
0.694950055472946	0.30504994452705375	[0.4539532791492059, -0.7980543691144837, 0.3962772316030363]	[0.22588394010129148, -0.39710620804080454, 0.19718474688560345]	[]
0.7667803697609643	0.233219630239036	[0.4539532791492059, -0.7980543691144837, 0.3962772316030363]	[0.22588394010129148, -0.39710620804080454, 0.19718474688560345]	[]
0.7406326867249376	0.25936731327506246	[0.9934892610906425, 0.10227583006198158, -0.05018707684954202]	[2.7256637225026026e-10, 2.805962406871032e-11, -1.3775184846119443e-11]	[]
0.7847745584219884	0.21522544157801157	[0.9934892610906425, 0.10227583006198158, -0.05018707684954202]	[2.7256637225026026e-10, 2.805962406871032e-11, -1.3775184846119443e-11]	[]
0.5899927210448103	0.41000727895518974	[0.9934892610906425, 0.10227583006198158, -0.05018707684954202]	[2.7256637225026026e-10, 2.805962406871032e-11, -1.3775184846119443e-11]	[]
0.6657323810612931	0.33426761893870693	[0.9934892610906425, 0.10227583006198158, -0.05018707684954202]	[2.7256637225026026e-10, 2.805962406871032e-11, -1.3775184846119443e-11]	[]
0.7807887923579138	0.21921120764208624	[0.9934892610906425, 0.10227583006198158, -0.05018707684954202]	[2.7256637225026026e-10, 2.805962406871032e-11, -1.3775184846119443e-11]	[]
0.4992869273573818	0.5007130726426181	[0.9934892610906425, 0.10227583006198158, -0.05018707684954202]	[2.7256637225026026e-10, 2.805962406871032e-11, -1.3775184846119443e-11]	[]
0.7060855784956614	0.2939144215043385	[0.9934892610906425, 0.10227583006198158, -0.05018707684954202]	[2.7256637225026026e-10, 2.805962406871032e-11, -1.3775184846119443e-11]	[]
0.713627954557991	0.28637204544200895	[0.9934892610906425, 0.10227583006198158, -0.05018707684954202]	[2.7256637225026026e-10, 2.805962406871032e-11, -1.3775184846119443e-11]	[]
0.7734917444480343	0.2265082555519653	[0.9934892610906425, 0.10227583006198158, -0.05018707684954202]	[2.7256637225026026e-10, 2.805962406871032e-11, -1.3775184846119443e-11]	[]
0.586301058681169	0.41369894131883106	[0.9934892610906425, 0.10227583006198158, -0.05018707684954202]	[2.7256637225026026e-10, 2.805962406871032e-11, -1.3775184846119443e-11]	[]
0.7192431786219201	0.2807568213780804	[0.9934892610906425, 0.10227583006198158, -0.05018707684954202]	[2.7256637225026026e-10, 2.805962406871032e-11, -1.3775184846119443e-11]	[]
0.64990188378677	0.35009811621323017	[0.9934892610906425, 0.10227583006198158, -0.05018707684954202]	[2.7256637225026026e-10, 2.805962406871032e-11, -1.3775184846119443e-11]	[]
0.5972245321534397	0.4027754678465603	[0.9934892610906425, 0.10227583006198158, -0.05018707684954202]	[2.7256637225026026e-10, 2.805962406871032e-11, -1.3775184846119443e-11]	[]
0.6902384231237708	0.30976157687622896	[0.9934892610906425, 0.10227583006198158, -0.05018707684954202]	[2.7256637225026026e-10, 2.805962406871032e-11, -1.3775184846119443e-11]	[]
0.5778043433407194	0.4221956566592807	[0.9934892610906425, 0.10227583006198158, -0.05018707684954202]	[2.7256637225026026e-10, 2.805962406871032e-11, -1.3775184846119443e-11]	[]
