0.8528523134135207	0.14714768658647875	[-0.5798433990463908, -0.2748518069505464, 0.7669668290078441]	[-0.2855431990538087, -0.13535044867536705, 0.3776919117872615]	[]
0.8965714282212658	0.10342857177873399	[-0.5798433990463908, -0.2748518069505464, 0.7669668290078441]	[-0.2855431990538087, -0.13535044867536705, 0.3776919117872615]	[]
0.8886196938511628	0.11138030614883741	[-0.5798433990463908, -0.2748518069505464, 0.7669668290078441]	[-0.2855431990538087, -0.13535044867536705, 0.3776919117872615]	[]
0.7338711887376451	0.26612881126235494	[-0.5798433990463908, -0.2748518069505464, 0.7669668290078441]	[-0.2855431990538087, -0.13535044867536705, 0.3776919117872615]	[]
0.8767800981462945	0.12321990185370517	[-0.5798433990463908, -0.2748518069505464, 0.7669668290078441]	[-0.2855431990538087, -0.13535044867536705, 0.3776919117872615]	[]
0.6905153461855089	0.3094846538144913	[-0.5798433990463908, -0.2748518069505464, 0.7669668290078441]	[-0.2855431990538087, -0.13535044867536705, 0.3776919117872615]	[]
0.6394606050921453	0.3605393949078547	[-0.5798433990463908, -0.2748518069505464, 0.7669668290078441]	[-0.2855431990538087, -0.13535044867536705, 0.3776919117872615]	[]
0.7339278554941511	0.26607214450584893	[-0.5798433990463908, -0.2748518069505464, 0.7669668290078441]	[-0.2855431990538087, -0.13535044867536705, 0.3776919117872615]	[]
0.7877197445146367	0.21228025548536328	[-0.5798433990463908, -0.2748518069505464, 0.7669668290078441]	[-0.2855431990538087, -0.13535044867536705, 0.3776919117872615]	[]
0.8406618959536728	0.1593381040463279	[-0.5798433990463908, -0.2748518069505464, 0.7669668290078441]	[-0.2855431990538087, -0.13535044867536705, 0.3776919117872615]	[]
0.685539382669679	0.31446061733032094	[-0.5798433990463908, -0.2748518069505464, 0.7669668290078441]	[-0.2855431990538087, -0.13535044867536705, 0.3776919117872615]	[]
0.8539318112590517	0.1460681887409482	[-0.5798433990463908, -0.2748518069505464, 0.7669668290078441]	[-0.2855431990538087, -0.13535044867536705, 0.3776919117872615]	[]
0.6620618213600488	0.33793817863995107	[-0.5798433990463908, -0.2748518069505464, 0.7669668290078441]	[-0.2855431990538087, -0.13535044867536705, 0.3776919117872615]	[]
0.7453984585254595	0.2546015414745401	[-0.5798433990463908, -0.2748518069505464, 0.7669668290078441]	[-0.2855431990538087, -0.13535044867536705, 0.3776919117872615]	[]
0.6720309634367436	0.32796903656325643	[-0.5798433990463908, -0.2748518069505464, 0.7669668290078441]	[-0.2855431990538087, -0.13535044867536705, 0.3776919117872615]	[]
0.6967518224818454	0.3032481775181546	[-0.614087185648253, 0.5900512892686364, -0.5241530353389439]	[3.323356173590142e-10, -3.193268982570885e-10, 2.8366598754242514e-10]	[]
0.6724956581496613	0.32750434185033855	[-0.614087185648253, 0.5900512892686364, -0.5241530353389439]	[3.323356173590142e-10, -3.193268982570885e-10, 2.8366598754242514e-10]	[]
0.7775117509304629	0.222488249069537	[-0.614087185648253, 0.5900512892686364, -0.5241530353389439]	[3.323356173590142e-10, -3.193268982570885e-10, 2.8366598754242514e-10]	[]
0.8108164127640782	0.18918358723592146	[-0.614087185648253, 0.5900512892686364, -0.5241530353389439]	[3.323356173590142e-10, -3.193268982570885e-10, 2.8366598754242514e-10]	[]
0.6609184523957754	0.33908154760422465	[-0.614087185648253, 0.5900512892686364, -0.5241530353389439]	[3.323356173590142e-10, -3.193268982570885e-10, 2.8366598754242514e-10]	[]
0.8954318722764025	0.10456812772359785	[-0.614087185648253, 0.5900512892686364, -0.5241530353389439]	[3.323356173590142e-10, -3.193268982570885e-10, 2.8366598754242514e-10]	[]
0.8957342313700264	0.10426576862997373	[-0.614087185648253, 0.5900512892686364, -0.5241530353389439]	[3.323356173590142e-10, -3.193268982570885e-10, 2.8366598754242514e-10]	[]
0.701547158735044	0.2984528412649559	[-0.614087185648253, 0.5900512892686364, -0.5241530353389439]	[3.323356173590142e-10, -3.193268982570885e-10, 2.8366598754242514e-10]	[]
0.6578734636055276	0.3421265363944726	[-0.614087185648253, 0.5900512892686364, -0.5241530353389439]	[3.323356173590142e-10, -3.193268982570885e-10, 2.8366598754242514e-10]	[]
0.8473793540010377	0.15262064599896216	[-0.614087185648253, 0.5900512892686364, -0.5241530353389439]	[3.323356173590142e-10, -3.193268982570885e-10, 2.8366598754242514e-10]	[]
0.9036722866530374	0.0963277133469631	[-0.614087185648253, 0.5900512892686364, -0.5241530353389439]	[3.323356173590142e-10, -3.193268982570885e-10, 2.8366598754242514e-10]	[]
0.8444768968023422	0.15552310319765753	[-0.614087185648253, 0.5900512892686364, -0.5241530353389439]	[3.323356173590142e-10, -3.193268982570885e-10, 2.8366598754242514e-10]	[]
0.8479006508377258	0.1520993491622743	[-0.614087185648253, 0.5900512892686364, -0.5241530353389439]	[3.323356173590142e-10, -3.193268982570885e-10, 2.8366598754242514e-10]	[]
0.7951213352223271	0.20487866477767314	[-0.614087185648253, 0.5900512892686364, -0.5241530353389439]	[3.323356173590142e-10, -3.193268982570885e-10, 2.8366598754242514e-10]	[]
0.8779313710888307	0.1220686289111699	[-0.614087185648253, 0.5900512892686364, -0.5241530353389439]	[3.323356173590142e-10, -3.193268982570885e-10, 2.8366598754242514e-10]	[]
0.8551121333500243	0.14488786664997622	[0.2555609175874682, 0.9457495682010952, 0.20061498361112876]	[0.11354208109758401, 0.42018308270450316, 0.08913038407278845]	[]
0.8859166130118579	0.11408338698814233	[0.2555609175874682, 0.9457495682010952, 0.20061498361112876]	[0.11354208109758401, 0.42018308270450316, 0.08913038407278845]	[]
0.9009846531885811	0.09901534681141885	[0.2555609175874682, 0.9457495682010952, 0.20061498361112876]	[0.11354208109758401, 0.42018308270450316, 0.08913038407278845]	[]
0.9011119597030687	0.0988880402969314	[0.2555609175874682, 0.9457495682010952, 0.20061498361112876]	[0.11354208109758401, 0.42018308270450316, 0.08913038407278845]	[]
0.7061390020183269	0.2938609979816731	[0.2555609175874682, 0.9457495682010952, 0.20061498361112876]	[0.11354208109758401, 0.42018308270450316, 0.08913038407278845]	[]
0.8756749345468885	0.1243250654531117	[0.2555609175874682, 0.9457495682010952, 0.20061498361112876]	[0.11354208109758401, 0.42018308270450316, 0.08913038407278845]	[]
0.8497683892579755	0.15023161074202424	[0.2555609175874682, 0.9457495682010952, 0.20061498361112876]	[0.11354208109758401, 0.42018308270450316, 0.08913038407278845]	[]
0.8382798823138311	0.1617201176861688	[0.2555609175874682, 0.9457495682010952, 0.20061498361112876]	[0.11354208109758401, 0.42018308270450316, 0.08913038407278845]	[]
0.9086062843163101	0.09139371568369013	[0.2555609175874682, 0.9457495682010952, 0.20061498361112876]	[0.11354208109758401, 0.42018308270450316, 0.08913038407278845]	[]
0.9117082759823114	0.08829172401768881	[0.2555609175874682, 0.9457495682010952, 0.20061498361112876]	[0.11354208109758401, 0.42018308270450316, 0.08913038407278845]	[]
0.8832545295238028	0.11674547047619688	[0.2555609175874682, 0.9457495682010952, 0.20061498361112876]	[0.11354208109758401, 0.42018308270450316, 0.08913038407278845]	[]
0.8888498103158543	0.11115018968414578	[0.2555609175874682, 0.9457495682010952, 0.20061498361112876]	[0.11354208109758401, 0.42018308270450316, 0.08913038407278845]	[]
0.6792225824809109	0.3207774175190893	[0.2555609175874682, 0.9457495682010952, 0.20061498361112876]	[0.11354208109758401, 0.42018308270450316, 0.08913038407278845]	[]
0.6725626356088557	0.32743736439114424	[0.2555609175874682, 0.9457495682010952, 0.20061498361112876]	[0.11354208109758401, 0.42018308270450316, 0.08913038407278845]	[]
0.6736436484826761	0.32635635151732395	[0.2555609175874682, 0.9457495682010952, 0.20061498361112876]	[0.11354208109758401, 0.42018308270450316, 0.08913038407278845]	[]
0.809704692463376	0.19029530753662421	[-0.1337208356705674, 0.2644029808049901, -0.9550967499939477]	[5.627388832696312e-11, -1.1126875809619463e-10, 4.019347854007961e-10]	[]
0.6945633367445392	0.30543666325546065	[-0.1337208356705674, 0.2644029808049901, -0.9550967499939477]	[5.627388832696312e-11, -1.1126875809619463e-10, 4.019347854007961e-10]	[]
0.8216937937556628	0.17830620624433693	[-0.1337208356705674, 0.2644029808049901, -0.9550967499939477]	[5.627388832696312e-11, -1.1126875809619463e-10, 4.019347854007961e-10]	[]
0.8629130740627056	0.13708692593729405	[-0.1337208356705674, 0.2644029808049901, -0.9550967499939477]	[5.627388832696312e-11, -1.1126875809619463e-10, 4.019347854007961e-10]	[]
0.8449901685493131	0.15500983145068664	[-0.1337208356705674, 0.2644029808049901, -0.9550967499939477]	[5.627388832696312e-11, -1.1126875809619463e-10, 4.019347854007961e-10]	[]
0.7849078972345438	0.21509210276545607	[-0.1337208356705674, 0.2644029808049901, -0.9550967499939477]	[5.627388832696312e-11, -1.1126875809619463e-10, 4.019347854007961e-10]	[]
0.8468342358683474	0.15316576413165273	[-0.1337208356705674, 0.2644029808049901, -0.9550967499939477]	[5.627388832696312e-11, -1.1126875809619463e-10, 4.019347854007961e-10]	[]
0.6709312907942585	0.3290687092057413	[-0.1337208356705674, 0.2644029808049901, -0.9550967499939477]	[5.627388832696312e-11, -1.1126875809619463e-10, 4.019347854007961e-10]	[]
0.7119636563848715	0.2880363436151284	[-0.1337208356705674, 0.2644029808049901, -0.9550967499939477]	[5.627388832696312e-11, -1.1126875809619463e-10, 4.019347854007961e-10]	[]
0.930993984726132	0.06900601527386807	[-0.1337208356705674, 0.2644029808049901, -0.9550967499939477]	[5.627388832696312e-11, -1.1126875809619463e-10, 4.019347854007961e-10]	[]
0.8967140489029567	0.10328595109704355	[-0.1337208356705674, 0.2644029808049901, -0.9550967499939477]	[5.627388832696312e-11, -1.1126875809619463e-10, 4.019347854007961e-10]	[]
0.693277189608402	0.3067228103915982	[-0.1337208356705674, 0.2644029808049901, -0.9550967499939477]	[5.627388832696312e-11, -1.1126875809619463e-10, 4.019347854007961e-10]	[]
0.8548759447572283	0.1451240552427719	[-0.1337208356705674, 0.2644029808049901, -0.9550967499939477]	[5.627388832696312e-11, -1.1126875809619463e-10, 4.019347854007961e-10]	[]
0.9260423094489577	0.07395769055104195	[-0.1337208356705674, 0.2644029808049901, -0.9550967499939477]	[5.627388832696312e-11, -1.1126875809619463e-10, 4.019347854007961e-10]	[]
0.6480490124213267	0.3519509875786729	[-0.1337208356705674, 0.2644029808049901, -0.9550967499939477]	[5.627388832696312e-11, -1.1126875809619463e-10, 4.019347854007961e-10]	[]
0.6895555585888296	0.31044444141117045	[-0.9552571864865713, -0.2903883015209625, -0.05619912815632048]	[2.7654711853841718e-11, 8.406775275915379e-12, 1.6299284329748307e-12]	[]
0.709090983090615	0.29090901690938464	[-0.9552571864865713, -0.2903883015209625, -0.05619912815632048]	[2.7654711853841718e-11, 8.406775275915379e-12, 1.6299284329748307e-12]	[]
0.9085360464860449	0.09146395351395466	[-0.9552571864865713, -0.2903883015209625, -0.05619912815632048]	[2.7654711853841718e-11, 8.406775275915379e-12, 1.6299284329748307e-12]	[]
0.8651306774819424	0.1348693225180581	[-0.9552571864865713, -0.2903883015209625, -0.05619912815632048]	[2.7654711853841718e-11, 8.406775275915379e-12, 1.6299284329748307e-12]	[]
0.6481316732228614	0.35186832677713886	[-0.9552571864865713, -0.2903883015209625, -0.05619912815632048]	[2.7654711853841718e-11, 8.406775275915379e-12, 1.6299284329748307e-12]	[]
0.9390253520852286	0.060974647914771474	[-0.9552571864865713, -0.2903883015209625, -0.05619912815632048]	[2.7654711853841718e-11, 8.406775275915379e-12, 1.6299284329748307e-12]	[]
0.6727921825613999	0.32720781743859995	[-0.9552571864865713, -0.2903883015209625, -0.05619912815632048]	[2.7654711853841718e-11, 8.406775275915379e-12, 1.6299284329748307e-12]	[]
0.6055101957899798	0.3944898042100203	[-0.9552571864865713, -0.2903883015209625, -0.05619912815632048]	[2.7654711853841718e-11, 8.406775275915379e-12, 1.6299284329748307e-12]	[]
0.8904174237136989	0.1095825762863014	[-0.9552571864865713, -0.2903883015209625, -0.05619912815632048]	[2.7654711853841718e-11, 8.406775275915379e-12, 1.6299284329748307e-12]	[]
0.8691250272847406	0.13087497271525955	[-0.9552571864865713, -0.2903883015209625, -0.05619912815632048]	[2.7654711853841718e-11, 8.406775275915379e-12, 1.6299284329748307e-12]	[]
0.6442117153096676	0.35578828469033247	[-0.9552571864865713, -0.2903883015209625, -0.05619912815632048]	[2.7654711853841718e-11, 8.406775275915379e-12, 1.6299284329748307e-12]	[]
0.8029203477836512	0.19707965221634874	[-0.9552571864865713, -0.2903883015209625, -0.05619912815632048]	[2.7654711853841718e-11, 8.406775275915379e-12, 1.6299284329748307e-12]	[]
0.8758675286691927	0.12413247133080721	[-0.9552571864865713, -0.2903883015209625, -0.05619912815632048]	[2.7654711853841718e-11, 8.406775275915379e-12, 1.6299284329748307e-12]	[]
0.6517039282229643	0.34829607177703564	[-0.9552571864865713, -0.2903883015209625, -0.05619912815632048]	[2.7654711853841718e-11, 8.406775275915379e-12, 1.6299284329748307e-12]	[]
0.6898765048554177	0.31012349514458226	[-0.9552571864865713, -0.2903883015209625, -0.05619912815632048]	[2.7654711853841718e-11, 8.406775275915379e-12, 1.6299284329748307e-12]	[]
