0.7842929246030204	0.21570707539697967	[0.3369830359929369, -0.5161982849676826, 0.7873892074758239]	[0.1867031080006427, -0.28599607058584325, 0.43624751557220925]	[]
0.7456234466588789	0.25437655334112097	[0.3369830359929369, -0.5161982849676826, 0.7873892074758239]	[0.1867031080006427, -0.28599607058584325, 0.43624751557220925]	[]
0.6484657125228154	0.35153428747718496	[0.3369830359929369, -0.5161982849676826, 0.7873892074758239]	[0.1867031080006427, -0.28599607058584325, 0.43624751557220925]	[]
0.7839328170056624	0.2160671829943378	[0.3369830359929369, -0.5161982849676826, 0.7873892074758239]	[0.1867031080006427, -0.28599607058584325, 0.43624751557220925]	[]
0.7320691356767202	0.26793086432327984	[0.3369830359929369, -0.5161982849676826, 0.7873892074758239]	[0.1867031080006427, -0.28599607058584325, 0.43624751557220925]	[]
0.7528918850785483	0.24710811492145202	[0.3369830359929369, -0.5161982849676826, 0.7873892074758239]	[0.1867031080006427, -0.28599607058584325, 0.43624751557220925]	[]
0.7407617265545205	0.2592382734454795	[0.3369830359929369, -0.5161982849676826, 0.7873892074758239]	[0.1867031080006427, -0.28599607058584325, 0.43624751557220925]	[]
0.6900958023714144	0.3099041976285855	[0.3369830359929369, -0.5161982849676826, 0.7873892074758239]	[0.1867031080006427, -0.28599607058584325, 0.43624751557220925]	[]
0.750117112766381	0.24988288723361893	[0.3369830359929369, -0.5161982849676826, 0.7873892074758239]	[0.1867031080006427, -0.28599607058584325, 0.43624751557220925]	[]
0.7192752550019288	0.2807247449980715	[0.3369830359929369, -0.5161982849676826, 0.7873892074758239]	[0.1867031080006427, -0.28599607058584325, 0.43624751557220925]	[]
0.6253382150181255	0.3746617849818746	[0.3369830359929369, -0.5161982849676826, 0.7873892074758239]	[0.1867031080006427, -0.28599607058584325, 0.43624751557220925]	[]
0.7924208136619232	0.20757918633807695	[0.3369830359929369, -0.5161982849676826, 0.7873892074758239]	[0.1867031080006427, -0.28599607058584325, 0.43624751557220925]	[]
0.6665168044969733	0.3334831955030267	[0.3369830359929369, -0.5161982849676826, 0.7873892074758239]	[0.1867031080006427, -0.28599607058584325, 0.43624751557220925]	[]
0.48996771444212905	0.510032285557871	[0.3369830359929369, -0.5161982849676826, 0.7873892074758239]	[0.1867031080006427, -0.28599607058584325, 0.43624751557220925]	[]
0.8054897032507371	0.19451029674926298	[0.3369830359929369, -0.5161982849676826, 0.7873892074758239]	[0.1867031080006427, -0.28599607058584325, 0.43624751557220925]	[]
0.732111050959247	0.267888949040753	[-0.24446136842836091, 0.7894407179207908, -0.5630470604086656]	[1.1418643808269735e-10, -3.687420091491589e-10, 2.629971612227346e-10]	[]
0.6525015578192382	0.3474984421807615	[-0.24446136842836091, 0.7894407179207908, -0.5630470604086656]	[1.1418643808269735e-10, -3.687420091491589e-10, 2.629971612227346e-10]	[]
0.7520230464704615	0.24797695352953886	[-0.24446136842836091, 0.7894407179207908, -0.5630470604086656]	[1.1418643808269735e-10, -3.687420091491589e-10, 2.629971612227346e-10]	[]
0.5748820613883608	0.4251179386116387	[-0.24446136842836091, 0.7894407179207908, -0.5630470604086656]	[1.1418643808269735e-10, -3.687420091491589e-10, 2.629971612227346e-10]	[]
0.7641211132189615	0.23587888678103863	[-0.24446136842836091, 0.7894407179207908, -0.5630470604086656]	[1.1418643808269735e-10, -3.687420091491589e-10, 2.629971612227346e-10]	[]
0.6414927449299191	0.3585072550700809	[-0.24446136842836091, 0.7894407179207908, -0.5630470604086656]	[1.1418643808269735e-10, -3.687420091491589e-10, 2.629971612227346e-10]	[]
0.7980496711857943	0.2019503288142056	[-0.24446136842836091, 0.7894407179207908, -0.5630470604086656]	[1.1418643808269735e-10, -3.687420091491589e-10, 2.629971612227346e-10]	[]
0.717693751351198	0.2823062486488019	[-0.24446136842836091, 0.7894407179207908, -0.5630470604086656]	[1.1418643808269735e-10, -3.687420091491589e-10, 2.629971612227346e-10]	[]
0.6362262344008437	0.3637737655991568	[-0.24446136842836091, 0.7894407179207908, -0.5630470604086656]	[1.1418643808269735e-10, -3.687420091491589e-10, 2.629971612227346e-10]	[]
0.7338817840894262	0.26611821591057433	[-0.24446136842836091, 0.7894407179207908, -0.5630470604086656]	[1.1418643808269735e-10, -3.687420091491589e-10, 2.629971612227346e-10]	[]
0.6076354029239227	0.3923645970760772	[-0.24446136842836091, 0.7894407179207908, -0.5630470604086656]	[1.1418643808269735e-10, -3.687420091491589e-10, 2.629971612227346e-10]	[]
0.7599167515442621	0.24008324845573792	[-0.24446136842836091, 0.7894407179207908, -0.5630470604086656]	[1.1418643808269735e-10, -3.687420091491589e-10, 2.629971612227346e-10]	[]
0.7316206888260351	0.26837931117396485	[-0.24446136842836091, 0.7894407179207908, -0.5630470604086656]	[1.1418643808269735e-10, -3.687420091491589e-10, 2.629971612227346e-10]	[]
0.5793670105133825	0.42063298948661765	[-0.24446136842836091, 0.7894407179207908, -0.5630470604086656]	[1.1418643808269735e-10, -3.687420091491589e-10, 2.629971612227346e-10]	[]
0.7163317536488351	0.2836682463511653	[-0.24446136842836091, 0.7894407179207908, -0.5630470604086656]	[1.1418643808269735e-10, -3.687420091491589e-10, 2.629971612227346e-10]	[]
0.5079432965386773	0.4920567034613228	[-0.9586567100249667, 0.0537379101804175, -0.27944507391175893]	[1.8599011220032935e-12, -1.042499420123022e-13, 5.421582255944102e-13]	[]
0.7645575451639351	0.23544245483606496	[-0.9586567100249667, 0.0537379101804175, -0.27944507391175893]	[1.8599011220032935e-12, -1.042499420123022e-13, 5.421582255944102e-13]	[]
0.7478566767884668	0.25214332321153343	[-0.9586567100249667, 0.0537379101804175, -0.27944507391175893]	[1.8599011220032935e-12, -1.042499420123022e-13, 5.421582255944102e-13]	[]
0.5771044672453135	0.4228955327546863	[-0.9586567100249667, 0.0537379101804175, -0.27944507391175893]	[1.8599011220032935e-12, -1.042499420123022e-13, 5.421582255944102e-13]	[]
0.633056070648753	0.366943929351247	[-0.9586567100249667, 0.0537379101804175, -0.27944507391175893]	[1.8599011220032935e-12, -1.042499420123022e-13, 5.421582255944102e-13]	[]
0.7172161460189832	0.2827838539810167	[-0.9586567100249667, 0.0537379101804175, -0.27944507391175893]	[1.8599011220032935e-12, -1.042499420123022e-13, 5.421582255944102e-13]	[]
0.5277379492351674	0.4722620507648326	[-0.9586567100249667, 0.0537379101804175, -0.27944507391175893]	[1.8599011220032935e-12, -1.042499420123022e-13, 5.421582255944102e-13]	[]
0.8004135299778322	0.19958647002216842	[-0.9586567100249667, 0.0537379101804175, -0.27944507391175893]	[1.8599011220032935e-12, -1.042499420123022e-13, 5.421582255944102e-13]	[]
0.6734619787534042	0.32653802124659626	[-0.9586567100249667, 0.0537379101804175, -0.27944507391175893]	[1.8599011220032935e-12, -1.042499420123022e-13, 5.421582255944102e-13]	[]
0.6355189342809402	0.36448106571905986	[-0.9586567100249667, 0.0537379101804175, -0.27944507391175893]	[1.8599011220032935e-12, -1.042499420123022e-13, 5.421582255944102e-13]	[]
0.7617515653266438	0.2382484346733564	[-0.9586567100249667, 0.0537379101804175, -0.27944507391175893]	[1.8599011220032935e-12, -1.042499420123022e-13, 5.421582255944102e-13]	[]
0.6495196816308993	0.3504803183691004	[-0.9586567100249667, 0.0537379101804175, -0.27944507391175893]	[1.8599011220032935e-12, -1.042499420123022e-13, 5.421582255944102e-13]	[]
0.7255657839952421	0.2744342160047579	[-0.9586567100249667, 0.0537379101804175, -0.27944507391175893]	[1.8599011220032935e-12, -1.042499420123022e-13, 5.421582255944102e-13]	[]
0.7181742115141748	0.281825788485825	[-0.9586567100249667, 0.0537379101804175, -0.27944507391175893]	[1.8599011220032935e-12, -1.042499420123022e-13, 5.421582255944102e-13]	[]
0.8008753559033509	0.199124644096649	[-0.9586567100249667, 0.0537379101804175, -0.27944507391175893]	[1.8599011220032935e-12, -1.042499420123022e-13, 5.421582255944102e-13]	[]
0.6905325563186943	0.30946744368130585	[0.8675428284776457, 0.1501748290518864, 0.4741486702251128]	[0.5808765657700631, 0.10055185300516124, 0.3174734920097406]	[]
0.7666906229596435	0.2333093770403568	[0.8675428284776457, 0.1501748290518864, 0.4741486702251128]	[0.5808765657700631, 0.10055185300516124, 0.3174734920097406]	[]
0.5954092188633131	0.4045907811366871	[0.8675428284776457, 0.1501748290518864, 0.4741486702251128]	[0.5808765657700631, 0.10055185300516124, 0.3174734920097406]	[]
0.7657022294795827	0.23429777052041745	[0.8675428284776457, 0.1501748290518864, 0.4741486702251128]	[0.5808765657700631, 0.10055185300516124, 0.3174734920097406]	[]
0.7648851849469425	0.23511481505305756	[0.8675428284776457, 0.1501748290518864, 0.4741486702251128]	[0.5808765657700631, 0.10055185300516124, 0.3174734920097406]	[]
0.4911349310570496	0.5088650689429502	[0.8675428284776457, 0.1501748290518864, 0.4741486702251128]	[0.5808765657700631, 0.10055185300516124, 0.3174734920097406]	[]
0.6580737889042592	0.34192621109574106	[0.8675428284776457, 0.1501748290518864, 0.4741486702251128]	[0.5808765657700631, 0.10055185300516124, 0.3174734920097406]	[]
0.5773607869876403	0.42263921301235974	[0.8675428284776457, 0.1501748290518864, 0.4741486702251128]	[0.5808765657700631, 0.10055185300516124, 0.3174734920097406]	[]
0.5858636979642157	0.41413630203578417	[0.8675428284776457, 0.1501748290518864, 0.4741486702251128]	[0.5808765657700631, 0.10055185300516124, 0.3174734920097406]	[]
0.7222422925162545	0.2777577074837454	[0.8675428284776457, 0.1501748290518864, 0.4741486702251128]	[0.5808765657700631, 0.10055185300516124, 0.3174734920097406]	[]
0.6795958690452533	0.32040413095474624	[0.8675428284776457, 0.1501748290518864, 0.4741486702251128]	[0.5808765657700631, 0.10055185300516124, 0.3174734920097406]	[]
0.7911925636369758	0.2088074363630243	[0.8675428284776457, 0.1501748290518864, 0.4741486702251128]	[0.5808765657700631, 0.10055185300516124, 0.3174734920097406]	[]
0.729262432099954	0.2707375679000457	[0.8675428284776457, 0.1501748290518864, 0.4741486702251128]	[0.5808765657700631, 0.10055185300516124, 0.3174734920097406]	[]
0.746602578066935	0.2533974219330651	[0.8675428284776457, 0.1501748290518864, 0.4741486702251128]	[0.5808765657700631, 0.10055185300516124, 0.3174734920097406]	[]
0.5831267364154837	0.4168732635845163	[0.8675428284776457, 0.1501748290518864, 0.4741486702251128]	[0.5808765657700631, 0.10055185300516124, 0.3174734920097406]	[]
0.48019852001392216	0.5198014799860776	[-0.8226668475093709, 0.0508918683138265, -0.5662413582108973]	[2.8223356984824477e-10, -1.7459408918618635e-11, 1.9426220252602364e-10]	[]
0.7287276918603026	0.27127230813969727	[-0.8226668475093709, 0.0508918683138265, -0.5662413582108973]	[2.8223356984824477e-10, -1.7459408918618635e-11, 1.9426220252602364e-10]	[]
0.7244438531381006	0.2755561468618996	[-0.8226668475093709, 0.0508918683138265, -0.5662413582108973]	[2.8223356984824477e-10, -1.7459408918618635e-11, 1.9426220252602364e-10]	[]
0.6414822162030138	0.35851778379698634	[-0.8226668475093709, 0.0508918683138265, -0.5662413582108973]	[2.8223356984824477e-10, -1.7459408918618635e-11, 1.9426220252602364e-10]	[]
0.7582807599961634	0.24171924000383674	[-0.8226668475093709, 0.0508918683138265, -0.5662413582108973]	[2.8223356984824477e-10, -1.7459408918618635e-11, 1.9426220252602364e-10]	[]
0.7140247572619673	0.2859752427380325	[-0.8226668475093709, 0.0508918683138265, -0.5662413582108973]	[2.8223356984824477e-10, -1.7459408918618635e-11, 1.9426220252602364e-10]	[]
0.6673136876833594	0.3326863123166405	[-0.8226668475093709, 0.0508918683138265, -0.5662413582108973]	[2.8223356984824477e-10, -1.7459408918618635e-11, 1.9426220252602364e-10]	[]
0.6307871988298905	0.36921280117010946	[-0.8226668475093709, 0.0508918683138265, -0.5662413582108973]	[2.8223356984824477e-10, -1.7459408918618635e-11, 1.9426220252602364e-10]	[]
0.6488088380774913	0.35119116192250865	[-0.8226668475093709, 0.0508918683138265, -0.5662413582108973]	[2.8223356984824477e-10, -1.7459408918618635e-11, 1.9426220252602364e-10]	[]
0.6138417403328115	0.3861582596671887	[-0.8226668475093709, 0.0508918683138265, -0.5662413582108973]	[2.8223356984824477e-10, -1.7459408918618635e-11, 1.9426220252602364e-10]	[]
0.7314335717968456	0.2685664282031544	[-0.8226668475093709, 0.0508918683138265, -0.5662413582108973]	[2.8223356984824477e-10, -1.7459408918618635e-11, 1.9426220252602364e-10]	[]
0.7366605960406065	0.2633394039593936	[-0.8226668475093709, 0.0508918683138265, -0.5662413582108973]	[2.8223356984824477e-10, -1.7459408918618635e-11, 1.9426220252602364e-10]	[]
0.7558393058057007	0.24416069419429948	[-0.8226668475093709, 0.0508918683138265, -0.5662413582108973]	[2.8223356984824477e-10, -1.7459408918618635e-11, 1.9426220252602364e-10]	[]
0.6449391744803141	0.355060825519686	[-0.8226668475093709, 0.0508918683138265, -0.5662413582108973]	[2.8223356984824477e-10, -1.7459408918618635e-11, 1.9426220252602364e-10]	[]
0.730482462049517	0.2695175379504831	[-0.8226668475093709, 0.0508918683138265, -0.5662413582108973]	[2.8223356984824477e-10, -1.7459408918618635e-11, 1.9426220252602364e-10]	[]
