0.9823874873524115	0.017612512647588233	[0.03777405623962452, 0.9992596709392062, -0.007295937888643655]	[-1.0796918914479647e-12, -2.8561875087262933e-11, 1.216156873133136e-13]	[]
0.9198689161839213	0.08013108381607889	[0.03777405623962452, 0.9992596709392062, -0.007295937888643655]	[-1.0796918914479647e-12, -2.8561875087262933e-11, 1.216156873133136e-13]	[]
0.9242298780199361	0.07577012198006333	[0.03777405623962452, 0.9992596709392062, -0.007295937888643655]	[-1.0796918914479647e-12, -2.8561875087262933e-11, 1.216156873133136e-13]	[]
0.8380919504026605	0.16190804959733926	[0.03777405623962452, 0.9992596709392062, -0.007295937888643655]	[-1.0796918914479647e-12, -2.8561875087262933e-11, 1.216156873133136e-13]	[]
0.8702675184178228	0.129732481582177	[0.03777405623962452, 0.9992596709392062, -0.007295937888643655]	[-1.0796918914479647e-12, -2.8561875087262933e-11, 1.216156873133136e-13]	[]
0.9241415983287764	0.07585840167122378	[0.03777405623962452, 0.9992596709392062, -0.007295937888643655]	[-1.0796918914479647e-12, -2.8561875087262933e-11, 1.216156873133136e-13]	[]
0.7319770393494416	0.26802296065055875	[0.03777405623962452, 0.9992596709392062, -0.007295937888643655]	[-1.0796918914479647e-12, -2.8561875087262933e-11, 1.216156873133136e-13]	[]
0.8856759794730247	0.11432402052697509	[0.03777405623962452, 0.9992596709392062, -0.007295937888643655]	[-1.0796918914479647e-12, -2.8561875087262933e-11, 1.216156873133136e-13]	[]
0.9366965003462068	0.06330349965379385	[0.03777405623962452, 0.9992596709392062, -0.007295937888643655]	[-1.0796918914479647e-12, -2.8561875087262933e-11, 1.216156873133136e-13]	[]
0.9437156384425938	0.05628436155740578	[0.03777405623962452, 0.9992596709392062, -0.007295937888643655]	[-1.0796918914479647e-12, -2.8561875087262933e-11, 1.216156873133136e-13]	[]
0.9167066381935768	0.08329336180642345	[0.03777405623962452, 0.9992596709392062, -0.007295937888643655]	[-1.0796918914479647e-12, -2.8561875087262933e-11, 1.216156873133136e-13]	[]
0.8885415491696349	0.11145845083036506	[0.03777405623962452, 0.9992596709392062, -0.007295937888643655]	[-1.0796918914479647e-12, -2.8561875087262933e-11, 1.216156873133136e-13]	[]
0.9138265586946351	0.08617344130536547	[0.03777405623962452, 0.9992596709392062, -0.007295937888643655]	[-1.0796918914479647e-12, -2.8561875087262933e-11, 1.216156873133136e-13]	[]
0.5936917104595141	0.40630828954048576	[0.03777405623962452, 0.9992596709392062, -0.007295937888643655]	[-1.0796918914479647e-12, -2.8561875087262933e-11, 1.216156873133136e-13]	[]
0.6955945964321915	0.30440540356780876	[0.03777405623962452, 0.9992596709392062, -0.007295937888643655]	[-1.0796918914479647e-12, -2.8561875087262933e-11, 1.216156873133136e-13]	[]
0.711121954407981	0.28887804559201863	[-0.8373023837798879, 0.10680298812740224, 0.5362069002200323]	[-0.5132559356537392, 0.06546890187327552, 0.32868815329776013]	[]
0.814122470164855	0.18587752983514513	[-0.8373023837798879, 0.10680298812740224, 0.5362069002200323]	[-0.5132559356537392, 0.06546890187327552, 0.32868815329776013]	[]
0.9672860739933079	0.03271392600669247	[-0.8373023837798879, 0.10680298812740224, 0.5362069002200323]	[-0.5132559356537392, 0.06546890187327552, 0.32868815329776013]	[]
0.6985985842663173	0.3014014157336827	[-0.8373023837798879, 0.10680298812740224, 0.5362069002200323]	[-0.5132559356537392, 0.06546890187327552, 0.32868815329776013]	[]
0.6206590562526187	0.3793409437473812	[-0.8373023837798879, 0.10680298812740224, 0.5362069002200323]	[-0.5132559356537392, 0.06546890187327552, 0.32868815329776013]	[]
0.6700918689746267	0.3299081310253733	[-0.8373023837798879, 0.10680298812740224, 0.5362069002200323]	[-0.5132559356537392, 0.06546890187327552, 0.32868815329776013]	[]
0.9344409969983609	0.06555900300163886	[-0.8373023837798879, 0.10680298812740224, 0.5362069002200323]	[-0.5132559356537392, 0.06546890187327552, 0.32868815329776013]	[]
0.7950058090707476	0.20499419092925214	[-0.8373023837798879, 0.10680298812740224, 0.5362069002200323]	[-0.5132559356537392, 0.06546890187327552, 0.32868815329776013]	[]
0.800594370972986	0.19940562902701398	[-0.8373023837798879, 0.10680298812740224, 0.5362069002200323]	[-0.5132559356537392, 0.06546890187327552, 0.32868815329776013]	[]
0.9076555012323742	0.0923444987676257	[-0.8373023837798879, 0.10680298812740224, 0.5362069002200323]	[-0.5132559356537392, 0.06546890187327552, 0.32868815329776013]	[]
0.9008583202531798	0.09914167974682077	[-0.8373023837798879, 0.10680298812740224, 0.5362069002200323]	[-0.5132559356537392, 0.06546890187327552, 0.32868815329776013]	[]
0.8107262063622808	0.18927379363771948	[-0.8373023837798879, 0.10680298812740224, 0.5362069002200323]	[-0.5132559356537392, 0.06546890187327552, 0.32868815329776013]	[]
0.8500017341650703	0.1499982658349301	[-0.8373023837798879, 0.10680298812740224, 0.5362069002200323]	[-0.5132559356537392, 0.06546890187327552, 0.32868815329776013]	[]
0.8766462353494352	0.12335376465056504	[-0.8373023837798879, 0.10680298812740224, 0.5362069002200323]	[-0.5132559356537392, 0.06546890187327552, 0.32868815329776013]	[]
0.9575073943097198	0.042492605690279996	[-0.8373023837798879, 0.10680298812740224, 0.5362069002200323]	[-0.5132559356537392, 0.06546890187327552, 0.32868815329776013]	[]
0.9171935280125499	0.08280647198744964	[0.149805423746636, -0.28307688103094175, 0.9473256116256358]	[0.10115643714242264, -0.19114827758779665, 0.6396836729215389]	[]
0.9581653774255515	0.041834622574448595	[0.149805423746636, -0.28307688103094175, 0.9473256116256358]	[0.10115643714242264, -0.19114827758779665, 0.6396836729215389]	[]
0.7649712248350617	0.23502877516493836	[0.149805423746636, -0.28307688103094175, 0.9473256116256358]	[0.10115643714242264, -0.19114827758779665, 0.6396836729215389]	[]
0.9171447366958907	0.08285526330410936	[0.149805423746636, -0.28307688103094175, 0.9473256116256358]	[0.10115643714242264, -0.19114827758779665, 0.6396836729215389]	[]
0.8851317143559133	0.11486828564408688	[0.149805423746636, -0.28307688103094175, 0.9473256116256358]	[0.10115643714242264, -0.19114827758779665, 0.6396836729215389]	[]
0.799045304408002	0.20095469559199805	[0.149805423746636, -0.28307688103094175, 0.9473256116256358]	[0.10115643714242264, -0.19114827758779665, 0.6396836729215389]	[]
0.7043784391649552	0.2956215608350451	[0.149805423746636, -0.28307688103094175, 0.9473256116256358]	[0.10115643714242264, -0.19114827758779665, 0.6396836729215389]	[]
0.9315483862512227	0.0684516137487776	[0.149805423746636, -0.28307688103094175, 0.9473256116256358]	[0.10115643714242264, -0.19114827758779665, 0.6396836729215389]	[]
0.9313634116031961	0.06863658839680399	[0.149805423746636, -0.28307688103094175, 0.9473256116256358]	[0.10115643714242264, -0.19114827758779665, 0.6396836729215389]	[]
0.846504634351976	0.1534953656480242	[0.149805423746636, -0.28307688103094175, 0.9473256116256358]	[0.10115643714242264, -0.19114827758779665, 0.6396836729215389]	[]
0.6899070667762617	0.3100929332237384	[0.149805423746636, -0.28307688103094175, 0.9473256116256358]	[0.10115643714242264, -0.19114827758779665, 0.6396836729215389]	[]
0.9345725576815247	0.06542744231847532	[0.149805423746636, -0.28307688103094175, 0.9473256116256358]	[0.10115643714242264, -0.19114827758779665, 0.6396836729215389]	[]
0.9051721648577578	0.09482783514224209	[0.149805423746636, -0.28307688103094175, 0.9473256116256358]	[0.10115643714242264, -0.19114827758779665, 0.6396836729215389]	[]
0.8924219857768652	0.10757801422313495	[0.149805423746636, -0.28307688103094175, 0.9473256116256358]	[0.10115643714242264, -0.19114827758779665, 0.6396836729215389]	[]
0.6546976277929892	0.34530237220701104	[0.149805423746636, -0.28307688103094175, 0.9473256116256358]	[0.10115643714242264, -0.19114827758779665, 0.6396836729215389]	[]
0.9002297333493934	0.09977026665060623	[0.07747174351394122, 0.9103547793324852, -0.40651236722074324]	[-1.3119047514997817e-11, -1.5415670129304004e-10, 6.883998874344032e-11]	[]
0.8925326256568582	0.10746737434314196	[0.07747174351394122, 0.9103547793324852, -0.40651236722074324]	[-1.3119047514997817e-11, -1.5415670129304004e-10, 6.883998874344032e-11]	[]
0.8088751661505015	0.1911248338494982	[0.07747174351394122, 0.9103547793324852, -0.40651236722074324]	[-1.3119047514997817e-11, -1.5415670129304004e-10, 6.883998874344032e-11]	[]
0.8010881448913545	0.19891185510864529	[0.07747174351394122, 0.9103547793324852, -0.40651236722074324]	[-1.3119047514997817e-11, -1.5415670129304004e-10, 6.883998874344032e-11]	[]
0.8435086845412361	0.15649131545876394	[0.07747174351394122, 0.9103547793324852, -0.40651236722074324]	[-1.3119047514997817e-11, -1.5415670129304004e-10, 6.883998874344032e-11]	[]
0.8882380790067952	0.1117619209932046	[0.07747174351394122, 0.9103547793324852, -0.40651236722074324]	[-1.3119047514997817e-11, -1.5415670129304004e-10, 6.883998874344032e-11]	[]
0.6407504809585585	0.3592495190414413	[0.07747174351394122, 0.9103547793324852, -0.40651236722074324]	[-1.3119047514997817e-11, -1.5415670129304004e-10, 6.883998874344032e-11]	[]
0.9257151618251223	0.07428483817487787	[0.07747174351394122, 0.9103547793324852, -0.40651236722074324]	[-1.3119047514997817e-11, -1.5415670129304004e-10, 6.883998874344032e-11]	[]
0.7270057201822889	0.2729942798177109	[0.07747174351394122, 0.9103547793324852, -0.40651236722074324]	[-1.3119047514997817e-11, -1.5415670129304004e-10, 6.883998874344032e-11]	[]
0.9021956213451103	0.0978043786548894	[0.07747174351394122, 0.9103547793324852, -0.40651236722074324]	[-1.3119047514997817e-11, -1.5415670129304004e-10, 6.883998874344032e-11]	[]
0.9267870912766447	0.0732129087233552	[0.07747174351394122, 0.9103547793324852, -0.40651236722074324]	[-1.3119047514997817e-11, -1.5415670129304004e-10, 6.883998874344032e-11]	[]
0.9393845866965296	0.06061541330347036	[0.07747174351394122, 0.9103547793324852, -0.40651236722074324]	[-1.3119047514997817e-11, -1.5415670129304004e-10, 6.883998874344032e-11]	[]
0.8772413742139877	0.12275862578601196	[0.07747174351394122, 0.9103547793324852, -0.40651236722074324]	[-1.3119047514997817e-11, -1.5415670129304004e-10, 6.883998874344032e-11]	[]
0.707193175734922	0.29280682426507815	[0.07747174351394122, 0.9103547793324852, -0.40651236722074324]	[-1.3119047514997817e-11, -1.5415670129304004e-10, 6.883998874344032e-11]	[]
0.7549926017781278	0.24500739822187192	[0.07747174351394122, 0.9103547793324852, -0.40651236722074324]	[-1.3119047514997817e-11, -1.5415670129304004e-10, 6.883998874344032e-11]	[]
0.9138641101268343	0.08613588987316526	[0.10733620830418689, -0.4020673908626564, 0.9092968445957437]	[0.06055170731957881, -0.22681877214505974, 0.5129627482698207]	[]
0.6363058567643061	0.3636941432356941	[0.10733620830418689, -0.4020673908626564, 0.9092968445957437]	[0.06055170731957881, -0.22681877214505974, 0.5129627482698207]	[]
0.9175684626855392	0.08243153731446076	[0.10733620830418689, -0.4020673908626564, 0.9092968445957437]	[0.06055170731957881, -0.22681877214505974, 0.5129627482698207]	[]
0.6963131995954739	0.3036868004045265	[0.10733620830418689, -0.4020673908626564, 0.9092968445957437]	[0.06055170731957881, -0.22681877214505974, 0.5129627482698207]	[]
0.9297193181231971	0.07028068187680331	[0.10733620830418689, -0.4020673908626564, 0.9092968445957437]	[0.06055170731957881, -0.22681877214505974, 0.5129627482698207]	[]
0.7101786468226704	0.28982135317732954	[0.10733620830418689, -0.4020673908626564, 0.9092968445957437]	[0.06055170731957881, -0.22681877214505974, 0.5129627482698207]	[]
0.7069164250987393	0.29308357490126064	[0.10733620830418689, -0.4020673908626564, 0.9092968445957437]	[0.06055170731957881, -0.22681877214505974, 0.5129627482698207]	[]
0.7726082379527389	0.22739176204726105	[0.10733620830418689, -0.4020673908626564, 0.9092968445957437]	[0.06055170731957881, -0.22681877214505974, 0.5129627482698207]	[]
0.9082110672824452	0.0917889327175547	[0.10733620830418689, -0.4020673908626564, 0.9092968445957437]	[0.06055170731957881, -0.22681877214505974, 0.5129627482698207]	[]
0.8740403286491609	0.12595967135083905	[0.10733620830418689, -0.4020673908626564, 0.9092968445957437]	[0.06055170731957881, -0.22681877214505974, 0.5129627482698207]	[]
0.6955194286831	0.30448057131689993	[0.10733620830418689, -0.4020673908626564, 0.9092968445957437]	[0.06055170731957881, -0.22681877214505974, 0.5129627482698207]	[]
0.877601509458881	0.12239849054111909	[0.10733620830418689, -0.4020673908626564, 0.9092968445957437]	[0.06055170731957881, -0.22681877214505974, 0.5129627482698207]	[]
0.7457214104525838	0.25427858954741644	[0.10733620830418689, -0.4020673908626564, 0.9092968445957437]	[0.06055170731957881, -0.22681877214505974, 0.5129627482698207]	[]
0.7831183485452334	0.2168816514547662	[0.10733620830418689, -0.4020673908626564, 0.9092968445957437]	[0.06055170731957881, -0.22681877214505974, 0.5129627482698207]	[]
0.7003795510530337	0.29962044894696616	[0.10733620830418689, -0.4020673908626564, 0.9092968445957437]	[0.06055170731957881, -0.22681877214505974, 0.5129627482698207]	[]
0.9412020516581675	0.05879794834183328	[0.06280325821726504, -0.9923216828772305, -0.10655246805680645]	[-1.206972022327335e-12, 1.9070058032699677e-11, 2.047051728914197e-12]	[]
0.6645407133894049	0.3354592866105952	[0.06280325821726504, -0.9923216828772305, -0.10655246805680645]	[-1.206972022327335e-12, 1.9070058032699677e-11, 2.047051728914197e-12]	[]
0.7343643159671249	0.2656356840328747	[0.06280325821726504, -0.9923216828772305, -0.10655246805680645]	[-1.206972022327335e-12, 1.9070058032699677e-11, 2.047051728914197e-12]	[]
0.9240155298265761	0.07598447017342412	[0.06280325821726504, -0.9923216828772305, -0.10655246805680645]	[-1.206972022327335e-12, 1.9070058032699677e-11, 2.047051728914197e-12]	[]
0.6848001654296669	0.315199834570333	[0.06280325821726504, -0.9923216828772305, -0.10655246805680645]	[-1.206972022327335e-12, 1.9070058032699677e-11, 2.047051728914197e-12]	[]
0.7848150632927905	0.21518493670720937	[0.06280325821726504, -0.9923216828772305, -0.10655246805680645]	[-1.206972022327335e-12, 1.9070058032699677e-11, 2.047051728914197e-12]	[]
0.7394964134955105	0.2605035865044893	[0.06280325821726504, -0.9923216828772305, -0.10655246805680645]	[-1.206972022327335e-12, 1.9070058032699677e-11, 2.047051728914197e-12]	[]
0.944741278649615	0.055258721350384725	[0.06280325821726504, -0.9923216828772305, -0.10655246805680645]	[-1.206972022327335e-12, 1.9070058032699677e-11, 2.047051728914197e-12]	[]
0.7809513622736048	0.21904863772639555	[0.06280325821726504, -0.9923216828772305, -0.10655246805680645]	[-1.206972022327335e-12, 1.9070058032699677e-11, 2.047051728914197e-12]	[]
0.9040690196518324	0.09593098034816777	[0.06280325821726504, -0.9923216828772305, -0.10655246805680645]	[-1.206972022327335e-12, 1.9070058032699677e-11, 2.047051728914197e-12]	[]
0.731381623098986	0.2686183769010141	[0.06280325821726504, -0.9923216828772305, -0.10655246805680645]	[-1.206972022327335e-12, 1.9070058032699677e-11, 2.047051728914197e-12]	[]
0.8519166500394773	0.14808334996052291	[0.06280325821726504, -0.9923216828772305, -0.10655246805680645]	[-1.206972022327335e-12, 1.9070058032699677e-11, 2.047051728914197e-12]	[]
0.8725025383803529	0.12749746161964687	[0.06280325821726504, -0.9923216828772305, -0.10655246805680645]	[-1.206972022327335e-12, 1.9070058032699677e-11, 2.047051728914197e-12]	[]
0.808814917257967	0.19118508274203297	[0.06280325821726504, -0.9923216828772305, -0.10655246805680645]	[-1.206972022327335e-12, 1.9070058032699677e-11, 2.047051728914197e-12]	[]
0.7583587134038907	0.24164128659610934	[0.06280325821726504, -0.9923216828772305, -0.10655246805680645]	[-1.206972022327335e-12, 1.9070058032699677e-11, 2.047051728914197e-12]	[]
0.6270305308271428	0.3729694691728571	[-0.5309962729292413, 0.07691125362759434, -0.8438765414447106]	[2.2878707262030673e-10, -3.3138172761404405e-11, 3.635962386401738e-10]	[]
0.883502314567728	0.11649768543227193	[-0.5309962729292413, 0.07691125362759434, -0.8438765414447106]	[2.2878707262030673e-10, -3.3138172761404405e-11, 3.635962386401738e-10]	[]
0.8221048889710264	0.17789511102897312	[-0.5309962729292413, 0.07691125362759434, -0.8438765414447106]	[2.2878707262030673e-10, -3.3138172761404405e-11, 3.635962386401738e-10]	[]
0.9164500984015638	0.08354990159843598	[-0.5309962729292413, 0.07691125362759434, -0.8438765414447106]	[2.2878707262030673e-10, -3.3138172761404405e-11, 3.635962386401738e-10]	[]
0.8959861474182723	0.10401385258172785	[-0.5309962729292413, 0.07691125362759434, -0.8438765414447106]	[2.2878707262030673e-10, -3.3138172761404405e-11, 3.635962386401738e-10]	[]
0.8724236943361686	0.1275763056638319	[-0.5309962729292413, 0.07691125362759434, -0.8438765414447106]	[2.2878707262030673e-10, -3.3138172761404405e-11, 3.635962386401738e-10]	[]
0.8680081405388351	0.13199185946116468	[-0.5309962729292413, 0.07691125362759434, -0.8438765414447106]	[2.2878707262030673e-10, -3.3138172761404405e-11, 3.635962386401738e-10]	[]
0.7434443501896975	0.25655564981030277	[-0.5309962729292413, 0.07691125362759434, -0.8438765414447106]	[2.2878707262030673e-10, -3.3138172761404405e-11, 3.635962386401738e-10]	[]
0.8869362770992534	0.11306372290074646	[-0.5309962729292413, 0.07691125362759434, -0.8438765414447106]	[2.2878707262030673e-10, -3.3138172761404405e-11, 3.635962386401738e-10]	[]
0.869733063210275	0.13026693678972504	[-0.5309962729292413, 0.07691125362759434, -0.8438765414447106]	[2.2878707262030673e-10, -3.3138172761404405e-11, 3.635962386401738e-10]	[]
0.7050952155519415	0.2949047844480583	[-0.5309962729292413, 0.07691125362759434, -0.8438765414447106]	[2.2878707262030673e-10, -3.3138172761404405e-11, 3.635962386401738e-10]	[]
0.8685902311917328	0.13140976880826696	[-0.5309962729292413, 0.07691125362759434, -0.8438765414447106]	[2.2878707262030673e-10, -3.3138172761404405e-11, 3.635962386401738e-10]	[]
0.8588741052752707	0.14112589472472914	[-0.5309962729292413, 0.07691125362759434, -0.8438765414447106]	[2.2878707262030673e-10, -3.3138172761404405e-11, 3.635962386401738e-10]	[]
0.7614416467504712	0.23855835324952887	[-0.5309962729292413, 0.07691125362759434, -0.8438765414447106]	[2.2878707262030673e-10, -3.3138172761404405e-11, 3.635962386401738e-10]	[]
0.9254467201523086	0.0745532798476911	[-0.5309962729292413, 0.07691125362759434, -0.8438765414447106]	[2.2878707262030673e-10, -3.3138172761404405e-11, 3.635962386401738e-10]	[]
0.9143006003797597	0.08569939962024026	[-0.5675339895349695, 0.42889162584799057, 0.7028208477272059]	[-0.24613420489858784, 0.18600630316830252, 0.3048068551510576]	[]
0.9165535077367151	0.08344649226328514	[-0.5675339895349695, 0.42889162584799057, 0.7028208477272059]	[-0.24613420489858784, 0.18600630316830252, 0.3048068551510576]	[]
0.9193469672100522	0.08065303278994758	[-0.5675339895349695, 0.42889162584799057, 0.7028208477272059]	[-0.24613420489858784, 0.18600630316830252, 0.3048068551510576]	[]
0.8940634887447242	0.1059365112552754	[-0.5675339895349695, 0.42889162584799057, 0.7028208477272059]	[-0.24613420489858784, 0.18600630316830252, 0.3048068551510576]	[]
0.9228788418591242	0.07712115814087606	[-0.5675339895349695, 0.42889162584799057, 0.7028208477272059]	[-0.24613420489858784, 0.18600630316830252, 0.3048068551510576]	[]
0.969188056921944	0.030811943078055636	[-0.5675339895349695, 0.42889162584799057, 0.7028208477272059]	[-0.24613420489858784, 0.18600630316830252, 0.3048068551510576]	[]
0.9021866547236641	0.09781334527633613	[-0.5675339895349695, 0.42889162584799057, 0.7028208477272059]	[-0.24613420489858784, 0.18600630316830252, 0.3048068551510576]	[]
0.9243305669580293	0.0756694330419712	[-0.5675339895349695, 0.42889162584799057, 0.7028208477272059]	[-0.24613420489858784, 0.18600630316830252, 0.3048068551510576]	[]
0.7295661770802725	0.27043382291972745	[-0.5675339895349695, 0.42889162584799057, 0.7028208477272059]	[-0.24613420489858784, 0.18600630316830252, 0.3048068551510576]	[]
0.6525557365866688	0.34744426341333134	[-0.5675339895349695, 0.42889162584799057, 0.7028208477272059]	[-0.24613420489858784, 0.18600630316830252, 0.3048068551510576]	[]
0.9215161473189365	0.07848385268106296	[-0.5675339895349695, 0.42889162584799057, 0.7028208477272059]	[-0.24613420489858784, 0.18600630316830252, 0.3048068551510576]	[]
0.9150883877523597	0.08491161224763973	[-0.5675339895349695, 0.42889162584799057, 0.7028208477272059]	[-0.24613420489858784, 0.18600630316830252, 0.3048068551510576]	[]
0.9089169840887551	0.09108301591124504	[-0.5675339895349695, 0.42889162584799057, 0.7028208477272059]	[-0.24613420489858784, 0.18600630316830252, 0.3048068551510576]	[]
0.915686287730478	0.08431371226952217	[-0.5675339895349695, 0.42889162584799057, 0.7028208477272059]	[-0.24613420489858784, 0.18600630316830252, 0.3048068551510576]	[]
0.6059575977627741	0.39404240223722586	[-0.5675339895349695, 0.42889162584799057, 0.7028208477272059]	[-0.24613420489858784, 0.18600630316830252, 0.3048068551510576]	[]
0.9644084414263386	0.035591558573662044	[0.027683618160172, 0.9973069854978693, 0.06791460787425818]	[0.011308930684065254, 0.40740612388432973, 0.027743540907178548]	[]
0.7136307178216956	0.2863692821783047	[0.027683618160172, 0.9973069854978693, 0.06791460787425818]	[0.011308930684065254, 0.40740612388432973, 0.027743540907178548]	[]
0.9156410596163029	0.08435894038369662	[0.027683618160172, 0.9973069854978693, 0.06791460787425818]	[0.011308930684065254, 0.40740612388432973, 0.027743540907178548]	[]
0.7120087600366226	0.2879912399633776	[0.027683618160172, 0.9973069854978693, 0.06791460787425818]	[0.011308930684065254, 0.40740612388432973, 0.027743540907178548]	[]
0.9313744147531314	0.06862558524686883	[0.027683618160172, 0.9973069854978693, 0.06791460787425818]	[0.011308930684065254, 0.40740612388432973, 0.027743540907178548]	[]
0.9206496566769038	0.07935034332309647	[0.027683618160172, 0.9973069854978693, 0.06791460787425818]	[0.011308930684065254, 0.40740612388432973, 0.027743540907178548]	[]
0.906593217701066	0.09340678229893384	[0.027683618160172, 0.9973069854978693, 0.06791460787425818]	[0.011308930684065254, 0.40740612388432973, 0.027743540907178548]	[]
0.954489622814634	0.04551037718536612	[0.027683618160172, 0.9973069854978693, 0.06791460787425818]	[0.011308930684065254, 0.40740612388432973, 0.027743540907178548]	[]
0.5996029209673908	0.4003970790326093	[0.027683618160172, 0.9973069854978693, 0.06791460787425818]	[0.011308930684065254, 0.40740612388432973, 0.027743540907178548]	[]
0.890919118524944	0.10908088147505592	[0.027683618160172, 0.9973069854978693, 0.06791460787425818]	[0.011308930684065254, 0.40740612388432973, 0.027743540907178548]	[]
0.8701094923730681	0.12989050762693194	[0.027683618160172, 0.9973069854978693, 0.06791460787425818]	[0.011308930684065254, 0.40740612388432973, 0.027743540907178548]	[]
0.754525455232249	0.24547454476775116	[0.027683618160172, 0.9973069854978693, 0.06791460787425818]	[0.011308930684065254, 0.40740612388432973, 0.027743540907178548]	[]
0.7364157803192427	0.2635842196807572	[0.027683618160172, 0.9973069854978693, 0.06791460787425818]	[0.011308930684065254, 0.40740612388432973, 0.027743540907178548]	[]
0.7145073968401772	0.28549260315982283	[0.027683618160172, 0.9973069854978693, 0.06791460787425818]	[0.011308930684065254, 0.40740612388432973, 0.027743540907178548]	[]
0.6850133676962111	0.3149866323037887	[0.027683618160172, 0.9973069854978693, 0.06791460787425818]	[0.011308930684065254, 0.40740612388432973, 0.027743540907178548]	[]
0.8528206173892501	0.14717938261074986	[0.7807544835459642, -0.28873638806121155, 0.5541242952914448]	[0.5367938567140409, -0.19851556742540943, 0.38097830218983714]	[]
0.6370635603260016	0.3629364396739981	[0.7807544835459642, -0.28873638806121155, 0.5541242952914448]	[0.5367938567140409, -0.19851556742540943, 0.38097830218983714]	[]
0.6157940854796188	0.3842059145203811	[0.7807544835459642, -0.28873638806121155, 0.5541242952914448]	[0.5367938567140409, -0.19851556742540943, 0.38097830218983714]	[]
0.6740672015600139	0.32593279843998607	[0.7807544835459642, -0.28873638806121155, 0.5541242952914448]	[0.5367938567140409, -0.19851556742540943, 0.38097830218983714]	[]
0.9413706985935338	0.058629301406465946	[0.7807544835459642, -0.28873638806121155, 0.5541242952914448]	[0.5367938567140409, -0.19851556742540943, 0.38097830218983714]	[]
0.9117085024755568	0.08829149752444362	[0.7807544835459642, -0.28873638806121155, 0.5541242952914448]	[0.5367938567140409, -0.19851556742540943, 0.38097830218983714]	[]
0.6901087208682188	0.3098912791317813	[0.7807544835459642, -0.28873638806121155, 0.5541242952914448]	[0.5367938567140409, -0.19851556742540943, 0.38097830218983714]	[]
0.7955106909088905	0.20448930909110927	[0.7807544835459642, -0.28873638806121155, 0.5541242952914448]	[0.5367938567140409, -0.19851556742540943, 0.38097830218983714]	[]
0.8733232837638228	0.12667671623617716	[0.7807544835459642, -0.28873638806121155, 0.5541242952914448]	[0.5367938567140409, -0.19851556742540943, 0.38097830218983714]	[]
0.9684348957845619	0.031565104215438594	[0.7807544835459642, -0.28873638806121155, 0.5541242952914448]	[0.5367938567140409, -0.19851556742540943, 0.38097830218983714]	[]
0.9889880337722764	0.01101196622772341	[0.7807544835459642, -0.28873638806121155, 0.5541242952914448]	[0.5367938567140409, -0.19851556742540943, 0.38097830218983714]	[]
0.9090252715864282	0.0909747284135718	[0.7807544835459642, -0.28873638806121155, 0.5541242952914448]	[0.5367938567140409, -0.19851556742540943, 0.38097830218983714]	[]
0.5793513182614236	0.4206486817385763	[0.7807544835459642, -0.28873638806121155, 0.5541242952914448]	[0.5367938567140409, -0.19851556742540943, 0.38097830218983714]	[]
0.8609358968830003	0.13906410311699985	[0.7807544835459642, -0.28873638806121155, 0.5541242952914448]	[0.5367938567140409, -0.19851556742540943, 0.38097830218983714]	[]
0.7159757985964736	0.2840242014035267	[0.7807544835459642, -0.28873638806121155, 0.5541242952914448]	[0.5367938567140409, -0.19851556742540943, 0.38097830218983714]	[]
0.8907686966031761	0.1092313033968243	[0.942429967915496, 0.31025077145589547, 0.12478066511210294]	[0.7881689740944514, 0.25946758971519823, 0.10435602873045]	[]
0.6820686129526998	0.31793138704730006	[0.942429967915496, 0.31025077145589547, 0.12478066511210294]	[0.7881689740944514, 0.25946758971519823, 0.10435602873045]	[]
0.6830948520152774	0.31690514798472263	[0.942429967915496, 0.31025077145589547, 0.12478066511210294]	[0.7881689740944514, 0.25946758971519823, 0.10435602873045]	[]
0.7439066539459867	0.25609334605401324	[0.942429967915496, 0.31025077145589547, 0.12478066511210294]	[0.7881689740944514, 0.25946758971519823, 0.10435602873045]	[]
0.863742746925306	0.13625725307469422	[0.942429967915496, 0.31025077145589547, 0.12478066511210294]	[0.7881689740944514, 0.25946758971519823, 0.10435602873045]	[]
0.8772215666608657	0.12277843333913471	[0.942429967915496, 0.31025077145589547, 0.12478066511210294]	[0.7881689740944514, 0.25946758971519823, 0.10435602873045]	[]
0.896968886908469	0.10303111309153126	[0.942429967915496, 0.31025077145589547, 0.12478066511210294]	[0.7881689740944514, 0.25946758971519823, 0.10435602873045]	[]
0.7804866938727204	0.21951330612727976	[0.942429967915496, 0.31025077145589547, 0.12478066511210294]	[0.7881689740944514, 0.25946758971519823, 0.10435602873045]	[]
0.8581629700375648	0.14183702996243508	[0.942429967915496, 0.31025077145589547, 0.12478066511210294]	[0.7881689740944514, 0.25946758971519823, 0.10435602873045]	[]
0.9156410759666805	0.08435892403331909	[0.942429967915496, 0.31025077145589547, 0.12478066511210294]	[0.7881689740944514, 0.25946758971519823, 0.10435602873045]	[]
0.8142202235281607	0.18577977647183924	[0.942429967915496, 0.31025077145589547, 0.12478066511210294]	[0.7881689740944514, 0.25946758971519823, 0.10435602873045]	[]
0.7611363141065007	0.23886368589349932	[0.942429967915496, 0.31025077145589547, 0.12478066511210294]	[0.7881689740944514, 0.25946758971519823, 0.10435602873045]	[]
0.7053133199712324	0.2946866800287676	[0.942429967915496, 0.31025077145589547, 0.12478066511210294]	[0.7881689740944514, 0.25946758971519823, 0.10435602873045]	[]
0.681530616272579	0.3184693837274212	[0.942429967915496, 0.31025077145589547, 0.12478066511210294]	[0.7881689740944514, 0.25946758971519823, 0.10435602873045]	[]
0.7505157292482044	0.2494842707517955	[0.942429967915496, 0.31025077145589547, 0.12478066511210294]	[0.7881689740944514, 0.25946758971519823, 0.10435602873045]	[]
0.6917419810761283	0.30825801892387156	[0.8076416645791876, 0.20959886407130335, -0.5511653634035599]	[-1.830013640624628e-10, -4.7492301757934285e-11, 1.2488785800316796e-10]	[]
0.8672164843468483	0.13278351565315172	[0.8076416645791876, 0.20959886407130335, -0.5511653634035599]	[-1.830013640624628e-10, -4.7492301757934285e-11, 1.2488785800316796e-10]	[]
0.7069165236173945	0.2930834763826055	[0.8076416645791876, 0.20959886407130335, -0.5511653634035599]	[-1.830013640624628e-10, -4.7492301757934285e-11, 1.2488785800316796e-10]	[]
0.9439525918057494	0.056047408194250144	[0.8076416645791876, 0.20959886407130335, -0.5511653634035599]	[-1.830013640624628e-10, -4.7492301757934285e-11, 1.2488785800316796e-10]	[]
0.844614767697997	0.15538523230200327	[0.8076416645791876, 0.20959886407130335, -0.5511653634035599]	[-1.830013640624628e-10, -4.7492301757934285e-11, 1.2488785800316796e-10]	[]
0.7885765603144115	0.21142343968558822	[0.8076416645791876, 0.20959886407130335, -0.5511653634035599]	[-1.830013640624628e-10, -4.7492301757934285e-11, 1.2488785800316796e-10]	[]
0.9236141508995276	0.07638584910047229	[0.8076416645791876, 0.20959886407130335, -0.5511653634035599]	[-1.830013640624628e-10, -4.7492301757934285e-11, 1.2488785800316796e-10]	[]
0.8057763975506456	0.1942236024493544	[0.8076416645791876, 0.20959886407130335, -0.5511653634035599]	[-1.830013640624628e-10, -4.7492301757934285e-11, 1.2488785800316796e-10]	[]
0.8697415301320498	0.13025846986795034	[0.8076416645791876, 0.20959886407130335, -0.5511653634035599]	[-1.830013640624628e-10, -4.7492301757934285e-11, 1.2488785800316796e-10]	[]
0.8505745996321996	0.1494254003678002	[0.8076416645791876, 0.20959886407130335, -0.5511653634035599]	[-1.830013640624628e-10, -4.7492301757934285e-11, 1.2488785800316796e-10]	[]
0.8700840892083839	0.12991591079161613	[0.8076416645791876, 0.20959886407130335, -0.5511653634035599]	[-1.830013640624628e-10, -4.7492301757934285e-11, 1.2488785800316796e-10]	[]
0.6772127247976213	0.32278727520237877	[0.8076416645791876, 0.20959886407130335, -0.5511653634035599]	[-1.830013640624628e-10, -4.7492301757934285e-11, 1.2488785800316796e-10]	[]
0.7221813619302183	0.27781863806978174	[0.8076416645791876, 0.20959886407130335, -0.5511653634035599]	[-1.830013640624628e-10, -4.7492301757934285e-11, 1.2488785800316796e-10]	[]
0.784181490960628	0.21581850903937208	[0.8076416645791876, 0.20959886407130335, -0.5511653634035599]	[-1.830013640624628e-10, -4.7492301757934285e-11, 1.2488785800316796e-10]	[]
0.8786154155188542	0.12138458448114535	[0.8076416645791876, 0.20959886407130335, -0.5511653634035599]	[-1.830013640624628e-10, -4.7492301757934285e-11, 1.2488785800316796e-10]	[]
