0.9111195368178145	0.08888046318218533	[-0.5798433990463908, -0.2748518069505464, 0.7669668290078441]	[-0.2855431990538087, -0.13535044867536705, 0.3776919117872615]	[]
0.8876057149371321	0.11239428506286792	[-0.5798433990463908, -0.2748518069505464, 0.7669668290078441]	[-0.2855431990538087, -0.13535044867536705, 0.3776919117872615]	[]
0.8797334975147982	0.12026650248520211	[-0.5798433990463908, -0.2748518069505464, 0.7669668290078441]	[-0.2855431990538087, -0.13535044867536705, 0.3776919117872615]	[]
0.8899338475855804	0.11006615241441932	[-0.5798433990463908, -0.2748518069505464, 0.7669668290078441]	[-0.2855431990538087, -0.13535044867536705, 0.3776919117872615]	[]
0.8680122972328974	0.13198770276710228	[-0.5798433990463908, -0.2748518069505464, 0.7669668290078441]	[-0.2855431990538087, -0.13535044867536705, 0.3776919117872615]	[]
0.9470507737575885	0.05294922624241156	[-0.5798433990463908, -0.2748518069505464, 0.7669668290078441]	[-0.2855431990538087, -0.13535044867536705, 0.3776919117872615]	[]
0.8348758137279012	0.16512418627209907	[-0.5798433990463908, -0.2748518069505464, 0.7669668290078441]	[-0.2855431990538087, -0.13535044867536705, 0.3776919117872615]	[]
0.8671935322562977	0.13280646774370267	[-0.5798433990463908, -0.2748518069505464, 0.7669668290078441]	[-0.2855431990538087, -0.13535044867536705, 0.3776919117872615]	[]
0.9082159534435622	0.0917840465564376	[-0.5798433990463908, -0.2748518069505464, 0.7669668290078441]	[-0.2855431990538087, -0.13535044867536705, 0.3776919117872615]	[]
0.9223891258248602	0.07761087417514005	[-0.5798433990463908, -0.2748518069505464, 0.7669668290078441]	[-0.2855431990538087, -0.13535044867536705, 0.3776919117872615]	[]
0.8949340469079373	0.10506595309206207	[-0.5798433990463908, -0.2748518069505464, 0.7669668290078441]	[-0.2855431990538087, -0.13535044867536705, 0.3776919117872615]	[]
0.845392493093101	0.15460750690689942	[-0.5798433990463908, -0.2748518069505464, 0.7669668290078441]	[-0.2855431990538087, -0.13535044867536705, 0.3776919117872615]	[]
0.836737761360453	0.16326223863954656	[-0.5798433990463908, -0.2748518069505464, 0.7669668290078441]	[-0.2855431990538087, -0.13535044867536705, 0.3776919117872615]	[]
0.8723087303164508	0.12769126968354885	[-0.5798433990463908, -0.2748518069505464, 0.7669668290078441]	[-0.2855431990538087, -0.13535044867536705, 0.3776919117872615]	[]
0.8735191539376362	0.1264808460623642	[-0.5798433990463908, -0.2748518069505464, 0.7669668290078441]	[-0.2855431990538087, -0.13535044867536705, 0.3776919117872615]	[]
0.8930744642263292	0.10692553577367066	[-0.614087185648253, 0.5900512892686364, -0.5241530353389439]	[3.323356173590142e-10, -3.193268982570885e-10, 2.8366598754242514e-10]	[]
0.860272306129626	0.1397276938703738	[-0.614087185648253, 0.5900512892686364, -0.5241530353389439]	[3.323356173590142e-10, -3.193268982570885e-10, 2.8366598754242514e-10]	[]
0.8695310144234691	0.13046898557653147	[-0.614087185648253, 0.5900512892686364, -0.5241530353389439]	[3.323356173590142e-10, -3.193268982570885e-10, 2.8366598754242514e-10]	[]
0.915401154791544	0.08459884520845659	[-0.614087185648253, 0.5900512892686364, -0.5241530353389439]	[3.323356173590142e-10, -3.193268982570885e-10, 2.8366598754242514e-10]	[]
0.8379387745827536	0.16206122541724544	[-0.614087185648253, 0.5900512892686364, -0.5241530353389439]	[3.323356173590142e-10, -3.193268982570885e-10, 2.8366598754242514e-10]	[]
0.9004925951652589	0.09950740483474062	[-0.614087185648253, 0.5900512892686364, -0.5241530353389439]	[3.323356173590142e-10, -3.193268982570885e-10, 2.8366598754242514e-10]	[]
0.8867768888233708	0.11322311117662856	[-0.614087185648253, 0.5900512892686364, -0.5241530353389439]	[3.323356173590142e-10, -3.193268982570885e-10, 2.8366598754242514e-10]	[]
0.8851010848417167	0.11489891515828274	[-0.614087185648253, 0.5900512892686364, -0.5241530353389439]	[3.323356173590142e-10, -3.193268982570885e-10, 2.8366598754242514e-10]	[]
0.9159758014275253	0.08402419857247431	[-0.614087185648253, 0.5900512892686364, -0.5241530353389439]	[3.323356173590142e-10, -3.193268982570885e-10, 2.8366598754242514e-10]	[]
0.893681662322089	0.10631833767791087	[-0.614087185648253, 0.5900512892686364, -0.5241530353389439]	[3.323356173590142e-10, -3.193268982570885e-10, 2.8366598754242514e-10]	[]
0.8946355638497455	0.1053644361502533	[-0.614087185648253, 0.5900512892686364, -0.5241530353389439]	[3.323356173590142e-10, -3.193268982570885e-10, 2.8366598754242514e-10]	[]
0.8360321276907253	0.16396787230927454	[-0.614087185648253, 0.5900512892686364, -0.5241530353389439]	[3.323356173590142e-10, -3.193268982570885e-10, 2.8366598754242514e-10]	[]
0.8815318647287637	0.11846813527123536	[-0.614087185648253, 0.5900512892686364, -0.5241530353389439]	[3.323356173590142e-10, -3.193268982570885e-10, 2.8366598754242514e-10]	[]
0.8417228199745993	0.15827718002540014	[-0.614087185648253, 0.5900512892686364, -0.5241530353389439]	[3.323356173590142e-10, -3.193268982570885e-10, 2.8366598754242514e-10]	[]
0.8691520574812416	0.13084794251875914	[-0.614087185648253, 0.5900512892686364, -0.5241530353389439]	[3.323356173590142e-10, -3.193268982570885e-10, 2.8366598754242514e-10]	[]
0.8465610132732203	0.15343898672677964	[0.2555609175874682, 0.9457495682010952, 0.20061498361112876]	[0.11354208109758401, 0.42018308270450316, 0.08913038407278845]	[]
0.8864705156325663	0.11352948436743444	[0.2555609175874682, 0.9457495682010952, 0.20061498361112876]	[0.11354208109758401, 0.42018308270450316, 0.08913038407278845]	[]
0.8919748075767825	0.10802519242321698	[0.2555609175874682, 0.9457495682010952, 0.20061498361112876]	[0.11354208109758401, 0.42018308270450316, 0.08913038407278845]	[]
0.9018498482504521	0.09815015174954755	[0.2555609175874682, 0.9457495682010952, 0.20061498361112876]	[0.11354208109758401, 0.42018308270450316, 0.08913038407278845]	[]
0.898122738776212	0.10187726122378774	[0.2555609175874682, 0.9457495682010952, 0.20061498361112876]	[0.11354208109758401, 0.42018308270450316, 0.08913038407278845]	[]
0.8669181853554376	0.13308181464456173	[0.2555609175874682, 0.9457495682010952, 0.20061498361112876]	[0.11354208109758401, 0.42018308270450316, 0.08913038407278845]	[]
0.8412707053904016	0.15872929460959842	[0.2555609175874682, 0.9457495682010952, 0.20061498361112876]	[0.11354208109758401, 0.42018308270450316, 0.08913038407278845]	[]
0.82989708348192	0.17010291651808027	[0.2555609175874682, 0.9457495682010952, 0.20061498361112876]	[0.11354208109758401, 0.42018308270450316, 0.08913038407278845]	[]
0.8995202215535236	0.1004797784464754	[0.2555609175874682, 0.9457495682010952, 0.20061498361112876]	[0.11354208109758401, 0.42018308270450316, 0.08913038407278845]	[]
0.9025911935733403	0.09740880642665863	[0.2555609175874682, 0.9457495682010952, 0.20061498361112876]	[0.11354208109758401, 0.42018308270450316, 0.08913038407278845]	[]
0.9042108700382476	0.09578912996175191	[0.2555609175874682, 0.9457495682010952, 0.20061498361112876]	[0.11354208109758401, 0.42018308270450316, 0.08913038407278845]	[]
0.8799613131561639	0.1200386868438365	[0.2555609175874682, 0.9457495682010952, 0.20061498361112876]	[0.11354208109758401, 0.42018308270450316, 0.08913038407278845]	[]
0.9506431701037811	0.04935682989621831	[0.2555609175874682, 0.9457495682010952, 0.20061498361112876]	[0.11354208109758401, 0.42018308270450316, 0.08913038407278845]	[]
0.8351770832334449	0.16482291676655567	[0.2555609175874682, 0.9457495682010952, 0.20061498361112876]	[0.11354208109758401, 0.42018308270450316, 0.08913038407278845]	[]
0.8988722296053715	0.10112777039462871	[0.2555609175874682, 0.9457495682010952, 0.20061498361112876]	[0.11354208109758401, 0.42018308270450316, 0.08913038407278845]	[]
0.8832588219748625	0.11674117802513788	[-0.1337208356705674, 0.2644029808049901, -0.9550967499939477]	[5.627388832696312e-11, -1.1126875809619463e-10, 4.019347854007961e-10]	[]
0.8712651552607124	0.12873484473928762	[-0.1337208356705674, 0.2644029808049901, -0.9550967499939477]	[5.627388832696312e-11, -1.1126875809619463e-10, 4.019347854007961e-10]	[]
0.8776078367308516	0.12239216326914816	[-0.1337208356705674, 0.2644029808049901, -0.9550967499939477]	[5.627388832696312e-11, -1.1126875809619463e-10, 4.019347854007961e-10]	[]
0.8783272619500508	0.12167273804994971	[-0.1337208356705674, 0.2644029808049901, -0.9550967499939477]	[5.627388832696312e-11, -1.1126875809619463e-10, 4.019347854007961e-10]	[]
0.8365402668730494	0.1634597331269496	[-0.1337208356705674, 0.2644029808049901, -0.9550967499939477]	[5.627388832696312e-11, -1.1126875809619463e-10, 4.019347854007961e-10]	[]
0.853061808282184	0.14693819171781583	[-0.1337208356705674, 0.2644029808049901, -0.9550967499939477]	[5.627388832696312e-11, -1.1126875809619463e-10, 4.019347854007961e-10]	[]
0.8383658934833831	0.16163410651661744	[-0.1337208356705674, 0.2644029808049901, -0.9550967499939477]	[5.627388832696312e-11, -1.1126875809619463e-10, 4.019347854007961e-10]	[]
0.8478062569892802	0.15219374301071983	[-0.1337208356705674, 0.2644029808049901, -0.9550967499939477]	[5.627388832696312e-11, -1.1126875809619463e-10, 4.019347854007961e-10]	[]
0.8949933029715483	0.10500669702845156	[-0.1337208356705674, 0.2644029808049901, -0.9550967499939477]	[5.627388832696312e-11, -1.1126875809619463e-10, 4.019347854007961e-10]	[]
0.9216840446275355	0.07831595537246312	[-0.1337208356705674, 0.2644029808049901, -0.9550967499939477]	[5.627388832696312e-11, -1.1126875809619463e-10, 4.019347854007961e-10]	[]
0.8877469083889469	0.11225309161105351	[-0.1337208356705674, 0.2644029808049901, -0.9550967499939477]	[5.627388832696312e-11, -1.1126875809619463e-10, 4.019347854007961e-10]	[]
0.8607010237310058	0.13929897626899432	[-0.1337208356705674, 0.2644029808049901, -0.9550967499939477]	[5.627388832696312e-11, -1.1126875809619463e-10, 4.019347854007961e-10]	[]
0.878528359245163	0.12147164075483696	[-0.1337208356705674, 0.2644029808049901, -0.9550967499939477]	[5.627388832696312e-11, -1.1126875809619463e-10, 4.019347854007961e-10]	[]
0.9410448564836045	0.05895514351639693	[-0.1337208356705674, 0.2644029808049901, -0.9550967499939477]	[5.627388832696312e-11, -1.1126875809619463e-10, 4.019347854007961e-10]	[]
0.8745204941415173	0.12547950585848303	[-0.1337208356705674, 0.2644029808049901, -0.9550967499939477]	[5.627388832696312e-11, -1.1126875809619463e-10, 4.019347854007961e-10]	[]
0.874208157593019	0.1257918424069805	[-0.9552571864865713, -0.2903883015209625, -0.05619912815632048]	[2.7654711853841718e-11, 8.406775275915379e-12, 1.6299284329748307e-12]	[]
0.8556176851765895	0.14438231482341082	[-0.9552571864865713, -0.2903883015209625, -0.05619912815632048]	[2.7654711853841718e-11, 8.406775275915379e-12, 1.6299284329748307e-12]	[]
0.9068033649189421	0.09319663508105816	[-0.9552571864865713, -0.2903883015209625, -0.05619912815632048]	[2.7654711853841718e-11, 8.406775275915379e-12, 1.6299284329748307e-12]	[]
0.9247927090223685	0.0752072909776317	[-0.9552571864865713, -0.2903883015209625, -0.05619912815632048]	[2.7654711853841718e-11, 8.406775275915379e-12, 1.6299284329748307e-12]	[]
0.9074306365108571	0.0925693634891429	[-0.9552571864865713, -0.2903883015209625, -0.05619912815632048]	[2.7654711853841718e-11, 8.406775275915379e-12, 1.6299284329748307e-12]	[]
0.9408499619266691	0.05915003807333119	[-0.9552571864865713, -0.2903883015209625, -0.05619912815632048]	[2.7654711853841718e-11, 8.406775275915379e-12, 1.6299284329748307e-12]	[]
0.8320158367113573	0.16798416328864238	[-0.9552571864865713, -0.2903883015209625, -0.05619912815632048]	[2.7654711853841718e-11, 8.406775275915379e-12, 1.6299284329748307e-12]	[]
0.8477575236701542	0.15224247632984633	[-0.9552571864865713, -0.2903883015209625, -0.05619912815632048]	[2.7654711853841718e-11, 8.406775275915379e-12, 1.6299284329748307e-12]	[]
0.8815132497936546	0.11848675020634541	[-0.9552571864865713, -0.2903883015209625, -0.05619912815632048]	[2.7654711853841718e-11, 8.406775275915379e-12, 1.6299284329748307e-12]	[]
0.8604337772237558	0.13956622277624411	[-0.9552571864865713, -0.2903883015209625, -0.05619912815632048]	[2.7654711853841718e-11, 8.406775275915379e-12, 1.6299284329748307e-12]	[]
0.9019424154359161	0.09805758456408385	[-0.9552571864865713, -0.2903883015209625, -0.05619912815632048]	[2.7654711853841718e-11, 8.406775275915379e-12, 1.6299284329748307e-12]	[]
0.8831773695766117	0.11682263042338786	[-0.9552571864865713, -0.2903883015209625, -0.05619912815632048]	[2.7654711853841718e-11, 8.406775275915379e-12, 1.6299284329748307e-12]	[]
0.8858092593967538	0.11419074060324634	[-0.9552571864865713, -0.2903883015209625, -0.05619912815632048]	[2.7654711853841718e-11, 8.406775275915379e-12, 1.6299284329748307e-12]	[]
0.8344530292023541	0.16554697079764571	[-0.9552571864865713, -0.2903883015209625, -0.05619912815632048]	[2.7654711853841718e-11, 8.406775275915379e-12, 1.6299284329748307e-12]	[]
0.9293103384766785	0.07068966152332241	[-0.9552571864865713, -0.2903883015209625, -0.05619912815632048]	[2.7654711853841718e-11, 8.406775275915379e-12, 1.6299284329748307e-12]	[]
