0.7486036937844522	0.2513963062155477	[-0.5102634565406009, -0.8301503368155454, -0.22468115898818644]	[2.746673721798487e-11, 4.468576897398435e-11, 1.2094041015382327e-11]	[]
0.7969993137982372	0.20300068620176312	[-0.5102634565406009, -0.8301503368155454, -0.22468115898818644]	[2.746673721798487e-11, 4.468576897398435e-11, 1.2094041015382327e-11]	[]
0.7813557902429866	0.2186442097570133	[-0.5102634565406009, -0.8301503368155454, -0.22468115898818644]	[2.746673721798487e-11, 4.468576897398435e-11, 1.2094041015382327e-11]	[]
0.8138123243470795	0.18618767565292016	[-0.5102634565406009, -0.8301503368155454, -0.22468115898818644]	[2.746673721798487e-11, 4.468576897398435e-11, 1.2094041015382327e-11]	[]
0.7423699716184136	0.25763002838158605	[-0.5102634565406009, -0.8301503368155454, -0.22468115898818644]	[2.746673721798487e-11, 4.468576897398435e-11, 1.2094041015382327e-11]	[]
0.8106132355424845	0.18938676445751598	[-0.5102634565406009, -0.8301503368155454, -0.22468115898818644]	[2.746673721798487e-11, 4.468576897398435e-11, 1.2094041015382327e-11]	[]
0.7595314181062496	0.24046858189375084	[-0.5102634565406009, -0.8301503368155454, -0.22468115898818644]	[2.746673721798487e-11, 4.468576897398435e-11, 1.2094041015382327e-11]	[]
0.7559223836091444	0.24407761639085498	[-0.5102634565406009, -0.8301503368155454, -0.22468115898818644]	[2.746673721798487e-11, 4.468576897398435e-11, 1.2094041015382327e-11]	[]
0.7587395101122288	0.24126048988777102	[-0.5102634565406009, -0.8301503368155454, -0.22468115898818644]	[2.746673721798487e-11, 4.468576897398435e-11, 1.2094041015382327e-11]	[]
0.837637622741361	0.1623623772586391	[-0.5102634565406009, -0.8301503368155454, -0.22468115898818644]	[2.746673721798487e-11, 4.468576897398435e-11, 1.2094041015382327e-11]	[]
0.7764208021321417	0.22357919786785804	[-0.5102634565406009, -0.8301503368155454, -0.22468115898818644]	[2.746673721798487e-11, 4.468576897398435e-11, 1.2094041015382327e-11]	[]
0.7652946362460594	0.2347053637539417	[-0.5102634565406009, -0.8301503368155454, -0.22468115898818644]	[2.746673721798487e-11, 4.468576897398435e-11, 1.2094041015382327e-11]	[]
0.7931320005669075	0.2068679994330926	[-0.5102634565406009, -0.8301503368155454, -0.22468115898818644]	[2.746673721798487e-11, 4.468576897398435e-11, 1.2094041015382327e-11]	[]
0.753817807060283	0.24618219293971685	[-0.5102634565406009, -0.8301503368155454, -0.22468115898818644]	[2.746673721798487e-11, 4.468576897398435e-11, 1.2094041015382327e-11]	[]
0.8273853676440158	0.17261463235598365	[-0.5102634565406009, -0.8301503368155454, -0.22468115898818644]	[2.746673721798487e-11, 4.468576897398435e-11, 1.2094041015382327e-11]	[]
0.7942110265789344	0.20578897342106578	[0.6747861944784449, 0.7162854919145434, -0.17776019187106754]	[-2.941150101243295e-11, -3.12203596308791e-11, 7.747919441490606e-12]	[]
0.7677077417275422	0.23229225827245711	[0.6747861944784449, 0.7162854919145434, -0.17776019187106754]	[-2.941150101243295e-11, -3.12203596308791e-11, 7.747919441490606e-12]	[]
0.7856306516855375	0.2143693483144629	[0.6747861944784449, 0.7162854919145434, -0.17776019187106754]	[-2.941150101243295e-11, -3.12203596308791e-11, 7.747919441490606e-12]	[]
0.8090695789337407	0.19093042106625874	[0.6747861944784449, 0.7162854919145434, -0.17776019187106754]	[-2.941150101243295e-11, -3.12203596308791e-11, 7.747919441490606e-12]	[]
0.7495731035684441	0.250426896431556	[0.6747861944784449, 0.7162854919145434, -0.17776019187106754]	[-2.941150101243295e-11, -3.12203596308791e-11, 7.747919441490606e-12]	[]
0.7315547040906273	0.2684452959093731	[0.6747861944784449, 0.7162854919145434, -0.17776019187106754]	[-2.941150101243295e-11, -3.12203596308791e-11, 7.747919441490606e-12]	[]
0.7804086010181722	0.21959139898182817	[0.6747861944784449, 0.7162854919145434, -0.17776019187106754]	[-2.941150101243295e-11, -3.12203596308791e-11, 7.747919441490606e-12]	[]
0.7893200912076698	0.21067990879233153	[0.6747861944784449, 0.7162854919145434, -0.17776019187106754]	[-2.941150101243295e-11, -3.12203596308791e-11, 7.747919441490606e-12]	[]
0.7778388495796	0.2221611504204006	[0.6747861944784449, 0.7162854919145434, -0.17776019187106754]	[-2.941150101243295e-11, -3.12203596308791e-11, 7.747919441490606e-12]	[]
0.7765746103948475	0.2234253896051523	[0.6747861944784449, 0.7162854919145434, -0.17776019187106754]	[-2.941150101243295e-11, -3.12203596308791e-11, 7.747919441490606e-12]	[]
0.7927174897233132	0.2072825102766878	[0.6747861944784449, 0.7162854919145434, -0.17776019187106754]	[-2.941150101243295e-11, -3.12203596308791e-11, 7.747919441490606e-12]	[]
0.7786478816431768	0.22135211835682306	[0.6747861944784449, 0.7162854919145434, -0.17776019187106754]	[-2.941150101243295e-11, -3.12203596308791e-11, 7.747919441490606e-12]	[]
0.7337171651139167	0.2662828348860835	[0.6747861944784449, 0.7162854919145434, -0.17776019187106754]	[-2.941150101243295e-11, -3.12203596308791e-11, 7.747919441490606e-12]	[]
0.748658278977148	0.2513417210228526	[0.6747861944784449, 0.7162854919145434, -0.17776019187106754]	[-2.941150101243295e-11, -3.12203596308791e-11, 7.747919441490606e-12]	[]
0.7345343008497647	0.26546569915023505	[0.6747861944784449, 0.7162854919145434, -0.17776019187106754]	[-2.941150101243295e-11, -3.12203596308791e-11, 7.747919441490606e-12]	[]
0.7857674531446298	0.21423254685536988	[0.07770387124833221, -0.985054431847529, -0.15372011804108196]	[-4.375069750928162e-12, 5.546253734056705e-11, 8.655032198315428e-12]	[]
0.735665604401561	0.2643343955984389	[0.07770387124833221, -0.985054431847529, -0.15372011804108196]	[-4.375069750928162e-12, 5.546253734056705e-11, 8.655032198315428e-12]	[]
0.7492804159995781	0.2507195840004218	[0.07770387124833221, -0.985054431847529, -0.15372011804108196]	[-4.375069750928162e-12, 5.546253734056705e-11, 8.655032198315428e-12]	[]
0.7690407285389245	0.23095927146107537	[0.07770387124833221, -0.985054431847529, -0.15372011804108196]	[-4.375069750928162e-12, 5.546253734056705e-11, 8.655032198315428e-12]	[]
0.7497631136592864	0.2502368863407132	[0.07770387124833221, -0.985054431847529, -0.15372011804108196]	[-4.375069750928162e-12, 5.546253734056705e-11, 8.655032198315428e-12]	[]
0.7444565402041705	0.255543459795829	[0.07770387124833221, -0.985054431847529, -0.15372011804108196]	[-4.375069750928162e-12, 5.546253734056705e-11, 8.655032198315428e-12]	[]
0.7983831867192841	0.20161681328071576	[0.07770387124833221, -0.985054431847529, -0.15372011804108196]	[-4.375069750928162e-12, 5.546253734056705e-11, 8.655032198315428e-12]	[]
0.7356355275877117	0.26436447241228794	[0.07770387124833221, -0.985054431847529, -0.15372011804108196]	[-4.375069750928162e-12, 5.546253734056705e-11, 8.655032198315428e-12]	[]
0.756429373522385	0.24357062647761446	[0.07770387124833221, -0.985054431847529, -0.15372011804108196]	[-4.375069750928162e-12, 5.546253734056705e-11, 8.655032198315428e-12]	[]
0.8146831343240748	0.18531686567592534	[0.07770387124833221, -0.985054431847529, -0.15372011804108196]	[-4.375069750928162e-12, 5.546253734056705e-11, 8.655032198315428e-12]	[]
0.7815605944463854	0.2184394055536146	[0.07770387124833221, -0.985054431847529, -0.15372011804108196]	[-4.375069750928162e-12, 5.546253734056705e-11, 8.655032198315428e-12]	[]
0.7861539051056424	0.21384609489435702	[0.07770387124833221, -0.985054431847529, -0.15372011804108196]	[-4.375069750928162e-12, 5.546253734056705e-11, 8.655032198315428e-12]	[]
0.7978212281808681	0.2021787718191313	[0.07770387124833221, -0.985054431847529, -0.15372011804108196]	[-4.375069750928162e-12, 5.546253734056705e-11, 8.655032198315428e-12]	[]
0.7780068257183185	0.22199317428168186	[0.07770387124833221, -0.985054431847529, -0.15372011804108196]	[-4.375069750928162e-12, 5.546253734056705e-11, 8.655032198315428e-12]	[]
0.7790481912324371	0.22095180876756257	[0.07770387124833221, -0.985054431847529, -0.15372011804108196]	[-4.375069750928162e-12, 5.546253734056705e-11, 8.655032198315428e-12]	[]
0.7928432538901904	0.20715674610980991	[0.8201737834426703, -0.47268913977503174, 0.3223041142959181]	[0.5883458236455776, -0.33908018871551837, 0.231202561478905]	[]
0.8251459260545492	0.1748540739454499	[0.8201737834426703, -0.47268913977503174, 0.3223041142959181]	[0.5883458236455776, -0.33908018871551837, 0.231202561478905]	[]
0.7981085404294055	0.20189145957059404	[0.8201737834426703, -0.47268913977503174, 0.3223041142959181]	[0.5883458236455776, -0.33908018871551837, 0.231202561478905]	[]
0.7878646647461547	0.21213533525384543	[0.8201737834426703, -0.47268913977503174, 0.3223041142959181]	[0.5883458236455776, -0.33908018871551837, 0.231202561478905]	[]
0.7691928116160848	0.23080718838391537	[0.8201737834426703, -0.47268913977503174, 0.3223041142959181]	[0.5883458236455776, -0.33908018871551837, 0.231202561478905]	[]
0.7728301459233843	0.22716985407661483	[0.8201737834426703, -0.47268913977503174, 0.3223041142959181]	[0.5883458236455776, -0.33908018871551837, 0.231202561478905]	[]
0.7831558826707035	0.21684411732929584	[0.8201737834426703, -0.47268913977503174, 0.3223041142959181]	[0.5883458236455776, -0.33908018871551837, 0.231202561478905]	[]
0.7516283348326901	0.24837166516731018	[0.8201737834426703, -0.47268913977503174, 0.3223041142959181]	[0.5883458236455776, -0.33908018871551837, 0.231202561478905]	[]
0.7824443359215311	0.2175556640784695	[0.8201737834426703, -0.47268913977503174, 0.3223041142959181]	[0.5883458236455776, -0.33908018871551837, 0.231202561478905]	[]
0.7945529561149945	0.20544704388500565	[0.8201737834426703, -0.47268913977503174, 0.3223041142959181]	[0.5883458236455776, -0.33908018871551837, 0.231202561478905]	[]
0.7626802674312253	0.2373197325687746	[0.8201737834426703, -0.47268913977503174, 0.3223041142959181]	[0.5883458236455776, -0.33908018871551837, 0.231202561478905]	[]
0.8386215562289309	0.1613784437710688	[0.8201737834426703, -0.47268913977503174, 0.3223041142959181]	[0.5883458236455776, -0.33908018871551837, 0.231202561478905]	[]
0.7788082291306767	0.22119177086932343	[0.8201737834426703, -0.47268913977503174, 0.3223041142959181]	[0.5883458236455776, -0.33908018871551837, 0.231202561478905]	[]
0.7538535680108462	0.24614643198915354	[0.8201737834426703, -0.47268913977503174, 0.3223041142959181]	[0.5883458236455776, -0.33908018871551837, 0.231202561478905]	[]
0.8116425826560902	0.18835741734391054	[0.8201737834426703, -0.47268913977503174, 0.3223041142959181]	[0.5883458236455776, -0.33908018871551837, 0.231202561478905]	[]
0.7491939921617492	0.25080600783825124	[-0.945863434036826, -0.26237212886889666, 0.19105818523388635]	[-0.5129109992452954, -0.14227587826068963, 0.10360464436612256]	[]
0.8135747727655891	0.18642522723441216	[-0.945863434036826, -0.26237212886889666, 0.19105818523388635]	[-0.5129109992452954, -0.14227587826068963, 0.10360464436612256]	[]
0.8167156070738691	0.18328439292613077	[-0.945863434036826, -0.26237212886889666, 0.19105818523388635]	[-0.5129109992452954, -0.14227587826068963, 0.10360464436612256]	[]
0.807370899774864	0.19262910022513535	[-0.945863434036826, -0.26237212886889666, 0.19105818523388635]	[-0.5129109992452954, -0.14227587826068963, 0.10360464436612256]	[]
0.7067201208666777	0.29327987913332276	[-0.945863434036826, -0.26237212886889666, 0.19105818523388635]	[-0.5129109992452954, -0.14227587826068963, 0.10360464436612256]	[]
0.7812876417247365	0.21871235827526425	[-0.945863434036826, -0.26237212886889666, 0.19105818523388635]	[-0.5129109992452954, -0.14227587826068963, 0.10360464436612256]	[]
0.8323334330241845	0.1676665669758153	[-0.945863434036826, -0.26237212886889666, 0.19105818523388635]	[-0.5129109992452954, -0.14227587826068963, 0.10360464436612256]	[]
0.7481036900587272	0.25189630994127216	[-0.945863434036826, -0.26237212886889666, 0.19105818523388635]	[-0.5129109992452954, -0.14227587826068963, 0.10360464436612256]	[]
0.7947383051837299	0.20526169481627013	[-0.945863434036826, -0.26237212886889666, 0.19105818523388635]	[-0.5129109992452954, -0.14227587826068963, 0.10360464436612256]	[]
0.7765708248818767	0.22342917511812327	[-0.945863434036826, -0.26237212886889666, 0.19105818523388635]	[-0.5129109992452954, -0.14227587826068963, 0.10360464436612256]	[]
0.7760881041435285	0.22391189585647156	[-0.945863434036826, -0.26237212886889666, 0.19105818523388635]	[-0.5129109992452954, -0.14227587826068963, 0.10360464436612256]	[]
0.773634279070923	0.2263657209290773	[-0.945863434036826, -0.26237212886889666, 0.19105818523388635]	[-0.5129109992452954, -0.14227587826068963, 0.10360464436612256]	[]
0.7545612633910667	0.24543873660893487	[-0.945863434036826, -0.26237212886889666, 0.19105818523388635]	[-0.5129109992452954, -0.14227587826068963, 0.10360464436612256]	[]
0.8369114142320414	0.16308858576795834	[-0.945863434036826, -0.26237212886889666, 0.19105818523388635]	[-0.5129109992452954, -0.14227587826068963, 0.10360464436612256]	[]
0.8396865881113434	0.16031341188865583	[-0.945863434036826, -0.26237212886889666, 0.19105818523388635]	[-0.5129109992452954, -0.14227587826068963, 0.10360464436612256]	[]
