0.6552984439351437	0.3447015560648572	[-0.8967199604030236, -0.3985307365811651, -0.19252678934338915]	[7.473949237279953e-11, 3.3216651651457596e-11, 1.6046448418055986e-11]	[]
0.6705375830721405	0.3294624169278598	[-0.8967199604030236, -0.3985307365811651, -0.19252678934338915]	[7.473949237279953e-11, 3.3216651651457596e-11, 1.6046448418055986e-11]	[]
0.6824177843487769	0.31758221565122285	[-0.8967199604030236, -0.3985307365811651, -0.19252678934338915]	[7.473949237279953e-11, 3.3216651651457596e-11, 1.6046448418055986e-11]	[]
0.6855578731076122	0.3144421268923876	[-0.8967199604030236, -0.3985307365811651, -0.19252678934338915]	[7.473949237279953e-11, 3.3216651651457596e-11, 1.6046448418055986e-11]	[]
0.6787030797343765	0.3212969202656233	[-0.8967199604030236, -0.3985307365811651, -0.19252678934338915]	[7.473949237279953e-11, 3.3216651651457596e-11, 1.6046448418055986e-11]	[]
0.6608289894223124	0.33917101057768795	[-0.8967199604030236, -0.3985307365811651, -0.19252678934338915]	[7.473949237279953e-11, 3.3216651651457596e-11, 1.6046448418055986e-11]	[]
0.6951960882117455	0.30480391178825444	[-0.8967199604030236, -0.3985307365811651, -0.19252678934338915]	[7.473949237279953e-11, 3.3216651651457596e-11, 1.6046448418055986e-11]	[]
0.7112710047003377	0.28872899529966223	[-0.8967199604030236, -0.3985307365811651, -0.19252678934338915]	[7.473949237279953e-11, 3.3216651651457596e-11, 1.6046448418055986e-11]	[]
0.7115000684290154	0.28849993157098464	[-0.8967199604030236, -0.3985307365811651, -0.19252678934338915]	[7.473949237279953e-11, 3.3216651651457596e-11, 1.6046448418055986e-11]	[]
0.7285455899323131	0.27145441006768767	[-0.8967199604030236, -0.3985307365811651, -0.19252678934338915]	[7.473949237279953e-11, 3.3216651651457596e-11, 1.6046448418055986e-11]	[]
0.651964069902867	0.34803593009713313	[-0.8967199604030236, -0.3985307365811651, -0.19252678934338915]	[7.473949237279953e-11, 3.3216651651457596e-11, 1.6046448418055986e-11]	[]
0.681032866475575	0.3189671335244261	[-0.8967199604030236, -0.3985307365811651, -0.19252678934338915]	[7.473949237279953e-11, 3.3216651651457596e-11, 1.6046448418055986e-11]	[]
0.6667932735807304	0.33320672641926924	[-0.8967199604030236, -0.3985307365811651, -0.19252678934338915]	[7.473949237279953e-11, 3.3216651651457596e-11, 1.6046448418055986e-11]	[]
0.6948771131086926	0.3051228868913074	[-0.8967199604030236, -0.3985307365811651, -0.19252678934338915]	[7.473949237279953e-11, 3.3216651651457596e-11, 1.6046448418055986e-11]	[]
0.7217071135049493	0.2782928864950506	[-0.8967199604030236, -0.3985307365811651, -0.19252678934338915]	[7.473949237279953e-11, 3.3216651651457596e-11, 1.6046448418055986e-11]	[]
0.7117423010450659	0.28825769895493375	[0.676674149324106, 0.7295359302927178, -0.09944557329733784]	[-6.454614620565735e-12, -6.958877918350481e-12, 9.48758465294336e-13]	[]
0.6546773920183095	0.3453226079816907	[0.676674149324106, 0.7295359302927178, -0.09944557329733784]	[-6.454614620565735e-12, -6.958877918350481e-12, 9.48758465294336e-13]	[]
0.6487959173511693	0.3512040826488311	[0.676674149324106, 0.7295359302927178, -0.09944557329733784]	[-6.454614620565735e-12, -6.958877918350481e-12, 9.48758465294336e-13]	[]
0.6576132800532903	0.3423867199467103	[0.676674149324106, 0.7295359302927178, -0.09944557329733784]	[-6.454614620565735e-12, -6.958877918350481e-12, 9.48758465294336e-13]	[]
0.6896152778531557	0.3103847221468437	[0.676674149324106, 0.7295359302927178, -0.09944557329733784]	[-6.454614620565735e-12, -6.958877918350481e-12, 9.48758465294336e-13]	[]
0.7021222559530923	0.2978777440469084	[0.676674149324106, 0.7295359302927178, -0.09944557329733784]	[-6.454614620565735e-12, -6.958877918350481e-12, 9.48758465294336e-13]	[]
0.6870927581208897	0.31290724187911007	[0.676674149324106, 0.7295359302927178, -0.09944557329733784]	[-6.454614620565735e-12, -6.958877918350481e-12, 9.48758465294336e-13]	[]
0.7088468644594381	0.2911531355405621	[0.676674149324106, 0.7295359302927178, -0.09944557329733784]	[-6.454614620565735e-12, -6.958877918350481e-12, 9.48758465294336e-13]	[]
0.6543143421671478	0.34568565783285204	[0.676674149324106, 0.7295359302927178, -0.09944557329733784]	[-6.454614620565735e-12, -6.958877918350481e-12, 9.48758465294336e-13]	[]
0.6904931646947277	0.3095068353052727	[0.676674149324106, 0.7295359302927178, -0.09944557329733784]	[-6.454614620565735e-12, -6.958877918350481e-12, 9.48758465294336e-13]	[]
0.6924403177908472	0.3075596822091527	[0.676674149324106, 0.7295359302927178, -0.09944557329733784]	[-6.454614620565735e-12, -6.958877918350481e-12, 9.48758465294336e-13]	[]
0.7180126632121594	0.2819873367878409	[0.676674149324106, 0.7295359302927178, -0.09944557329733784]	[-6.454614620565735e-12, -6.958877918350481e-12, 9.48758465294336e-13]	[]
0.6560652594933946	0.34393474050660583	[0.676674149324106, 0.7295359302927178, -0.09944557329733784]	[-6.454614620565735e-12, -6.958877918350481e-12, 9.48758465294336e-13]	[]
0.6555479025292438	0.34445209747075634	[0.676674149324106, 0.7295359302927178, -0.09944557329733784]	[-6.454614620565735e-12, -6.958877918350481e-12, 9.48758465294336e-13]	[]
0.6892745256519971	0.31072547434800263	[0.676674149324106, 0.7295359302927178, -0.09944557329733784]	[-6.454614620565735e-12, -6.958877918350481e-12, 9.48758465294336e-13]	[]
0.6701851740860305	0.3298148259139695	[-0.9499068927120775, -0.10824751702892606, 0.29318828461444]	[-0.5872089102707121, -0.0669159335527977, 0.1812417347778612]	[]
0.6977652828047494	0.30223471719525075	[-0.9499068927120775, -0.10824751702892606, 0.29318828461444]	[-0.5872089102707121, -0.0669159335527977, 0.1812417347778612]	[]
0.7045790558160407	0.29542094418395937	[-0.9499068927120775, -0.10824751702892606, 0.29318828461444]	[-0.5872089102707121, -0.0669159335527977, 0.1812417347778612]	[]
0.7107437721716873	0.2892562278283128	[-0.9499068927120775, -0.10824751702892606, 0.29318828461444]	[-0.5872089102707121, -0.0669159335527977, 0.1812417347778612]	[]
0.696568701264685	0.3034312987353153	[-0.9499068927120775, -0.10824751702892606, 0.29318828461444]	[-0.5872089102707121, -0.0669159335527977, 0.1812417347778612]	[]
0.6826541109985608	0.3173458890014391	[-0.9499068927120775, -0.10824751702892606, 0.29318828461444]	[-0.5872089102707121, -0.0669159335527977, 0.1812417347778612]	[]
0.6564061439746428	0.3435938560253574	[-0.9499068927120775, -0.10824751702892606, 0.29318828461444]	[-0.5872089102707121, -0.0669159335527977, 0.1812417347778612]	[]
0.7295585855894602	0.27044141441053976	[-0.9499068927120775, -0.10824751702892606, 0.29318828461444]	[-0.5872089102707121, -0.0669159335527977, 0.1812417347778612]	[]
0.6942947354519752	0.3057052645480253	[-0.9499068927120775, -0.10824751702892606, 0.29318828461444]	[-0.5872089102707121, -0.0669159335527977, 0.1812417347778612]	[]
0.7397800271689553	0.2602199728310443	[-0.9499068927120775, -0.10824751702892606, 0.29318828461444]	[-0.5872089102707121, -0.0669159335527977, 0.1812417347778612]	[]
0.6741480779349166	0.32585192206508434	[-0.9499068927120775, -0.10824751702892606, 0.29318828461444]	[-0.5872089102707121, -0.0669159335527977, 0.1812417347778612]	[]
0.67589970858173	0.32410029141826957	[-0.9499068927120775, -0.10824751702892606, 0.29318828461444]	[-0.5872089102707121, -0.0669159335527977, 0.1812417347778612]	[]
0.6977419557920481	0.3022580442079525	[-0.9499068927120775, -0.10824751702892606, 0.29318828461444]	[-0.5872089102707121, -0.0669159335527977, 0.1812417347778612]	[]
0.7096226476625443	0.29037735233745565	[-0.9499068927120775, -0.10824751702892606, 0.29318828461444]	[-0.5872089102707121, -0.0669159335527977, 0.1812417347778612]	[]
0.6383177943317896	0.36168220566821047	[-0.9499068927120775, -0.10824751702892606, 0.29318828461444]	[-0.5872089102707121, -0.0669159335527977, 0.1812417347778612]	[]
0.6503491593123993	0.3496508406876004	[0.4539532791492059, -0.7980543691144837, 0.3962772316030363]	[0.22588394010129148, -0.39710620804080454, 0.19718474688560345]	[]
0.6742443400522061	0.32575565994779393	[0.4539532791492059, -0.7980543691144837, 0.3962772316030363]	[0.22588394010129148, -0.39710620804080454, 0.19718474688560345]	[]
0.6661525523590369	0.3338474476409634	[0.4539532791492059, -0.7980543691144837, 0.3962772316030363]	[0.22588394010129148, -0.39710620804080454, 0.19718474688560345]	[]
0.6809031616505301	0.3190968383494699	[0.4539532791492059, -0.7980543691144837, 0.3962772316030363]	[0.22588394010129148, -0.39710620804080454, 0.19718474688560345]	[]
0.6746113055883034	0.3253886944116967	[0.4539532791492059, -0.7980543691144837, 0.3962772316030363]	[0.22588394010129148, -0.39710620804080454, 0.19718474688560345]	[]
0.6863017431964572	0.3136982568035428	[0.4539532791492059, -0.7980543691144837, 0.3962772316030363]	[0.22588394010129148, -0.39710620804080454, 0.19718474688560345]	[]
0.719818884119577	0.2801811158804234	[0.4539532791492059, -0.7980543691144837, 0.3962772316030363]	[0.22588394010129148, -0.39710620804080454, 0.19718474688560345]	[]
0.6895620028563221	0.31043799714367815	[0.4539532791492059, -0.7980543691144837, 0.3962772316030363]	[0.22588394010129148, -0.39710620804080454, 0.19718474688560345]	[]
0.6555257080051237	0.3444742919948762	[0.4539532791492059, -0.7980543691144837, 0.3962772316030363]	[0.22588394010129148, -0.39710620804080454, 0.19718474688560345]	[]
0.6852797839145882	0.31472021608541184	[0.4539532791492059, -0.7980543691144837, 0.3962772316030363]	[0.22588394010129148, -0.39710620804080454, 0.19718474688560345]	[]
0.6618308482596537	0.3381691517403458	[0.4539532791492059, -0.7980543691144837, 0.3962772316030363]	[0.22588394010129148, -0.39710620804080454, 0.19718474688560345]	[]
0.6738384604344951	0.326161539565504	[0.4539532791492059, -0.7980543691144837, 0.3962772316030363]	[0.22588394010129148, -0.39710620804080454, 0.19718474688560345]	[]
0.6525608956145904	0.34743910438540965	[0.4539532791492059, -0.7980543691144837, 0.3962772316030363]	[0.22588394010129148, -0.39710620804080454, 0.19718474688560345]	[]
0.6463035519158485	0.3536964480841512	[0.4539532791492059, -0.7980543691144837, 0.3962772316030363]	[0.22588394010129148, -0.39710620804080454, 0.19718474688560345]	[]
0.7334371983861481	0.2665628016138517	[0.4539532791492059, -0.7980543691144837, 0.3962772316030363]	[0.22588394010129148, -0.39710620804080454, 0.19718474688560345]	[]
0.7162065735605005	0.28379342643949945	[0.9934892610906425, 0.10227583006198158, -0.05018707684954202]	[2.7256637225026026e-10, 2.805962406871032e-11, -1.3775184846119443e-11]	[]
0.7401528504591213	0.25984714954087795	[0.9934892610906425, 0.10227583006198158, -0.05018707684954202]	[2.7256637225026026e-10, 2.805962406871032e-11, -1.3775184846119443e-11]	[]
0.7209424168812572	0.27905758311874235	[0.9934892610906425, 0.10227583006198158, -0.05018707684954202]	[2.7256637225026026e-10, 2.805962406871032e-11, -1.3775184846119443e-11]	[]
0.66957740230333	0.3304225976966701	[0.9934892610906425, 0.10227583006198158, -0.05018707684954202]	[2.7256637225026026e-10, 2.805962406871032e-11, -1.3775184846119443e-11]	[]
0.7261335775583974	0.273866422441603	[0.9934892610906425, 0.10227583006198158, -0.05018707684954202]	[2.7256637225026026e-10, 2.805962406871032e-11, -1.3775184846119443e-11]	[]
0.6566714601961613	0.34332853980383904	[0.9934892610906425, 0.10227583006198158, -0.05018707684954202]	[2.7256637225026026e-10, 2.805962406871032e-11, -1.3775184846119443e-11]	[]
0.6836165496036775	0.3163834503963232	[0.9934892610906425, 0.10227583006198158, -0.05018707684954202]	[2.7256637225026026e-10, 2.805962406871032e-11, -1.3775184846119443e-11]	[]
0.6636739977864473	0.3363260022135522	[0.9934892610906425, 0.10227583006198158, -0.05018707684954202]	[2.7256637225026026e-10, 2.805962406871032e-11, -1.3775184846119443e-11]	[]
0.7401976222122456	0.25980237778775467	[0.9934892610906425, 0.10227583006198158, -0.05018707684954202]	[2.7256637225026026e-10, 2.805962406871032e-11, -1.3775184846119443e-11]	[]
0.6973113370079616	0.3026886629920382	[0.9934892610906425, 0.10227583006198158, -0.05018707684954202]	[2.7256637225026026e-10, 2.805962406871032e-11, -1.3775184846119443e-11]	[]
0.6688961557069075	0.3311038442930921	[0.9934892610906425, 0.10227583006198158, -0.05018707684954202]	[2.7256637225026026e-10, 2.805962406871032e-11, -1.3775184846119443e-11]	[]
0.683359171641093	0.3166408283589059	[0.9934892610906425, 0.10227583006198158, -0.05018707684954202]	[2.7256637225026026e-10, 2.805962406871032e-11, -1.3775184846119443e-11]	[]
0.6625996075715634	0.3374003924284362	[0.9934892610906425, 0.10227583006198158, -0.05018707684954202]	[2.7256637225026026e-10, 2.805962406871032e-11, -1.3775184846119443e-11]	[]
0.6836081226917894	0.3163918773082109	[0.9934892610906425, 0.10227583006198158, -0.05018707684954202]	[2.7256637225026026e-10, 2.805962406871032e-11, -1.3775184846119443e-11]	[]
0.7273250144574421	0.27267498554255876	[0.9934892610906425, 0.10227583006198158, -0.05018707684954202]	[2.7256637225026026e-10, 2.805962406871032e-11, -1.3775184846119443e-11]	[]
