0.8477017792379204	0.15229822076208013	[-0.2723308334280123, -0.38196888052296435, 0.8831396783501677]	[-0.12845639672554107, -0.1801718352477293, 0.41657031434233005]	[]
0.8119643770155351	0.18803562298446408	[-0.2723308334280123, -0.38196888052296435, 0.8831396783501677]	[-0.12845639672554107, -0.1801718352477293, 0.41657031434233005]	[]
0.801534852147289	0.19846514785271005	[-0.2723308334280123, -0.38196888052296435, 0.8831396783501677]	[-0.12845639672554107, -0.1801718352477293, 0.41657031434233005]	[]
0.8570469080353502	0.1429530919646503	[-0.2723308334280123, -0.38196888052296435, 0.8831396783501677]	[-0.12845639672554107, -0.1801718352477293, 0.41657031434233005]	[]
0.8364400075237101	0.16355999247629016	[-0.2723308334280123, -0.38196888052296435, 0.8831396783501677]	[-0.12845639672554107, -0.1801718352477293, 0.41657031434233005]	[]
0.8489793391887013	0.15102066081129817	[-0.2723308334280123, -0.38196888052296435, 0.8831396783501677]	[-0.12845639672554107, -0.1801718352477293, 0.41657031434233005]	[]
0.8854413417209587	0.11455865827904164	[-0.2723308334280123, -0.38196888052296435, 0.8831396783501677]	[-0.12845639672554107, -0.1801718352477293, 0.41657031434233005]	[]
0.8537467741834002	0.14625322581660008	[-0.2723308334280123, -0.38196888052296435, 0.8831396783501677]	[-0.12845639672554107, -0.1801718352477293, 0.41657031434233005]	[]
0.8424789452630107	0.15752105473699002	[-0.2723308334280123, -0.38196888052296435, 0.8831396783501677]	[-0.12845639672554107, -0.1801718352477293, 0.41657031434233005]	[]
0.8429133111253319	0.157086688874669	[-0.2723308334280123, -0.38196888052296435, 0.8831396783501677]	[-0.12845639672554107, -0.1801718352477293, 0.41657031434233005]	[]
0.8128124532203929	0.1871875467796071	[-0.2723308334280123, -0.38196888052296435, 0.8831396783501677]	[-0.12845639672554107, -0.1801718352477293, 0.41657031434233005]	[]
0.8119583846162192	0.18804161538378159	[-0.2723308334280123, -0.38196888052296435, 0.8831396783501677]	[-0.12845639672554107, -0.1801718352477293, 0.41657031434233005]	[]
0.8683199432935013	0.13168005670649804	[-0.2723308334280123, -0.38196888052296435, 0.8831396783501677]	[-0.12845639672554107, -0.1801718352477293, 0.41657031434233005]	[]
0.7962518523489712	0.20374814765102867	[-0.2723308334280123, -0.38196888052296435, 0.8831396783501677]	[-0.12845639672554107, -0.1801718352477293, 0.41657031434233005]	[]
0.853458860109651	0.14654113989034864	[-0.2723308334280123, -0.38196888052296435, 0.8831396783501677]	[-0.12845639672554107, -0.1801718352477293, 0.41657031434233005]	[]
0.886034373907476	0.11396562609252453	[0.34850983542720604, 0.5670168446576371, 0.7463462952845675]	[0.1933167128372144, 0.3145214894672278, 0.41399466464349316]	[]
0.848485750275373	0.15151424972462696	[0.34850983542720604, 0.5670168446576371, 0.7463462952845675]	[0.1933167128372144, 0.3145214894672278, 0.41399466464349316]	[]
0.8722944682576386	0.12770553174236202	[0.34850983542720604, 0.5670168446576371, 0.7463462952845675]	[0.1933167128372144, 0.3145214894672278, 0.41399466464349316]	[]
0.8455410801183841	0.15445891988161578	[0.34850983542720604, 0.5670168446576371, 0.7463462952845675]	[0.1933167128372144, 0.3145214894672278, 0.41399466464349316]	[]
0.8835245147401211	0.11647548525987975	[0.34850983542720604, 0.5670168446576371, 0.7463462952845675]	[0.1933167128372144, 0.3145214894672278, 0.41399466464349316]	[]
0.830538521954073	0.1694614780459265	[0.34850983542720604, 0.5670168446576371, 0.7463462952845675]	[0.1933167128372144, 0.3145214894672278, 0.41399466464349316]	[]
0.8476645490611517	0.15233545093884793	[0.34850983542720604, 0.5670168446576371, 0.7463462952845675]	[0.1933167128372144, 0.3145214894672278, 0.41399466464349316]	[]
0.7971379001168636	0.2028620998831364	[0.34850983542720604, 0.5670168446576371, 0.7463462952845675]	[0.1933167128372144, 0.3145214894672278, 0.41399466464349316]	[]
0.8422664536660593	0.15773354633394132	[0.34850983542720604, 0.5670168446576371, 0.7463462952845675]	[0.1933167128372144, 0.3145214894672278, 0.41399466464349316]	[]
0.8591439008076031	0.140856099192397	[0.34850983542720604, 0.5670168446576371, 0.7463462952845675]	[0.1933167128372144, 0.3145214894672278, 0.41399466464349316]	[]
0.8873709832675943	0.11262901673240598	[0.34850983542720604, 0.5670168446576371, 0.7463462952845675]	[0.1933167128372144, 0.3145214894672278, 0.41399466464349316]	[]
0.8665800015101444	0.13341999848985578	[0.34850983542720604, 0.5670168446576371, 0.7463462952845675]	[0.1933167128372144, 0.3145214894672278, 0.41399466464349316]	[]
0.829515251972996	0.17048474802700408	[0.34850983542720604, 0.5670168446576371, 0.7463462952845675]	[0.1933167128372144, 0.3145214894672278, 0.41399466464349316]	[]
0.8513119719466367	0.14868802805336362	[0.34850983542720604, 0.5670168446576371, 0.7463462952845675]	[0.1933167128372144, 0.3145214894672278, 0.41399466464349316]	[]
0.8439132242651388	0.15608677573486116	[0.34850983542720604, 0.5670168446576371, 0.7463462952845675]	[0.1933167128372144, 0.3145214894672278, 0.41399466464349316]	[]
0.8436783966767678	0.15632160332323247	[0.9385761578167026, 0.12738601190922888, 0.3206986123261186]	[0.7010493467375908, 0.09514825162425673, 0.2395389556814033]	[]
0.8805003872121283	0.11949961278787184	[0.9385761578167026, 0.12738601190922888, 0.3206986123261186]	[0.7010493467375908, 0.09514825162425673, 0.2395389556814033]	[]
0.7967089491289138	0.20329105087108587	[0.9385761578167026, 0.12738601190922888, 0.3206986123261186]	[0.7010493467375908, 0.09514825162425673, 0.2395389556814033]	[]
0.8738834764044068	0.1261165235955929	[0.9385761578167026, 0.12738601190922888, 0.3206986123261186]	[0.7010493467375908, 0.09514825162425673, 0.2395389556814033]	[]
0.8052956998849523	0.19470430011504797	[0.9385761578167026, 0.12738601190922888, 0.3206986123261186]	[0.7010493467375908, 0.09514825162425673, 0.2395389556814033]	[]
0.8404384885745042	0.15956151142549532	[0.9385761578167026, 0.12738601190922888, 0.3206986123261186]	[0.7010493467375908, 0.09514825162425673, 0.2395389556814033]	[]
0.8924782463367008	0.10752175366329864	[0.9385761578167026, 0.12738601190922888, 0.3206986123261186]	[0.7010493467375908, 0.09514825162425673, 0.2395389556814033]	[]
0.8208287550196819	0.17917124498031783	[0.9385761578167026, 0.12738601190922888, 0.3206986123261186]	[0.7010493467375908, 0.09514825162425673, 0.2395389556814033]	[]
0.834434929971447	0.1655650700285527	[0.9385761578167026, 0.12738601190922888, 0.3206986123261186]	[0.7010493467375908, 0.09514825162425673, 0.2395389556814033]	[]
0.7982177468229822	0.2017822531770176	[0.9385761578167026, 0.12738601190922888, 0.3206986123261186]	[0.7010493467375908, 0.09514825162425673, 0.2395389556814033]	[]
0.8789405248838001	0.12105947511620004	[0.9385761578167026, 0.12738601190922888, 0.3206986123261186]	[0.7010493467375908, 0.09514825162425673, 0.2395389556814033]	[]
0.8784612832246278	0.12153871677537169	[0.9385761578167026, 0.12738601190922888, 0.3206986123261186]	[0.7010493467375908, 0.09514825162425673, 0.2395389556814033]	[]
0.7964778103537212	0.20352218964627883	[0.9385761578167026, 0.12738601190922888, 0.3206986123261186]	[0.7010493467375908, 0.09514825162425673, 0.2395389556814033]	[]
0.8534054879970723	0.14659451200292736	[0.9385761578167026, 0.12738601190922888, 0.3206986123261186]	[0.7010493467375908, 0.09514825162425673, 0.2395389556814033]	[]
0.820274619273373	0.1797253807266263	[0.9385761578167026, 0.12738601190922888, 0.3206986123261186]	[0.7010493467375908, 0.09514825162425673, 0.2395389556814033]	[]
0.8672321599419013	0.13276784005809916	[-0.03606512161996483, -0.8012560093943166, 0.5972337184151878]	[-0.013764766952008166, -0.30581075961500165, 0.2279427485783243]	[]
0.9106128523477625	0.08938714765223747	[-0.03606512161996483, -0.8012560093943166, 0.5972337184151878]	[-0.013764766952008166, -0.30581075961500165, 0.2279427485783243]	[]
0.8177363385755466	0.18226366142445338	[-0.03606512161996483, -0.8012560093943166, 0.5972337184151878]	[-0.013764766952008166, -0.30581075961500165, 0.2279427485783243]	[]
0.8953582809672966	0.10464171903270444	[-0.03606512161996483, -0.8012560093943166, 0.5972337184151878]	[-0.013764766952008166, -0.30581075961500165, 0.2279427485783243]	[]
0.8498462607891979	0.1501537392108019	[-0.03606512161996483, -0.8012560093943166, 0.5972337184151878]	[-0.013764766952008166, -0.30581075961500165, 0.2279427485783243]	[]
0.8285067701298353	0.1714932298701647	[-0.03606512161996483, -0.8012560093943166, 0.5972337184151878]	[-0.013764766952008166, -0.30581075961500165, 0.2279427485783243]	[]
0.9024365334181383	0.09756346658186106	[-0.03606512161996483, -0.8012560093943166, 0.5972337184151878]	[-0.013764766952008166, -0.30581075961500165, 0.2279427485783243]	[]
0.885888845384711	0.11411115461528885	[-0.03606512161996483, -0.8012560093943166, 0.5972337184151878]	[-0.013764766952008166, -0.30581075961500165, 0.2279427485783243]	[]
0.838817274842759	0.16118272515724122	[-0.03606512161996483, -0.8012560093943166, 0.5972337184151878]	[-0.013764766952008166, -0.30581075961500165, 0.2279427485783243]	[]
0.8442690413972324	0.1557309586027669	[-0.03606512161996483, -0.8012560093943166, 0.5972337184151878]	[-0.013764766952008166, -0.30581075961500165, 0.2279427485783243]	[]
0.8223629019660526	0.17763709803394667	[-0.03606512161996483, -0.8012560093943166, 0.5972337184151878]	[-0.013764766952008166, -0.30581075961500165, 0.2279427485783243]	[]
0.7964054611528261	0.2035945388471743	[-0.03606512161996483, -0.8012560093943166, 0.5972337184151878]	[-0.013764766952008166, -0.30581075961500165, 0.2279427485783243]	[]
0.8836671239665733	0.11633287603342679	[-0.03606512161996483, -0.8012560093943166, 0.5972337184151878]	[-0.013764766952008166, -0.30581075961500165, 0.2279427485783243]	[]
0.8577900998659792	0.1422099001340212	[-0.03606512161996483, -0.8012560093943166, 0.5972337184151878]	[-0.013764766952008166, -0.30581075961500165, 0.2279427485783243]	[]
0.8752505535166683	0.12474944648333149	[-0.03606512161996483, -0.8012560093943166, 0.5972337184151878]	[-0.013764766952008166, -0.30581075961500165, 0.2279427485783243]	[]
0.805297495459423	0.194702504540577	[0.2542810097695804, 0.8457279120174305, 0.46913267516258117]	[0.11042862694245871, 0.36728095493889207, 0.20373396038890337]	[]
0.8110342507156307	0.18896574928436963	[0.2542810097695804, 0.8457279120174305, 0.46913267516258117]	[0.11042862694245871, 0.36728095493889207, 0.20373396038890337]	[]
0.8348984444302179	0.16510155556978195	[0.2542810097695804, 0.8457279120174305, 0.46913267516258117]	[0.11042862694245871, 0.36728095493889207, 0.20373396038890337]	[]
0.8212546467786569	0.17874535322134272	[0.2542810097695804, 0.8457279120174305, 0.46913267516258117]	[0.11042862694245871, 0.36728095493889207, 0.20373396038890337]	[]
0.8644011713257655	0.13559882867423473	[0.2542810097695804, 0.8457279120174305, 0.46913267516258117]	[0.11042862694245871, 0.36728095493889207, 0.20373396038890337]	[]
0.8783548281111325	0.12164517188886745	[0.2542810097695804, 0.8457279120174305, 0.46913267516258117]	[0.11042862694245871, 0.36728095493889207, 0.20373396038890337]	[]
0.8871203556482691	0.11287964435173062	[0.2542810097695804, 0.8457279120174305, 0.46913267516258117]	[0.11042862694245871, 0.36728095493889207, 0.20373396038890337]	[]
0.8164511611615767	0.18354883883842338	[0.2542810097695804, 0.8457279120174305, 0.46913267516258117]	[0.11042862694245871, 0.36728095493889207, 0.20373396038890337]	[]
0.7963479073339513	0.20365209266604914	[0.2542810097695804, 0.8457279120174305, 0.46913267516258117]	[0.11042862694245871, 0.36728095493889207, 0.20373396038890337]	[]
0.8458975218358388	0.15410247816416095	[0.2542810097695804, 0.8457279120174305, 0.46913267516258117]	[0.11042862694245871, 0.36728095493889207, 0.20373396038890337]	[]
0.8685786211531493	0.1314213788468508	[0.2542810097695804, 0.8457279120174305, 0.46913267516258117]	[0.11042862694245871, 0.36728095493889207, 0.20373396038890337]	[]
0.8477985822872368	0.15220141771276297	[0.2542810097695804, 0.8457279120174305, 0.46913267516258117]	[0.11042862694245871, 0.36728095493889207, 0.20373396038890337]	[]
0.8340724167168589	0.16592758328314067	[0.2542810097695804, 0.8457279120174305, 0.46913267516258117]	[0.11042862694245871, 0.36728095493889207, 0.20373396038890337]	[]
0.8933617687433941	0.10663823125660649	[0.2542810097695804, 0.8457279120174305, 0.46913267516258117]	[0.11042862694245871, 0.36728095493889207, 0.20373396038890337]	[]
0.8305084161242863	0.1694915838757138	[0.2542810097695804, 0.8457279120174305, 0.46913267516258117]	[0.11042862694245871, 0.36728095493889207, 0.20373396038890337]	[]
