0.6320677682982513	0.3679322317017495	[-0.3423133872820462, -0.02224877549145327, 0.9393223817607153]	[-0.23327622018537053, -0.015161867584578985, 0.6401197934222652]	[]
0.6449494085914275	0.3550505914085721	[-0.3423133872820462, -0.02224877549145327, 0.9393223817607153]	[-0.23327622018537053, -0.015161867584578985, 0.6401197934222652]	[]
0.6044514986173245	0.39554850138267655	[-0.3423133872820462, -0.02224877549145327, 0.9393223817607153]	[-0.23327622018537053, -0.015161867584578985, 0.6401197934222652]	[]
0.6012514941172757	0.39874850588272465	[-0.3423133872820462, -0.02224877549145327, 0.9393223817607153]	[-0.23327622018537053, -0.015161867584578985, 0.6401197934222652]	[]
0.6356499528113845	0.36435004718861524	[-0.3423133872820462, -0.02224877549145327, 0.9393223817607153]	[-0.23327622018537053, -0.015161867584578985, 0.6401197934222652]	[]
0.6503280618638073	0.349671938136193	[-0.3423133872820462, -0.02224877549145327, 0.9393223817607153]	[-0.23327622018537053, -0.015161867584578985, 0.6401197934222652]	[]
0.641195147713707	0.3588048522862932	[-0.3423133872820462, -0.02224877549145327, 0.9393223817607153]	[-0.23327622018537053, -0.015161867584578985, 0.6401197934222652]	[]
0.6334794365023156	0.3665205634976838	[-0.3423133872820462, -0.02224877549145327, 0.9393223817607153]	[-0.23327622018537053, -0.015161867584578985, 0.6401197934222652]	[]
0.6275776207026181	0.3724223792973821	[-0.3423133872820462, -0.02224877549145327, 0.9393223817607153]	[-0.23327622018537053, -0.015161867584578985, 0.6401197934222652]	[]
0.5952172960504678	0.4047827039495325	[-0.3423133872820462, -0.02224877549145327, 0.9393223817607153]	[-0.23327622018537053, -0.015161867584578985, 0.6401197934222652]	[]
0.604451604908684	0.39554839509131595	[-0.3423133872820462, -0.02224877549145327, 0.9393223817607153]	[-0.23327622018537053, -0.015161867584578985, 0.6401197934222652]	[]
0.6002467905752131	0.3997532094247865	[-0.3423133872820462, -0.02224877549145327, 0.9393223817607153]	[-0.23327622018537053, -0.015161867584578985, 0.6401197934222652]	[]
0.610148885735827	0.38985111426417207	[-0.3423133872820462, -0.02224877549145327, 0.9393223817607153]	[-0.23327622018537053, -0.015161867584578985, 0.6401197934222652]	[]
0.6117417539344996	0.3882582460655009	[-0.3423133872820462, -0.02224877549145327, 0.9393223817607153]	[-0.23327622018537053, -0.015161867584578985, 0.6401197934222652]	[]
0.6431787922410279	0.35682120775897197	[-0.3423133872820462, -0.02224877549145327, 0.9393223817607153]	[-0.23327622018537053, -0.015161867584578985, 0.6401197934222652]	[]
0.6551616045076305	0.3448383954923702	[0.6070845838237848, -0.003470349671371004, 0.79462963999379]	[0.3937186371288061, -0.0022506605823619063, 0.515349108208159]	[]
0.6133746707801658	0.38662532921983445	[0.6070845838237848, -0.003470349671371004, 0.79462963999379]	[0.3937186371288061, -0.0022506605823619063, 0.515349108208159]	[]
0.6122323781426326	0.3877676218573678	[0.6070845838237848, -0.003470349671371004, 0.79462963999379]	[0.3937186371288061, -0.0022506605823619063, 0.515349108208159]	[]
0.649841363935049	0.3501586360649509	[0.6070845838237848, -0.003470349671371004, 0.79462963999379]	[0.3937186371288061, -0.0022506605823619063, 0.515349108208159]	[]
0.648846085730071	0.3511539142699295	[0.6070845838237848, -0.003470349671371004, 0.79462963999379]	[0.3937186371288061, -0.0022506605823619063, 0.515349108208159]	[]
0.6262448827982884	0.37375511720171123	[0.6070845838237848, -0.003470349671371004, 0.79462963999379]	[0.3937186371288061, -0.0022506605823619063, 0.515349108208159]	[]
0.6294157250805372	0.37058427491946283	[0.6070845838237848, -0.003470349671371004, 0.79462963999379]	[0.3937186371288061, -0.0022506605823619063, 0.515349108208159]	[]
0.6332370826219181	0.36676291737808175	[0.6070845838237848, -0.003470349671371004, 0.79462963999379]	[0.3937186371288061, -0.0022506605823619063, 0.515349108208159]	[]
0.6202254131001137	0.3797745868998863	[0.6070845838237848, -0.003470349671371004, 0.79462963999379]	[0.3937186371288061, -0.0022506605823619063, 0.515349108208159]	[]
0.5948125963930115	0.40518740360698857	[0.6070845838237848, -0.003470349671371004, 0.79462963999379]	[0.3937186371288061, -0.0022506605823619063, 0.515349108208159]	[]
0.6503473637823427	0.3496526362176575	[0.6070845838237848, -0.003470349671371004, 0.79462963999379]	[0.3937186371288061, -0.0022506605823619063, 0.515349108208159]	[]
0.601484887053678	0.3985151129463222	[0.6070845838237848, -0.003470349671371004, 0.79462963999379]	[0.3937186371288061, -0.0022506605823619063, 0.515349108208159]	[]
0.6020953386131098	0.39790466138689073	[0.6070845838237848, -0.003470349671371004, 0.79462963999379]	[0.3937186371288061, -0.0022506605823619063, 0.515349108208159]	[]
0.5949352643628951	0.40506473563710516	[0.6070845838237848, -0.003470349671371004, 0.79462963999379]	[0.3937186371288061, -0.0022506605823619063, 0.515349108208159]	[]
0.6514423260913866	0.3485576739086132	[0.6070845838237848, -0.003470349671371004, 0.79462963999379]	[0.3937186371288061, -0.0022506605823619063, 0.515349108208159]	[]
0.6275175465284043	0.37248245347159553	[0.8791068797424685, 0.4404128117361452, -0.18222966072548052]	[-8.676669105422974e-10, -4.346819570955063e-10, 1.798542310310413e-10]	[]
0.6108671223227089	0.38913287767729055	[0.8791068797424685, 0.4404128117361452, -0.18222966072548052]	[-8.676669105422974e-10, -4.346819570955063e-10, 1.798542310310413e-10]	[]
0.61507169360069	0.38492830639931036	[0.8791068797424685, 0.4404128117361452, -0.18222966072548052]	[-8.676669105422974e-10, -4.346819570955063e-10, 1.798542310310413e-10]	[]
0.5947173679998552	0.40528263200014486	[0.8791068797424685, 0.4404128117361452, -0.18222966072548052]	[-8.676669105422974e-10, -4.346819570955063e-10, 1.798542310310413e-10]	[]
0.6265009044347325	0.3734990955652674	[0.8791068797424685, 0.4404128117361452, -0.18222966072548052]	[-8.676669105422974e-10, -4.346819570955063e-10, 1.798542310310413e-10]	[]
0.6492841213285081	0.3507158786714927	[0.8791068797424685, 0.4404128117361452, -0.18222966072548052]	[-8.676669105422974e-10, -4.346819570955063e-10, 1.798542310310413e-10]	[]
0.5937116641436531	0.4062883358563474	[0.8791068797424685, 0.4404128117361452, -0.18222966072548052]	[-8.676669105422974e-10, -4.346819570955063e-10, 1.798542310310413e-10]	[]
0.6331164795702039	0.36688352042979605	[0.8791068797424685, 0.4404128117361452, -0.18222966072548052]	[-8.676669105422974e-10, -4.346819570955063e-10, 1.798542310310413e-10]	[]
0.6272724332485149	0.37272756675148544	[0.8791068797424685, 0.4404128117361452, -0.18222966072548052]	[-8.676669105422974e-10, -4.346819570955063e-10, 1.798542310310413e-10]	[]
0.6374211686464242	0.36257883135357594	[0.8791068797424685, 0.4404128117361452, -0.18222966072548052]	[-8.676669105422974e-10, -4.346819570955063e-10, 1.798542310310413e-10]	[]
0.636001644729884	0.36399835527011576	[0.8791068797424685, 0.4404128117361452, -0.18222966072548052]	[-8.676669105422974e-10, -4.346819570955063e-10, 1.798542310310413e-10]	[]
0.6320206731513092	0.3679793268486913	[0.8791068797424685, 0.4404128117361452, -0.18222966072548052]	[-8.676669105422974e-10, -4.346819570955063e-10, 1.798542310310413e-10]	[]
0.6260822280899492	0.3739177719100504	[0.8791068797424685, 0.4404128117361452, -0.18222966072548052]	[-8.676669105422974e-10, -4.346819570955063e-10, 1.798542310310413e-10]	[]
0.5982512030836947	0.4017487969163054	[0.8791068797424685, 0.4404128117361452, -0.18222966072548052]	[-8.676669105422974e-10, -4.346819570955063e-10, 1.798542310310413e-10]	[]
0.6078528114483034	0.3921471885516967	[0.8791068797424685, 0.4404128117361452, -0.18222966072548052]	[-8.676669105422974e-10, -4.346819570955063e-10, 1.798542310310413e-10]	[]
0.6229691159512196	0.37703088404877994	[0.12125593722744642, -0.8170994332441064, 0.5636004913759867]	[0.0456906980170244, -0.3078929107133875, 0.21237145530782214]	[]
0.6180071121392935	0.3819928878607063	[0.12125593722744642, -0.8170994332441064, 0.5636004913759867]	[0.0456906980170244, -0.3078929107133875, 0.21237145530782214]	[]
0.6405284616654953	0.35947153833450446	[0.12125593722744642, -0.8170994332441064, 0.5636004913759867]	[0.0456906980170244, -0.3078929107133875, 0.21237145530782214]	[]
0.6610899300045474	0.3389100699954525	[0.12125593722744642, -0.8170994332441064, 0.5636004913759867]	[0.0456906980170244, -0.3078929107133875, 0.21237145530782214]	[]
0.5961732733520667	0.4038267266479327	[0.12125593722744642, -0.8170994332441064, 0.5636004913759867]	[0.0456906980170244, -0.3078929107133875, 0.21237145530782214]	[]
0.6725926628120571	0.3274073371879428	[0.12125593722744642, -0.8170994332441064, 0.5636004913759867]	[0.0456906980170244, -0.3078929107133875, 0.21237145530782214]	[]
0.5975128983171903	0.40248710168280943	[0.12125593722744642, -0.8170994332441064, 0.5636004913759867]	[0.0456906980170244, -0.3078929107133875, 0.21237145530782214]	[]
0.5947192253556394	0.40528077464436085	[0.12125593722744642, -0.8170994332441064, 0.5636004913759867]	[0.0456906980170244, -0.3078929107133875, 0.21237145530782214]	[]
0.6477759120516791	0.3522240879483199	[0.12125593722744642, -0.8170994332441064, 0.5636004913759867]	[0.0456906980170244, -0.3078929107133875, 0.21237145530782214]	[]
0.5995990636592753	0.40040093634072504	[0.12125593722744642, -0.8170994332441064, 0.5636004913759867]	[0.0456906980170244, -0.3078929107133875, 0.21237145530782214]	[]
0.613699834376149	0.3863001656238514	[0.12125593722744642, -0.8170994332441064, 0.5636004913759867]	[0.0456906980170244, -0.3078929107133875, 0.21237145530782214]	[]
0.6410516523204	0.35894834767959993	[0.12125593722744642, -0.8170994332441064, 0.5636004913759867]	[0.0456906980170244, -0.3078929107133875, 0.21237145530782214]	[]
0.5984407123622298	0.4015592876377702	[0.12125593722744642, -0.8170994332441064, 0.5636004913759867]	[0.0456906980170244, -0.3078929107133875, 0.21237145530782214]	[]
0.6176725015163006	0.3823274984837006	[0.12125593722744642, -0.8170994332441064, 0.5636004913759867]	[0.0456906980170244, -0.3078929107133875, 0.21237145530782214]	[]
0.5905658142330881	0.4094341857669121	[0.12125593722744642, -0.8170994332441064, 0.5636004913759867]	[0.0456906980170244, -0.3078929107133875, 0.21237145530782214]	[]
0.6257014157801988	0.37429858421980183	[-0.03740174733009721, 0.9399339299227851, 0.3393012182067201]	[-0.012863500466419603, 0.3232694034119573, 0.11669511961936169]	[]
0.6355177431254216	0.3644822568745791	[-0.03740174733009721, 0.9399339299227851, 0.3393012182067201]	[-0.012863500466419603, 0.3232694034119573, 0.11669511961936169]	[]
0.6306633808661665	0.36933661913383353	[-0.03740174733009721, 0.9399339299227851, 0.3393012182067201]	[-0.012863500466419603, 0.3232694034119573, 0.11669511961936169]	[]
0.6005612909795774	0.3994387090204235	[-0.03740174733009721, 0.9399339299227851, 0.3393012182067201]	[-0.012863500466419603, 0.3232694034119573, 0.11669511961936169]	[]
0.6272979656359442	0.3727020343640562	[-0.03740174733009721, 0.9399339299227851, 0.3393012182067201]	[-0.012863500466419603, 0.3232694034119573, 0.11669511961936169]	[]
0.6194247648418136	0.3805752351581864	[-0.03740174733009721, 0.9399339299227851, 0.3393012182067201]	[-0.012863500466419603, 0.3232694034119573, 0.11669511961936169]	[]
0.5961653738604458	0.40383462613955473	[-0.03740174733009721, 0.9399339299227851, 0.3393012182067201]	[-0.012863500466419603, 0.3232694034119573, 0.11669511961936169]	[]
0.6310186629237746	0.36898133707622494	[-0.03740174733009721, 0.9399339299227851, 0.3393012182067201]	[-0.012863500466419603, 0.3232694034119573, 0.11669511961936169]	[]
0.6396631508053644	0.36033684919463504	[-0.03740174733009721, 0.9399339299227851, 0.3393012182067201]	[-0.012863500466419603, 0.3232694034119573, 0.11669511961936169]	[]
0.594943332942424	0.4050566670575751	[-0.03740174733009721, 0.9399339299227851, 0.3393012182067201]	[-0.012863500466419603, 0.3232694034119573, 0.11669511961936169]	[]
0.6133391572027148	0.3866608427972853	[-0.03740174733009721, 0.9399339299227851, 0.3393012182067201]	[-0.012863500466419603, 0.3232694034119573, 0.11669511961936169]	[]
0.5943084232993026	0.40569157670069783	[-0.03740174733009721, 0.9399339299227851, 0.3393012182067201]	[-0.012863500466419603, 0.3232694034119573, 0.11669511961936169]	[]
0.6127984927865988	0.387201507213401	[-0.03740174733009721, 0.9399339299227851, 0.3393012182067201]	[-0.012863500466419603, 0.3232694034119573, 0.11669511961936169]	[]
0.5924386904362137	0.40756130956378617	[-0.03740174733009721, 0.9399339299227851, 0.3393012182067201]	[-0.012863500466419603, 0.3232694034119573, 0.11669511961936169]	[]
0.6218228648079858	0.3781771351920142	[-0.03740174733009721, 0.9399339299227851, 0.3393012182067201]	[-0.012863500466419603, 0.3232694034119573, 0.11669511961936169]	[]
