0.575181669025057	0.4248183309749426	[-0.3423133872820462, -0.02224877549145327, 0.9393223817607153]	[-0.23327622018537053, -0.015161867584578985, 0.6401197934222652]	[]
0.5869039617823443	0.4130960382176559	[-0.3423133872820462, -0.02224877549145327, 0.9393223817607153]	[-0.23327622018537053, -0.015161867584578985, 0.6401197934222652]	[]
0.5867878421599148	0.4132121578400856	[-0.3423133872820462, -0.02224877549145327, 0.9393223817607153]	[-0.23327622018537053, -0.015161867584578985, 0.6401197934222652]	[]
0.5696750674612179	0.4303249325387815	[-0.3423133872820462, -0.02224877549145327, 0.9393223817607153]	[-0.23327622018537053, -0.015161867584578985, 0.6401197934222652]	[]
0.5784414570504284	0.4215585429495715	[-0.3423133872820462, -0.02224877549145327, 0.9393223817607153]	[-0.23327622018537053, -0.015161867584578985, 0.6401197934222652]	[]
0.5917985365382522	0.40820146346174724	[-0.3423133872820462, -0.02224877549145327, 0.9393223817607153]	[-0.23327622018537053, -0.015161867584578985, 0.6401197934222652]	[]
0.5834875844185347	0.4165124155814659	[-0.3423133872820462, -0.02224877549145327, 0.9393223817607153]	[-0.23327622018537053, -0.015161867584578985, 0.6401197934222652]	[]
0.576466286578699	0.4235337134213014	[-0.3423133872820462, -0.02224877549145327, 0.9393223817607153]	[-0.23327622018537053, -0.015161867584578985, 0.6401197934222652]	[]
0.5710956345927929	0.4289043654072068	[-0.3423133872820462, -0.02224877549145327, 0.9393223817607153]	[-0.23327622018537053, -0.015161867584578985, 0.6401197934222652]	[]
0.5903178320583713	0.4096821679416286	[-0.3423133872820462, -0.02224877549145327, 0.9393223817607153]	[-0.23327622018537053, -0.015161867584578985, 0.6401197934222652]	[]
0.5500509601737632	0.44994903982623713	[-0.3423133872820462, -0.02224877549145327, 0.9393223817607153]	[-0.23327622018537053, -0.015161867584578985, 0.6401197934222652]	[]
0.591408062078317	0.4085919379216831	[-0.3423133872820462, -0.02224877549145327, 0.9393223817607153]	[-0.23327622018537053, -0.015161867584578985, 0.6401197934222652]	[]
0.5552354854299066	0.4447645145700931	[-0.3423133872820462, -0.02224877549145327, 0.9393223817607153]	[-0.23327622018537053, -0.015161867584578985, 0.6401197934222652]	[]
0.611107501381607	0.3888924986183934	[-0.3423133872820462, -0.02224877549145327, 0.9393223817607153]	[-0.23327622018537053, -0.015161867584578985, 0.6401197934222652]	[]
0.5852927008692365	0.41470729913076365	[-0.3423133872820462, -0.02224877549145327, 0.9393223817607153]	[-0.23327622018537053, -0.015161867584578985, 0.6401197934222652]	[]
0.596197060096262	0.40380293990373795	[0.6070845838237848, -0.003470349671371004, 0.79462963999379]	[0.3937186371288061, -0.0022506605823619063, 0.515349108208159]	[]
0.605332899504616	0.3946671004953835	[0.6070845838237848, -0.003470349671371004, 0.79462963999379]	[0.3937186371288061, -0.0022506605823619063, 0.515349108208159]	[]
0.5981106439693347	0.40188935603066545	[0.6070845838237848, -0.003470349671371004, 0.79462963999379]	[0.3937186371288061, -0.0022506605823619063, 0.515349108208159]	[]
0.6060538974503736	0.39394610254962614	[0.6070845838237848, -0.003470349671371004, 0.79462963999379]	[0.3937186371288061, -0.0022506605823619063, 0.515349108208159]	[]
0.5932794680572382	0.40672053194276164	[0.6070845838237848, -0.003470349671371004, 0.79462963999379]	[0.3937186371288061, -0.0022506605823619063, 0.515349108208159]	[]
0.5698828433663272	0.4301171566336734	[0.6070845838237848, -0.003470349671371004, 0.79462963999379]	[0.3937186371288061, -0.0022506605823619063, 0.515349108208159]	[]
0.5727683104858906	0.4272316895141088	[0.6070845838237848, -0.003470349671371004, 0.79462963999379]	[0.3937186371288061, -0.0022506605823619063, 0.515349108208159]	[]
0.5762457446639618	0.42375425533603756	[0.6070845838237848, -0.003470349671371004, 0.79462963999379]	[0.3937186371288061, -0.0022506605823619063, 0.515349108208159]	[]
0.5971967583542986	0.40280324164570147	[0.6070845838237848, -0.003470349671371004, 0.79462963999379]	[0.3937186371288061, -0.0022506605823619063, 0.515349108208159]	[]
0.5841442390645378	0.41585576093546217	[0.6070845838237848, -0.003470349671371004, 0.79462963999379]	[0.3937186371288061, -0.0022506605823619063, 0.515349108208159]	[]
0.5918161010017381	0.40818389899826174	[0.6070845838237848, -0.003470349671371004, 0.79462963999379]	[0.3937186371288061, -0.0022506605823619063, 0.515349108208159]	[]
0.5937907880969469	0.40620921190305315	[0.6070845838237848, -0.003470349671371004, 0.79462963999379]	[0.3937186371288061, -0.0022506605823619063, 0.515349108208159]	[]
0.602913259075163	0.3970867409248366	[0.6070845838237848, -0.003470349671371004, 0.79462963999379]	[0.3937186371288061, -0.0022506605823619063, 0.515349108208159]	[]
0.5413910904835143	0.4586089095164859	[0.6070845838237848, -0.003470349671371004, 0.79462963999379]	[0.3937186371288061, -0.0022506605823619063, 0.515349108208159]	[]
0.5928125167740471	0.4071874832259529	[0.6070845838237848, -0.003470349671371004, 0.79462963999379]	[0.3937186371288061, -0.0022506605823619063, 0.515349108208159]	[]
0.571040966486382	0.4289590335136191	[0.8791068797424685, 0.4404128117361452, -0.18222966072548052]	[-8.676669105422974e-10, -4.346819570955063e-10, 1.798542310310413e-10]	[]
0.5558890814764385	0.4441109185235614	[0.8791068797424685, 0.4404128117361452, -0.18222966072548052]	[-8.676669105422974e-10, -4.346819570955063e-10, 1.798542310310413e-10]	[]
0.5852220805799183	0.41477791942008174	[0.8791068797424685, 0.4404128117361452, -0.18222966072548052]	[-8.676669105422974e-10, -4.346819570955063e-10, 1.798542310310413e-10]	[]
0.5816760026080288	0.41832399739197107	[0.8791068797424685, 0.4404128117361452, -0.18222966072548052]	[-8.676669105422974e-10, -4.346819570955063e-10, 1.798542310310413e-10]	[]
0.570115823396652	0.42988417660334843	[0.8791068797424685, 0.4404128117361452, -0.18222966072548052]	[-8.676669105422974e-10, -4.346819570955063e-10, 1.798542310310413e-10]	[]
0.59084855039001	0.40915144960998984	[0.8791068797424685, 0.4404128117361452, -0.18222966072548052]	[-8.676669105422974e-10, -4.346819570955063e-10, 1.798542310310413e-10]	[]
0.5898988526200367	0.41010114737996267	[0.8791068797424685, 0.4404128117361452, -0.18222966072548052]	[-8.676669105422974e-10, -4.346819570955063e-10, 1.798542310310413e-10]	[]
0.5761359968873212	0.42386400311267874	[0.8791068797424685, 0.4404128117361452, -0.18222966072548052]	[-8.676669105422974e-10, -4.346819570955063e-10, 1.798542310310413e-10]	[]
0.5848455679073475	0.4151544320926516	[0.8791068797424685, 0.4404128117361452, -0.18222966072548052]	[-8.676669105422974e-10, -4.346819570955063e-10, 1.798542310310413e-10]	[]
0.5875832892450533	0.4124167107549472	[0.8791068797424685, 0.4404128117361452, -0.18222966072548052]	[-8.676669105422974e-10, -4.346819570955063e-10, 1.798542310310413e-10]	[]
0.5795144016748631	0.4204855983251363	[0.8791068797424685, 0.4404128117361452, -0.18222966072548052]	[-8.676669105422974e-10, -4.346819570955063e-10, 1.798542310310413e-10]	[]
0.5820322366381131	0.4179677633618856	[0.8791068797424685, 0.4404128117361452, -0.18222966072548052]	[-8.676669105422974e-10, -4.346819570955063e-10, 1.798542310310413e-10]	[]
0.5697348272966425	0.4302651727033579	[0.8791068797424685, 0.4404128117361452, -0.18222966072548052]	[-8.676669105422974e-10, -4.346819570955063e-10, 1.798542310310413e-10]	[]
0.5750600032542682	0.4249399967457319	[0.8791068797424685, 0.4404128117361452, -0.18222966072548052]	[-8.676669105422974e-10, -4.346819570955063e-10, 1.798542310310413e-10]	[]
0.5701437299001847	0.429856270099815	[0.8791068797424685, 0.4404128117361452, -0.18222966072548052]	[-8.676669105422974e-10, -4.346819570955063e-10, 1.798542310310413e-10]	[]
0.6167438844579831	0.38325611554201705	[0.12125593722744642, -0.8170994332441064, 0.5636004913759867]	[0.0456906980170244, -0.3078929107133875, 0.21237145530782214]	[]
0.5756955090717499	0.42430449092825095	[0.12125593722744642, -0.8170994332441064, 0.5636004913759867]	[0.0456906980170244, -0.3078929107133875, 0.21237145530782214]	[]
0.6000349236452673	0.3999650763547328	[0.12125593722744642, -0.8170994332441064, 0.5636004913759867]	[0.0456906980170244, -0.3078929107133875, 0.21237145530782214]	[]
0.6015918363993638	0.39840816360063663	[0.12125593722744642, -0.8170994332441064, 0.5636004913759867]	[0.0456906980170244, -0.3078929107133875, 0.21237145530782214]	[]
0.5879116111870196	0.41208838881298016	[0.12125593722744642, -0.8170994332441064, 0.5636004913759867]	[0.0456906980170244, -0.3078929107133875, 0.21237145530782214]	[]
0.6120593225475328	0.387940677452467	[0.12125593722744642, -0.8170994332441064, 0.5636004913759867]	[0.0456906980170244, -0.3078929107133875, 0.21237145530782214]	[]
0.5719836417836552	0.42801635821634404	[0.12125593722744642, -0.8170994332441064, 0.5636004913759867]	[0.0456906980170244, -0.3078929107133875, 0.21237145530782214]	[]
0.6031462897694164	0.3968537102305834	[0.12125593722744642, -0.8170994332441064, 0.5636004913759867]	[0.0456906980170244, -0.3078929107133875, 0.21237145530782214]	[]
0.6021541075119456	0.3978458924880542	[0.12125593722744642, -0.8170994332441064, 0.5636004913759867]	[0.0456906980170244, -0.3078929107133875, 0.21237145530782214]	[]
0.5750824332616407	0.4249175667383601	[0.12125593722744642, -0.8170994332441064, 0.5636004913759867]	[0.0456906980170244, -0.3078929107133875, 0.21237145530782214]	[]
0.5584668490079674	0.4415331509920326	[0.12125593722744642, -0.8170994332441064, 0.5636004913759867]	[0.0456906980170244, -0.3078929107133875, 0.21237145530782214]	[]
0.5833570036458169	0.4166429963541832	[0.12125593722744642, -0.8170994332441064, 0.5636004913759867]	[0.0456906980170244, -0.3078929107133875, 0.21237145530782214]	[]
0.5445810481300226	0.4554189518699774	[0.12125593722744642, -0.8170994332441064, 0.5636004913759867]	[0.0456906980170244, -0.3078929107133875, 0.21237145530782214]	[]
0.5620819769794744	0.43791802302052485	[0.12125593722744642, -0.8170994332441064, 0.5636004913759867]	[0.0456906980170244, -0.3078929107133875, 0.21237145530782214]	[]
0.6004825516727262	0.39951744832727376	[0.12125593722744642, -0.8170994332441064, 0.5636004913759867]	[0.0456906980170244, -0.3078929107133875, 0.21237145530782214]	[]
0.5693882878809702	0.4306117121190286	[-0.03740174733009721, 0.9399339299227851, 0.3393012182067201]	[-0.012863500466419603, 0.3232694034119573, 0.11669511961936169]	[]
0.5783211468048132	0.42167885319518705	[-0.03740174733009721, 0.9399339299227851, 0.3393012182067201]	[-0.012863500466419603, 0.3232694034119573, 0.11669511961936169]	[]
0.5739036757750526	0.42609632422494714	[-0.03740174733009721, 0.9399339299227851, 0.3393012182067201]	[-0.012863500466419603, 0.3232694034119573, 0.11669511961936169]	[]
0.5465107748248345	0.45348922517516554	[-0.03740174733009721, 0.9399339299227851, 0.3393012182067201]	[-0.012863500466419603, 0.3232694034119573, 0.11669511961936169]	[]
0.6001925085231309	0.39980749147686956	[-0.03740174733009721, 0.9399339299227851, 0.3393012182067201]	[-0.012863500466419603, 0.3232694034119573, 0.11669511961936169]	[]
0.581294483720431	0.41870551627956853	[-0.03740174733009721, 0.9399339299227851, 0.3393012182067201]	[-0.012863500466419603, 0.3232694034119573, 0.11669511961936169]	[]
0.5781457048784435	0.42185429512155653	[-0.03740174733009721, 0.9399339299227851, 0.3393012182067201]	[-0.012863500466419603, 0.3232694034119573, 0.11669511961936169]	[]
0.5742269832612518	0.42577301673874873	[-0.03740174733009721, 0.9399339299227851, 0.3393012182067201]	[-0.012863500466419603, 0.3232694034119573, 0.11669511961936169]	[]
0.582093467233482	0.4179065327665179	[-0.03740174733009721, 0.9399339299227851, 0.3393012182067201]	[-0.012863500466419603, 0.3232694034119573, 0.11669511961936169]	[]
0.5413984333099061	0.4586015666900942	[-0.03740174733009721, 0.9399339299227851, 0.3393012182067201]	[-0.012863500466419603, 0.3232694034119573, 0.11669511961936169]	[]
0.558138632365185	0.4418613676348152	[-0.03740174733009721, 0.9399339299227851, 0.3393012182067201]	[-0.012863500466419603, 0.3232694034119573, 0.11669511961936169]	[]
0.5737974807415518	0.42620251925844893	[-0.03740174733009721, 0.9399339299227851, 0.3393012182067201]	[-0.012863500466419603, 0.3232694034119573, 0.11669511961936169]	[]
0.601328145026929	0.3986718549730712	[-0.03740174733009721, 0.9399339299227851, 0.3393012182067201]	[-0.012863500466419603, 0.3232694034119573, 0.11669511961936169]	[]
0.5793500965576898	0.4206499034423107	[-0.03740174733009721, 0.9399339299227851, 0.3393012182067201]	[-0.012863500466419603, 0.3232694034119573, 0.11669511961936169]	[]
0.5945918525945562	0.40540814740544345	[-0.03740174733009721, 0.9399339299227851, 0.3393012182067201]	[-0.012863500466419603, 0.3232694034119573, 0.11669511961936169]	[]
