0.6930012282224782	0.3069987717775224	[0.3369830359929369, -0.5161982849676826, 0.7873892074758239]	[0.1867031080006427, -0.28599607058584325, 0.43624751557220925]	[]
0.6896354811191717	0.3103645188808281	[0.3369830359929369, -0.5161982849676826, 0.7873892074758239]	[0.1867031080006427, -0.28599607058584325, 0.43624751557220925]	[]
0.6747759155662032	0.3252240844337964	[0.3369830359929369, -0.5161982849676826, 0.7873892074758239]	[0.1867031080006427, -0.28599607058584325, 0.43624751557220925]	[]
0.7124422845741831	0.287557715425816	[0.3369830359929369, -0.5161982849676826, 0.7873892074758239]	[0.1867031080006427, -0.28599607058584325, 0.43624751557220925]	[]
0.7080170704727946	0.2919829295272052	[0.3369830359929369, -0.5161982849676826, 0.7873892074758239]	[0.1867031080006427, -0.28599607058584325, 0.43624751557220925]	[]
0.7062176056123951	0.2937823943876051	[0.3369830359929369, -0.5161982849676826, 0.7873892074758239]	[0.1867031080006427, -0.28599607058584325, 0.43624751557220925]	[]
0.6788753663978596	0.3211246336021414	[0.3369830359929369, -0.5161982849676826, 0.7873892074758239]	[0.1867031080006427, -0.28599607058584325, 0.43624751557220925]	[]
0.7065227641731371	0.2934772358268626	[0.3369830359929369, -0.5161982849676826, 0.7873892074758239]	[0.1867031080006427, -0.28599607058584325, 0.43624751557220925]	[]
0.6785493297400017	0.3214506702599975	[0.3369830359929369, -0.5161982849676826, 0.7873892074758239]	[0.1867031080006427, -0.28599607058584325, 0.43624751557220925]	[]
0.635551615344139	0.3644483846558601	[0.3369830359929369, -0.5161982849676826, 0.7873892074758239]	[0.1867031080006427, -0.28599607058584325, 0.43624751557220925]	[]
0.6949825383280926	0.3050174616719077	[0.3369830359929369, -0.5161982849676826, 0.7873892074758239]	[0.1867031080006427, -0.28599607058584325, 0.43624751557220925]	[]
0.700183031023113	0.299816968976887	[0.3369830359929369, -0.5161982849676826, 0.7873892074758239]	[0.1867031080006427, -0.28599607058584325, 0.43624751557220925]	[]
0.681916050578439	0.3180839494215613	[0.3369830359929369, -0.5161982849676826, 0.7873892074758239]	[0.1867031080006427, -0.28599607058584325, 0.43624751557220925]	[]
0.7213987977734854	0.2786012022265134	[0.3369830359929369, -0.5161982849676826, 0.7873892074758239]	[0.1867031080006427, -0.28599607058584325, 0.43624751557220925]	[]
0.7218052425737892	0.27819475742621075	[0.3369830359929369, -0.5161982849676826, 0.7873892074758239]	[0.1867031080006427, -0.28599607058584325, 0.43624751557220925]	[]
0.6529850320466538	0.34701496795334624	[-0.24446136842836091, 0.7894407179207908, -0.5630470604086656]	[1.1418643808269735e-10, -3.687420091491589e-10, 2.629971612227346e-10]	[]
0.6927195282386526	0.3072804717613474	[-0.24446136842836091, 0.7894407179207908, -0.5630470604086656]	[1.1418643808269735e-10, -3.687420091491589e-10, 2.629971612227346e-10]	[]
0.6918627487751992	0.3081372512248012	[-0.24446136842836091, 0.7894407179207908, -0.5630470604086656]	[1.1418643808269735e-10, -3.687420091491589e-10, 2.629971612227346e-10]	[]
0.6974310336657563	0.3025689663342449	[-0.24446136842836091, 0.7894407179207908, -0.5630470604086656]	[1.1418643808269735e-10, -3.687420091491589e-10, 2.629971612227346e-10]	[]
0.6751774160874612	0.3248225839125405	[-0.24446136842836091, 0.7894407179207908, -0.5630470604086656]	[1.1418643808269735e-10, -3.687420091491589e-10, 2.629971612227346e-10]	[]
0.7012401236737115	0.2987598763262895	[-0.24446136842836091, 0.7894407179207908, -0.5630470604086656]	[1.1418643808269735e-10, -3.687420091491589e-10, 2.629971612227346e-10]	[]
0.7051566895007624	0.2948433104992374	[-0.24446136842836091, 0.7894407179207908, -0.5630470604086656]	[1.1418643808269735e-10, -3.687420091491589e-10, 2.629971612227346e-10]	[]
0.687602282471074	0.31239771752892603	[-0.24446136842836091, 0.7894407179207908, -0.5630470604086656]	[1.1418643808269735e-10, -3.687420091491589e-10, 2.629971612227346e-10]	[]
0.6855429051233491	0.3144570948766504	[-0.24446136842836091, 0.7894407179207908, -0.5630470604086656]	[1.1418643808269735e-10, -3.687420091491589e-10, 2.629971612227346e-10]	[]
0.6950640652816202	0.30493593471837976	[-0.24446136842836091, 0.7894407179207908, -0.5630470604086656]	[1.1418643808269735e-10, -3.687420091491589e-10, 2.629971612227346e-10]	[]
0.7247608009665705	0.2752391990334288	[-0.24446136842836091, 0.7894407179207908, -0.5630470604086656]	[1.1418643808269735e-10, -3.687420091491589e-10, 2.629971612227346e-10]	[]
0.686460264635123	0.3135397353648777	[-0.24446136842836091, 0.7894407179207908, -0.5630470604086656]	[1.1418643808269735e-10, -3.687420091491589e-10, 2.629971612227346e-10]	[]
0.6766609229612123	0.32333907703878795	[-0.24446136842836091, 0.7894407179207908, -0.5630470604086656]	[1.1418643808269735e-10, -3.687420091491589e-10, 2.629971612227346e-10]	[]
0.671960450465077	0.3280395495349236	[-0.24446136842836091, 0.7894407179207908, -0.5630470604086656]	[1.1418643808269735e-10, -3.687420091491589e-10, 2.629971612227346e-10]	[]
0.6718042509790927	0.32819574902090637	[-0.24446136842836091, 0.7894407179207908, -0.5630470604086656]	[1.1418643808269735e-10, -3.687420091491589e-10, 2.629971612227346e-10]	[]
0.6772665147212406	0.3227334852787586	[-0.9586567100249667, 0.0537379101804175, -0.27944507391175893]	[1.8599011220032935e-12, -1.042499420123022e-13, 5.421582255944102e-13]	[]
0.6755630469121781	0.32443695308782206	[-0.9586567100249667, 0.0537379101804175, -0.27944507391175893]	[1.8599011220032935e-12, -1.042499420123022e-13, 5.421582255944102e-13]	[]
0.6739514955394688	0.3260485044605305	[-0.9586567100249667, 0.0537379101804175, -0.27944507391175893]	[1.8599011220032935e-12, -1.042499420123022e-13, 5.421582255944102e-13]	[]
0.6736727286344693	0.3263272713655302	[-0.9586567100249667, 0.0537379101804175, -0.27944507391175893]	[1.8599011220032935e-12, -1.042499420123022e-13, 5.421582255944102e-13]	[]
0.6828289419970911	0.3171710580029081	[-0.9586567100249667, 0.0537379101804175, -0.27944507391175893]	[1.8599011220032935e-12, -1.042499420123022e-13, 5.421582255944102e-13]	[]
0.6796191167141767	0.32038088328582337	[-0.9586567100249667, 0.0537379101804175, -0.27944507391175893]	[1.8599011220032935e-12, -1.042499420123022e-13, 5.421582255944102e-13]	[]
0.7058219719663462	0.29417802803365506	[-0.9586567100249667, 0.0537379101804175, -0.27944507391175893]	[1.8599011220032935e-12, -1.042499420123022e-13, 5.421582255944102e-13]	[]
0.7072453958774106	0.29275460412258963	[-0.9586567100249667, 0.0537379101804175, -0.27944507391175893]	[1.8599011220032935e-12, -1.042499420123022e-13, 5.421582255944102e-13]	[]
0.6719461954233983	0.3280538045766021	[-0.9586567100249667, 0.0537379101804175, -0.27944507391175893]	[1.8599011220032935e-12, -1.042499420123022e-13, 5.421582255944102e-13]	[]
0.6989945210827754	0.301005478917225	[-0.9586567100249667, 0.0537379101804175, -0.27944507391175893]	[1.8599011220032935e-12, -1.042499420123022e-13, 5.421582255944102e-13]	[]
0.697986361490533	0.3020136385094666	[-0.9586567100249667, 0.0537379101804175, -0.27944507391175893]	[1.8599011220032935e-12, -1.042499420123022e-13, 5.421582255944102e-13]	[]
0.7079276790028883	0.2920723209971118	[-0.9586567100249667, 0.0537379101804175, -0.27944507391175893]	[1.8599011220032935e-12, -1.042499420123022e-13, 5.421582255944102e-13]	[]
0.6830831426979396	0.31691685730206065	[-0.9586567100249667, 0.0537379101804175, -0.27944507391175893]	[1.8599011220032935e-12, -1.042499420123022e-13, 5.421582255944102e-13]	[]
0.6848512836773083	0.31514871632269065	[-0.9586567100249667, 0.0537379101804175, -0.27944507391175893]	[1.8599011220032935e-12, -1.042499420123022e-13, 5.421582255944102e-13]	[]
0.7076534635720055	0.2923465364279948	[-0.9586567100249667, 0.0537379101804175, -0.27944507391175893]	[1.8599011220032935e-12, -1.042499420123022e-13, 5.421582255944102e-13]	[]
0.7258483176888263	0.2741516823111742	[0.8675428284776457, 0.1501748290518864, 0.4741486702251128]	[0.5808765657700631, 0.10055185300516124, 0.3174734920097406]	[]
0.6774478341971341	0.3225521658028652	[0.8675428284776457, 0.1501748290518864, 0.4741486702251128]	[0.5808765657700631, 0.10055185300516124, 0.3174734920097406]	[]
0.6761779540686869	0.3238220459313128	[0.8675428284776457, 0.1501748290518864, 0.4741486702251128]	[0.5808765657700631, 0.10055185300516124, 0.3174734920097406]	[]
0.6765744904604453	0.32342550953955473	[0.8675428284776457, 0.1501748290518864, 0.4741486702251128]	[0.5808765657700631, 0.10055185300516124, 0.3174734920097406]	[]
0.6758525499497399	0.3241474500502607	[0.8675428284776457, 0.1501748290518864, 0.4741486702251128]	[0.5808765657700631, 0.10055185300516124, 0.3174734920097406]	[]
0.7168191272701725	0.28318087272982806	[0.8675428284776457, 0.1501748290518864, 0.4741486702251128]	[0.5808765657700631, 0.10055185300516124, 0.3174734920097406]	[]
0.679185519452926	0.32081448054707395	[0.8675428284776457, 0.1501748290518864, 0.4741486702251128]	[0.5808765657700631, 0.10055185300516124, 0.3174734920097406]	[]
0.6851033004239555	0.3148966995760447	[0.8675428284776457, 0.1501748290518864, 0.4741486702251128]	[0.5808765657700631, 0.10055185300516124, 0.3174734920097406]	[]
0.6732991348057222	0.3267008651942784	[0.8675428284776457, 0.1501748290518864, 0.4741486702251128]	[0.5808765657700631, 0.10055185300516124, 0.3174734920097406]	[]
0.6758817997703702	0.3241182002296297	[0.8675428284776457, 0.1501748290518864, 0.4741486702251128]	[0.5808765657700631, 0.10055185300516124, 0.3174734920097406]	[]
0.7248566490185034	0.2751433509814965	[0.8675428284776457, 0.1501748290518864, 0.4741486702251128]	[0.5808765657700631, 0.10055185300516124, 0.3174734920097406]	[]
0.7025865190524047	0.2974134809475946	[0.8675428284776457, 0.1501748290518864, 0.4741486702251128]	[0.5808765657700631, 0.10055185300516124, 0.3174734920097406]	[]
0.6732021737184606	0.32679782628153947	[0.8675428284776457, 0.1501748290518864, 0.4741486702251128]	[0.5808765657700631, 0.10055185300516124, 0.3174734920097406]	[]
0.7112862064814439	0.2887137935185561	[0.8675428284776457, 0.1501748290518864, 0.4741486702251128]	[0.5808765657700631, 0.10055185300516124, 0.3174734920097406]	[]
0.7098882523810262	0.2901117476189743	[0.8675428284776457, 0.1501748290518864, 0.4741486702251128]	[0.5808765657700631, 0.10055185300516124, 0.3174734920097406]	[]
0.6885018928943405	0.31149810710565845	[-0.8226668475093709, 0.0508918683138265, -0.5662413582108973]	[2.8223356984824477e-10, -1.7459408918618635e-11, 1.9426220252602364e-10]	[]
0.6947159049701617	0.3052840950298391	[-0.8226668475093709, 0.0508918683138265, -0.5662413582108973]	[2.8223356984824477e-10, -1.7459408918618635e-11, 1.9426220252602364e-10]	[]
0.6401185886580106	0.3598814113419893	[-0.8226668475093709, 0.0508918683138265, -0.5662413582108973]	[2.8223356984824477e-10, -1.7459408918618635e-11, 1.9426220252602364e-10]	[]
0.6781582891147716	0.32184171088522817	[-0.8226668475093709, 0.0508918683138265, -0.5662413582108973]	[2.8223356984824477e-10, -1.7459408918618635e-11, 1.9426220252602364e-10]	[]
0.6815285849673233	0.31847141503267656	[-0.8226668475093709, 0.0508918683138265, -0.5662413582108973]	[2.8223356984824477e-10, -1.7459408918618635e-11, 1.9426220252602364e-10]	[]
0.6863395488602702	0.31366045113972907	[-0.8226668475093709, 0.0508918683138265, -0.5662413582108973]	[2.8223356984824477e-10, -1.7459408918618635e-11, 1.9426220252602364e-10]	[]
0.6791477274132027	0.3208522725867963	[-0.8226668475093709, 0.0508918683138265, -0.5662413582108973]	[2.8223356984824477e-10, -1.7459408918618635e-11, 1.9426220252602364e-10]	[]
0.7088725082367516	0.29112749176324815	[-0.8226668475093709, 0.0508918683138265, -0.5662413582108973]	[2.8223356984824477e-10, -1.7459408918618635e-11, 1.9426220252602364e-10]	[]
0.6765302748914498	0.32346972510855043	[-0.8226668475093709, 0.0508918683138265, -0.5662413582108973]	[2.8223356984824477e-10, -1.7459408918618635e-11, 1.9426220252602364e-10]	[]
0.7074583498982837	0.292541650101717	[-0.8226668475093709, 0.0508918683138265, -0.5662413582108973]	[2.8223356984824477e-10, -1.7459408918618635e-11, 1.9426220252602364e-10]	[]
0.6462947041299093	0.3537052958700899	[-0.8226668475093709, 0.0508918683138265, -0.5662413582108973]	[2.8223356984824477e-10, -1.7459408918618635e-11, 1.9426220252602364e-10]	[]
0.6842754558951073	0.3157245441048931	[-0.8226668475093709, 0.0508918683138265, -0.5662413582108973]	[2.8223356984824477e-10, -1.7459408918618635e-11, 1.9426220252602364e-10]	[]
0.6891388979467358	0.3108611020532641	[-0.8226668475093709, 0.0508918683138265, -0.5662413582108973]	[2.8223356984824477e-10, -1.7459408918618635e-11, 1.9426220252602364e-10]	[]
0.6733223949834772	0.3266776050165239	[-0.8226668475093709, 0.0508918683138265, -0.5662413582108973]	[2.8223356984824477e-10, -1.7459408918618635e-11, 1.9426220252602364e-10]	[]
0.6739660885687578	0.3260339114312423	[-0.8226668475093709, 0.0508918683138265, -0.5662413582108973]	[2.8223356984824477e-10, -1.7459408918618635e-11, 1.9426220252602364e-10]	[]
