0.7064667888106242	0.2935332111893769	[-0.24180703114532576, -0.7103851092741186, 0.6609707680452155]	[-0.08775183467887603, -0.2577989414620989, 0.23986646414022034]	[]
0.7193093953008077	0.28069060469919344	[-0.24180703114532576, -0.7103851092741186, 0.6609707680452155]	[-0.08775183467887603, -0.2577989414620989, 0.23986646414022034]	[]
0.673158811549981	0.3268411884500182	[-0.24180703114532576, -0.7103851092741186, 0.6609707680452155]	[-0.08775183467887603, -0.2577989414620989, 0.23986646414022034]	[]
0.6980075814499467	0.3019924185500535	[-0.24180703114532576, -0.7103851092741186, 0.6609707680452155]	[-0.08775183467887603, -0.2577989414620989, 0.23986646414022034]	[]
0.7129652196001321	0.2870347803998698	[-0.24180703114532576, -0.7103851092741186, 0.6609707680452155]	[-0.08775183467887603, -0.2577989414620989, 0.23986646414022034]	[]
0.709863258688266	0.29013674131173517	[-0.24180703114532576, -0.7103851092741186, 0.6609707680452155]	[-0.08775183467887603, -0.2577989414620989, 0.23986646414022034]	[]
0.7188895561832019	0.2811104438168002	[-0.24180703114532576, -0.7103851092741186, 0.6609707680452155]	[-0.08775183467887603, -0.2577989414620989, 0.23986646414022034]	[]
0.6784656540209405	0.321534345979059	[-0.24180703114532576, -0.7103851092741186, 0.6609707680452155]	[-0.08775183467887603, -0.2577989414620989, 0.23986646414022034]	[]
0.7065579970231589	0.2934420029768433	[-0.24180703114532576, -0.7103851092741186, 0.6609707680452155]	[-0.08775183467887603, -0.2577989414620989, 0.23986646414022034]	[]
0.71998300620567	0.28001699379432937	[-0.24180703114532576, -0.7103851092741186, 0.6609707680452155]	[-0.08775183467887603, -0.2577989414620989, 0.23986646414022034]	[]
0.7285548485071264	0.27144515149287307	[-0.24180703114532576, -0.7103851092741186, 0.6609707680452155]	[-0.08775183467887603, -0.2577989414620989, 0.23986646414022034]	[]
0.7198052167618376	0.2801947832381619	[-0.24180703114532576, -0.7103851092741186, 0.6609707680452155]	[-0.08775183467887603, -0.2577989414620989, 0.23986646414022034]	[]
0.7217719423811217	0.27822805761887814	[-0.24180703114532576, -0.7103851092741186, 0.6609707680452155]	[-0.08775183467887603, -0.2577989414620989, 0.23986646414022034]	[]
0.6762664913907144	0.3237335086092846	[-0.24180703114532576, -0.7103851092741186, 0.6609707680452155]	[-0.08775183467887603, -0.2577989414620989, 0.23986646414022034]	[]
0.7102626552016635	0.28973734479833674	[-0.24180703114532576, -0.7103851092741186, 0.6609707680452155]	[-0.08775183467887603, -0.2577989414620989, 0.23986646414022034]	[]
0.7188344489750458	0.2811655510249527	[-0.6760496840786048, 0.733904073057672, -0.06589109352999079]	[1.7064176460745983e-10, -1.8524476397274725e-10, 1.6631221316285434e-11]	[]
0.698432737585176	0.30156726241482373	[-0.6760496840786048, 0.733904073057672, -0.06589109352999079]	[1.7064176460745983e-10, -1.8524476397274725e-10, 1.6631221316285434e-11]	[]
0.7022155268516413	0.2977844731483597	[-0.6760496840786048, 0.733904073057672, -0.06589109352999079]	[1.7064176460745983e-10, -1.8524476397274725e-10, 1.6631221316285434e-11]	[]
0.7000948898797595	0.29990511012024035	[-0.6760496840786048, 0.733904073057672, -0.06589109352999079]	[1.7064176460745983e-10, -1.8524476397274725e-10, 1.6631221316285434e-11]	[]
0.6986799789555803	0.30132002104442024	[-0.6760496840786048, 0.733904073057672, -0.06589109352999079]	[1.7064176460745983e-10, -1.8524476397274725e-10, 1.6631221316285434e-11]	[]
0.7091661206645722	0.290833879335428	[-0.6760496840786048, 0.733904073057672, -0.06589109352999079]	[1.7064176460745983e-10, -1.8524476397274725e-10, 1.6631221316285434e-11]	[]
0.7122545752723156	0.28774542472768433	[-0.6760496840786048, 0.733904073057672, -0.06589109352999079]	[1.7064176460745983e-10, -1.8524476397274725e-10, 1.6631221316285434e-11]	[]
0.7261370201838336	0.2738629798161646	[-0.6760496840786048, 0.733904073057672, -0.06589109352999079]	[1.7064176460745983e-10, -1.8524476397274725e-10, 1.6631221316285434e-11]	[]
0.7151299789071754	0.2848700210928252	[-0.6760496840786048, 0.733904073057672, -0.06589109352999079]	[1.7064176460745983e-10, -1.8524476397274725e-10, 1.6631221316285434e-11]	[]
0.7073276925610191	0.2926723074389805	[-0.6760496840786048, 0.733904073057672, -0.06589109352999079]	[1.7064176460745983e-10, -1.8524476397274725e-10, 1.6631221316285434e-11]	[]
0.6774599282537765	0.3225400717462236	[-0.6760496840786048, 0.733904073057672, -0.06589109352999079]	[1.7064176460745983e-10, -1.8524476397274725e-10, 1.6631221316285434e-11]	[]
0.7199599512674477	0.28004004873255245	[-0.6760496840786048, 0.733904073057672, -0.06589109352999079]	[1.7064176460745983e-10, -1.8524476397274725e-10, 1.6631221316285434e-11]	[]
0.7095109472706137	0.2904890527293866	[-0.6760496840786048, 0.733904073057672, -0.06589109352999079]	[1.7064176460745983e-10, -1.8524476397274725e-10, 1.6631221316285434e-11]	[]
0.7001161815813671	0.2998838184186334	[-0.6760496840786048, 0.733904073057672, -0.06589109352999079]	[1.7064176460745983e-10, -1.8524476397274725e-10, 1.6631221316285434e-11]	[]
0.6806511447821388	0.31934885521786005	[-0.6760496840786048, 0.733904073057672, -0.06589109352999079]	[1.7064176460745983e-10, -1.8524476397274725e-10, 1.6631221316285434e-11]	[]
0.6785666967079018	0.3214333032920984	[0.2583352041547804, 0.2666611457993041, -0.9285228891176083]	[-1.1813777733848951e-10, -1.2194506515683656e-10, 4.246176589933595e-10]	[]
0.7213710789594525	0.27862892104054837	[0.2583352041547804, 0.2666611457993041, -0.9285228891176083]	[-1.1813777733848951e-10, -1.2194506515683656e-10, 4.246176589933595e-10]	[]
0.7255870571642182	0.27441294283578005	[0.2583352041547804, 0.2666611457993041, -0.9285228891176083]	[-1.1813777733848951e-10, -1.2194506515683656e-10, 4.246176589933595e-10]	[]
0.7091418175885296	0.29085818241147043	[0.2583352041547804, 0.2666611457993041, -0.9285228891176083]	[-1.1813777733848951e-10, -1.2194506515683656e-10, 4.246176589933595e-10]	[]
0.6709074680809259	0.32909253191907445	[0.2583352041547804, 0.2666611457993041, -0.9285228891176083]	[-1.1813777733848951e-10, -1.2194506515683656e-10, 4.246176589933595e-10]	[]
0.7062738147896026	0.2937261852103977	[0.2583352041547804, 0.2666611457993041, -0.9285228891176083]	[-1.1813777733848951e-10, -1.2194506515683656e-10, 4.246176589933595e-10]	[]
0.6883181581536416	0.31168184184635883	[0.2583352041547804, 0.2666611457993041, -0.9285228891176083]	[-1.1813777733848951e-10, -1.2194506515683656e-10, 4.246176589933595e-10]	[]
0.6741997929379512	0.3258002070620492	[0.2583352041547804, 0.2666611457993041, -0.9285228891176083]	[-1.1813777733848951e-10, -1.2194506515683656e-10, 4.246176589933595e-10]	[]
0.7263607095535306	0.2736392904464686	[0.2583352041547804, 0.2666611457993041, -0.9285228891176083]	[-1.1813777733848951e-10, -1.2194506515683656e-10, 4.246176589933595e-10]	[]
0.7092843589160908	0.2907156410839095	[0.2583352041547804, 0.2666611457993041, -0.9285228891176083]	[-1.1813777733848951e-10, -1.2194506515683656e-10, 4.246176589933595e-10]	[]
0.6854251376406485	0.31457486235935184	[0.2583352041547804, 0.2666611457993041, -0.9285228891176083]	[-1.1813777733848951e-10, -1.2194506515683656e-10, 4.246176589933595e-10]	[]
0.7264807563452303	0.2735192436547711	[0.2583352041547804, 0.2666611457993041, -0.9285228891176083]	[-1.1813777733848951e-10, -1.2194506515683656e-10, 4.246176589933595e-10]	[]
0.7095075539665955	0.2904924460334042	[0.2583352041547804, 0.2666611457993041, -0.9285228891176083]	[-1.1813777733848951e-10, -1.2194506515683656e-10, 4.246176589933595e-10]	[]
0.7138455808004706	0.2861544191995296	[0.2583352041547804, 0.2666611457993041, -0.9285228891176083]	[-1.1813777733848951e-10, -1.2194506515683656e-10, 4.246176589933595e-10]	[]
0.722104338349269	0.2778956616507294	[0.2583352041547804, 0.2666611457993041, -0.9285228891176083]	[-1.1813777733848951e-10, -1.2194506515683656e-10, 4.246176589933595e-10]	[]
0.7078880047157803	0.29211199528421933	[0.7905674396866558, -0.4099690661387028, -0.45489393062190403]	[-8.246761606933717e-11, 4.276534681935118e-11, 4.7453008238869404e-11]	[]
0.7185544255908802	0.2814455744091215	[0.7905674396866558, -0.4099690661387028, -0.45489393062190403]	[-8.246761606933717e-11, 4.276534681935118e-11, 4.7453008238869404e-11]	[]
0.6731612687229745	0.3268387312770255	[0.7905674396866558, -0.4099690661387028, -0.45489393062190403]	[-8.246761606933717e-11, 4.276534681935118e-11, 4.7453008238869404e-11]	[]
0.7057677189331925	0.29423228106680754	[0.7905674396866558, -0.4099690661387028, -0.45489393062190403]	[-8.246761606933717e-11, 4.276534681935118e-11, 4.7453008238869404e-11]	[]
0.7308908695902675	0.2691091304097316	[0.7905674396866558, -0.4099690661387028, -0.45489393062190403]	[-8.246761606933717e-11, 4.276534681935118e-11, 4.7453008238869404e-11]	[]
0.678406423963698	0.32159357603630206	[0.7905674396866558, -0.4099690661387028, -0.45489393062190403]	[-8.246761606933717e-11, 4.276534681935118e-11, 4.7453008238869404e-11]	[]
0.6809273368602234	0.3190726631397758	[0.7905674396866558, -0.4099690661387028, -0.45489393062190403]	[-8.246761606933717e-11, 4.276534681935118e-11, 4.7453008238869404e-11]	[]
0.7075474432310352	0.2924525567689655	[0.7905674396866558, -0.4099690661387028, -0.45489393062190403]	[-8.246761606933717e-11, 4.276534681935118e-11, 4.7453008238869404e-11]	[]
0.7241405912047041	0.275859408795298	[0.7905674396866558, -0.4099690661387028, -0.45489393062190403]	[-8.246761606933717e-11, 4.276534681935118e-11, 4.7453008238869404e-11]	[]
0.7228278502042847	0.27717214979571536	[0.7905674396866558, -0.4099690661387028, -0.45489393062190403]	[-8.246761606933717e-11, 4.276534681935118e-11, 4.7453008238869404e-11]	[]
0.6923507726674212	0.30764922733257916	[0.7905674396866558, -0.4099690661387028, -0.45489393062190403]	[-8.246761606933717e-11, 4.276534681935118e-11, 4.7453008238869404e-11]	[]
0.6842666113531541	0.315733388646847	[0.7905674396866558, -0.4099690661387028, -0.45489393062190403]	[-8.246761606933717e-11, 4.276534681935118e-11, 4.7453008238869404e-11]	[]
0.700716343403149	0.29928365659685097	[0.7905674396866558, -0.4099690661387028, -0.45489393062190403]	[-8.246761606933717e-11, 4.276534681935118e-11, 4.7453008238869404e-11]	[]
0.6914927966967819	0.30850720330321973	[0.7905674396866558, -0.4099690661387028, -0.45489393062190403]	[-8.246761606933717e-11, 4.276534681935118e-11, 4.7453008238869404e-11]	[]
0.7006984592323157	0.299301540767683	[0.7905674396866558, -0.4099690661387028, -0.45489393062190403]	[-8.246761606933717e-11, 4.276534681935118e-11, 4.7453008238869404e-11]	[]
0.7068882063975651	0.2931117936024351	[-0.34762115204461297, 0.9189169746679398, 0.18641654518388928]	[-0.11997825638762115, 0.31715577644567006, 0.06433996297813131]	[]
0.6894306446100468	0.31056935538995584	[-0.34762115204461297, 0.9189169746679398, 0.18641654518388928]	[-0.11997825638762115, 0.31715577644567006, 0.06433996297813131]	[]
0.716301571988952	0.28369842801104694	[-0.34762115204461297, 0.9189169746679398, 0.18641654518388928]	[-0.11997825638762115, 0.31715577644567006, 0.06433996297813131]	[]
0.674510923378786	0.3254890766212137	[-0.34762115204461297, 0.9189169746679398, 0.18641654518388928]	[-0.11997825638762115, 0.31715577644567006, 0.06433996297813131]	[]
0.6840503160518059	0.3159496839481926	[-0.34762115204461297, 0.9189169746679398, 0.18641654518388928]	[-0.11997825638762115, 0.31715577644567006, 0.06433996297813131]	[]
0.7207464840524828	0.2792535159475183	[-0.34762115204461297, 0.9189169746679398, 0.18641654518388928]	[-0.11997825638762115, 0.31715577644567006, 0.06433996297813131]	[]
0.6811205044714232	0.31887949552857686	[-0.34762115204461297, 0.9189169746679398, 0.18641654518388928]	[-0.11997825638762115, 0.31715577644567006, 0.06433996297813131]	[]
0.7115642975944265	0.2884357024055728	[-0.34762115204461297, 0.9189169746679398, 0.18641654518388928]	[-0.11997825638762115, 0.31715577644567006, 0.06433996297813131]	[]
0.7036095995158955	0.29639040048410414	[-0.34762115204461297, 0.9189169746679398, 0.18641654518388928]	[-0.11997825638762115, 0.31715577644567006, 0.06433996297813131]	[]
0.7025973913631837	0.29740260863681645	[-0.34762115204461297, 0.9189169746679398, 0.18641654518388928]	[-0.11997825638762115, 0.31715577644567006, 0.06433996297813131]	[]
0.7137998632036024	0.28620013679639955	[-0.34762115204461297, 0.9189169746679398, 0.18641654518388928]	[-0.11997825638762115, 0.31715577644567006, 0.06433996297813131]	[]
0.6879387221258226	0.31206127787417687	[-0.34762115204461297, 0.9189169746679398, 0.18641654518388928]	[-0.11997825638762115, 0.31715577644567006, 0.06433996297813131]	[]
0.7214936821290823	0.2785063178709182	[-0.34762115204461297, 0.9189169746679398, 0.18641654518388928]	[-0.11997825638762115, 0.31715577644567006, 0.06433996297813131]	[]
0.7155939241520899	0.2844060758479109	[-0.34762115204461297, 0.9189169746679398, 0.18641654518388928]	[-0.11997825638762115, 0.31715577644567006, 0.06433996297813131]	[]
0.7208157000506668	0.2791842999493346	[-0.34762115204461297, 0.9189169746679398, 0.18641654518388928]	[-0.11997825638762115, 0.31715577644567006, 0.06433996297813131]	[]
