0.5909508079988742	0.4090491920011254	[-0.8967199604030236, -0.3985307365811651, -0.19252678934338915]	[7.473949237279953e-11, 3.3216651651457596e-11, 1.6046448418055986e-11]	[]
0.6287250632319044	0.371274936768096	[-0.8967199604030236, -0.3985307365811651, -0.19252678934338915]	[7.473949237279953e-11, 3.3216651651457596e-11, 1.6046448418055986e-11]	[]
0.6221298331569911	0.37787016684300917	[-0.8967199604030236, -0.3985307365811651, -0.19252678934338915]	[7.473949237279953e-11, 3.3216651651457596e-11, 1.6046448418055986e-11]	[]
0.5929390041259432	0.4070609958740561	[-0.8967199604030236, -0.3985307365811651, -0.19252678934338915]	[7.473949237279953e-11, 3.3216651651457596e-11, 1.6046448418055986e-11]	[]
0.6190441244232947	0.38095587557670696	[-0.8967199604030236, -0.3985307365811651, -0.19252678934338915]	[7.473949237279953e-11, 3.3216651651457596e-11, 1.6046448418055986e-11]	[]
0.6294611345526532	0.3705388654473471	[-0.8967199604030236, -0.3985307365811651, -0.19252678934338915]	[7.473949237279953e-11, 3.3216651651457596e-11, 1.6046448418055986e-11]	[]
0.6307178193783096	0.36928218062168955	[-0.8967199604030236, -0.3985307365811651, -0.19252678934338915]	[7.473949237279953e-11, 3.3216651651457596e-11, 1.6046448418055986e-11]	[]
0.6277748854621148	0.372225114537885	[-0.8967199604030236, -0.3985307365811651, -0.19252678934338915]	[7.473949237279953e-11, 3.3216651651457596e-11, 1.6046448418055986e-11]	[]
0.6211666395745761	0.378833360425423	[-0.8967199604030236, -0.3985307365811651, -0.19252678934338915]	[7.473949237279953e-11, 3.3216651651457596e-11, 1.6046448418055986e-11]	[]
0.6349184028967959	0.3650815971032032	[-0.8967199604030236, -0.3985307365811651, -0.19252678934338915]	[7.473949237279953e-11, 3.3216651651457596e-11, 1.6046448418055986e-11]	[]
0.6022622023074342	0.39773779769256407	[-0.8967199604030236, -0.3985307365811651, -0.19252678934338915]	[7.473949237279953e-11, 3.3216651651457596e-11, 1.6046448418055986e-11]	[]
0.6208229597901026	0.37917704020989756	[-0.8967199604030236, -0.3985307365811651, -0.19252678934338915]	[7.473949237279953e-11, 3.3216651651457596e-11, 1.6046448418055986e-11]	[]
0.6351667967713517	0.36483320322864865	[-0.8967199604030236, -0.3985307365811651, -0.19252678934338915]	[7.473949237279953e-11, 3.3216651651457596e-11, 1.6046448418055986e-11]	[]
0.6390898933652737	0.36091010663472795	[-0.8967199604030236, -0.3985307365811651, -0.19252678934338915]	[7.473949237279953e-11, 3.3216651651457596e-11, 1.6046448418055986e-11]	[]
0.6242044827434713	0.3757955172565297	[-0.8967199604030236, -0.3985307365811651, -0.19252678934338915]	[7.473949237279953e-11, 3.3216651651457596e-11, 1.6046448418055986e-11]	[]
0.6306656742758118	0.3693343257241876	[0.676674149324106, 0.7295359302927178, -0.09944557329733784]	[-6.454614620565735e-12, -6.958877918350481e-12, 9.48758465294336e-13]	[]
0.634925752217844	0.365074247782154	[0.676674149324106, 0.7295359302927178, -0.09944557329733784]	[-6.454614620565735e-12, -6.958877918350481e-12, 9.48758465294336e-13]	[]
0.6029805537340059	0.3970194462659933	[0.676674149324106, 0.7295359302927178, -0.09944557329733784]	[-6.454614620565735e-12, -6.958877918350481e-12, 9.48758465294336e-13]	[]
0.6270113770390318	0.37298862296096713	[0.676674149324106, 0.7295359302927178, -0.09944557329733784]	[-6.454614620565735e-12, -6.958877918350481e-12, 9.48758465294336e-13]	[]
0.6224618099449593	0.3775381900550407	[0.676674149324106, 0.7295359302927178, -0.09944557329733784]	[-6.454614620565735e-12, -6.958877918350481e-12, 9.48758465294336e-13]	[]
0.6365626335150122	0.3634373664849873	[0.676674149324106, 0.7295359302927178, -0.09944557329733784]	[-6.454614620565735e-12, -6.958877918350481e-12, 9.48758465294336e-13]	[]
0.6250471763213085	0.3749528236786932	[0.676674149324106, 0.7295359302927178, -0.09944557329733784]	[-6.454614620565735e-12, -6.958877918350481e-12, 9.48758465294336e-13]	[]
0.6130816531909151	0.3869183468090853	[0.676674149324106, 0.7295359302927178, -0.09944557329733784]	[-6.454614620565735e-12, -6.958877918350481e-12, 9.48758465294336e-13]	[]
0.6223347735235912	0.37766522647640877	[0.676674149324106, 0.7295359302927178, -0.09944557329733784]	[-6.454614620565735e-12, -6.958877918350481e-12, 9.48758465294336e-13]	[]
0.6389232359236106	0.3610767640763888	[0.676674149324106, 0.7295359302927178, -0.09944557329733784]	[-6.454614620565735e-12, -6.958877918350481e-12, 9.48758465294336e-13]	[]
0.6221516125963688	0.3778483874036313	[0.676674149324106, 0.7295359302927178, -0.09944557329733784]	[-6.454614620565735e-12, -6.958877918350481e-12, 9.48758465294336e-13]	[]
0.6210091526344674	0.3789908473655325	[0.676674149324106, 0.7295359302927178, -0.09944557329733784]	[-6.454614620565735e-12, -6.958877918350481e-12, 9.48758465294336e-13]	[]
0.6337630862184868	0.3662369137815139	[0.676674149324106, 0.7295359302927178, -0.09944557329733784]	[-6.454614620565735e-12, -6.958877918350481e-12, 9.48758465294336e-13]	[]
0.6221371281296332	0.37786287187036705	[0.676674149324106, 0.7295359302927178, -0.09944557329733784]	[-6.454614620565735e-12, -6.958877918350481e-12, 9.48758465294336e-13]	[]
0.5961535372544176	0.403846462745582	[0.676674149324106, 0.7295359302927178, -0.09944557329733784]	[-6.454614620565735e-12, -6.958877918350481e-12, 9.48758465294336e-13]	[]
0.619101138593073	0.3808988614069255	[-0.9499068927120775, -0.10824751702892606, 0.29318828461444]	[-0.5872089102707121, -0.0669159335527977, 0.1812417347778612]	[]
0.6255973743424487	0.37440262565755217	[-0.9499068927120775, -0.10824751702892606, 0.29318828461444]	[-0.5872089102707121, -0.0669159335527977, 0.1812417347778612]	[]
0.6331471194614156	0.36685288053858456	[-0.9499068927120775, -0.10824751702892606, 0.29318828461444]	[-0.5872089102707121, -0.0669159335527977, 0.1812417347778612]	[]
0.6364794047422327	0.36352059525776775	[-0.9499068927120775, -0.10824751702892606, 0.29318828461444]	[-0.5872089102707121, -0.0669159335527977, 0.1812417347778612]	[]
0.6304124908147388	0.36958750918526045	[-0.9499068927120775, -0.10824751702892606, 0.29318828461444]	[-0.5872089102707121, -0.0669159335527977, 0.1812417347778612]	[]
0.602954844583937	0.3970451554160621	[-0.9499068927120775, -0.10824751702892606, 0.29318828461444]	[-0.5872089102707121, -0.0669159335527977, 0.1812417347778612]	[]
0.6301629129293395	0.3698370870706606	[-0.9499068927120775, -0.10824751702892606, 0.29318828461444]	[-0.5872089102707121, -0.0669159335527977, 0.1812417347778612]	[]
0.6311712446088996	0.3688287553911007	[-0.9499068927120775, -0.10824751702892606, 0.29318828461444]	[-0.5872089102707121, -0.0669159335527977, 0.1812417347778612]	[]
0.6415161608319826	0.3584838391680159	[-0.9499068927120775, -0.10824751702892606, 0.29318828461444]	[-0.5872089102707121, -0.0669159335527977, 0.1812417347778612]	[]
0.6398357448200837	0.36016425517991557	[-0.9499068927120775, -0.10824751702892606, 0.29318828461444]	[-0.5872089102707121, -0.0669159335527977, 0.1812417347778612]	[]
0.6234203181018517	0.3765796818981487	[-0.9499068927120775, -0.10824751702892606, 0.29318828461444]	[-0.5872089102707121, -0.0669159335527977, 0.1812417347778612]	[]
0.6274482423944759	0.37255175760552633	[-0.9499068927120775, -0.10824751702892606, 0.29318828461444]	[-0.5872089102707121, -0.0669159335527977, 0.1812417347778612]	[]
0.6388840201176427	0.36111597988235755	[-0.9499068927120775, -0.10824751702892606, 0.29318828461444]	[-0.5872089102707121, -0.0669159335527977, 0.1812417347778612]	[]
0.6216825284957362	0.37831747150426354	[-0.9499068927120775, -0.10824751702892606, 0.29318828461444]	[-0.5872089102707121, -0.0669159335527977, 0.1812417347778612]	[]
0.6228904780454642	0.3771095219545354	[-0.9499068927120775, -0.10824751702892606, 0.29318828461444]	[-0.5872089102707121, -0.0669159335527977, 0.1812417347778612]	[]
0.6307281028514737	0.3692718971485275	[0.4539532791492059, -0.7980543691144837, 0.3962772316030363]	[0.22588394010129148, -0.39710620804080454, 0.19718474688560345]	[]
0.6327194235388137	0.3672805764611864	[0.4539532791492059, -0.7980543691144837, 0.3962772316030363]	[0.22588394010129148, -0.39710620804080454, 0.19718474688560345]	[]
0.6058466458694785	0.3941533541305215	[0.4539532791492059, -0.7980543691144837, 0.3962772316030363]	[0.22588394010129148, -0.39710620804080454, 0.19718474688560345]	[]
0.6372369725653919	0.3627630274346093	[0.4539532791492059, -0.7980543691144837, 0.3962772316030363]	[0.22588394010129148, -0.39710620804080454, 0.19718474688560345]	[]
0.6219887471061011	0.3780112528938989	[0.4539532791492059, -0.7980543691144837, 0.3962772316030363]	[0.22588394010129148, -0.39710620804080454, 0.19718474688560345]	[]
0.6214384980820169	0.3785615019179821	[0.4539532791492059, -0.7980543691144837, 0.3962772316030363]	[0.22588394010129148, -0.39710620804080454, 0.19718474688560345]	[]
0.6225713530910671	0.3774286469089329	[0.4539532791492059, -0.7980543691144837, 0.3962772316030363]	[0.22588394010129148, -0.39710620804080454, 0.19718474688560345]	[]
0.6363582252427209	0.363641774757277	[0.4539532791492059, -0.7980543691144837, 0.3962772316030363]	[0.22588394010129148, -0.39710620804080454, 0.19718474688560345]	[]
0.6008977654411298	0.3991022345588696	[0.4539532791492059, -0.7980543691144837, 0.3962772316030363]	[0.22588394010129148, -0.39710620804080454, 0.19718474688560345]	[]
0.6241331403426796	0.3758668596573194	[0.4539532791492059, -0.7980543691144837, 0.3962772316030363]	[0.22588394010129148, -0.39710620804080454, 0.19718474688560345]	[]
0.6024562115157787	0.3975437884842214	[0.4539532791492059, -0.7980543691144837, 0.3962772316030363]	[0.22588394010129148, -0.39710620804080454, 0.19718474688560345]	[]
0.5930665458940699	0.4069334541059295	[0.4539532791492059, -0.7980543691144837, 0.3962772316030363]	[0.22588394010129148, -0.39710620804080454, 0.19718474688560345]	[]
0.5918475243504262	0.40815247564957274	[0.4539532791492059, -0.7980543691144837, 0.3962772316030363]	[0.22588394010129148, -0.39710620804080454, 0.19718474688560345]	[]
0.6112738898004068	0.38872611019959286	[0.4539532791492059, -0.7980543691144837, 0.3962772316030363]	[0.22588394010129148, -0.39710620804080454, 0.19718474688560345]	[]
0.6387912845888072	0.3612087154111933	[0.4539532791492059, -0.7980543691144837, 0.3962772316030363]	[0.22588394010129148, -0.39710620804080454, 0.19718474688560345]	[]
0.6194470647201966	0.3805529352798039	[0.9934892610906425, 0.10227583006198158, -0.05018707684954202]	[2.7256637225026026e-10, 2.805962406871032e-11, -1.3775184846119443e-11]	[]
0.6404825914618418	0.3595174085381585	[0.9934892610906425, 0.10227583006198158, -0.05018707684954202]	[2.7256637225026026e-10, 2.805962406871032e-11, -1.3775184846119443e-11]	[]
0.6311591029593199	0.3688408970406805	[0.9934892610906425, 0.10227583006198158, -0.05018707684954202]	[2.7256637225026026e-10, 2.805962406871032e-11, -1.3775184846119443e-11]	[]
0.6072003383128675	0.3927996616871327	[0.9934892610906425, 0.10227583006198158, -0.05018707684954202]	[2.7256637225026026e-10, 2.805962406871032e-11, -1.3775184846119443e-11]	[]
0.6280329312447972	0.3719670687552032	[0.9934892610906425, 0.10227583006198158, -0.05018707684954202]	[2.7256637225026026e-10, 2.805962406871032e-11, -1.3775184846119443e-11]	[]
0.6281770160797339	0.37182298392026575	[0.9934892610906425, 0.10227583006198158, -0.05018707684954202]	[2.7256637225026026e-10, 2.805962406871032e-11, -1.3775184846119443e-11]	[]
0.5912599537243013	0.4087400462756988	[0.9934892610906425, 0.10227583006198158, -0.05018707684954202]	[2.7256637225026026e-10, 2.805962406871032e-11, -1.3775184846119443e-11]	[]
0.6043493696596232	0.39565063034037556	[0.9934892610906425, 0.10227583006198158, -0.05018707684954202]	[2.7256637225026026e-10, 2.805962406871032e-11, -1.3775184846119443e-11]	[]
0.6413875484514153	0.35861245154858523	[0.9934892610906425, 0.10227583006198158, -0.05018707684954202]	[2.7256637225026026e-10, 2.805962406871032e-11, -1.3775184846119443e-11]	[]
0.638926070910027	0.36107392908997243	[0.9934892610906425, 0.10227583006198158, -0.05018707684954202]	[2.7256637225026026e-10, 2.805962406871032e-11, -1.3775184846119443e-11]	[]
0.6174205500288958	0.38257944997110416	[0.9934892610906425, 0.10227583006198158, -0.05018707684954202]	[2.7256637225026026e-10, 2.805962406871032e-11, -1.3775184846119443e-11]	[]
0.5910373474179975	0.4089626525820014	[0.9934892610906425, 0.10227583006198158, -0.05018707684954202]	[2.7256637225026026e-10, 2.805962406871032e-11, -1.3775184846119443e-11]	[]
0.5905002638171266	0.40949973618287355	[0.9934892610906425, 0.10227583006198158, -0.05018707684954202]	[2.7256637225026026e-10, 2.805962406871032e-11, -1.3775184846119443e-11]	[]
0.6161122430625292	0.38388775693746974	[0.9934892610906425, 0.10227583006198158, -0.05018707684954202]	[2.7256637225026026e-10, 2.805962406871032e-11, -1.3775184846119443e-11]	[]
0.6290634049748698	0.37093659502513077	[0.9934892610906425, 0.10227583006198158, -0.05018707684954202]	[2.7256637225026026e-10, 2.805962406871032e-11, -1.3775184846119443e-11]	[]
