0.5777113785301449	0.42228862146985646	[0.3094348983870812, -0.1323650082722765, 0.9416631819526858]	[0.2179910835270204, -0.09324866627758878, 0.6633840540331821]	[]
0.6004125689839329	0.39958743101606775	[0.3094348983870812, -0.1323650082722765, 0.9416631819526858]	[0.2179910835270204, -0.09324866627758878, 0.6633840540331821]	[]
0.5794305856937123	0.4205694143062879	[0.3094348983870812, -0.1323650082722765, 0.9416631819526858]	[0.2179910835270204, -0.09324866627758878, 0.6633840540331821]	[]
0.5557667628097729	0.44423323719022684	[0.3094348983870812, -0.1323650082722765, 0.9416631819526858]	[0.2179910835270204, -0.09324866627758878, 0.6633840540331821]	[]
0.5640931949056717	0.4359068050943292	[0.3094348983870812, -0.1323650082722765, 0.9416631819526858]	[0.2179910835270204, -0.09324866627758878, 0.6633840540331821]	[]
0.5950796955407435	0.40492030445925664	[0.3094348983870812, -0.1323650082722765, 0.9416631819526858]	[0.2179910835270204, -0.09324866627758878, 0.6633840540331821]	[]
0.5866536470370526	0.4133463529629469	[0.3094348983870812, -0.1323650082722765, 0.9416631819526858]	[0.2179910835270204, -0.09324866627758878, 0.6633840540331821]	[]
0.5718298931516478	0.428170106848353	[0.3094348983870812, -0.1323650082722765, 0.9416631819526858]	[0.2179910835270204, -0.09324866627758878, 0.6633840540331821]	[]
0.5970704867490516	0.4029295132509484	[0.3094348983870812, -0.1323650082722765, 0.9416631819526858]	[0.2179910835270204, -0.09324866627758878, 0.6633840540331821]	[]
0.5854387110474367	0.41456128895256267	[0.3094348983870812, -0.1323650082722765, 0.9416631819526858]	[0.2179910835270204, -0.09324866627758878, 0.6633840540331821]	[]
0.5794667737338047	0.4205332262661971	[0.3094348983870812, -0.1323650082722765, 0.9416631819526858]	[0.2179910835270204, -0.09324866627758878, 0.6633840540331821]	[]
0.5974216601712297	0.4025783398287705	[0.3094348983870812, -0.1323650082722765, 0.9416631819526858]	[0.2179910835270204, -0.09324866627758878, 0.6633840540331821]	[]
0.5901241306840534	0.4098758693159462	[0.3094348983870812, -0.1323650082722765, 0.9416631819526858]	[0.2179910835270204, -0.09324866627758878, 0.6633840540331821]	[]
0.5929267851012887	0.40707321489871096	[0.3094348983870812, -0.1323650082722765, 0.9416631819526858]	[0.2179910835270204, -0.09324866627758878, 0.6633840540331821]	[]
0.590995060616262	0.40900493938373833	[0.3094348983870812, -0.1323650082722765, 0.9416631819526858]	[0.2179910835270204, -0.09324866627758878, 0.6633840540331821]	[]
0.584296361898228	0.4157036381017729	[-0.7001490347575112, -0.1937091425410778, 0.6872176490924298]	[-0.34723962220665106, -0.09607024524033543, 0.3408262884019326]	[]
0.5905616847527043	0.40943831524729674	[-0.7001490347575112, -0.1937091425410778, 0.6872176490924298]	[-0.34723962220665106, -0.09607024524033543, 0.3408262884019326]	[]
0.597680268593666	0.402319731406334	[-0.7001490347575112, -0.1937091425410778, 0.6872176490924298]	[-0.34723962220665106, -0.09607024524033543, 0.3408262884019326]	[]
0.5963371079406958	0.4036628920593051	[-0.7001490347575112, -0.1937091425410778, 0.6872176490924298]	[-0.34723962220665106, -0.09607024524033543, 0.3408262884019326]	[]
0.5929833340954673	0.4070166659045329	[-0.7001490347575112, -0.1937091425410778, 0.6872176490924298]	[-0.34723962220665106, -0.09607024524033543, 0.3408262884019326]	[]
0.5769334387984448	0.42306656120155584	[-0.7001490347575112, -0.1937091425410778, 0.6872176490924298]	[-0.34723962220665106, -0.09607024524033543, 0.3408262884019326]	[]
0.559161107110896	0.4408388928891038	[-0.7001490347575112, -0.1937091425410778, 0.6872176490924298]	[-0.34723962220665106, -0.09607024524033543, 0.3408262884019326]	[]
0.5731616603221974	0.42683833967780244	[-0.7001490347575112, -0.1937091425410778, 0.6872176490924298]	[-0.34723962220665106, -0.09607024524033543, 0.3408262884019326]	[]
0.5634434975611271	0.4365565024388729	[-0.7001490347575112, -0.1937091425410778, 0.6872176490924298]	[-0.34723962220665106, -0.09607024524033543, 0.3408262884019326]	[]
0.5876787257707986	0.4123212742292018	[-0.7001490347575112, -0.1937091425410778, 0.6872176490924298]	[-0.34723962220665106, -0.09607024524033543, 0.3408262884019326]	[]
0.5952752273735081	0.4047247726264916	[-0.7001490347575112, -0.1937091425410778, 0.6872176490924298]	[-0.34723962220665106, -0.09607024524033543, 0.3408262884019326]	[]
0.561163252140843	0.43883674785915483	[-0.7001490347575112, -0.1937091425410778, 0.6872176490924298]	[-0.34723962220665106, -0.09607024524033543, 0.3408262884019326]	[]
0.5985505999726616	0.40144940002733787	[-0.7001490347575112, -0.1937091425410778, 0.6872176490924298]	[-0.34723962220665106, -0.09607024524033543, 0.3408262884019326]	[]
0.5841797537057404	0.41582024629425796	[-0.7001490347575112, -0.1937091425410778, 0.6872176490924298]	[-0.34723962220665106, -0.09607024524033543, 0.3408262884019326]	[]
0.5978808820738021	0.40211911792619737	[-0.7001490347575112, -0.1937091425410778, 0.6872176490924298]	[-0.34723962220665106, -0.09607024524033543, 0.3408262884019326]	[]
0.5954325854232683	0.404567414576732	[0.23808821441638053, -0.844731138705738, 0.47931545505744627]	[0.09604588708897248, -0.34076844907064974, 0.19335807187808177]	[]
0.5996393679453619	0.40036063205463807	[0.23808821441638053, -0.844731138705738, 0.47931545505744627]	[0.09604588708897248, -0.34076844907064974, 0.19335807187808177]	[]
0.5887039991655331	0.41129600083446705	[0.23808821441638053, -0.844731138705738, 0.47931545505744627]	[0.09604588708897248, -0.34076844907064974, 0.19335807187808177]	[]
0.570421021921946	0.42957897807805545	[0.23808821441638053, -0.844731138705738, 0.47931545505744627]	[0.09604588708897248, -0.34076844907064974, 0.19335807187808177]	[]
0.5846362917248643	0.41536370827513536	[0.23808821441638053, -0.844731138705738, 0.47931545505744627]	[0.09604588708897248, -0.34076844907064974, 0.19335807187808177]	[]
0.5910488725839539	0.40895112741604706	[0.23808821441638053, -0.844731138705738, 0.47931545505744627]	[0.09604588708897248, -0.34076844907064974, 0.19335807187808177]	[]
0.5869654437645117	0.4130345562354874	[0.23808821441638053, -0.844731138705738, 0.47931545505744627]	[0.09604588708897248, -0.34076844907064974, 0.19335807187808177]	[]
0.5808025736356442	0.41919742636435453	[0.23808821441638053, -0.844731138705738, 0.47931545505744627]	[0.09604588708897248, -0.34076844907064974, 0.19335807187808177]	[]
0.5920400720413389	0.40795992795866054	[0.23808821441638053, -0.844731138705738, 0.47931545505744627]	[0.09604588708897248, -0.34076844907064974, 0.19335807187808177]	[]
0.5783570007940922	0.42164299920590764	[0.23808821441638053, -0.844731138705738, 0.47931545505744627]	[0.09604588708897248, -0.34076844907064974, 0.19335807187808177]	[]
0.5781770204598256	0.42182297954017395	[0.23808821441638053, -0.844731138705738, 0.47931545505744627]	[0.09604588708897248, -0.34076844907064974, 0.19335807187808177]	[]
0.5779307558388052	0.4220692441611946	[0.23808821441638053, -0.844731138705738, 0.47931545505744627]	[0.09604588708897248, -0.34076844907064974, 0.19335807187808177]	[]
0.5555934356386691	0.4444065643613318	[0.23808821441638053, -0.844731138705738, 0.47931545505744627]	[0.09604588708897248, -0.34076844907064974, 0.19335807187808177]	[]
0.5600299232478937	0.4399700767521062	[0.23808821441638053, -0.844731138705738, 0.47931545505744627]	[0.09604588708897248, -0.34076844907064974, 0.19335807187808177]	[]
0.6009193014317082	0.399080698568292	[0.23808821441638053, -0.844731138705738, 0.47931545505744627]	[0.09604588708897248, -0.34076844907064974, 0.19335807187808177]	[]
0.584162814224172	0.4158371857758275	[-0.7112575040130952, -0.19966050786462247, 0.6739795579869636]	[-0.35043692072534366, -0.09837283005347157, 0.3320700584530229]	[]
0.5916773389662184	0.40832266103378106	[-0.7112575040130952, -0.19966050786462247, 0.6739795579869636]	[-0.35043692072534366, -0.09837283005347157, 0.3320700584530229]	[]
0.5761875834151967	0.42381241658480273	[-0.7112575040130952, -0.19966050786462247, 0.6739795579869636]	[-0.35043692072534366, -0.09837283005347157, 0.3320700584530229]	[]
0.5856439040177495	0.41435609598225026	[-0.7112575040130952, -0.19966050786462247, 0.6739795579869636]	[-0.35043692072534366, -0.09837283005347157, 0.3320700584530229]	[]
0.5878852231886605	0.4121147768113394	[-0.7112575040130952, -0.19966050786462247, 0.6739795579869636]	[-0.35043692072534366, -0.09837283005347157, 0.3320700584530229]	[]
0.5559754259026918	0.44402457409730794	[-0.7112575040130952, -0.19966050786462247, 0.6739795579869636]	[-0.35043692072534366, -0.09837283005347157, 0.3320700584530229]	[]
0.5825206486069743	0.4174793513930267	[-0.7112575040130952, -0.19966050786462247, 0.6739795579869636]	[-0.35043692072534366, -0.09837283005347157, 0.3320700584530229]	[]
0.5723702496032459	0.4276297503967544	[-0.7112575040130952, -0.19966050786462247, 0.6739795579869636]	[-0.35043692072534366, -0.09837283005347157, 0.3320700584530229]	[]
0.5850607818344807	0.41493921816551904	[-0.7112575040130952, -0.19966050786462247, 0.6739795579869636]	[-0.35043692072534366, -0.09837283005347157, 0.3320700584530229]	[]
0.5989020509989678	0.40109794900103174	[-0.7112575040130952, -0.19966050786462247, 0.6739795579869636]	[-0.35043692072534366, -0.09837283005347157, 0.3320700584530229]	[]
0.5793653626505199	0.4206346373494799	[-0.7112575040130952, -0.19966050786462247, 0.6739795579869636]	[-0.35043692072534366, -0.09837283005347157, 0.3320700584530229]	[]
0.5536465717542199	0.44635342824577917	[-0.7112575040130952, -0.19966050786462247, 0.6739795579869636]	[-0.35043692072534366, -0.09837283005347157, 0.3320700584530229]	[]
0.5625527944232037	0.43744720557679617	[-0.7112575040130952, -0.19966050786462247, 0.6739795579869636]	[-0.35043692072534366, -0.09837283005347157, 0.3320700584530229]	[]
0.5869222989505644	0.4130777010494353	[-0.7112575040130952, -0.19966050786462247, 0.6739795579869636]	[-0.35043692072534366, -0.09837283005347157, 0.3320700584530229]	[]
0.599896734727189	0.40010326527281176	[-0.7112575040130952, -0.19966050786462247, 0.6739795579869636]	[-0.35043692072534366, -0.09837283005347157, 0.3320700584530229]	[]
0.5645421121606937	0.4354578878393051	[-0.050640326683014644, -0.22034584522429543, -0.9741063934734381]	[2.0885584928187484e-11, 9.087684771369453e-11, 4.017501722287433e-10]	[]
0.5731956733015611	0.4268043266984404	[-0.050640326683014644, -0.22034584522429543, -0.9741063934734381]	[2.0885584928187484e-11, 9.087684771369453e-11, 4.017501722287433e-10]	[]
0.5883082672918765	0.41169173270812354	[-0.050640326683014644, -0.22034584522429543, -0.9741063934734381]	[2.0885584928187484e-11, 9.087684771369453e-11, 4.017501722287433e-10]	[]
0.5587904426078883	0.4412095573921111	[-0.050640326683014644, -0.22034584522429543, -0.9741063934734381]	[2.0885584928187484e-11, 9.087684771369453e-11, 4.017501722287433e-10]	[]
0.5938457759837767	0.406154224016224	[-0.050640326683014644, -0.22034584522429543, -0.9741063934734381]	[2.0885584928187484e-11, 9.087684771369453e-11, 4.017501722287433e-10]	[]
0.5675622674988541	0.43243773250114625	[-0.050640326683014644, -0.22034584522429543, -0.9741063934734381]	[2.0885584928187484e-11, 9.087684771369453e-11, 4.017501722287433e-10]	[]
0.5769422151409113	0.42305778485908857	[-0.050640326683014644, -0.22034584522429543, -0.9741063934734381]	[2.0885584928187484e-11, 9.087684771369453e-11, 4.017501722287433e-10]	[]
0.5877656040495287	0.412234395950473	[-0.050640326683014644, -0.22034584522429543, -0.9741063934734381]	[2.0885584928187484e-11, 9.087684771369453e-11, 4.017501722287433e-10]	[]
0.586779029903296	0.4132209700967035	[-0.050640326683014644, -0.22034584522429543, -0.9741063934734381]	[2.0885584928187484e-11, 9.087684771369453e-11, 4.017501722287433e-10]	[]
0.5614478698348438	0.4385521301651565	[-0.050640326683014644, -0.22034584522429543, -0.9741063934734381]	[2.0885584928187484e-11, 9.087684771369453e-11, 4.017501722287433e-10]	[]
0.5724694317877276	0.4275305682122709	[-0.050640326683014644, -0.22034584522429543, -0.9741063934734381]	[2.0885584928187484e-11, 9.087684771369453e-11, 4.017501722287433e-10]	[]
0.5866926468506064	0.413307353149393	[-0.050640326683014644, -0.22034584522429543, -0.9741063934734381]	[2.0885584928187484e-11, 9.087684771369453e-11, 4.017501722287433e-10]	[]
0.5540335341306815	0.4459664658693187	[-0.050640326683014644, -0.22034584522429543, -0.9741063934734381]	[2.0885584928187484e-11, 9.087684771369453e-11, 4.017501722287433e-10]	[]
0.5910458742389252	0.4089541257610745	[-0.050640326683014644, -0.22034584522429543, -0.9741063934734381]	[2.0885584928187484e-11, 9.087684771369453e-11, 4.017501722287433e-10]	[]
0.5564124145735293	0.44358758542647087	[-0.050640326683014644, -0.22034584522429543, -0.9741063934734381]	[2.0885584928187484e-11, 9.087684771369453e-11, 4.017501722287433e-10]	[]
