0.736237035270435	0.26376296472956473	[-0.5102634565406009, -0.8301503368155454, -0.22468115898818644]	[2.746673721798487e-11, 4.468576897398435e-11, 1.2094041015382327e-11]	[]
0.7514323795795959	0.2485676204204048	[-0.5102634565406009, -0.8301503368155454, -0.22468115898818644]	[2.746673721798487e-11, 4.468576897398435e-11, 1.2094041015382327e-11]	[]
0.75232301837793	0.24767698162207208	[-0.5102634565406009, -0.8301503368155454, -0.22468115898818644]	[2.746673721798487e-11, 4.468576897398435e-11, 1.2094041015382327e-11]	[]
0.7500094386305103	0.24999056136948936	[-0.5102634565406009, -0.8301503368155454, -0.22468115898818644]	[2.746673721798487e-11, 4.468576897398435e-11, 1.2094041015382327e-11]	[]
0.7355406257199184	0.26445937428008204	[-0.5102634565406009, -0.8301503368155454, -0.22468115898818644]	[2.746673721798487e-11, 4.468576897398435e-11, 1.2094041015382327e-11]	[]
0.7721518004719075	0.22784819952809243	[-0.5102634565406009, -0.8301503368155454, -0.22468115898818644]	[2.746673721798487e-11, 4.468576897398435e-11, 1.2094041015382327e-11]	[]
0.762540045865739	0.23745995413426166	[-0.5102634565406009, -0.8301503368155454, -0.22468115898818644]	[2.746673721798487e-11, 4.468576897398435e-11, 1.2094041015382327e-11]	[]
0.7782335246685886	0.22176647533141366	[-0.5102634565406009, -0.8301503368155454, -0.22468115898818644]	[2.746673721798487e-11, 4.468576897398435e-11, 1.2094041015382327e-11]	[]
0.7571230205585934	0.24287697944140715	[-0.5102634565406009, -0.8301503368155454, -0.22468115898818644]	[2.746673721798487e-11, 4.468576897398435e-11, 1.2094041015382327e-11]	[]
0.7761868388885932	0.2238131611114075	[-0.5102634565406009, -0.8301503368155454, -0.22468115898818644]	[2.746673721798487e-11, 4.468576897398435e-11, 1.2094041015382327e-11]	[]
0.7155494112366536	0.28445058876334484	[-0.5102634565406009, -0.8301503368155454, -0.22468115898818644]	[2.746673721798487e-11, 4.468576897398435e-11, 1.2094041015382327e-11]	[]
0.774106085505314	0.22589391449468602	[-0.5102634565406009, -0.8301503368155454, -0.22468115898818644]	[2.746673721798487e-11, 4.468576897398435e-11, 1.2094041015382327e-11]	[]
0.730950451725357	0.26904954827464256	[-0.5102634565406009, -0.8301503368155454, -0.22468115898818644]	[2.746673721798487e-11, 4.468576897398435e-11, 1.2094041015382327e-11]	[]
0.7227781064274614	0.2772218935725383	[-0.5102634565406009, -0.8301503368155454, -0.22468115898818644]	[2.746673721798487e-11, 4.468576897398435e-11, 1.2094041015382327e-11]	[]
0.7774699300640648	0.22253006993593516	[-0.5102634565406009, -0.8301503368155454, -0.22468115898818644]	[2.746673721798487e-11, 4.468576897398435e-11, 1.2094041015382327e-11]	[]
0.7557758525909737	0.24422414740902662	[0.6747861944784449, 0.7162854919145434, -0.17776019187106754]	[-2.941150101243295e-11, -3.12203596308791e-11, 7.747919441490606e-12]	[]
0.7587161639884722	0.24128383601152753	[0.6747861944784449, 0.7162854919145434, -0.17776019187106754]	[-2.941150101243295e-11, -3.12203596308791e-11, 7.747919441490606e-12]	[]
0.7240372085625141	0.2759627914374857	[0.6747861944784449, 0.7162854919145434, -0.17776019187106754]	[-2.941150101243295e-11, -3.12203596308791e-11, 7.747919441490606e-12]	[]
0.7709167415365865	0.22908325846341374	[0.6747861944784449, 0.7162854919145434, -0.17776019187106754]	[-2.941150101243295e-11, -3.12203596308791e-11, 7.747919441490606e-12]	[]
0.7722908464054673	0.22770915359453403	[0.6747861944784449, 0.7162854919145434, -0.17776019187106754]	[-2.941150101243295e-11, -3.12203596308791e-11, 7.747919441490606e-12]	[]
0.7731905106983556	0.2268094893016475	[0.6747861944784449, 0.7162854919145434, -0.17776019187106754]	[-2.941150101243295e-11, -3.12203596308791e-11, 7.747919441490606e-12]	[]
0.7192245674004139	0.2807754325995869	[0.6747861944784449, 0.7162854919145434, -0.17776019187106754]	[-2.941150101243295e-11, -3.12203596308791e-11, 7.747919441490606e-12]	[]
0.7274373961577001	0.27256260384229913	[0.6747861944784449, 0.7162854919145434, -0.17776019187106754]	[-2.941150101243295e-11, -3.12203596308791e-11, 7.747919441490606e-12]	[]
0.7168562837596768	0.28314371624032375	[0.6747861944784449, 0.7162854919145434, -0.17776019187106754]	[-2.941150101243295e-11, -3.12203596308791e-11, 7.747919441490606e-12]	[]
0.736490869449632	0.26350913055036745	[0.6747861944784449, 0.7162854919145434, -0.17776019187106754]	[-2.941150101243295e-11, -3.12203596308791e-11, 7.747919441490606e-12]	[]
0.7524756982988139	0.24752430170118433	[0.6747861944784449, 0.7162854919145434, -0.17776019187106754]	[-2.941150101243295e-11, -3.12203596308791e-11, 7.747919441490606e-12]	[]
0.765955589662656	0.23404441033734572	[0.6747861944784449, 0.7162854919145434, -0.17776019187106754]	[-2.941150101243295e-11, -3.12203596308791e-11, 7.747919441490606e-12]	[]
0.7728343852223865	0.22716561477761385	[0.6747861944784449, 0.7162854919145434, -0.17776019187106754]	[-2.941150101243295e-11, -3.12203596308791e-11, 7.747919441490606e-12]	[]
0.7449891636985334	0.25501083630146865	[0.6747861944784449, 0.7162854919145434, -0.17776019187106754]	[-2.941150101243295e-11, -3.12203596308791e-11, 7.747919441490606e-12]	[]
0.7241094456484161	0.27589055435158344	[0.6747861944784449, 0.7162854919145434, -0.17776019187106754]	[-2.941150101243295e-11, -3.12203596308791e-11, 7.747919441490606e-12]	[]
0.7515853268531394	0.24841467314686022	[0.07770387124833221, -0.985054431847529, -0.15372011804108196]	[-4.375069750928162e-12, 5.546253734056705e-11, 8.655032198315428e-12]	[]
0.7520331710565715	0.2479668289434284	[0.07770387124833221, -0.985054431847529, -0.15372011804108196]	[-4.375069750928162e-12, 5.546253734056705e-11, 8.655032198315428e-12]	[]
0.7550353803618586	0.24496461963814184	[0.07770387124833221, -0.985054431847529, -0.15372011804108196]	[-4.375069750928162e-12, 5.546253734056705e-11, 8.655032198315428e-12]	[]
0.7502584098605869	0.2497415901394144	[0.07770387124833221, -0.985054431847529, -0.15372011804108196]	[-4.375069750928162e-12, 5.546253734056705e-11, 8.655032198315428e-12]	[]
0.7488131393366902	0.25118686066330936	[0.07770387124833221, -0.985054431847529, -0.15372011804108196]	[-4.375069750928162e-12, 5.546253734056705e-11, 8.655032198315428e-12]	[]
0.7645201130478988	0.23547988695210112	[0.07770387124833221, -0.985054431847529, -0.15372011804108196]	[-4.375069750928162e-12, 5.546253734056705e-11, 8.655032198315428e-12]	[]
0.7357899448625607	0.26421005513743867	[0.07770387124833221, -0.985054431847529, -0.15372011804108196]	[-4.375069750928162e-12, 5.546253734056705e-11, 8.655032198315428e-12]	[]
0.7441808074973233	0.2558191925026763	[0.07770387124833221, -0.985054431847529, -0.15372011804108196]	[-4.375069750928162e-12, 5.546253734056705e-11, 8.655032198315428e-12]	[]
0.7417182789324677	0.2582817210675311	[0.07770387124833221, -0.985054431847529, -0.15372011804108196]	[-4.375069750928162e-12, 5.546253734056705e-11, 8.655032198315428e-12]	[]
0.7508119769998772	0.24918802300012396	[0.07770387124833221, -0.985054431847529, -0.15372011804108196]	[-4.375069750928162e-12, 5.546253734056705e-11, 8.655032198315428e-12]	[]
0.7202862438546817	0.2797137561453176	[0.07770387124833221, -0.985054431847529, -0.15372011804108196]	[-4.375069750928162e-12, 5.546253734056705e-11, 8.655032198315428e-12]	[]
0.7248539136767427	0.2751460863232573	[0.07770387124833221, -0.985054431847529, -0.15372011804108196]	[-4.375069750928162e-12, 5.546253734056705e-11, 8.655032198315428e-12]	[]
0.7412925999185055	0.25870740008149395	[0.07770387124833221, -0.985054431847529, -0.15372011804108196]	[-4.375069750928162e-12, 5.546253734056705e-11, 8.655032198315428e-12]	[]
0.7746407805953117	0.22535921940468825	[0.07770387124833221, -0.985054431847529, -0.15372011804108196]	[-4.375069750928162e-12, 5.546253734056705e-11, 8.655032198315428e-12]	[]
0.7179708126097175	0.2820291873902827	[0.07770387124833221, -0.985054431847529, -0.15372011804108196]	[-4.375069750928162e-12, 5.546253734056705e-11, 8.655032198315428e-12]	[]
0.7306843422946054	0.2693156577053941	[0.8201737834426703, -0.47268913977503174, 0.3223041142959181]	[0.5883458236455776, -0.33908018871551837, 0.231202561478905]	[]
0.7604544843709714	0.2395455156290293	[0.8201737834426703, -0.47268913977503174, 0.3223041142959181]	[0.5883458236455776, -0.33908018871551837, 0.231202561478905]	[]
0.7565137545253621	0.24348624547463932	[0.8201737834426703, -0.47268913977503174, 0.3223041142959181]	[0.5883458236455776, -0.33908018871551837, 0.231202561478905]	[]
0.7319548820717416	0.268045117928257	[0.8201737834426703, -0.47268913977503174, 0.3223041142959181]	[0.5883458236455776, -0.33908018871551837, 0.231202561478905]	[]
0.768296453806664	0.23170354619333644	[0.8201737834426703, -0.47268913977503174, 0.3223041142959181]	[0.5883458236455776, -0.33908018871551837, 0.231202561478905]	[]
0.7496264013370734	0.25037359866292486	[0.8201737834426703, -0.47268913977503174, 0.3223041142959181]	[0.5883458236455776, -0.33908018871551837, 0.231202561478905]	[]
0.7731389748431718	0.22686102515682963	[0.8201737834426703, -0.47268913977503174, 0.3223041142959181]	[0.5883458236455776, -0.33908018871551837, 0.231202561478905]	[]
0.7471079109954524	0.25289208900454874	[0.8201737834426703, -0.47268913977503174, 0.3223041142959181]	[0.5883458236455776, -0.33908018871551837, 0.231202561478905]	[]
0.7466217012131503	0.25337829878685064	[0.8201737834426703, -0.47268913977503174, 0.3223041142959181]	[0.5883458236455776, -0.33908018871551837, 0.231202561478905]	[]
0.7322600043796611	0.2677399956203398	[0.8201737834426703, -0.47268913977503174, 0.3223041142959181]	[0.5883458236455776, -0.33908018871551837, 0.231202561478905]	[]
0.7549639791858865	0.24503602081411183	[0.8201737834426703, -0.47268913977503174, 0.3223041142959181]	[0.5883458236455776, -0.33908018871551837, 0.231202561478905]	[]
0.7743530697329302	0.22564693026707025	[0.8201737834426703, -0.47268913977503174, 0.3223041142959181]	[0.5883458236455776, -0.33908018871551837, 0.231202561478905]	[]
0.7747084305729057	0.2252915694270944	[0.8201737834426703, -0.47268913977503174, 0.3223041142959181]	[0.5883458236455776, -0.33908018871551837, 0.231202561478905]	[]
0.716498984619859	0.283501015380142	[0.8201737834426703, -0.47268913977503174, 0.3223041142959181]	[0.5883458236455776, -0.33908018871551837, 0.231202561478905]	[]
0.7480098034350238	0.2519901965649772	[0.8201737834426703, -0.47268913977503174, 0.3223041142959181]	[0.5883458236455776, -0.33908018871551837, 0.231202561478905]	[]
0.7198951550184999	0.28010484498150107	[-0.945863434036826, -0.26237212886889666, 0.19105818523388635]	[-0.5129109992452954, -0.14227587826068963, 0.10360464436612256]	[]
0.7618321456758899	0.23816785432411003	[-0.945863434036826, -0.26237212886889666, 0.19105818523388635]	[-0.5129109992452954, -0.14227587826068963, 0.10360464436612256]	[]
0.7526851042971959	0.24731489570280263	[-0.945863434036826, -0.26237212886889666, 0.19105818523388635]	[-0.5129109992452954, -0.14227587826068963, 0.10360464436612256]	[]
0.7440730212775307	0.2559269787224694	[-0.945863434036826, -0.26237212886889666, 0.19105818523388635]	[-0.5129109992452954, -0.14227587826068963, 0.10360464436612256]	[]
0.7609623051068968	0.2390376948931028	[-0.945863434036826, -0.26237212886889666, 0.19105818523388635]	[-0.5129109992452954, -0.14227587826068963, 0.10360464436612256]	[]
0.7590570057857874	0.24094299421421259	[-0.945863434036826, -0.26237212886889666, 0.19105818523388635]	[-0.5129109992452954, -0.14227587826068963, 0.10360464436612256]	[]
0.7789622215491038	0.2210377784508982	[-0.945863434036826, -0.26237212886889666, 0.19105818523388635]	[-0.5129109992452954, -0.14227587826068963, 0.10360464436612256]	[]
0.7720583484756315	0.22794165152436702	[-0.945863434036826, -0.26237212886889666, 0.19105818523388635]	[-0.5129109992452954, -0.14227587826068963, 0.10360464436612256]	[]
0.7332829971982703	0.2667170028017284	[-0.945863434036826, -0.26237212886889666, 0.19105818523388635]	[-0.5129109992452954, -0.14227587826068963, 0.10360464436612256]	[]
0.7440521535200043	0.2559478464799951	[-0.945863434036826, -0.26237212886889666, 0.19105818523388635]	[-0.5129109992452954, -0.14227587826068963, 0.10360464436612256]	[]
0.7152427967983741	0.2847572032016253	[-0.945863434036826, -0.26237212886889666, 0.19105818523388635]	[-0.5129109992452954, -0.14227587826068963, 0.10360464436612256]	[]
0.7575084138764595	0.24249158612353905	[-0.945863434036826, -0.26237212886889666, 0.19105818523388635]	[-0.5129109992452954, -0.14227587826068963, 0.10360464436612256]	[]
0.7286582039460482	0.27134179605394987	[-0.945863434036826, -0.26237212886889666, 0.19105818523388635]	[-0.5129109992452954, -0.14227587826068963, 0.10360464436612256]	[]
0.7730643146188252	0.22693568538117595	[-0.945863434036826, -0.26237212886889666, 0.19105818523388635]	[-0.5129109992452954, -0.14227587826068963, 0.10360464436612256]	[]
0.7744523223321851	0.22554767766781464	[-0.945863434036826, -0.26237212886889666, 0.19105818523388635]	[-0.5129109992452954, -0.14227587826068963, 0.10360464436612256]	[]
