0.9115442379044044	0.08845576209559458	[-0.5798433990463908, -0.2748518069505464, 0.7669668290078441]	[-0.2855431990538087, -0.13535044867536705, 0.3776919117872615]	[]
0.9306200063074627	0.06937999369253765	[-0.5798433990463908, -0.2748518069505464, 0.7669668290078441]	[-0.2855431990538087, -0.13535044867536705, 0.3776919117872615]	[]
0.9166044439193467	0.08339555608065434	[-0.5798433990463908, -0.2748518069505464, 0.7669668290078441]	[-0.2855431990538087, -0.13535044867536705, 0.3776919117872615]	[]
0.872224164030581	0.12777583596941847	[-0.5798433990463908, -0.2748518069505464, 0.7669668290078441]	[-0.2855431990538087, -0.13535044867536705, 0.3776919117872615]	[]
0.8813578244666024	0.11864217553339709	[-0.5798433990463908, -0.2748518069505464, 0.7669668290078441]	[-0.2855431990538087, -0.13535044867536705, 0.3776919117872615]	[]
0.928204463289062	0.07179553671093843	[-0.5798433990463908, -0.2748518069505464, 0.7669668290078441]	[-0.2855431990538087, -0.13535044867536705, 0.3776919117872615]	[]
0.8625517122298401	0.13744828777015972	[-0.5798433990463908, -0.2748518069505464, 0.7669668290078441]	[-0.2855431990538087, -0.13535044867536705, 0.3776919117872615]	[]
0.935452463835986	0.0645475361640152	[-0.5798433990463908, -0.2748518069505464, 0.7669668290078441]	[-0.2855431990538087, -0.13535044867536705, 0.3776919117872615]	[]
0.904621310626611	0.0953786893733887	[-0.5798433990463908, -0.2748518069505464, 0.7669668290078441]	[-0.2855431990538087, -0.13535044867536705, 0.3776919117872615]	[]
0.9040335822259605	0.09596641777403839	[-0.5798433990463908, -0.2748518069505464, 0.7669668290078441]	[-0.2855431990538087, -0.13535044867536705, 0.3776919117872615]	[]
0.8829403849410788	0.11705961505892266	[-0.5798433990463908, -0.2748518069505464, 0.7669668290078441]	[-0.2855431990538087, -0.13535044867536705, 0.3776919117872615]	[]
0.9118657541107834	0.08813424588921728	[-0.5798433990463908, -0.2748518069505464, 0.7669668290078441]	[-0.2855431990538087, -0.13535044867536705, 0.3776919117872615]	[]
0.8720864782418979	0.12791352175810153	[-0.5798433990463908, -0.2748518069505464, 0.7669668290078441]	[-0.2855431990538087, -0.13535044867536705, 0.3776919117872615]	[]
0.8647176922984732	0.13528230770152702	[-0.5798433990463908, -0.2748518069505464, 0.7669668290078441]	[-0.2855431990538087, -0.13535044867536705, 0.3776919117872615]	[]
0.9334921771893935	0.06650782281060474	[-0.5798433990463908, -0.2748518069505464, 0.7669668290078441]	[-0.2855431990538087, -0.13535044867536705, 0.3776919117872615]	[]
0.9299398493337787	0.07006015066622027	[-0.614087185648253, 0.5900512892686364, -0.5241530353389439]	[3.323356173590142e-10, -3.193268982570885e-10, 2.8366598754242514e-10]	[]
0.9246076540644651	0.07539234593553432	[-0.614087185648253, 0.5900512892686364, -0.5241530353389439]	[3.323356173590142e-10, -3.193268982570885e-10, 2.8366598754242514e-10]	[]
0.8698465857851604	0.1301534142148395	[-0.614087185648253, 0.5900512892686364, -0.5241530353389439]	[3.323356173590142e-10, -3.193268982570885e-10, 2.8366598754242514e-10]	[]
0.910802561565343	0.08919743843465631	[-0.614087185648253, 0.5900512892686364, -0.5241530353389439]	[3.323356173590142e-10, -3.193268982570885e-10, 2.8366598754242514e-10]	[]
0.9069189129051933	0.09308108709480599	[-0.614087185648253, 0.5900512892686364, -0.5241530353389439]	[3.323356173590142e-10, -3.193268982570885e-10, 2.8366598754242514e-10]	[]
0.9027570389523996	0.09724296104760011	[-0.614087185648253, 0.5900512892686364, -0.5241530353389439]	[3.323356173590142e-10, -3.193268982570885e-10, 2.8366598754242514e-10]	[]
0.9122976423510705	0.08770235764892918	[-0.614087185648253, 0.5900512892686364, -0.5241530353389439]	[3.323356173590142e-10, -3.193268982570885e-10, 2.8366598754242514e-10]	[]
0.9315916072837765	0.06840839271622466	[-0.614087185648253, 0.5900512892686364, -0.5241530353389439]	[3.323356173590142e-10, -3.193268982570885e-10, 2.8366598754242514e-10]	[]
0.9117665920599007	0.08823340794010058	[-0.614087185648253, 0.5900512892686364, -0.5241530353389439]	[3.323356173590142e-10, -3.193268982570885e-10, 2.8366598754242514e-10]	[]
0.9041320795882017	0.09586792041179634	[-0.614087185648253, 0.5900512892686364, -0.5241530353389439]	[3.323356173590142e-10, -3.193268982570885e-10, 2.8366598754242514e-10]	[]
0.919761595989918	0.08023840401008206	[-0.614087185648253, 0.5900512892686364, -0.5241530353389439]	[3.323356173590142e-10, -3.193268982570885e-10, 2.8366598754242514e-10]	[]
0.901202724406443	0.09879727559355814	[-0.614087185648253, 0.5900512892686364, -0.5241530353389439]	[3.323356173590142e-10, -3.193268982570885e-10, 2.8366598754242514e-10]	[]
0.8881831825283816	0.11181681747161822	[-0.614087185648253, 0.5900512892686364, -0.5241530353389439]	[3.323356173590142e-10, -3.193268982570885e-10, 2.8366598754242514e-10]	[]
0.9084921104063945	0.09150788959360612	[-0.614087185648253, 0.5900512892686364, -0.5241530353389439]	[3.323356173590142e-10, -3.193268982570885e-10, 2.8366598754242514e-10]	[]
0.9152132976923918	0.08478670230760721	[-0.614087185648253, 0.5900512892686364, -0.5241530353389439]	[3.323356173590142e-10, -3.193268982570885e-10, 2.8366598754242514e-10]	[]
0.8974237538925317	0.102576246107469	[0.2555609175874682, 0.9457495682010952, 0.20061498361112876]	[0.11354208109758401, 0.42018308270450316, 0.08913038407278845]	[]
0.8822202026789341	0.11777979732106618	[0.2555609175874682, 0.9457495682010952, 0.20061498361112876]	[0.11354208109758401, 0.42018308270450316, 0.08913038407278845]	[]
0.8742245088980476	0.1257754911019521	[0.2555609175874682, 0.9457495682010952, 0.20061498361112876]	[0.11354208109758401, 0.42018308270450316, 0.08913038407278845]	[]
0.9281228709253695	0.07187712907462944	[0.2555609175874682, 0.9457495682010952, 0.20061498361112876]	[0.11354208109758401, 0.42018308270450316, 0.08913038407278845]	[]
0.9301209834498406	0.06987901655015975	[0.2555609175874682, 0.9457495682010952, 0.20061498361112876]	[0.11354208109758401, 0.42018308270450316, 0.08913038407278845]	[]
0.9277761300827313	0.07222386991727056	[0.2555609175874682, 0.9457495682010952, 0.20061498361112876]	[0.11354208109758401, 0.42018308270450316, 0.08913038407278845]	[]
0.9152667584167817	0.084733241583219	[0.2555609175874682, 0.9457495682010952, 0.20061498361112876]	[0.11354208109758401, 0.42018308270450316, 0.08913038407278845]	[]
0.8854448176197984	0.11455518238020224	[0.2555609175874682, 0.9457495682010952, 0.20061498361112876]	[0.11354208109758401, 0.42018308270450316, 0.08913038407278845]	[]
0.9222993524295329	0.07770064757046663	[0.2555609175874682, 0.9457495682010952, 0.20061498361112876]	[0.11354208109758401, 0.42018308270450316, 0.08913038407278845]	[]
0.9101794774599984	0.08982052254000053	[0.2555609175874682, 0.9457495682010952, 0.20061498361112876]	[0.11354208109758401, 0.42018308270450316, 0.08913038407278845]	[]
0.9206918056096922	0.07930819439030803	[0.2555609175874682, 0.9457495682010952, 0.20061498361112876]	[0.11354208109758401, 0.42018308270450316, 0.08913038407278845]	[]
0.862450082971072	0.13754991702892794	[0.2555609175874682, 0.9457495682010952, 0.20061498361112876]	[0.11354208109758401, 0.42018308270450316, 0.08913038407278845]	[]
0.9319073222977134	0.0680926777022854	[0.2555609175874682, 0.9457495682010952, 0.20061498361112876]	[0.11354208109758401, 0.42018308270450316, 0.08913038407278845]	[]
0.8870679002456634	0.11293209975433774	[0.2555609175874682, 0.9457495682010952, 0.20061498361112876]	[0.11354208109758401, 0.42018308270450316, 0.08913038407278845]	[]
0.9289554534873855	0.07104454651261424	[0.2555609175874682, 0.9457495682010952, 0.20061498361112876]	[0.11354208109758401, 0.42018308270450316, 0.08913038407278845]	[]
0.8656819718500185	0.1343180281499818	[-0.1337208356705674, 0.2644029808049901, -0.9550967499939477]	[5.627388832696312e-11, -1.1126875809619463e-10, 4.019347854007961e-10]	[]
0.8651929026927605	0.1348070973072372	[-0.1337208356705674, 0.2644029808049901, -0.9550967499939477]	[5.627388832696312e-11, -1.1126875809619463e-10, 4.019347854007961e-10]	[]
0.910204929848899	0.08979507015110091	[-0.1337208356705674, 0.2644029808049901, -0.9550967499939477]	[5.627388832696312e-11, -1.1126875809619463e-10, 4.019347854007961e-10]	[]
0.896532523507973	0.10346747649202725	[-0.1337208356705674, 0.2644029808049901, -0.9550967499939477]	[5.627388832696312e-11, -1.1126875809619463e-10, 4.019347854007961e-10]	[]
0.9193628300114753	0.08063716998852338	[-0.1337208356705674, 0.2644029808049901, -0.9550967499939477]	[5.627388832696312e-11, -1.1126875809619463e-10, 4.019347854007961e-10]	[]
0.9298797100768682	0.07012028992313017	[-0.1337208356705674, 0.2644029808049901, -0.9550967499939477]	[5.627388832696312e-11, -1.1126875809619463e-10, 4.019347854007961e-10]	[]
0.8751955165066174	0.12480448349338316	[-0.1337208356705674, 0.2644029808049901, -0.9550967499939477]	[5.627388832696312e-11, -1.1126875809619463e-10, 4.019347854007961e-10]	[]
0.8794677144128299	0.12053228558717112	[-0.1337208356705674, 0.2644029808049901, -0.9550967499939477]	[5.627388832696312e-11, -1.1126875809619463e-10, 4.019347854007961e-10]	[]
0.9271473056247306	0.07285269437527037	[-0.1337208356705674, 0.2644029808049901, -0.9550967499939477]	[5.627388832696312e-11, -1.1126875809619463e-10, 4.019347854007961e-10]	[]
0.9033425325126014	0.09665746748739903	[-0.1337208356705674, 0.2644029808049901, -0.9550967499939477]	[5.627388832696312e-11, -1.1126875809619463e-10, 4.019347854007961e-10]	[]
0.9067106418560265	0.09328935814397098	[-0.1337208356705674, 0.2644029808049901, -0.9550967499939477]	[5.627388832696312e-11, -1.1126875809619463e-10, 4.019347854007961e-10]	[]
0.8609242605045301	0.13907573949546848	[-0.1337208356705674, 0.2644029808049901, -0.9550967499939477]	[5.627388832696312e-11, -1.1126875809619463e-10, 4.019347854007961e-10]	[]
0.9100117312288399	0.08998826877116044	[-0.1337208356705674, 0.2644029808049901, -0.9550967499939477]	[5.627388832696312e-11, -1.1126875809619463e-10, 4.019347854007961e-10]	[]
0.9310154314237142	0.06898456857628808	[-0.1337208356705674, 0.2644029808049901, -0.9550967499939477]	[5.627388832696312e-11, -1.1126875809619463e-10, 4.019347854007961e-10]	[]
0.931127461971238	0.06887253802876177	[-0.1337208356705674, 0.2644029808049901, -0.9550967499939477]	[5.627388832696312e-11, -1.1126875809619463e-10, 4.019347854007961e-10]	[]
0.8675779461012435	0.1324220538987568	[-0.9552571864865713, -0.2903883015209625, -0.05619912815632048]	[2.7654711853841718e-11, 8.406775275915379e-12, 1.6299284329748307e-12]	[]
0.8605332696430116	0.1394667303569892	[-0.9552571864865713, -0.2903883015209625, -0.05619912815632048]	[2.7654711853841718e-11, 8.406775275915379e-12, 1.6299284329748307e-12]	[]
0.899152793308573	0.10084720669142815	[-0.9552571864865713, -0.2903883015209625, -0.05619912815632048]	[2.7654711853841718e-11, 8.406775275915379e-12, 1.6299284329748307e-12]	[]
0.9063893343051992	0.09361066569480093	[-0.9552571864865713, -0.2903883015209625, -0.05619912815632048]	[2.7654711853841718e-11, 8.406775275915379e-12, 1.6299284329748307e-12]	[]
0.921802549333683	0.07819745066631643	[-0.9552571864865713, -0.2903883015209625, -0.05619912815632048]	[2.7654711853841718e-11, 8.406775275915379e-12, 1.6299284329748307e-12]	[]
0.9290518772298448	0.07094812277015389	[-0.9552571864865713, -0.2903883015209625, -0.05619912815632048]	[2.7654711853841718e-11, 8.406775275915379e-12, 1.6299284329748307e-12]	[]
0.9232121647203072	0.07678783527969431	[-0.9552571864865713, -0.2903883015209625, -0.05619912815632048]	[2.7654711853841718e-11, 8.406775275915379e-12, 1.6299284329748307e-12]	[]
0.9083786056570673	0.09162139434293155	[-0.9552571864865713, -0.2903883015209625, -0.05619912815632048]	[2.7654711853841718e-11, 8.406775275915379e-12, 1.6299284329748307e-12]	[]
0.8639711365702658	0.13602886342973528	[-0.9552571864865713, -0.2903883015209625, -0.05619912815632048]	[2.7654711853841718e-11, 8.406775275915379e-12, 1.6299284329748307e-12]	[]
0.9192261791205407	0.08077382087946053	[-0.9552571864865713, -0.2903883015209625, -0.05619912815632048]	[2.7654711853841718e-11, 8.406775275915379e-12, 1.6299284329748307e-12]	[]
0.9113318537825743	0.08866814621742485	[-0.9552571864865713, -0.2903883015209625, -0.05619912815632048]	[2.7654711853841718e-11, 8.406775275915379e-12, 1.6299284329748307e-12]	[]
0.935099068222225	0.06490093177777548	[-0.9552571864865713, -0.2903883015209625, -0.05619912815632048]	[2.7654711853841718e-11, 8.406775275915379e-12, 1.6299284329748307e-12]	[]
0.8954937478805998	0.10450625211939978	[-0.9552571864865713, -0.2903883015209625, -0.05619912815632048]	[2.7654711853841718e-11, 8.406775275915379e-12, 1.6299284329748307e-12]	[]
0.8656212931534689	0.1343787068465313	[-0.9552571864865713, -0.2903883015209625, -0.05619912815632048]	[2.7654711853841718e-11, 8.406775275915379e-12, 1.6299284329748307e-12]	[]
0.9314740272137297	0.06852597278626969	[-0.9552571864865713, -0.2903883015209625, -0.05619912815632048]	[2.7654711853841718e-11, 8.406775275915379e-12, 1.6299284329748307e-12]	[]
