0.5592829052932232	0.440717094706777	[-0.8967199604030236, -0.3985307365811651, -0.19252678934338915]	[7.473949237279953e-11, 3.3216651651457596e-11, 1.6046448418055986e-11]	[]
0.5847143096789198	0.4152856903210805	[-0.8967199604030236, -0.3985307365811651, -0.19252678934338915]	[7.473949237279953e-11, 3.3216651651457596e-11, 1.6046448418055986e-11]	[]
0.5785807439441678	0.4214192560558319	[-0.8967199604030236, -0.3985307365811651, -0.19252678934338915]	[7.473949237279953e-11, 3.3216651651457596e-11, 1.6046448418055986e-11]	[]
0.5770223350282249	0.4229776649717756	[-0.8967199604030236, -0.3985307365811651, -0.19252678934338915]	[7.473949237279953e-11, 3.3216651651457596e-11, 1.6046448418055986e-11]	[]
0.5925393562172148	0.40746064378278485	[-0.8967199604030236, -0.3985307365811651, -0.19252678934338915]	[7.473949237279953e-11, 3.3216651651457596e-11, 1.6046448418055986e-11]	[]
0.5853988558879166	0.41460114411208376	[-0.8967199604030236, -0.3985307365811651, -0.19252678934338915]	[7.473949237279953e-11, 3.3216651651457596e-11, 1.6046448418055986e-11]	[]
0.5865675724145728	0.4134324275854273	[-0.8967199604030236, -0.3985307365811651, -0.19252678934338915]	[7.473949237279953e-11, 3.3216651651457596e-11, 1.6046448418055986e-11]	[]
0.5838306428117878	0.4161693571882127	[-0.8967199604030236, -0.3985307365811651, -0.19252678934338915]	[7.473949237279953e-11, 3.3216651651457596e-11, 1.6046448418055986e-11]	[]
0.5854757174433347	0.41452428255666474	[-0.8967199604030236, -0.3985307365811651, -0.19252678934338915]	[7.473949237279953e-11, 3.3216651651457596e-11, 1.6046448418055986e-11]	[]
0.5933659255936057	0.406634074406394	[-0.8967199604030236, -0.3985307365811651, -0.19252678934338915]	[7.473949237279953e-11, 3.3216651651457596e-11, 1.6046448418055986e-11]	[]
0.5763633221406921	0.42363667785930736	[-0.8967199604030236, -0.3985307365811651, -0.19252678934338915]	[7.473949237279953e-11, 3.3216651651457596e-11, 1.6046448418055986e-11]	[]
0.5941885327645942	0.40581146723540606	[-0.8967199604030236, -0.3985307365811651, -0.19252678934338915]	[7.473949237279953e-11, 3.3216651651457596e-11, 1.6046448418055986e-11]	[]
0.5907051203279595	0.40929487967204053	[-0.8967199604030236, -0.3985307365811651, -0.19252678934338915]	[7.473949237279953e-11, 3.3216651651457596e-11, 1.6046448418055986e-11]	[]
0.5943536004749329	0.4056463995250683	[-0.8967199604030236, -0.3985307365811651, -0.19252678934338915]	[7.473949237279953e-11, 3.3216651651457596e-11, 1.6046448418055986e-11]	[]
0.5805101689249531	0.41948983107504645	[-0.8967199604030236, -0.3985307365811651, -0.19252678934338915]	[7.473949237279953e-11, 3.3216651651457596e-11, 1.6046448418055986e-11]	[]
0.5879041608342133	0.412095839165787	[0.676674149324106, 0.7295359302927178, -0.09944557329733784]	[-6.454614620565735e-12, -6.958877918350481e-12, 9.48758465294336e-13]	[]
0.5904809494348702	0.4095190505651301	[0.676674149324106, 0.7295359302927178, -0.09944557329733784]	[-6.454614620565735e-12, -6.958877918350481e-12, 9.48758465294336e-13]	[]
0.5782852660321048	0.4217147339678958	[0.676674149324106, 0.7295359302927178, -0.09944557329733784]	[-6.454614620565735e-12, -6.958877918350481e-12, 9.48758465294336e-13]	[]
0.5869190352497311	0.41308096475027	[0.676674149324106, 0.7295359302927178, -0.09944557329733784]	[-6.454614620565735e-12, -6.958877918350481e-12, 9.48758465294336e-13]	[]
0.5788894827106145	0.4211105172893859	[0.676674149324106, 0.7295359302927178, -0.09944557329733784]	[-6.454614620565735e-12, -6.958877918350481e-12, 9.48758465294336e-13]	[]
0.5920032494593175	0.4079967505406824	[0.676674149324106, 0.7295359302927178, -0.09944557329733784]	[-6.454614620565735e-12, -6.958877918350481e-12, 9.48758465294336e-13]	[]
0.5812938735471109	0.4187061264528892	[0.676674149324106, 0.7295359302927178, -0.09944557329733784]	[-6.454614620565735e-12, -6.958877918350481e-12, 9.48758465294336e-13]	[]
0.5855613468471986	0.4144386531528018	[0.676674149324106, 0.7295359302927178, -0.09944557329733784]	[-6.454614620565735e-12, -6.958877918350481e-12, 9.48758465294336e-13]	[]
0.5787713398286006	0.4212286601713997	[0.676674149324106, 0.7295359302927178, -0.09944557329733784]	[-6.454614620565735e-12, -6.958877918350481e-12, 9.48758465294336e-13]	[]
0.5941986086924497	0.40580139130754994	[0.676674149324106, 0.7295359302927178, -0.09944557329733784]	[-6.454614620565735e-12, -6.958877918350481e-12, 9.48758465294336e-13]	[]
0.5847221251701634	0.41527787482983625	[0.676674149324106, 0.7295359302927178, -0.09944557329733784]	[-6.454614620565735e-12, -6.958877918350481e-12, 9.48758465294336e-13]	[]
0.5775385120476233	0.4224614879523772	[0.676674149324106, 0.7295359302927178, -0.09944557329733784]	[-6.454614620565735e-12, -6.958877918350481e-12, 9.48758465294336e-13]	[]
0.5893996702089881	0.41060032979101163	[0.676674149324106, 0.7295359302927178, -0.09944557329733784]	[-6.454614620565735e-12, -6.958877918350481e-12, 9.48758465294336e-13]	[]
0.5912660983306223	0.4087339016693758	[0.676674149324106, 0.7295359302927178, -0.09944557329733784]	[-6.454614620565735e-12, -6.958877918350481e-12, 9.48758465294336e-13]	[]
0.5706287096612117	0.4293712903387891	[0.676674149324106, 0.7295359302927178, -0.09944557329733784]	[-6.454614620565735e-12, -6.958877918350481e-12, 9.48758465294336e-13]	[]
0.5809158442838658	0.4190841557161353	[-0.9499068927120775, -0.10824751702892606, 0.29318828461444]	[-0.5872089102707121, -0.0669159335527977, 0.1812417347778612]	[]
0.5818055580679886	0.4181944419320119	[-0.9499068927120775, -0.10824751702892606, 0.29318828461444]	[-0.5872089102707121, -0.0669159335527977, 0.1812417347778612]	[]
0.5888268215327906	0.41117317846720935	[-0.9499068927120775, -0.10824751702892606, 0.29318828461444]	[-0.5872089102707121, -0.0669159335527977, 0.1812417347778612]	[]
0.5919258464894493	0.4080741535105513	[-0.9499068927120775, -0.10824751702892606, 0.29318828461444]	[-0.5872089102707121, -0.0669159335527977, 0.1812417347778612]	[]
0.5862836156409676	0.4137163843590329	[-0.9499068927120775, -0.10824751702892606, 0.29318828461444]	[-0.5872089102707121, -0.0669159335527977, 0.1812417347778612]	[]
0.5686153495302102	0.43138465046978924	[-0.9499068927120775, -0.10824751702892606, 0.29318828461444]	[-0.5872089102707121, -0.0669159335527977, 0.1812417347778612]	[]
0.5915185641358325	0.40848143586416663	[-0.9499068927120775, -0.10824751702892606, 0.29318828461444]	[-0.5872089102707121, -0.0669159335527977, 0.1812417347778612]	[]
0.5869892568275605	0.41301074317243824	[-0.9499068927120775, -0.10824751702892606, 0.29318828461444]	[-0.5872089102707121, -0.0669159335527977, 0.1812417347778612]	[]
0.5966100285028337	0.4033899714971661	[-0.9499068927120775, -0.10824751702892606, 0.29318828461444]	[-0.5872089102707121, -0.0669159335527977, 0.1812417347778612]	[]
0.5950472423748222	0.404952757625178	[-0.9499068927120775, -0.10824751702892606, 0.29318828461444]	[-0.5872089102707121, -0.0669159335527977, 0.1812417347778612]	[]
0.5797808958021534	0.4202191041978459	[-0.9499068927120775, -0.10824751702892606, 0.29318828461444]	[-0.5872089102707121, -0.0669159335527977, 0.1812417347778612]	[]
0.5835268656218361	0.4164731343781636	[-0.9499068927120775, -0.10824751702892606, 0.29318828461444]	[-0.5872089102707121, -0.0669159335527977, 0.1812417347778612]	[]
0.5941621387958309	0.40583786120416837	[-0.9499068927120775, -0.10824751702892606, 0.29318828461444]	[-0.5872089102707121, -0.0669159335527977, 0.1812417347778612]	[]
0.578164751194846	0.42183524880515405	[-0.9499068927120775, -0.10824751702892606, 0.29318828461444]	[-0.5872089102707121, -0.0669159335527977, 0.1812417347778612]	[]
0.5792881446163501	0.42071185538364947	[-0.9499068927120775, -0.10824751702892606, 0.29318828461444]	[-0.5872089102707121, -0.0669159335527977, 0.1812417347778612]	[]
0.5865771355729426	0.4134228644270574	[0.4539532791492059, -0.7980543691144837, 0.3962772316030363]	[0.22588394010129148, -0.39710620804080454, 0.19718474688560345]	[]
0.5884290639810029	0.41157093601899647	[0.4539532791492059, -0.7980543691144837, 0.3962772316030363]	[0.22588394010129148, -0.39710620804080454, 0.19718474688560345]	[]
0.5965702975073087	0.4034297024926903	[0.4539532791492059, -0.7980543691144837, 0.3962772316030363]	[0.22588394010129148, -0.39710620804080454, 0.19718474688560345]	[]
0.592630385533024	0.40736961446697656	[0.4539532791492059, -0.7980543691144837, 0.3962772316030363]	[0.22588394010129148, -0.39710620804080454, 0.19718474688560345]	[]
0.5784495348741675	0.42155046512583255	[0.4539532791492059, -0.7980543691144837, 0.3962772316030363]	[0.22588394010129148, -0.39710620804080454, 0.19718474688560345]	[]
0.5779378024636038	0.4220621975363965	[0.4539532791492059, -0.7980543691144837, 0.3962772316030363]	[0.22588394010129148, -0.39710620804080454, 0.19718474688560345]	[]
0.5880217196263482	0.411978280373651	[0.4539532791492059, -0.7980543691144837, 0.3962772316030363]	[0.22588394010129148, -0.39710620804080454, 0.19718474688560345]	[]
0.5918131498652113	0.40818685013478767	[0.4539532791492059, -0.7980543691144837, 0.3962772316030363]	[0.22588394010129148, -0.39710620804080454, 0.19718474688560345]	[]
0.5930507525074193	0.40694924749258066	[0.4539532791492059, -0.7980543691144837, 0.3962772316030363]	[0.22588394010129148, -0.39710620804080454, 0.19718474688560345]	[]
0.5804438205237817	0.4195561794762178	[0.4539532791492059, -0.7980543691144837, 0.3962772316030363]	[0.22588394010129148, -0.39710620804080454, 0.19718474688560345]	[]
0.5848412447938681	0.41515875520613216	[0.4539532791492059, -0.7980543691144837, 0.3962772316030363]	[0.22588394010129148, -0.39710620804080454, 0.19718474688560345]	[]
0.5618916654496148	0.43810833455038534	[0.4539532791492059, -0.7980543691144837, 0.3962772316030363]	[0.22588394010129148, -0.39710620804080454, 0.19718474688560345]	[]
0.5593831662929021	0.4406168337070981	[0.4539532791492059, -0.7980543691144837, 0.3962772316030363]	[0.22588394010129148, -0.39710620804080454, 0.19718474688560345]	[]
0.5829282326413567	0.4170717673586435	[0.4539532791492059, -0.7980543691144837, 0.3962772316030363]	[0.22588394010129148, -0.39710620804080454, 0.19718474688560345]	[]
0.59453137706249	0.4054686229375107	[0.4539532791492059, -0.7980543691144837, 0.3962772316030363]	[0.22588394010129148, -0.39710620804080454, 0.19718474688560345]	[]
0.5820062208928637	0.41799377910713564	[0.9934892610906425, 0.10227583006198158, -0.05018707684954202]	[2.7256637225026026e-10, 2.805962406871032e-11, -1.3775184846119443e-11]	[]
0.5960759779544853	0.4039240220455154	[0.9934892610906425, 0.10227583006198158, -0.05018707684954202]	[2.7256637225026026e-10, 2.805962406871032e-11, -1.3775184846119443e-11]	[]
0.5869779659022186	0.4130220340977814	[0.9934892610906425, 0.10227583006198158, -0.05018707684954202]	[2.7256637225026026e-10, 2.805962406871032e-11, -1.3775184846119443e-11]	[]
0.5741026359808798	0.42589736401912087	[0.9934892610906425, 0.10227583006198158, -0.05018707684954202]	[2.7256637225026026e-10, 2.805962406871032e-11, -1.3775184846119443e-11]	[]
0.5852510439675376	0.4147489560324622	[0.9934892610906425, 0.10227583006198158, -0.05018707684954202]	[2.7256637225026026e-10, 2.805962406871032e-11, -1.3775184846119443e-11]	[]
0.5842046249829171	0.415795375017083	[0.9934892610906425, 0.10227583006198158, -0.05018707684954202]	[2.7256637225026026e-10, 2.805962406871032e-11, -1.3775184846119443e-11]	[]
0.5774554586598766	0.42254454134012187	[0.9934892610906425, 0.10227583006198158, -0.05018707684954202]	[2.7256637225026026e-10, 2.805962406871032e-11, -1.3775184846119443e-11]	[]
0.5929690075329721	0.4070309924670282	[0.9934892610906425, 0.10227583006198158, -0.05018707684954202]	[2.7256637225026026e-10, 2.805962406871032e-11, -1.3775184846119443e-11]	[]
0.5964904192497651	0.403509580750235	[0.9934892610906425, 0.10227583006198158, -0.05018707684954202]	[2.7256637225026026e-10, 2.805962406871032e-11, -1.3775184846119443e-11]	[]
0.594201245614219	0.4057987543857808	[0.9934892610906425, 0.10227583006198158, -0.05018707684954202]	[2.7256637225026026e-10, 2.805962406871032e-11, -1.3775184846119443e-11]	[]
0.5852581954808262	0.41474180451917453	[0.9934892610906425, 0.10227583006198158, -0.05018707684954202]	[2.7256637225026026e-10, 2.805962406871032e-11, -1.3775184846119443e-11]	[]
0.549664733175218	0.4503352668247819	[0.9934892610906425, 0.10227583006198158, -0.05018707684954202]	[2.7256637225026026e-10, 2.805962406871032e-11, -1.3775184846119443e-11]	[]
0.5822472822818323	0.41775271771816874	[0.9934892610906425, 0.10227583006198158, -0.05018707684954202]	[2.7256637225026026e-10, 2.805962406871032e-11, -1.3775184846119443e-11]	[]
0.5845694885423413	0.41543051145765864	[0.9934892610906425, 0.10227583006198158, -0.05018707684954202]	[2.7256637225026026e-10, 2.805962406871032e-11, -1.3775184846119443e-11]	[]
0.5850289665988456	0.4149710334011533	[0.9934892610906425, 0.10227583006198158, -0.05018707684954202]	[2.7256637225026026e-10, 2.805962406871032e-11, -1.3775184846119443e-11]	[]
