0.8522317636147614	0.14776823638523856	[-0.2723308334280123, -0.38196888052296435, 0.8831396783501677]	[-0.12845639672554107, -0.1801718352477293, 0.41657031434233005]	[]
0.8416616078260838	0.15833839217391457	[-0.2723308334280123, -0.38196888052296435, 0.8831396783501677]	[-0.12845639672554107, -0.1801718352477293, 0.41657031434233005]	[]
0.8459220381550865	0.15407796184491412	[-0.2723308334280123, -0.38196888052296435, 0.8831396783501677]	[-0.12845639672554107, -0.1801718352477293, 0.41657031434233005]	[]
0.8066456928267874	0.19335430717321245	[-0.2723308334280123, -0.38196888052296435, 0.8831396783501677]	[-0.12845639672554107, -0.1801718352477293, 0.41657031434233005]	[]
0.8380661689258295	0.16193383107417023	[-0.2723308334280123, -0.38196888052296435, 0.8831396783501677]	[-0.12845639672554107, -0.1801718352477293, 0.41657031434233005]	[]
0.7990525622798699	0.20094743772013043	[-0.2723308334280123, -0.38196888052296435, 0.8831396783501677]	[-0.12845639672554107, -0.1801718352477293, 0.41657031434233005]	[]
0.8514610859281405	0.14853891407185815	[-0.2723308334280123, -0.38196888052296435, 0.8831396783501677]	[-0.12845639672554107, -0.1801718352477293, 0.41657031434233005]	[]
0.8035396339188283	0.1964603660811712	[-0.2723308334280123, -0.38196888052296435, 0.8831396783501677]	[-0.12845639672554107, -0.1801718352477293, 0.41657031434233005]	[]
0.8397490282983032	0.16025097170169844	[-0.2723308334280123, -0.38196888052296435, 0.8831396783501677]	[-0.12845639672554107, -0.1801718352477293, 0.41657031434233005]	[]
0.8421949811036559	0.15780501889634516	[-0.2723308334280123, -0.38196888052296435, 0.8831396783501677]	[-0.12845639672554107, -0.1801718352477293, 0.41657031434233005]	[]
0.8070756833742978	0.1929243166257012	[-0.2723308334280123, -0.38196888052296435, 0.8831396783501677]	[-0.12845639672554107, -0.1801718352477293, 0.41657031434233005]	[]
0.8546019320468318	0.1453980679531671	[-0.2723308334280123, -0.38196888052296435, 0.8831396783501677]	[-0.12845639672554107, -0.1801718352477293, 0.41657031434233005]	[]
0.8431941825749043	0.15680581742509672	[-0.2723308334280123, -0.38196888052296435, 0.8831396783501677]	[-0.12845639672554107, -0.1801718352477293, 0.41657031434233005]	[]
0.8403464782066224	0.15965352179337602	[-0.2723308334280123, -0.38196888052296435, 0.8831396783501677]	[-0.12845639672554107, -0.1801718352477293, 0.41657031434233005]	[]
0.8557496808542767	0.1442503191457239	[-0.2723308334280123, -0.38196888052296435, 0.8831396783501677]	[-0.12845639672554107, -0.1801718352477293, 0.41657031434233005]	[]
0.8422154896580981	0.15778451034190247	[0.34850983542720604, 0.5670168446576371, 0.7463462952845675]	[0.1933167128372144, 0.3145214894672278, 0.41399466464349316]	[]
0.8355444456996195	0.1644555543003815	[0.34850983542720604, 0.5670168446576371, 0.7463462952845675]	[0.1933167128372144, 0.3145214894672278, 0.41399466464349316]	[]
0.8478541442250309	0.15214585577496792	[0.34850983542720604, 0.5670168446576371, 0.7463462952845675]	[0.1933167128372144, 0.3145214894672278, 0.41399466464349316]	[]
0.8372525228586013	0.16274747714139617	[0.34850983542720604, 0.5670168446576371, 0.7463462952845675]	[0.1933167128372144, 0.3145214894672278, 0.41399466464349316]	[]
0.834474739006868	0.1655252609931311	[0.34850983542720604, 0.5670168446576371, 0.7463462952845675]	[0.1933167128372144, 0.3145214894672278, 0.41399466464349316]	[]
0.8566208277283065	0.14337917227169183	[0.34850983542720604, 0.5670168446576371, 0.7463462952845675]	[0.1933167128372144, 0.3145214894672278, 0.41399466464349316]	[]
0.8647191526038368	0.1352808473961618	[0.34850983542720604, 0.5670168446576371, 0.7463462952845675]	[0.1933167128372144, 0.3145214894672278, 0.41399466464349316]	[]
0.8412815929306471	0.15871840706935247	[0.34850983542720604, 0.5670168446576371, 0.7463462952845675]	[0.1933167128372144, 0.3145214894672278, 0.41399466464349316]	[]
0.8424601830376562	0.15753981696234354	[0.34850983542720604, 0.5670168446576371, 0.7463462952845675]	[0.1933167128372144, 0.3145214894672278, 0.41399466464349316]	[]
0.8335649927744602	0.16643500722553975	[0.34850983542720604, 0.5670168446576371, 0.7463462952845675]	[0.1933167128372144, 0.3145214894672278, 0.41399466464349316]	[]
0.8351864704316251	0.16481352956837647	[0.34850983542720604, 0.5670168446576371, 0.7463462952845675]	[0.1933167128372144, 0.3145214894672278, 0.41399466464349316]	[]
0.8156181645099578	0.18438183549004156	[0.34850983542720604, 0.5670168446576371, 0.7463462952845675]	[0.1933167128372144, 0.3145214894672278, 0.41399466464349316]	[]
0.8615867024750518	0.13841329752494838	[0.34850983542720604, 0.5670168446576371, 0.7463462952845675]	[0.1933167128372144, 0.3145214894672278, 0.41399466464349316]	[]
0.8611448163886618	0.13885518361133814	[0.34850983542720604, 0.5670168446576371, 0.7463462952845675]	[0.1933167128372144, 0.3145214894672278, 0.41399466464349316]	[]
0.8494601013457714	0.15053989865422746	[0.34850983542720604, 0.5670168446576371, 0.7463462952845675]	[0.1933167128372144, 0.3145214894672278, 0.41399466464349316]	[]
0.8407941679311837	0.1592058320688159	[0.9385761578167026, 0.12738601190922888, 0.3206986123261186]	[0.7010493467375908, 0.09514825162425673, 0.2395389556814033]	[]
0.856553089264429	0.1434469107355703	[0.9385761578167026, 0.12738601190922888, 0.3206986123261186]	[0.7010493467375908, 0.09514825162425673, 0.2395389556814033]	[]
0.813251002449728	0.18674899755027285	[0.9385761578167026, 0.12738601190922888, 0.3206986123261186]	[0.7010493467375908, 0.09514825162425673, 0.2395389556814033]	[]
0.8421617699404489	0.15783823005955147	[0.9385761578167026, 0.12738601190922888, 0.3206986123261186]	[0.7010493467375908, 0.09514825162425673, 0.2395389556814033]	[]
0.8498911526922687	0.15010884730773108	[0.9385761578167026, 0.12738601190922888, 0.3206986123261186]	[0.7010493467375908, 0.09514825162425673, 0.2395389556814033]	[]
0.8605473755174989	0.13945262448250154	[0.9385761578167026, 0.12738601190922888, 0.3206986123261186]	[0.7010493467375908, 0.09514825162425673, 0.2395389556814033]	[]
0.8468860290821745	0.15311397091782544	[0.9385761578167026, 0.12738601190922888, 0.3206986123261186]	[0.7010493467375908, 0.09514825162425673, 0.2395389556814033]	[]
0.8495108922381824	0.1504891077618173	[0.9385761578167026, 0.12738601190922888, 0.3206986123261186]	[0.7010493467375908, 0.09514825162425673, 0.2395389556814033]	[]
0.8483404925601179	0.15165950743988343	[0.9385761578167026, 0.12738601190922888, 0.3206986123261186]	[0.7010493467375908, 0.09514825162425673, 0.2395389556814033]	[]
0.8424212390894086	0.15757876091059156	[0.9385761578167026, 0.12738601190922888, 0.3206986123261186]	[0.7010493467375908, 0.09514825162425673, 0.2395389556814033]	[]
0.8432140747592467	0.1567859252407516	[0.9385761578167026, 0.12738601190922888, 0.3206986123261186]	[0.7010493467375908, 0.09514825162425673, 0.2395389556814033]	[]
0.8441561196020241	0.15584388039797553	[0.9385761578167026, 0.12738601190922888, 0.3206986123261186]	[0.7010493467375908, 0.09514825162425673, 0.2395389556814033]	[]
0.8542872236243266	0.14571277637567429	[0.9385761578167026, 0.12738601190922888, 0.3206986123261186]	[0.7010493467375908, 0.09514825162425673, 0.2395389556814033]	[]
0.8304796112171141	0.16952038878288617	[0.9385761578167026, 0.12738601190922888, 0.3206986123261186]	[0.7010493467375908, 0.09514825162425673, 0.2395389556814033]	[]
0.81508346849724	0.18491653150275988	[0.9385761578167026, 0.12738601190922888, 0.3206986123261186]	[0.7010493467375908, 0.09514825162425673, 0.2395389556814033]	[]
0.8564490285387807	0.14355097146121829	[-0.03606512161996483, -0.8012560093943166, 0.5972337184151878]	[-0.013764766952008166, -0.30581075961500165, 0.2279427485783243]	[]
0.8608934386305162	0.13910656136948418	[-0.03606512161996483, -0.8012560093943166, 0.5972337184151878]	[-0.013764766952008166, -0.30581075961500165, 0.2279427485783243]	[]
0.844383389600005	0.15561661039999533	[-0.03606512161996483, -0.8012560093943166, 0.5972337184151878]	[-0.013764766952008166, -0.30581075961500165, 0.2279427485783243]	[]
0.8427040512206906	0.15729594877931102	[-0.03606512161996483, -0.8012560093943166, 0.5972337184151878]	[-0.013764766952008166, -0.30581075961500165, 0.2279427485783243]	[]
0.8335332638058415	0.1664667361941585	[-0.03606512161996483, -0.8012560093943166, 0.5972337184151878]	[-0.013764766952008166, -0.30581075961500165, 0.2279427485783243]	[]
0.8577924692656995	0.1422075307342996	[-0.03606512161996483, -0.8012560093943166, 0.5972337184151878]	[-0.013764766952008166, -0.30581075961500165, 0.2279427485783243]	[]
0.8552131099859328	0.14478689001406805	[-0.03606512161996483, -0.8012560093943166, 0.5972337184151878]	[-0.013764766952008166, -0.30581075961500165, 0.2279427485783243]	[]
0.8337914946449809	0.16620850535501994	[-0.03606512161996483, -0.8012560093943166, 0.5972337184151878]	[-0.013764766952008166, -0.30581075961500165, 0.2279427485783243]	[]
0.8602753941272118	0.13972460587278857	[-0.03606512161996483, -0.8012560093943166, 0.5972337184151878]	[-0.013764766952008166, -0.30581075961500165, 0.2279427485783243]	[]
0.8164310057924105	0.18356899420758846	[-0.03606512161996483, -0.8012560093943166, 0.5972337184151878]	[-0.013764766952008166, -0.30581075961500165, 0.2279427485783243]	[]
0.8421741916576201	0.1578258083423799	[-0.03606512161996483, -0.8012560093943166, 0.5972337184151878]	[-0.013764766952008166, -0.30581075961500165, 0.2279427485783243]	[]
0.8405085930890804	0.15949140691091926	[-0.03606512161996483, -0.8012560093943166, 0.5972337184151878]	[-0.013764766952008166, -0.30581075961500165, 0.2279427485783243]	[]
0.8350656222723831	0.16493437772761732	[-0.03606512161996483, -0.8012560093943166, 0.5972337184151878]	[-0.013764766952008166, -0.30581075961500165, 0.2279427485783243]	[]
0.8331296245709864	0.16687037542901376	[-0.03606512161996483, -0.8012560093943166, 0.5972337184151878]	[-0.013764766952008166, -0.30581075961500165, 0.2279427485783243]	[]
0.842605683202487	0.15739431679751328	[-0.03606512161996483, -0.8012560093943166, 0.5972337184151878]	[-0.013764766952008166, -0.30581075961500165, 0.2279427485783243]	[]
0.8498930484858037	0.15010695151419548	[0.2542810097695804, 0.8457279120174305, 0.46913267516258117]	[0.11042862694245871, 0.36728095493889207, 0.20373396038890337]	[]
0.8428998333169057	0.15710016668309568	[0.2542810097695804, 0.8457279120174305, 0.46913267516258117]	[0.11042862694245871, 0.36728095493889207, 0.20373396038890337]	[]
0.8365811047367145	0.16341889526328493	[0.2542810097695804, 0.8457279120174305, 0.46913267516258117]	[0.11042862694245871, 0.36728095493889207, 0.20373396038890337]	[]
0.8086518906741307	0.19134810932586896	[0.2542810097695804, 0.8457279120174305, 0.46913267516258117]	[0.11042862694245871, 0.36728095493889207, 0.20373396038890337]	[]
0.8405506897843138	0.15944931021568554	[0.2542810097695804, 0.8457279120174305, 0.46913267516258117]	[0.11042862694245871, 0.36728095493889207, 0.20373396038890337]	[]
0.8388353660692461	0.16116463393075334	[0.2542810097695804, 0.8457279120174305, 0.46913267516258117]	[0.11042862694245871, 0.36728095493889207, 0.20373396038890337]	[]
0.8377577388113665	0.1622422611886318	[0.2542810097695804, 0.8457279120174305, 0.46913267516258117]	[0.11042862694245871, 0.36728095493889207, 0.20373396038890337]	[]
0.8567834135441957	0.14321658645580254	[0.2542810097695804, 0.8457279120174305, 0.46913267516258117]	[0.11042862694245871, 0.36728095493889207, 0.20373396038890337]	[]
0.8404478521096503	0.1595521478903492	[0.2542810097695804, 0.8457279120174305, 0.46913267516258117]	[0.11042862694245871, 0.36728095493889207, 0.20373396038890337]	[]
0.8357512091594539	0.16424879084054597	[0.2542810097695804, 0.8457279120174305, 0.46913267516258117]	[0.11042862694245871, 0.36728095493889207, 0.20373396038890337]	[]
0.8501169182407063	0.149883081759293	[0.2542810097695804, 0.8457279120174305, 0.46913267516258117]	[0.11042862694245871, 0.36728095493889207, 0.20373396038890337]	[]
0.8051714570039409	0.19482854299605912	[0.2542810097695804, 0.8457279120174305, 0.46913267516258117]	[0.11042862694245871, 0.36728095493889207, 0.20373396038890337]	[]
0.8562761709672774	0.14372382903272277	[0.2542810097695804, 0.8457279120174305, 0.46913267516258117]	[0.11042862694245871, 0.36728095493889207, 0.20373396038890337]	[]
0.8565445235830813	0.143455476416918	[0.2542810097695804, 0.8457279120174305, 0.46913267516258117]	[0.11042862694245871, 0.36728095493889207, 0.20373396038890337]	[]
0.8365536950151887	0.16344630498481175	[0.2542810097695804, 0.8457279120174305, 0.46913267516258117]	[0.11042862694245871, 0.36728095493889207, 0.20373396038890337]	[]
