0.7413478947782879	0.25865210522171256	[-0.5102634565406009, -0.8301503368155454, -0.22468115898818644]	[2.746673721798487e-11, 4.468576897398435e-11, 1.2094041015382327e-11]	[]
0.7213750842559156	0.2786249157440848	[-0.5102634565406009, -0.8301503368155454, -0.22468115898818644]	[2.746673721798487e-11, 4.468576897398435e-11, 1.2094041015382327e-11]	[]
0.7222300975579258	0.2777699024420752	[-0.5102634565406009, -0.8301503368155454, -0.22468115898818644]	[2.746673721798487e-11, 4.468576897398435e-11, 1.2094041015382327e-11]	[]
0.7200090607845986	0.27999093921540097	[-0.5102634565406009, -0.8301503368155454, -0.22468115898818644]	[2.746673721798487e-11, 4.468576897398435e-11, 1.2094041015382327e-11]	[]
0.7178863489739432	0.2821136510260572	[-0.5102634565406009, -0.8301503368155454, -0.22468115898818644]	[2.746673721798487e-11, 4.468576897398435e-11, 1.2094041015382327e-11]	[]
0.741265727608546	0.2587342723914545	[-0.5102634565406009, -0.8301503368155454, -0.22468115898818644]	[2.746673721798487e-11, 4.468576897398435e-11, 1.2094041015382327e-11]	[]
0.7320384439860049	0.2679615560139949	[-0.5102634565406009, -0.8301503368155454, -0.22468115898818644]	[2.746673721798487e-11, 4.468576897398435e-11, 1.2094041015382327e-11]	[]
0.7474384354008972	0.2525615645991034	[-0.5102634565406009, -0.8301503368155454, -0.22468115898818644]	[2.746673721798487e-11, 4.468576897398435e-11, 1.2094041015382327e-11]	[]
0.7268380996691803	0.27316190033081966	[-0.5102634565406009, -0.8301503368155454, -0.22468115898818644]	[2.746673721798487e-11, 4.468576897398435e-11, 1.2094041015382327e-11]	[]
0.7451393653228695	0.2548606346771309	[-0.5102634565406009, -0.8301503368155454, -0.22468115898818644]	[2.746673721798487e-11, 4.468576897398435e-11, 1.2094041015382327e-11]	[]
0.7291846319867733	0.2708153680132264	[-0.5102634565406009, -0.8301503368155454, -0.22468115898818644]	[2.746673721798487e-11, 4.468576897398435e-11, 1.2094041015382327e-11]	[]
0.7431418420442552	0.2568581579557432	[-0.5102634565406009, -0.8301503368155454, -0.22468115898818644]	[2.746673721798487e-11, 4.468576897398435e-11, 1.2094041015382327e-11]	[]
0.7017124336537146	0.2982875663462857	[-0.5102634565406009, -0.8301503368155454, -0.22468115898818644]	[2.746673721798487e-11, 4.468576897398435e-11, 1.2094041015382327e-11]	[]
0.7216921132853183	0.2783078867146812	[-0.5102634565406009, -0.8301503368155454, -0.22468115898818644]	[2.746673721798487e-11, 4.468576897398435e-11, 1.2094041015382327e-11]	[]
0.7463711324248384	0.2536288675751616	[-0.5102634565406009, -0.8301503368155454, -0.22468115898818644]	[2.746673721798487e-11, 4.468576897398435e-11, 1.2094041015382327e-11]	[]
0.7255448189548926	0.2744551810451084	[0.6747861944784449, 0.7162854919145434, -0.17776019187106754]	[-2.941150101243295e-11, -3.12203596308791e-11, 7.747919441490606e-12]	[]
0.7283675175345578	0.27163248246544247	[0.6747861944784449, 0.7162854919145434, -0.17776019187106754]	[-2.941150101243295e-11, -3.12203596308791e-11, 7.747919441490606e-12]	[]
0.7021383438292395	0.29786165617076077	[0.6747861944784449, 0.7162854919145434, -0.17776019187106754]	[-2.941150101243295e-11, -3.12203596308791e-11, 7.747919441490606e-12]	[]
0.7400800712151541	0.2599199287848462	[0.6747861944784449, 0.7162854919145434, -0.17776019187106754]	[-2.941150101243295e-11, -3.12203596308791e-11, 7.747919441490606e-12]	[]
0.7413992121317821	0.25860078786821794	[0.6747861944784449, 0.7162854919145434, -0.17776019187106754]	[-2.941150101243295e-11, -3.12203596308791e-11, 7.747919441490606e-12]	[]
0.7422628899221462	0.2577371100778547	[0.6747861944784449, 0.7162854919145434, -0.17776019187106754]	[-2.941150101243295e-11, -3.12203596308791e-11, 7.747919441490606e-12]	[]
0.7204548320702977	0.2795451679297033	[0.6747861944784449, 0.7162854919145434, -0.17776019187106754]	[-2.941150101243295e-11, -3.12203596308791e-11, 7.747919441490606e-12]	[]
0.6983399002614571	0.30166009973854524	[0.6747861944784449, 0.7162854919145434, -0.17776019187106754]	[-2.941150101243295e-11, -3.12203596308791e-11, 7.747919441490606e-12]	[]
0.6881820317031676	0.31181796829683284	[0.6747861944784449, 0.7162854919145434, -0.17776019187106754]	[-2.941150101243295e-11, -3.12203596308791e-11, 7.747919441490606e-12]	[]
0.711704779291429	0.28829522070857144	[0.6747861944784449, 0.7162854919145434, -0.17776019187106754]	[-2.941150101243295e-11, -3.12203596308791e-11, 7.747919441490606e-12]	[]
0.7223766704839479	0.2776233295160519	[0.6747861944784449, 0.7162854919145434, -0.17776019187106754]	[-2.941150101243295e-11, -3.12203596308791e-11, 7.747919441490606e-12]	[]
0.735317366129581	0.26468263387041835	[0.6747861944784449, 0.7162854919145434, -0.17776019187106754]	[-2.941150101243295e-11, -3.12203596308791e-11, 7.747919441490606e-12]	[]
0.7419210105285696	0.25807898947143065	[0.6747861944784449, 0.7162854919145434, -0.17776019187106754]	[-2.941150101243295e-11, -3.12203596308791e-11, 7.747919441490606e-12]	[]
0.7327118557886221	0.26728814421137725	[0.6747861944784449, 0.7162854919145434, -0.17776019187106754]	[-2.941150101243295e-11, -3.12203596308791e-11, 7.747919441490606e-12]	[]
0.7448905913258076	0.2551094086741936	[0.6747861944784449, 0.7162854919145434, -0.17776019187106754]	[-2.941150101243295e-11, -3.12203596308791e-11, 7.747919441490606e-12]	[]
0.7242996857883577	0.27570031421164276	[0.07770387124833221, -0.985054431847529, -0.15372011804108196]	[-4.375069750928162e-12, 5.546253734056705e-11, 8.655032198315428e-12]	[]
0.7298335973941955	0.2701664026058035	[0.07770387124833221, -0.985054431847529, -0.15372011804108196]	[-4.375069750928162e-12, 5.546253734056705e-11, 8.655032198315428e-12]	[]
0.7248339650600245	0.27516603493997566	[0.07770387124833221, -0.985054431847529, -0.15372011804108196]	[-4.375069750928162e-12, 5.546253734056705e-11, 8.655032198315428e-12]	[]
0.7377091074091378	0.2622908925908631	[0.07770387124833221, -0.985054431847529, -0.15372011804108196]	[-4.375069750928162e-12, 5.546253734056705e-11, 8.655032198315428e-12]	[]
0.7318229290878174	0.2681770709121825	[0.07770387124833221, -0.985054431847529, -0.15372011804108196]	[-4.375069750928162e-12, 5.546253734056705e-11, 8.655032198315428e-12]	[]
0.7339393085220829	0.2660606914779172	[0.07770387124833221, -0.985054431847529, -0.15372011804108196]	[-4.375069750928162e-12, 5.546253734056705e-11, 8.655032198315428e-12]	[]
0.7240119639100546	0.27598803608994554	[0.07770387124833221, -0.985054431847529, -0.15372011804108196]	[-4.375069750928162e-12, 5.546253734056705e-11, 8.655032198315428e-12]	[]
0.7298037588976063	0.2701962411023935	[0.07770387124833221, -0.985054431847529, -0.15372011804108196]	[-4.375069750928162e-12, 5.546253734056705e-11, 8.655032198315428e-12]	[]
0.7182231115218878	0.2817768884781116	[0.07770387124833221, -0.985054431847529, -0.15372011804108196]	[-4.375069750928162e-12, 5.546253734056705e-11, 8.655032198315428e-12]	[]
0.7419892135054912	0.2580107864945089	[0.07770387124833221, -0.985054431847529, -0.15372011804108196]	[-4.375069750928162e-12, 5.546253734056705e-11, 8.655032198315428e-12]	[]
0.732396708512972	0.2676032914870296	[0.07770387124833221, -0.985054431847529, -0.15372011804108196]	[-4.375069750928162e-12, 5.546253734056705e-11, 8.655032198315428e-12]	[]
0.7098839383421067	0.2901160616578949	[0.07770387124833221, -0.985054431847529, -0.15372011804108196]	[-4.375069750928162e-12, 5.546253734056705e-11, 8.655032198315428e-12]	[]
0.7199781462493932	0.28002185375060745	[0.07770387124833221, -0.985054431847529, -0.15372011804108196]	[-4.375069750928162e-12, 5.546253734056705e-11, 8.655032198315428e-12]	[]
0.7436551481831921	0.2563448518168078	[0.07770387124833221, -0.985054431847529, -0.15372011804108196]	[-4.375069750928162e-12, 5.546253734056705e-11, 8.655032198315428e-12]	[]
0.6892519799227318	0.3107480200772683	[0.07770387124833221, -0.985054431847529, -0.15372011804108196]	[-4.375069750928162e-12, 5.546253734056705e-11, 8.655032198315428e-12]	[]
0.720556986507722	0.2794430134922778	[0.8201737834426703, -0.47268913977503174, 0.3223041142959181]	[0.5883458236455776, -0.33908018871551837, 0.231202561478905]	[]
0.7314105465255175	0.2685894534744827	[0.8201737834426703, -0.47268913977503174, 0.3223041142959181]	[0.5883458236455776, -0.33908018871551837, 0.231202561478905]	[]
0.7262532043617276	0.2737467956382726	[0.8201737834426703, -0.47268913977503174, 0.3223041142959181]	[0.5883458236455776, -0.33908018871551837, 0.231202561478905]	[]
0.710787604300428	0.2892123956995726	[0.8201737834426703, -0.47268913977503174, 0.3223041142959181]	[0.5883458236455776, -0.33908018871551837, 0.231202561478905]	[]
0.7375645963641486	0.26243540363585105	[0.8201737834426703, -0.47268913977503174, 0.3223041142959181]	[0.5883458236455776, -0.33908018871551837, 0.231202561478905]	[]
0.7216449019988527	0.27835509800114605	[0.8201737834426703, -0.47268913977503174, 0.3223041142959181]	[0.5883458236455776, -0.33908018871551837, 0.231202561478905]	[]
0.742213415486562	0.2577865845134377	[0.8201737834426703, -0.47268913977503174, 0.3223041142959181]	[0.5883458236455776, -0.33908018871551837, 0.231202561478905]	[]
0.7456697836922966	0.2543302163077036	[0.8201737834426703, -0.47268913977503174, 0.3223041142959181]	[0.5883458236455776, -0.33908018871551837, 0.231202561478905]	[]
0.7430548306321572	0.25694516936784323	[0.8201737834426703, -0.47268913977503174, 0.3223041142959181]	[0.5883458236455776, -0.33908018871551837, 0.231202561478905]	[]
0.7174771945937611	0.2825228054062393	[0.8201737834426703, -0.47268913977503174, 0.3223041142959181]	[0.5883458236455776, -0.33908018871551837, 0.231202561478905]	[]
0.7247654200640495	0.2752345799359506	[0.8201737834426703, -0.47268913977503174, 0.3223041142959181]	[0.5883458236455776, -0.33908018871551837, 0.231202561478905]	[]
0.7444064217329653	0.2555935782670331	[0.8201737834426703, -0.47268913977503174, 0.3223041142959181]	[0.5883458236455776, -0.33908018871551837, 0.231202561478905]	[]
0.7437200939133944	0.2562799060866057	[0.8201737834426703, -0.47268913977503174, 0.3223041142959181]	[0.5883458236455776, -0.33908018871551837, 0.231202561478905]	[]
0.7196990830624045	0.2803009169375965	[0.8201737834426703, -0.47268913977503174, 0.3223041142959181]	[0.5883458236455776, -0.33908018871551837, 0.231202561478905]	[]
0.7402675340163654	0.2597324659836345	[0.8201737834426703, -0.47268913977503174, 0.3223041142959181]	[0.5883458236455776, -0.33908018871551837, 0.231202561478905]	[]
0.7432547373686104	0.2567452626313892	[-0.945863434036826, -0.26237212886889666, 0.19105818523388635]	[-0.5129109992452954, -0.14227587826068963, 0.10360464436612256]	[]
0.7432961964303149	0.2567038035696846	[-0.945863434036826, -0.26237212886889666, 0.19105818523388635]	[-0.5129109992452954, -0.14227587826068963, 0.10360464436612256]	[]
0.7225777003882792	0.27742229961172005	[-0.945863434036826, -0.26237212886889666, 0.19105818523388635]	[-0.5129109992452954, -0.14227587826068963, 0.10360464436612256]	[]
0.7224137456879831	0.2775862543120168	[-0.945863434036826, -0.26237212886889666, 0.19105818523388635]	[-0.5129109992452954, -0.14227587826068963, 0.10360464436612256]	[]
0.7305238128554629	0.2694761871445375	[-0.945863434036826, -0.26237212886889666, 0.19105818523388635]	[-0.5129109992452954, -0.14227587826068963, 0.10360464436612256]	[]
0.7299903310810713	0.2700096689189288	[-0.945863434036826, -0.26237212886889666, 0.19105818523388635]	[-0.5129109992452954, -0.14227587826068963, 0.10360464436612256]	[]
0.7478037315189093	0.2521962684810903	[-0.945863434036826, -0.26237212886889666, 0.19105818523388635]	[-0.5129109992452954, -0.14227587826068963, 0.10360464436612256]	[]
0.7411760141153235	0.25882398588467653	[-0.945863434036826, -0.26237212886889666, 0.19105818523388635]	[-0.5129109992452954, -0.14227587826068963, 0.10360464436612256]	[]
0.7051118827873691	0.29488811721263136	[-0.945863434036826, -0.26237212886889666, 0.19105818523388635]	[-0.5129109992452954, -0.14227587826068963, 0.10360464436612256]	[]
0.7211272555148219	0.27887274448517846	[-0.945863434036826, -0.26237212886889666, 0.19105818523388635]	[-0.5129109992452954, -0.14227587826068963, 0.10360464436612256]	[]
0.7233898107615829	0.27661018923841857	[-0.945863434036826, -0.26237212886889666, 0.19105818523388635]	[-0.5129109992452954, -0.14227587826068963, 0.10360464436612256]	[]
0.7272080768483989	0.27279192315160067	[-0.945863434036826, -0.26237212886889666, 0.19105818523388635]	[-0.5129109992452954, -0.14227587826068963, 0.10360464436612256]	[]
0.7256478817365599	0.2743521182634384	[-0.945863434036826, -0.26237212886889666, 0.19105818523388635]	[-0.5129109992452954, -0.14227587826068963, 0.10360464436612256]	[]
0.7421417421042995	0.25785825789570066	[-0.945863434036826, -0.26237212886889666, 0.19105818523388635]	[-0.5129109992452954, -0.14227587826068963, 0.10360464436612256]	[]
0.7434742292250826	0.2565257707749179	[-0.945863434036826, -0.26237212886889666, 0.19105818523388635]	[-0.5129109992452954, -0.14227587826068963, 0.10360464436612256]	[]
