0.7774331968180731	0.2225668031819269	[0.33842267572050444, 0.6370248821603568, 0.692581686205142]	[0.17349752045091923, 0.32658047302846327, 0.3550625117258598]	[]
0.7881650306021902	0.21183496939780977	[0.33842267572050444, 0.6370248821603568, 0.692581686205142]	[0.17349752045091923, 0.32658047302846327, 0.3550625117258598]	[]
0.7756837786070627	0.22431622139293778	[0.33842267572050444, 0.6370248821603568, 0.692581686205142]	[0.17349752045091923, 0.32658047302846327, 0.3550625117258598]	[]
0.8018467014000877	0.19815329859991176	[0.33842267572050444, 0.6370248821603568, 0.692581686205142]	[0.17349752045091923, 0.32658047302846327, 0.3550625117258598]	[]
0.8007385927259152	0.19926140727408523	[0.33842267572050444, 0.6370248821603568, 0.692581686205142]	[0.17349752045091923, 0.32658047302846327, 0.3550625117258598]	[]
0.7800290158959525	0.2199709841040489	[0.33842267572050444, 0.6370248821603568, 0.692581686205142]	[0.17349752045091923, 0.32658047302846327, 0.3550625117258598]	[]
0.8010217466938719	0.19897825330612912	[0.33842267572050444, 0.6370248821603568, 0.692581686205142]	[0.17349752045091923, 0.32658047302846327, 0.3550625117258598]	[]
0.7856562276631848	0.21434377233681595	[0.33842267572050444, 0.6370248821603568, 0.692581686205142]	[0.17349752045091923, 0.32658047302846327, 0.3550625117258598]	[]
0.7775469051349182	0.22245309486508277	[0.33842267572050444, 0.6370248821603568, 0.692581686205142]	[0.17349752045091923, 0.32658047302846327, 0.3550625117258598]	[]
0.7757112453454397	0.22428875465456077	[0.33842267572050444, 0.6370248821603568, 0.692581686205142]	[0.17349752045091923, 0.32658047302846327, 0.3550625117258598]	[]
0.7529792115646149	0.24702078843538502	[0.33842267572050444, 0.6370248821603568, 0.692581686205142]	[0.17349752045091923, 0.32658047302846327, 0.3550625117258598]	[]
0.7495688589111322	0.2504311410888673	[0.33842267572050444, 0.6370248821603568, 0.692581686205142]	[0.17349752045091923, 0.32658047302846327, 0.3550625117258598]	[]
0.781562125539093	0.21843787446090682	[0.33842267572050444, 0.6370248821603568, 0.692581686205142]	[0.17349752045091923, 0.32658047302846327, 0.3550625117258598]	[]
0.7661333509442241	0.23386664905577484	[0.33842267572050444, 0.6370248821603568, 0.692581686205142]	[0.17349752045091923, 0.32658047302846327, 0.3550625117258598]	[]
0.7755305507352062	0.22446944926479367	[0.33842267572050444, 0.6370248821603568, 0.692581686205142]	[0.17349752045091923, 0.32658047302846327, 0.3550625117258598]	[]
0.7855598546863803	0.21444014531361938	[0.1238348421876108, -0.9758702685111506, 0.17983923625378465]	[0.04980166174553946, -0.3924578911829344, 0.07232449813210322]	[]
0.7797336833156515	0.2202663166843476	[0.1238348421876108, -0.9758702685111506, 0.17983923625378465]	[0.04980166174553946, -0.3924578911829344, 0.07232449813210322]	[]
0.8019309085863353	0.19806909141366533	[0.1238348421876108, -0.9758702685111506, 0.17983923625378465]	[0.04980166174553946, -0.3924578911829344, 0.07232449813210322]	[]
0.7884377481480997	0.21156225185190106	[0.1238348421876108, -0.9758702685111506, 0.17983923625378465]	[0.04980166174553946, -0.3924578911829344, 0.07232449813210322]	[]
0.7994889835266973	0.2005110164733042	[0.1238348421876108, -0.9758702685111506, 0.17983923625378465]	[0.04980166174553946, -0.3924578911829344, 0.07232449813210322]	[]
0.781051564755428	0.21894843524457172	[0.1238348421876108, -0.9758702685111506, 0.17983923625378465]	[0.04980166174553946, -0.3924578911829344, 0.07232449813210322]	[]
0.7754581324518781	0.22454186754812253	[0.1238348421876108, -0.9758702685111506, 0.17983923625378465]	[0.04980166174553946, -0.3924578911829344, 0.07232449813210322]	[]
0.7926389320863453	0.20736106791365558	[0.1238348421876108, -0.9758702685111506, 0.17983923625378465]	[0.04980166174553946, -0.3924578911829344, 0.07232449813210322]	[]
0.7844403949658723	0.21555960503412852	[0.1238348421876108, -0.9758702685111506, 0.17983923625378465]	[0.04980166174553946, -0.3924578911829344, 0.07232449813210322]	[]
0.7913243734748587	0.20867562652514166	[0.1238348421876108, -0.9758702685111506, 0.17983923625378465]	[0.04980166174553946, -0.3924578911829344, 0.07232449813210322]	[]
0.7846085507116685	0.21539144928833162	[0.1238348421876108, -0.9758702685111506, 0.17983923625378465]	[0.04980166174553946, -0.3924578911829344, 0.07232449813210322]	[]
0.7974082554728632	0.2025917445271373	[0.1238348421876108, -0.9758702685111506, 0.17983923625378465]	[0.04980166174553946, -0.3924578911829344, 0.07232449813210322]	[]
0.7969569306422133	0.20304306935778657	[0.1238348421876108, -0.9758702685111506, 0.17983923625378465]	[0.04980166174553946, -0.3924578911829344, 0.07232449813210322]	[]
0.7943319106509297	0.20566808934907094	[0.1238348421876108, -0.9758702685111506, 0.17983923625378465]	[0.04980166174553946, -0.3924578911829344, 0.07232449813210322]	[]
0.745078740687937	0.2549212593120626	[0.1238348421876108, -0.9758702685111506, 0.17983923625378465]	[0.04980166174553946, -0.3924578911829344, 0.07232449813210322]	[]
0.7695839414646203	0.2304160585353807	[0.011393150861737198, 0.3184279643504219, 0.9478785932982599]	[0.006480827145684382, 0.1811330877955615, 0.5391868669878651]	[]
0.7729083510605571	0.22709164893944406	[0.011393150861737198, 0.3184279643504219, 0.9478785932982599]	[0.006480827145684382, 0.1811330877955615, 0.5391868669878651]	[]
0.7981869735403149	0.2018130264596838	[0.011393150861737198, 0.3184279643504219, 0.9478785932982599]	[0.006480827145684382, 0.1811330877955615, 0.5391868669878651]	[]
0.7781198938190659	0.2218801061809344	[0.011393150861737198, 0.3184279643504219, 0.9478785932982599]	[0.006480827145684382, 0.1811330877955615, 0.5391868669878651]	[]
0.7766431303220599	0.2233568696779413	[0.011393150861737198, 0.3184279643504219, 0.9478785932982599]	[0.006480827145684382, 0.1811330877955615, 0.5391868669878651]	[]
0.7901651609541249	0.20983483904587533	[0.011393150861737198, 0.3184279643504219, 0.9478785932982599]	[0.006480827145684382, 0.1811330877955615, 0.5391868669878651]	[]
0.7945775458320663	0.2054224541679349	[0.011393150861737198, 0.3184279643504219, 0.9478785932982599]	[0.006480827145684382, 0.1811330877955615, 0.5391868669878651]	[]
0.7991695838454427	0.20083041615455702	[0.011393150861737198, 0.3184279643504219, 0.9478785932982599]	[0.006480827145684382, 0.1811330877955615, 0.5391868669878651]	[]
0.7795336251337485	0.22046637486625117	[0.011393150861737198, 0.3184279643504219, 0.9478785932982599]	[0.006480827145684382, 0.1811330877955615, 0.5391868669878651]	[]
0.7988950130620983	0.2011049869379013	[0.011393150861737198, 0.3184279643504219, 0.9478785932982599]	[0.006480827145684382, 0.1811330877955615, 0.5391868669878651]	[]
0.7866783717617912	0.21332162823820855	[0.011393150861737198, 0.3184279643504219, 0.9478785932982599]	[0.006480827145684382, 0.1811330877955615, 0.5391868669878651]	[]
0.7776721724709551	0.2223278275290468	[0.011393150861737198, 0.3184279643504219, 0.9478785932982599]	[0.006480827145684382, 0.1811330877955615, 0.5391868669878651]	[]
0.7831418835712799	0.21685811642872005	[0.011393150861737198, 0.3184279643504219, 0.9478785932982599]	[0.006480827145684382, 0.1811330877955615, 0.5391868669878651]	[]
0.7974118401872496	0.2025881598127497	[0.011393150861737198, 0.3184279643504219, 0.9478785932982599]	[0.006480827145684382, 0.1811330877955615, 0.5391868669878651]	[]
0.7792515333019101	0.2207484666980903	[0.011393150861737198, 0.3184279643504219, 0.9478785932982599]	[0.006480827145684382, 0.1811330877955615, 0.5391868669878651]	[]
0.7882520465747821	0.21174795342521766	[0.2614873905458356, -0.3560550519520336, 0.8971338498601891]	[0.16963355146837622, -0.23098200970533367, 0.5819936509236943]	[]
0.7985041137999687	0.20149588620003148	[0.2614873905458356, -0.3560550519520336, 0.8971338498601891]	[0.16963355146837622, -0.23098200970533367, 0.5819936509236943]	[]
0.7841842795146411	0.2158157204853581	[0.2614873905458356, -0.3560550519520336, 0.8971338498601891]	[0.16963355146837622, -0.23098200970533367, 0.5819936509236943]	[]
0.794872898498441	0.20512710150155894	[0.2614873905458356, -0.3560550519520336, 0.8971338498601891]	[0.16963355146837622, -0.23098200970533367, 0.5819936509236943]	[]
0.8000013976602324	0.19999860233976735	[0.2614873905458356, -0.3560550519520336, 0.8971338498601891]	[0.16963355146837622, -0.23098200970533367, 0.5819936509236943]	[]
0.7968891987535314	0.2031108012464691	[0.2614873905458356, -0.3560550519520336, 0.8971338498601891]	[0.16963355146837622, -0.23098200970533367, 0.5819936509236943]	[]
0.7983741584605871	0.2016258415394138	[0.2614873905458356, -0.3560550519520336, 0.8971338498601891]	[0.16963355146837622, -0.23098200970533367, 0.5819936509236943]	[]
0.7834451324138486	0.2165548675861508	[0.2614873905458356, -0.3560550519520336, 0.8971338498601891]	[0.16963355146837622, -0.23098200970533367, 0.5819936509236943]	[]
0.7769844122593949	0.22301558774060534	[0.2614873905458356, -0.3560550519520336, 0.8971338498601891]	[0.16963355146837622, -0.23098200970533367, 0.5819936509236943]	[]
0.7814072848707222	0.2185927151292787	[0.2614873905458356, -0.3560550519520336, 0.8971338498601891]	[0.16963355146837622, -0.23098200970533367, 0.5819936509236943]	[]
0.7705889815443251	0.22941101845567602	[0.2614873905458356, -0.3560550519520336, 0.8971338498601891]	[0.16963355146837622, -0.23098200970533367, 0.5819936509236943]	[]
0.7819036280479805	0.21809637195201895	[0.2614873905458356, -0.3560550519520336, 0.8971338498601891]	[0.16963355146837622, -0.23098200970533367, 0.5819936509236943]	[]
0.7518537779606573	0.2481462220393413	[0.2614873905458356, -0.3560550519520336, 0.8971338498601891]	[0.16963355146837622, -0.23098200970533367, 0.5819936509236943]	[]
0.7890981438721497	0.21090185612785056	[0.2614873905458356, -0.3560550519520336, 0.8971338498601891]	[0.16963355146837622, -0.23098200970533367, 0.5819936509236943]	[]
0.8008676455311178	0.19913235446888275	[0.2614873905458356, -0.3560550519520336, 0.8971338498601891]	[0.16963355146837622, -0.23098200970533367, 0.5819936509236943]	[]
0.7910109887558979	0.2089890112441005	[-0.7788690799791791, 0.4116157100375106, 0.47321819861740644]	[-0.33640475130209285, 0.17778274183243323, 0.20438974213967828]	[]
0.7735412494849856	0.22645875051501524	[-0.7788690799791791, 0.4116157100375106, 0.47321819861740644]	[-0.33640475130209285, 0.17778274183243323, 0.20438974213967828]	[]
0.7821033846869934	0.2178966153130062	[-0.7788690799791791, 0.4116157100375106, 0.47321819861740644]	[-0.33640475130209285, 0.17778274183243323, 0.20438974213967828]	[]
0.7706173621461944	0.22938263785380564	[-0.7788690799791791, 0.4116157100375106, 0.47321819861740644]	[-0.33640475130209285, 0.17778274183243323, 0.20438974213967828]	[]
0.7759735631824144	0.22402643681758552	[-0.7788690799791791, 0.4116157100375106, 0.47321819861740644]	[-0.33640475130209285, 0.17778274183243323, 0.20438974213967828]	[]
0.780711034938302	0.2192889650616982	[-0.7788690799791791, 0.4116157100375106, 0.47321819861740644]	[-0.33640475130209285, 0.17778274183243323, 0.20438974213967828]	[]
0.782070988567978	0.2179290114320208	[-0.7788690799791791, 0.4116157100375106, 0.47321819861740644]	[-0.33640475130209285, 0.17778274183243323, 0.20438974213967828]	[]
0.7775754444665028	0.22242455553349705	[-0.7788690799791791, 0.4116157100375106, 0.47321819861740644]	[-0.33640475130209285, 0.17778274183243323, 0.20438974213967828]	[]
0.7945663412865004	0.20543365871349886	[-0.7788690799791791, 0.4116157100375106, 0.47321819861740644]	[-0.33640475130209285, 0.17778274183243323, 0.20438974213967828]	[]
0.7756048065379736	0.22439519346202677	[-0.7788690799791791, 0.4116157100375106, 0.47321819861740644]	[-0.33640475130209285, 0.17778274183243323, 0.20438974213967828]	[]
0.7840918316461175	0.2159081683538813	[-0.7788690799791791, 0.4116157100375106, 0.47321819861740644]	[-0.33640475130209285, 0.17778274183243323, 0.20438974213967828]	[]
0.781033541110328	0.21896645888967106	[-0.7788690799791791, 0.4116157100375106, 0.47321819861740644]	[-0.33640475130209285, 0.17778274183243323, 0.20438974213967828]	[]
0.7863812654900959	0.21361873450990276	[-0.7788690799791791, 0.4116157100375106, 0.47321819861740644]	[-0.33640475130209285, 0.17778274183243323, 0.20438974213967828]	[]
0.7964268966131303	0.20357310338687043	[-0.7788690799791791, 0.4116157100375106, 0.47321819861740644]	[-0.33640475130209285, 0.17778274183243323, 0.20438974213967828]	[]
0.7790255556817592	0.22097444431824126	[-0.7788690799791791, 0.4116157100375106, 0.47321819861740644]	[-0.33640475130209285, 0.17778274183243323, 0.20438974213967828]	[]
