0.6711434494436944	0.3288565505563056	[-0.24180703114532576, -0.7103851092741186, 0.6609707680452155]	[-0.08775183467887603, -0.2577989414620989, 0.23986646414022034]	[]
0.6855629553911317	0.3144370446088685	[-0.24180703114532576, -0.7103851092741186, 0.6609707680452155]	[-0.08775183467887603, -0.2577989414620989, 0.23986646414022034]	[]
0.6883010885036378	0.3116989114963632	[-0.24180703114532576, -0.7103851092741186, 0.6609707680452155]	[-0.08775183467887603, -0.2577989414620989, 0.23986646414022034]	[]
0.6697121851325857	0.3302878148674149	[-0.24180703114532576, -0.7103851092741186, 0.6609707680452155]	[-0.08775183467887603, -0.2577989414620989, 0.23986646414022034]	[]
0.6843839585404788	0.3156160414595204	[-0.24180703114532576, -0.7103851092741186, 0.6609707680452155]	[-0.08775183467887603, -0.2577989414620989, 0.23986646414022034]	[]
0.6743700952444616	0.32562990475553805	[-0.24180703114532576, -0.7103851092741186, 0.6609707680452155]	[-0.08775183467887603, -0.2577989414620989, 0.23986646414022034]	[]
0.6829450776035869	0.3170549223964122	[-0.24180703114532576, -0.7103851092741186, 0.6609707680452155]	[-0.08775183467887603, -0.2577989414620989, 0.23986646414022034]	[]
0.6818690581061946	0.3181309418938052	[-0.24180703114532576, -0.7103851092741186, 0.6609707680452155]	[-0.08775183467887603, -0.2577989414620989, 0.23986646414022034]	[]
0.6747406708994212	0.3252593291005774	[-0.24180703114532576, -0.7103851092741186, 0.6609707680452155]	[-0.08775183467887603, -0.2577989414620989, 0.23986646414022034]	[]
0.6839838561163415	0.3160161438836588	[-0.24180703114532576, -0.7103851092741186, 0.6609707680452155]	[-0.08775183467887603, -0.2577989414620989, 0.23986646414022034]	[]
0.6921271065179387	0.3078728934820629	[-0.24180703114532576, -0.7103851092741186, 0.6609707680452155]	[-0.08775183467887603, -0.2577989414620989, 0.23986646414022034]	[]
0.6862339372038425	0.3137660627961572	[-0.24180703114532576, -0.7103851092741186, 0.6609707680452155]	[-0.08775183467887603, -0.2577989414620989, 0.23986646414022034]	[]
0.6877907586662435	0.3122092413337563	[-0.24180703114532576, -0.7103851092741186, 0.6609707680452155]	[-0.08775183467887603, -0.2577989414620989, 0.23986646414022034]	[]
0.642453166114549	0.3575468338854518	[-0.24180703114532576, -0.7103851092741186, 0.6609707680452155]	[-0.08775183467887603, -0.2577989414620989, 0.23986646414022034]	[]
0.6747495223979583	0.3252504776020419	[-0.24180703114532576, -0.7103851092741186, 0.6609707680452155]	[-0.08775183467887603, -0.2577989414620989, 0.23986646414022034]	[]
0.6871458089695754	0.31285419103042483	[-0.6760496840786048, 0.733904073057672, -0.06589109352999079]	[1.7064176460745983e-10, -1.8524476397274725e-10, 1.6631221316285434e-11]	[]
0.676893741039926	0.32310625896007494	[-0.6760496840786048, 0.733904073057672, -0.06589109352999079]	[1.7064176460745983e-10, -1.8524476397274725e-10, 1.6631221316285434e-11]	[]
0.6787350480598022	0.3212649519401977	[-0.6760496840786048, 0.733904073057672, -0.06589109352999079]	[1.7064176460745983e-10, -1.8524476397274725e-10, 1.6631221316285434e-11]	[]
0.6699310151382025	0.3300689848617985	[-0.6760496840786048, 0.733904073057672, -0.06589109352999079]	[1.7064176460745983e-10, -1.8524476397274725e-10, 1.6631221316285434e-11]	[]
0.667880479232394	0.33211952076760676	[-0.6760496840786048, 0.733904073057672, -0.06589109352999079]	[1.7064176460745983e-10, -1.8524476397274725e-10, 1.6631221316285434e-11]	[]
0.6819627510767372	0.31803724892326346	[-0.6760496840786048, 0.733904073057672, -0.06589109352999079]	[1.7064176460745983e-10, -1.8524476397274725e-10, 1.6631221316285434e-11]	[]
0.678363328771376	0.32163667122862316	[-0.6760496840786048, 0.733904073057672, -0.06589109352999079]	[1.7064176460745983e-10, -1.8524476397274725e-10, 1.6631221316285434e-11]	[]
0.6898301692114728	0.3101698307885276	[-0.6760496840786048, 0.733904073057672, -0.06589109352999079]	[1.7064176460745983e-10, -1.8524476397274725e-10, 1.6631221316285434e-11]	[]
0.679373479966431	0.3206265200335691	[-0.6760496840786048, 0.733904073057672, -0.06589109352999079]	[1.7064176460745983e-10, -1.8524476397274725e-10, 1.6631221316285434e-11]	[]
0.6719613079363711	0.32803869206362846	[-0.6760496840786048, 0.733904073057672, -0.06589109352999079]	[1.7064176460745983e-10, -1.8524476397274725e-10, 1.6631221316285434e-11]	[]
0.6435869318372277	0.35641306816277196	[-0.6760496840786048, 0.733904073057672, -0.06589109352999079]	[1.7064176460745983e-10, -1.8524476397274725e-10, 1.6631221316285434e-11]	[]
0.6839619536326882	0.31603804636731275	[-0.6760496840786048, 0.733904073057672, -0.06589109352999079]	[1.7064176460745983e-10, -1.8524476397274725e-10, 1.6631221316285434e-11]	[]
0.6740354001981301	0.3259645998018698	[-0.6760496840786048, 0.733904073057672, -0.06589109352999079]	[1.7064176460745983e-10, -1.8524476397274725e-10, 1.6631221316285434e-11]	[]
0.6905583101584029	0.30944168984159703	[-0.6760496840786048, 0.733904073057672, -0.06589109352999079]	[1.7064176460745983e-10, -1.8524476397274725e-10, 1.6631221316285434e-11]	[]
0.6466185866989655	0.3533814133010354	[-0.6760496840786048, 0.733904073057672, -0.06589109352999079]	[1.7064176460745983e-10, -1.8524476397274725e-10, 1.6631221316285434e-11]	[]
0.6446383613708623	0.3553616386291372	[0.2583352041547804, 0.2666611457993041, -0.9285228891176083]	[-1.1813777733848951e-10, -1.2194506515683656e-10, 4.246176589933595e-10]	[]
0.6908769842533612	0.30912301574663914	[0.2583352041547804, 0.2666611457993041, -0.9285228891176083]	[-1.1813777733848951e-10, -1.2194506515683656e-10, 4.246176589933595e-10]	[]
0.6893077041265457	0.3106922958734548	[0.2583352041547804, 0.2666611457993041, -0.9285228891176083]	[-1.1813777733848951e-10, -1.2194506515683656e-10, 4.246176589933595e-10]	[]
0.6777550595390369	0.32224494046096236	[0.2583352041547804, 0.2666611457993041, -0.9285228891176083]	[-1.1813777733848951e-10, -1.2194506515683656e-10, 4.246176589933595e-10]	[]
0.6733552423896642	0.32664475761033634	[0.2583352041547804, 0.2666611457993041, -0.9285228891176083]	[-1.1813777733848951e-10, -1.2194506515683656e-10, 4.246176589933595e-10]	[]
0.6709601245789734	0.32903987542102614	[0.2583352041547804, 0.2666611457993041, -0.9285228891176083]	[-1.1813777733848951e-10, -1.2194506515683656e-10, 4.246176589933595e-10]	[]
0.6584322352802291	0.3415677647197714	[0.2583352041547804, 0.2666611457993041, -0.9285228891176083]	[-1.1813777733848951e-10, -1.2194506515683656e-10, 4.246176589933595e-10]	[]
0.6404898024339106	0.35951019756608876	[0.2583352041547804, 0.2666611457993041, -0.9285228891176083]	[-1.1813777733848951e-10, -1.2194506515683656e-10, 4.246176589933595e-10]	[]
0.6900426741009796	0.30995732589902036	[0.2583352041547804, 0.2666611457993041, -0.9285228891176083]	[-1.1813777733848951e-10, -1.2194506515683656e-10, 4.246176589933595e-10]	[]
0.6826351360311039	0.3173648639688961	[0.2583352041547804, 0.2666611457993041, -0.9285228891176083]	[-1.1813777733848951e-10, -1.2194506515683656e-10, 4.246176589933595e-10]	[]
0.6681778469875131	0.3318221530124881	[0.2583352041547804, 0.2666611457993041, -0.9285228891176083]	[-1.1813777733848951e-10, -1.2194506515683656e-10, 4.246176589933595e-10]	[]
0.6901567184972797	0.30984328150272006	[0.2583352041547804, 0.2666611457993041, -0.9285228891176083]	[-1.1813777733848951e-10, -1.2194506515683656e-10, 4.246176589933595e-10]	[]
0.6740321766385978	0.32596782336140234	[0.2583352041547804, 0.2666611457993041, -0.9285228891176083]	[-1.1813777733848951e-10, -1.2194506515683656e-10, 4.246176589933595e-10]	[]
0.6781533017526685	0.32184669824733175	[0.2583352041547804, 0.2666611457993041, -0.9285228891176083]	[-1.1813777733848951e-10, -1.2194506515683656e-10, 4.246176589933595e-10]	[]
0.6859991213734868	0.3140008786265142	[0.2583352041547804, 0.2666611457993041, -0.9285228891176083]	[-1.1813777733848951e-10, -1.2194506515683656e-10, 4.246176589933595e-10]	[]
0.6747294394739154	0.32527056052608305	[0.7905674396866558, -0.4099690661387028, -0.45489393062190403]	[-8.246761606933717e-11, 4.276534681935118e-11, 4.7453008238869404e-11]	[]
0.682626704914641	0.3173732950853579	[0.7905674396866558, -0.4099690661387028, -0.45489393062190403]	[-8.246761606933717e-11, 4.276534681935118e-11, 4.7453008238869404e-11]	[]
0.6554533948758098	0.3445466051241902	[0.7905674396866558, -0.4099690661387028, -0.45489393062190403]	[-8.246761606933717e-11, 4.276534681935118e-11, 4.7453008238869404e-11]	[]
0.6704793331017649	0.3295206668982349	[0.7905674396866558, -0.4099690661387028, -0.45489393062190403]	[-8.246761606933717e-11, 4.276534681935118e-11, 4.7453008238869404e-11]	[]
0.6943463254722838	0.3056536745277162	[0.7905674396866558, -0.4099690661387028, -0.45489393062190403]	[-8.246761606933717e-11, 4.276534681935118e-11, 4.7453008238869404e-11]	[]
0.6522582387615717	0.3477417612384298	[0.7905674396866558, -0.4099690661387028, -0.45489393062190403]	[-8.246761606933717e-11, 4.276534681935118e-11, 4.7453008238869404e-11]	[]
0.6838427784554103	0.31615722154459097	[0.7905674396866558, -0.4099690661387028, -0.45489393062190403]	[-8.246761606933717e-11, 4.276534681935118e-11, 4.7453008238869404e-11]	[]
0.6721700709910414	0.32782992900895824	[0.7905674396866558, -0.4099690661387028, -0.45489393062190403]	[-8.246761606933717e-11, 4.276534681935118e-11, 4.7453008238869404e-11]	[]
0.6879335613519993	0.31206643864800043	[0.7905674396866558, -0.4099690661387028, -0.45489393062190403]	[-8.246761606933717e-11, 4.276534681935118e-11, 4.7453008238869404e-11]	[]
0.6866864584531277	0.3133135415468726	[0.7905674396866558, -0.4099690661387028, -0.45489393062190403]	[-8.246761606933717e-11, 4.276534681935118e-11, 4.7453008238869404e-11]	[]
0.6778945128403443	0.3221054871596548	[0.7905674396866558, -0.4099690661387028, -0.45489393062190403]	[-8.246761606933717e-11, 4.276534681935118e-11, 4.7453008238869404e-11]	[]
0.6706811800206556	0.32931881997934354	[0.7905674396866558, -0.4099690661387028, -0.45489393062190403]	[-8.246761606933717e-11, 4.276534681935118e-11, 4.7453008238869404e-11]	[]
0.6795446343549455	0.3204553656450542	[0.7905674396866558, -0.4099690661387028, -0.45489393062190403]	[-8.246761606933717e-11, 4.276534681935118e-11, 4.7453008238869404e-11]	[]
0.661722026694476	0.3382779733055234	[0.7905674396866558, -0.4099690661387028, -0.45489393062190403]	[-8.246761606933717e-11, 4.276534681935118e-11, 4.7453008238869404e-11]	[]
0.6803626894160194	0.319637310583981	[0.7905674396866558, -0.4099690661387028, -0.45489393062190403]	[-8.246761606933717e-11, 4.276534681935118e-11, 4.7453008238869404e-11]	[]
0.6868206932366364	0.3131793067633647	[-0.34762115204461297, 0.9189169746679398, 0.18641654518388928]	[-0.11997825638762115, 0.31715577644567006, 0.06433996297813131]	[]
0.6549591124323598	0.34504088756764023	[-0.34762115204461297, 0.9189169746679398, 0.18641654518388928]	[-0.11997825638762115, 0.31715577644567006, 0.06433996297813131]	[]
0.6822405066411112	0.3177594933588886	[-0.34762115204461297, 0.9189169746679398, 0.18641654518388928]	[-0.11997825638762115, 0.31715577644567006, 0.06433996297813131]	[]
0.6407853772220218	0.3592146227779788	[-0.34762115204461297, 0.9189169746679398, 0.18641654518388928]	[-0.11997825638762115, 0.31715577644567006, 0.06433996297813131]	[]
0.6696044052116608	0.33039559478833874	[-0.34762115204461297, 0.9189169746679398, 0.18641654518388928]	[-0.11997825638762115, 0.31715577644567006, 0.06433996297813131]	[]
0.6847091587922011	0.3152908412077981	[-0.34762115204461297, 0.9189169746679398, 0.18641654518388928]	[-0.11997825638762115, 0.31715577644567006, 0.06433996297813131]	[]
0.6565341516974982	0.3434658483025025	[-0.34762115204461297, 0.9189169746679398, 0.18641654518388928]	[-0.11997825638762115, 0.31715577644567006, 0.06433996297813131]	[]
0.6759860827740314	0.32401391722596873	[-0.34762115204461297, 0.9189169746679398, 0.18641654518388928]	[-0.11997825638762115, 0.31715577644567006, 0.06433996297813131]	[]
0.6795494685314711	0.3204505314685288	[-0.34762115204461297, 0.9189169746679398, 0.18641654518388928]	[-0.11997825638762115, 0.31715577644567006, 0.06433996297813131]	[]
0.6867922860211471	0.3132077139788512	[-0.34762115204461297, 0.9189169746679398, 0.18641654518388928]	[-0.11997825638762115, 0.31715577644567006, 0.06433996297813131]	[]
0.6781098704522879	0.32189012954771223	[-0.34762115204461297, 0.9189169746679398, 0.18641654518388928]	[-0.11997825638762115, 0.31715577644567006, 0.06433996297813131]	[]
0.665757181210233	0.33424281878976625	[-0.34762115204461297, 0.9189169746679398, 0.18641654518388928]	[-0.11997825638762115, 0.31715577644567006, 0.06433996297813131]	[]
0.6938814695108732	0.3061185304891271	[-0.34762115204461297, 0.9189169746679398, 0.18641654518388928]	[-0.11997825638762115, 0.31715577644567006, 0.06433996297813131]	[]
0.6914155946283169	0.3085844053716834	[-0.34762115204461297, 0.9189169746679398, 0.18641654518388928]	[-0.11997825638762115, 0.31715577644567006, 0.06433996297813131]	[]
0.686470214585938	0.3135297854140627	[-0.34762115204461297, 0.9189169746679398, 0.18641654518388928]	[-0.11997825638762115, 0.31715577644567006, 0.06433996297813131]	[]
