0.538041352156449	0.46195864784355095	[0.3094348983870812, -0.1323650082722765, 0.9416631819526858]	[0.2179910835270204, -0.09324866627758878, 0.6633840540331821]	[]
0.5523795623343609	0.44762043766563847	[0.3094348983870812, -0.1323650082722765, 0.9416631819526858]	[0.2179910835270204, -0.09324866627758878, 0.6633840540331821]	[]
0.5390947065411673	0.4609052934588322	[0.3094348983870812, -0.1323650082722765, 0.9416631819526858]	[0.2179910835270204, -0.09324866627758878, 0.6633840540331821]	[]
0.5113054215195966	0.488694578480404	[0.3094348983870812, -0.1323650082722765, 0.9416631819526858]	[0.2179910835270204, -0.09324866627758878, 0.6633840540331821]	[]
0.5529355640282969	0.4470644359717032	[0.3094348983870812, -0.1323650082722765, 0.9416631819526858]	[0.2179910835270204, -0.09324866627758878, 0.6633840540331821]	[]
0.5474733199376025	0.4525266800623976	[0.3094348983870812, -0.1323650082722765, 0.9416631819526858]	[0.2179910835270204, -0.09324866627758878, 0.6633840540331821]	[]
0.5480449339300308	0.4519550660699694	[0.3094348983870812, -0.1323650082722765, 0.9416631819526858]	[0.2179910835270204, -0.09324866627758878, 0.6633840540331821]	[]
0.5320204645757559	0.4679795354242432	[0.3094348983870812, -0.1323650082722765, 0.9416631819526858]	[0.2179910835270204, -0.09324866627758878, 0.6633840540331821]	[]
0.5493048483283081	0.4506951516716918	[0.3094348983870812, -0.1323650082722765, 0.9416631819526858]	[0.2179910835270204, -0.09324866627758878, 0.6633840540331821]	[]
0.540087053447805	0.4599129465521954	[0.3094348983870812, -0.1323650082722765, 0.9416631819526858]	[0.2179910835270204, -0.09324866627758878, 0.6633840540331821]	[]
0.542802143948505	0.4571978560514961	[0.3094348983870812, -0.1323650082722765, 0.9416631819526858]	[0.2179910835270204, -0.09324866627758878, 0.6633840540331821]	[]
0.5496279272347697	0.4503720727652306	[0.3094348983870812, -0.1323650082722765, 0.9416631819526858]	[0.2179910835270204, -0.09324866627758878, 0.6633840540331821]	[]
0.5429141997025531	0.457085800297447	[0.3094348983870812, -0.1323650082722765, 0.9416631819526858]	[0.2179910835270204, -0.09324866627758878, 0.6633840540331821]	[]
0.5454926413091715	0.4545073586908285	[0.3094348983870812, -0.1323650082722765, 0.9416631819526858]	[0.2179910835270204, -0.09324866627758878, 0.6633840540331821]	[]
0.5437154559012554	0.456284544098744	[0.3094348983870812, -0.1323650082722765, 0.9416631819526858]	[0.2179910835270204, -0.09324866627758878, 0.6633840540331821]	[]
0.5375526529345032	0.46244734706549745	[-0.7001490347575112, -0.1937091425410778, 0.6872176490924298]	[-0.34723962220665106, -0.09607024524033543, 0.3408262884019326]	[]
0.5433167500268802	0.45668324997311965	[-0.7001490347575112, -0.1937091425410778, 0.6872176490924298]	[-0.34723962220665106, -0.09607024524033543, 0.3408262884019326]	[]
0.5500850391642941	0.44991496083570603	[-0.7001490347575112, -0.1937091425410778, 0.6872176490924298]	[-0.34723962220665106, -0.09607024524033543, 0.3408262884019326]	[]
0.5486301393374179	0.4513698606625819	[-0.7001490347575112, -0.1937091425410778, 0.6872176490924298]	[-0.34723962220665106, -0.09607024524033543, 0.3408262884019326]	[]
0.5455446675373378	0.4544553324626632	[-0.7001490347575112, -0.1937091425410778, 0.6872176490924298]	[-0.34723962220665106, -0.09607024524033543, 0.3408262884019326]	[]
0.5462911333922198	0.4537088666077805	[-0.7001490347575112, -0.1937091425410778, 0.6872176490924298]	[-0.34723962220665106, -0.09607024524033543, 0.3408262884019326]	[]
0.5380029277567767	0.4619970722432235	[-0.7001490347575112, -0.1937091425410778, 0.6872176490924298]	[-0.34723962220665106, -0.09607024524033543, 0.3408262884019326]	[]
0.5280462626245679	0.47195373737543217	[-0.7001490347575112, -0.1937091425410778, 0.6872176490924298]	[-0.34723962220665106, -0.09607024524033543, 0.3408262884019326]	[]
0.5236597945277924	0.47634020547220746	[-0.7001490347575112, -0.1937091425410778, 0.6872176490924298]	[-0.34723962220665106, -0.09607024524033543, 0.3408262884019326]	[]
0.5406644270414074	0.4593355729585922	[-0.7001490347575112, -0.1937091425410778, 0.6872176490924298]	[-0.34723962220665106, -0.09607024524033543, 0.3408262884019326]	[]
0.5476532089509627	0.45234679104903697	[-0.7001490347575112, -0.1937091425410778, 0.6872176490924298]	[-0.34723962220665106, -0.09607024524033543, 0.3408262884019326]	[]
0.5300443238253681	0.4699556761746327	[-0.7001490347575112, -0.1937091425410778, 0.6872176490924298]	[-0.34723962220665106, -0.09607024524033543, 0.3408262884019326]	[]
0.5506665521308565	0.4493334478691438	[-0.7001490347575112, -0.1937091425410778, 0.6872176490924298]	[-0.34723962220665106, -0.09607024524033543, 0.3408262884019326]	[]
0.5374453737093866	0.46255462629061317	[-0.7001490347575112, -0.1937091425410778, 0.6872176490924298]	[-0.34723962220665106, -0.09607024524033543, 0.3408262884019326]	[]
0.5517168860663281	0.44828311393367226	[-0.7001490347575112, -0.1937091425410778, 0.6872176490924298]	[-0.34723962220665106, -0.09607024524033543, 0.3408262884019326]	[]
0.5477979784921924	0.4522020215078081	[0.23808821441638053, -0.844731138705738, 0.47931545505744627]	[0.09604588708897248, -0.34076844907064974, 0.19335807187808177]	[]
0.5516682184490953	0.44833178155090475	[0.23808821441638053, -0.844731138705738, 0.47931545505744627]	[0.09604588708897248, -0.34076844907064974, 0.19335807187808177]	[]
0.5416076800957638	0.45839231990423707	[0.23808821441638053, -0.844731138705738, 0.47931545505744627]	[0.09604588708897248, -0.34076844907064974, 0.19335807187808177]	[]
0.5361956104809997	0.46380438951899916	[0.23808821441638053, -0.844731138705738, 0.47931545505744627]	[0.09604588708897248, -0.34076844907064974, 0.19335807187808177]	[]
0.5378653893015585	0.46213461069844136	[0.23808821441638053, -0.844731138705738, 0.47931545505744627]	[0.09604588708897248, -0.34076844907064974, 0.19335807187808177]	[]
0.5437649624919325	0.4562350375080673	[0.23808821441638053, -0.844731138705738, 0.47931545505744627]	[0.09604588708897248, -0.34076844907064974, 0.19335807187808177]	[]
0.5400082082381367	0.4599917917618636	[0.23808821441638053, -0.844731138705738, 0.47931545505744627]	[0.09604588708897248, -0.34076844907064974, 0.19335807187808177]	[]
0.5389672768731136	0.461032723126887	[0.23808821441638053, -0.844731138705738, 0.47931545505744627]	[0.09604588708897248, -0.34076844907064974, 0.19335807187808177]	[]
0.5446768662540117	0.45532313374598826	[0.23808821441638053, -0.844731138705738, 0.47931545505744627]	[0.09604588708897248, -0.34076844907064974, 0.19335807187808177]	[]
0.5407263223409118	0.4592736776590884	[0.23808821441638053, -0.844731138705738, 0.47931545505744627]	[0.09604588708897248, -0.34076844907064974, 0.19335807187808177]	[]
0.5420882636637907	0.45791173633621	[0.23808821441638053, -0.844731138705738, 0.47931545505744627]	[0.09604588708897248, -0.34076844907064974, 0.19335807187808177]	[]
0.5316962953590237	0.4683037046409769	[0.23808821441638053, -0.844731138705738, 0.47931545505744627]	[0.09604588708897248, -0.34076844907064974, 0.19335807187808177]	[]
0.5386504581441514	0.4613495418558475	[0.23808821441638053, -0.844731138705738, 0.47931545505744627]	[0.09604588708897248, -0.34076844907064974, 0.19335807187808177]	[]
0.526133034144245	0.47386696585575516	[0.23808821441638053, -0.844731138705738, 0.47931545505744627]	[0.09604588708897248, -0.34076844907064974, 0.19335807187808177]	[]
0.5528457573276547	0.4471542426723458	[0.23808821441638053, -0.844731138705738, 0.47931545505744627]	[0.09604588708897248, -0.34076844907064974, 0.19335807187808177]	[]
0.5374297890762533	0.4625702109237466	[-0.7112575040130952, -0.19966050786462247, 0.6739795579869636]	[-0.35043692072534366, -0.09837283005347157, 0.3320700584530229]	[]
0.550008924642766	0.4499910753572339	[-0.7112575040130952, -0.19966050786462247, 0.6739795579869636]	[-0.35043692072534366, -0.09837283005347157, 0.3320700584530229]	[]
0.5346684704234527	0.4653315295765487	[-0.7112575040130952, -0.19966050786462247, 0.6739795579869636]	[-0.35043692072534366, -0.09837283005347157, 0.3320700584530229]	[]
0.5462629302537364	0.4537370697462637	[-0.7112575040130952, -0.19966050786462247, 0.6739795579869636]	[-0.35043692072534366, -0.09837283005347157, 0.3320700584530229]	[]
0.5408544052246037	0.4591455947753963	[-0.7112575040130952, -0.19966050786462247, 0.6739795579869636]	[-0.35043692072534366, -0.09837283005347157, 0.3320700584530229]	[]
0.518922235138462	0.4810777648615381	[-0.7112575040130952, -0.19966050786462247, 0.6739795579869636]	[-0.35043692072534366, -0.09837283005347157, 0.3320700584530229]	[]
0.5363260868361297	0.4636739131638691	[-0.7112575040130952, -0.19966050786462247, 0.6739795579869636]	[-0.35043692072534366, -0.09837283005347157, 0.3320700584530229]	[]
0.5399596785652913	0.4600403214347092	[-0.7112575040130952, -0.19966050786462247, 0.6739795579869636]	[-0.35043692072534366, -0.09837283005347157, 0.3320700584530229]	[]
0.5382559185617393	0.4617440814382611	[-0.7112575040130952, -0.19966050786462247, 0.6739795579869636]	[-0.35043692072534366, -0.09837283005347157, 0.3320700584530229]	[]
0.5509898868520947	0.44901011314790534	[-0.7112575040130952, -0.19966050786462247, 0.6739795579869636]	[-0.35043692072534366, -0.09837283005347157, 0.3320700584530229]	[]
0.5382186229403781	0.4617813770596227	[-0.7112575040130952, -0.19966050786462247, 0.6739795579869636]	[-0.35043692072534366, -0.09837283005347157, 0.3320700584530229]	[]
0.5198092714918165	0.4801907285081833	[-0.7112575040130952, -0.19966050786462247, 0.6739795579869636]	[-0.35043692072534366, -0.09837283005347157, 0.3320700584530229]	[]
0.5175485704552458	0.48245142954475384	[-0.7112575040130952, -0.19966050786462247, 0.6739795579869636]	[-0.35043692072534366, -0.09837283005347157, 0.3320700584530229]	[]
0.539968515134814	0.46003148486518625	[-0.7112575040130952, -0.19966050786462247, 0.6739795579869636]	[-0.35043692072534366, -0.09837283005347157, 0.3320700584530229]	[]
0.5519049965303089	0.44809500346969083	[-0.7112575040130952, -0.19966050786462247, 0.6739795579869636]	[-0.35043692072534366, -0.09837283005347157, 0.3320700584530229]	[]
0.519378743197329	0.48062125680266965	[-0.050640326683014644, -0.22034584522429543, -0.9741063934734381]	[2.0885584928187484e-11, 9.087684771369453e-11, 4.017501722287433e-10]	[]
0.5359762890447558	0.464023710955245	[-0.050640326683014644, -0.22034584522429543, -0.9741063934734381]	[2.0885584928187484e-11, 9.087684771369453e-11, 4.017501722287433e-10]	[]
0.5432972788826556	0.4567027211173447	[-0.050640326683014644, -0.22034584522429543, -0.9741063934734381]	[2.0885584928187484e-11, 9.087684771369453e-11, 4.017501722287433e-10]	[]
0.5208437960009287	0.4791562039990711	[-0.050640326683014644, -0.22034584522429543, -0.9741063934734381]	[2.0885584928187484e-11, 9.087684771369453e-11, 4.017501722287433e-10]	[]
0.5463381141625678	0.4536618858374325	[-0.050640326683014644, -0.22034584522429543, -0.9741063934734381]	[2.0885584928187484e-11, 9.087684771369453e-11, 4.017501722287433e-10]	[]
0.550711890002097	0.4492881099979037	[-0.050640326683014644, -0.22034584522429543, -0.9741063934734381]	[2.0885584928187484e-11, 9.087684771369453e-11, 4.017501722287433e-10]	[]
0.533881304874786	0.4661186951252155	[-0.050640326683014644, -0.22034584522429543, -0.9741063934734381]	[2.0885584928187484e-11, 9.087684771369453e-11, 4.017501722287433e-10]	[]
0.5414780987951326	0.4585219012048663	[-0.050640326683014644, -0.22034584522429543, -0.9741063934734381]	[2.0885584928187484e-11, 9.087684771369453e-11, 4.017501722287433e-10]	[]
0.5398367084085482	0.4601632915914511	[-0.050640326683014644, -0.22034584522429543, -0.9741063934734381]	[2.0885584928187484e-11, 9.087684771369453e-11, 4.017501722287433e-10]	[]
0.5551130229747258	0.4448869770252742	[-0.050640326683014644, -0.22034584522429543, -0.9741063934734381]	[2.0885584928187484e-11, 9.087684771369453e-11, 4.017501722287433e-10]	[]
0.5310557920250246	0.46894420797497594	[-0.050640326683014644, -0.22034584522429543, -0.9741063934734381]	[2.0885584928187484e-11, 9.087684771369453e-11, 4.017501722287433e-10]	[]
0.5397572348106354	0.4602427651893645	[-0.050640326683014644, -0.22034584522429543, -0.9741063934734381]	[2.0885584928187484e-11, 9.087684771369453e-11, 4.017501722287433e-10]	[]
0.5097108509260877	0.4902891490739129	[-0.050640326683014644, -0.22034584522429543, -0.9741063934734381]	[2.0885584928187484e-11, 9.087684771369453e-11, 4.017501722287433e-10]	[]
0.5437622043754815	0.45623779562451894	[-0.050640326683014644, -0.22034584522429543, -0.9741063934734381]	[2.0885584928187484e-11, 9.087684771369453e-11, 4.017501722287433e-10]	[]
0.5338164824863597	0.46618351751364007	[-0.050640326683014644, -0.22034584522429543, -0.9741063934734381]	[2.0885584928187484e-11, 9.087684771369453e-11, 4.017501722287433e-10]	[]
