0.4970845953733857	0.5029154046266144	[-0.3423133872820462, -0.02224877549145327, 0.9393223817607153]	[-0.23327622018537053, -0.015161867584578985, 0.6401197934222652]	[]
0.5095137680038423	0.4904862319961577	[-0.3423133872820462, -0.02224877549145327, 0.9393223817607153]	[-0.23327622018537053, -0.015161867584578985, 0.6401197934222652]	[]
0.49397542569038777	0.5060245743096111	[-0.3423133872820462, -0.02224877549145327, 0.9393223817607153]	[-0.23327622018537053, -0.015161867584578985, 0.6401197934222652]	[]
0.5009270832023746	0.49907291679762567	[-0.3423133872820462, -0.02224877549145327, 0.9393223817607153]	[-0.23327622018537053, -0.015161867584578985, 0.6401197934222652]	[]
0.4790073706118119	0.5209926293881879	[-0.3423133872820462, -0.02224877549145327, 0.9393223817607153]	[-0.23327622018537053, -0.015161867584578985, 0.6401197934222652]	[]
0.5094171337563729	0.4905828662436272	[-0.3423133872820462, -0.02224877549145327, 0.9393223817607153]	[-0.23327622018537053, -0.015161867584578985, 0.6401197934222652]	[]
0.4932541173015154	0.5067458826984843	[-0.3423133872820462, -0.02224877549145327, 0.9393223817607153]	[-0.23327622018537053, -0.015161867584578985, 0.6401197934222652]	[]
0.4962177430296272	0.5037822569703729	[-0.3423133872820462, -0.02224877549145327, 0.9393223817607153]	[-0.23327622018537053, -0.015161867584578985, 0.6401197934222652]	[]
0.5065663561085718	0.4934336438914285	[-0.3423133872820462, -0.02224877549145327, 0.9393223817607153]	[-0.23327622018537053, -0.015161867584578985, 0.6401197934222652]	[]
0.4922571720744045	0.5077428279255953	[-0.3423133872820462, -0.02224877549145327, 0.9393223817607153]	[-0.23327622018537053, -0.015161867584578985, 0.6401197934222652]	[]
0.5088205610872825	0.4911794389127175	[-0.3423133872820462, -0.02224877549145327, 0.9393223817607153]	[-0.23327622018537053, -0.015161867584578985, 0.6401197934222652]	[]
0.4977775909757688	0.5022224090242314	[-0.3423133872820462, -0.02224877549145327, 0.9393223817607153]	[-0.23327622018537053, -0.015161867584578985, 0.6401197934222652]	[]
0.5042147508814779	0.4957852491185225	[-0.3423133872820462, -0.02224877549145327, 0.9393223817607153]	[-0.23327622018537053, -0.015161867584578985, 0.6401197934222652]	[]
0.5060581219633992	0.49394187803660067	[-0.3423133872820462, -0.02224877549145327, 0.9393223817607153]	[-0.23327622018537053, -0.015161867584578985, 0.6401197934222652]	[]
0.5096967730445919	0.4903032269554077	[-0.3423133872820462, -0.02224877549145327, 0.9393223817607153]	[-0.23327622018537053, -0.015161867584578985, 0.6401197934222652]	[]
0.5096691446285208	0.4903308553714795	[0.6070845838237848, -0.003470349671371004, 0.79462963999379]	[0.3937186371288061, -0.0022506605823619063, 0.515349108208159]	[]
0.5012761746075403	0.4987238253924598	[0.6070845838237848, -0.003470349671371004, 0.79462963999379]	[0.3937186371288061, -0.0022506605823619063, 0.515349108208159]	[]
0.49722508988201297	0.5027749101179869	[0.6070845838237848, -0.003470349671371004, 0.79462963999379]	[0.3937186371288061, -0.0022506605823619063, 0.515349108208159]	[]
0.5018732317590962	0.4981267682409036	[0.6070845838237848, -0.003470349671371004, 0.79462963999379]	[0.3937186371288061, -0.0022506605823619063, 0.515349108208159]	[]
0.4946470176734234	0.5053529823265765	[0.6070845838237848, -0.003470349671371004, 0.79462963999379]	[0.3937186371288061, -0.0022506605823619063, 0.515349108208159]	[]
0.4976220688245603	0.5023779311754398	[0.6070845838237848, -0.003470349671371004, 0.79462963999379]	[0.3937186371288061, -0.0022506605823619063, 0.515349108208159]	[]
0.5116088225818574	0.4883911774181434	[0.6070845838237848, -0.003470349671371004, 0.79462963999379]	[0.3937186371288061, -0.0022506605823619063, 0.515349108208159]	[]
0.49461789875441375	0.5053821012455864	[0.6070845838237848, -0.003470349671371004, 0.79462963999379]	[0.3937186371288061, -0.0022506605823619063, 0.515349108208159]	[]
0.4962312458550483	0.503768754144952	[0.6070845838237848, -0.003470349671371004, 0.79462963999379]	[0.3937186371288061, -0.0022506605823619063, 0.515349108208159]	[]
0.49701256912241487	0.502987430877585	[0.6070845838237848, -0.003470349671371004, 0.79462963999379]	[0.3937186371288061, -0.0022506605823619063, 0.515349108208159]	[]
0.504813635647273	0.49518636435272717	[0.6070845838237848, -0.003470349671371004, 0.79462963999379]	[0.3937186371288061, -0.0022506605823619063, 0.515349108208159]	[]
0.4999941980760853	0.5000058019239147	[0.6070845838237848, -0.003470349671371004, 0.79462963999379]	[0.3937186371288061, -0.0022506605823619063, 0.515349108208159]	[]
0.5087672448533982	0.4912327551466013	[0.6070845838237848, -0.003470349671371004, 0.79462963999379]	[0.3937186371288061, -0.0022506605823619063, 0.515349108208159]	[]
0.5027170218171993	0.49728297818280043	[0.6070845838237848, -0.003470349671371004, 0.79462963999379]	[0.3937186371288061, -0.0022506605823619063, 0.515349108208159]	[]
0.5098425743153949	0.4901574256846045	[0.6070845838237848, -0.003470349671371004, 0.79462963999379]	[0.3937186371288061, -0.0022506605823619063, 0.515349108208159]	[]
0.48026685218699383	0.5197331478130058	[0.8791068797424685, 0.4404128117361452, -0.18222966072548052]	[-8.676669105422974e-10, -4.346819570955063e-10, 1.798542310310413e-10]	[]
0.5074540219087423	0.4925459780912577	[0.8791068797424685, 0.4404128117361452, -0.18222966072548052]	[-8.676669105422974e-10, -4.346819570955063e-10, 1.798542310310413e-10]	[]
0.5037457858248563	0.49625421417514404	[0.8791068797424685, 0.4404128117361452, -0.18222966072548052]	[-8.676669105422974e-10, -4.346819570955063e-10, 1.798542310310413e-10]	[]
0.5025329011534654	0.49746709884653517	[0.8791068797424685, 0.4404128117361452, -0.18222966072548052]	[-8.676669105422974e-10, -4.346819570955063e-10, 1.798542310310413e-10]	[]
0.4721129131322562	0.5278870868677434	[0.8791068797424685, 0.4404128117361452, -0.18222966072548052]	[-8.676669105422974e-10, -4.346819570955063e-10, 1.798542310310413e-10]	[]
0.5093688901547432	0.4906311098452572	[0.8791068797424685, 0.4404128117361452, -0.18222966072548052]	[-8.676669105422974e-10, -4.346819570955063e-10, 1.798542310310413e-10]	[]
0.5093388193461202	0.49066118065388	[0.8791068797424685, 0.4404128117361452, -0.18222966072548052]	[-8.676669105422974e-10, -4.346819570955063e-10, 1.798542310310413e-10]	[]
0.4927749579976434	0.5072250420023569	[0.8791068797424685, 0.4404128117361452, -0.18222966072548052]	[-8.676669105422974e-10, -4.346819570955063e-10, 1.798542310310413e-10]	[]
0.5029596020764346	0.49704039792356547	[0.8791068797424685, 0.4404128117361452, -0.18222966072548052]	[-8.676669105422974e-10, -4.346819570955063e-10, 1.798542310310413e-10]	[]
0.49567775489089283	0.504322245109107	[0.8791068797424685, 0.4404128117361452, -0.18222966072548052]	[-8.676669105422974e-10, -4.346819570955063e-10, 1.798542310310413e-10]	[]
0.495968519099363	0.5040314809006371	[0.8791068797424685, 0.4404128117361452, -0.18222966072548052]	[-8.676669105422974e-10, -4.346819570955063e-10, 1.798542310310413e-10]	[]
0.5056690973883856	0.49433090261161444	[0.8791068797424685, 0.4404128117361452, -0.18222966072548052]	[-8.676669105422974e-10, -4.346819570955063e-10, 1.798542310310413e-10]	[]
0.5115194344408991	0.4884805655591007	[0.8791068797424685, 0.4404128117361452, -0.18222966072548052]	[-8.676669105422974e-10, -4.346819570955063e-10, 1.798542310310413e-10]	[]
0.5055189723123751	0.4944810276876246	[0.8791068797424685, 0.4404128117361452, -0.18222966072548052]	[-8.676669105422974e-10, -4.346819570955063e-10, 1.798542310310413e-10]	[]
0.4935860311335709	0.506413968866429	[0.8791068797424685, 0.4404128117361452, -0.18222966072548052]	[-8.676669105422974e-10, -4.346819570955063e-10, 1.798542310310413e-10]	[]
0.5107256106809017	0.48927438931909806	[0.12125593722744642, -0.8170994332441064, 0.5636004913759867]	[0.0456906980170244, -0.3078929107133875, 0.21237145530782214]	[]
0.5139571714583823	0.4860428285416171	[0.12125593722744642, -0.8170994332441064, 0.5636004913759867]	[0.0456906980170244, -0.3078929107133875, 0.21237145530782214]	[]
0.49688892059088646	0.5031110794091131	[0.12125593722744642, -0.8170994332441064, 0.5636004913759867]	[0.0456906980170244, -0.3078929107133875, 0.21237145530782214]	[]
0.506281731528069	0.49371826847193123	[0.12125593722744642, -0.8170994332441064, 0.5636004913759867]	[0.0456906980170244, -0.3078929107133875, 0.21237145530782214]	[]
0.49861876935276445	0.5013812306472357	[0.12125593722744642, -0.8170994332441064, 0.5636004913759867]	[0.0456906980170244, -0.3078929107133875, 0.21237145530782214]	[]
0.5135507751311427	0.4864492248688574	[0.12125593722744642, -0.8170994332441064, 0.5636004913759867]	[0.0456906980170244, -0.3078929107133875, 0.21237145530782214]	[]
0.49536523034527574	0.5046347696547243	[0.12125593722744642, -0.8170994332441064, 0.5636004913759867]	[0.0456906980170244, -0.3078929107133875, 0.21237145530782214]	[]
0.49946544246942604	0.5005345575305735	[0.12125593722744642, -0.8170994332441064, 0.5636004913759867]	[0.0456906980170244, -0.3078929107133875, 0.21237145530782214]	[]
0.49864381592633805	0.501356184073662	[0.12125593722744642, -0.8170994332441064, 0.5636004913759867]	[0.0456906980170244, -0.3078929107133875, 0.21237145530782214]	[]
0.5066579060874515	0.4933420939125483	[0.12125593722744642, -0.8170994332441064, 0.5636004913759867]	[0.0456906980170244, -0.3078929107133875, 0.21237145530782214]	[]
0.5134088652310554	0.48659113476894444	[0.12125593722744642, -0.8170994332441064, 0.5636004913759867]	[0.0456906980170244, -0.3078929107133875, 0.21237145530782214]	[]
0.48634950232230295	0.5136504976776975	[0.12125593722744642, -0.8170994332441064, 0.5636004913759867]	[0.0456906980170244, -0.3078929107133875, 0.21237145530782214]	[]
0.5056791057073107	0.49432089429268977	[0.12125593722744642, -0.8170994332441064, 0.5636004913759867]	[0.0456906980170244, -0.3078929107133875, 0.21237145530782214]	[]
0.49337010861938657	0.5066298913806137	[0.12125593722744642, -0.8170994332441064, 0.5636004913759867]	[0.0456906980170244, -0.3078929107133875, 0.21237145530782214]	[]
0.4972596011284271	0.5027403988715727	[0.12125593722744642, -0.8170994332441064, 0.5636004913759867]	[0.0456906980170244, -0.3078929107133875, 0.21237145530782214]	[]
0.4972140647170454	0.5027859352829542	[-0.03740174733009721, 0.9399339299227851, 0.3393012182067201]	[-0.012863500466419603, 0.3232694034119573, 0.11669511961936169]	[]
0.5110462047815152	0.48895379521848537	[-0.03740174733009721, 0.9399339299227851, 0.3393012182067201]	[-0.012863500466419603, 0.3232694034119573, 0.11669511961936169]	[]
0.5152588871792125	0.4847411128207873	[-0.03740174733009721, 0.9399339299227851, 0.3393012182067201]	[-0.012863500466419603, 0.3232694034119573, 0.11669511961936169]	[]
0.5074709833492003	0.4925290166507997	[-0.03740174733009721, 0.9399339299227851, 0.3393012182067201]	[-0.012863500466419603, 0.3232694034119573, 0.11669511961936169]	[]
0.49701941628326285	0.5029805837167366	[-0.03740174733009721, 0.9399339299227851, 0.3393012182067201]	[-0.012863500466419603, 0.3232694034119573, 0.11669511961936169]	[]
0.4856760101322244	0.5143239898677759	[-0.03740174733009721, 0.9399339299227851, 0.3393012182067201]	[-0.012863500466419603, 0.3232694034119573, 0.11669511961936169]	[]
0.5135538992902025	0.48644610070979766	[-0.03740174733009721, 0.9399339299227851, 0.3393012182067201]	[-0.012863500466419603, 0.3232694034119573, 0.11669511961936169]	[]
0.4972491744842833	0.5027508255157169	[-0.03740174733009721, 0.9399339299227851, 0.3393012182067201]	[-0.012863500466419603, 0.3232694034119573, 0.11669511961936169]	[]
0.4937848424520774	0.5062151575479231	[-0.03740174733009721, 0.9399339299227851, 0.3393012182067201]	[-0.012863500466419603, 0.3232694034119573, 0.11669511961936169]	[]
0.502723840070224	0.4972761599297761	[-0.03740174733009721, 0.9399339299227851, 0.3393012182067201]	[-0.012863500466419603, 0.3232694034119573, 0.11669511961936169]	[]
0.499394813658495	0.5006051863415054	[-0.03740174733009721, 0.9399339299227851, 0.3393012182067201]	[-0.012863500466419603, 0.3232694034119573, 0.11669511961936169]	[]
0.5021873446791653	0.49781265532083485	[-0.03740174733009721, 0.9399339299227851, 0.3393012182067201]	[-0.012863500466419603, 0.3232694034119573, 0.11669511961936169]	[]
0.4979598377039524	0.502040162296047	[-0.03740174733009721, 0.9399339299227851, 0.3393012182067201]	[-0.012863500466419603, 0.3232694034119573, 0.11669511961936169]	[]
0.5006074306182173	0.4993925693817832	[-0.03740174733009721, 0.9399339299227851, 0.3393012182067201]	[-0.012863500466419603, 0.3232694034119573, 0.11669511961936169]	[]
0.4934758605084277	0.506524139491572	[-0.03740174733009721, 0.9399339299227851, 0.3393012182067201]	[-0.012863500466419603, 0.3232694034119573, 0.11669511961936169]	[]
