0.8934045080536966	0.1065954919463044	[-0.5798433990463908, -0.2748518069505464, 0.7669668290078441]	[-0.2855431990538087, -0.13535044867536705, 0.3776919117872615]	[]
0.912100668179594	0.08789933182040788	[-0.5798433990463908, -0.2748518069505464, 0.7669668290078441]	[-0.2855431990538087, -0.13535044867536705, 0.3776919117872615]	[]
0.8983640156484338	0.10163598435156532	[-0.5798433990463908, -0.2748518069505464, 0.7669668290078441]	[-0.2855431990538087, -0.13535044867536705, 0.3776919117872615]	[]
0.9168741202963018	0.08312587970369945	[-0.5798433990463908, -0.2748518069505464, 0.7669668290078441]	[-0.2855431990538087, -0.13535044867536705, 0.3776919117872615]	[]
0.9061974576274664	0.09380254237253823	[-0.5798433990463908, -0.2748518069505464, 0.7669668290078441]	[-0.2855431990538087, -0.13535044867536705, 0.3776919117872615]	[]
0.9179481458838233	0.08205185411617626	[-0.5798433990463908, -0.2748518069505464, 0.7669668290078441]	[-0.2855431990538087, -0.13535044867536705, 0.3776919117872615]	[]
0.9038477358687239	0.09615226413127603	[-0.5798433990463908, -0.2748518069505464, 0.7669668290078441]	[-0.2855431990538087, -0.13535044867536705, 0.3776919117872615]	[]
0.9168369602494225	0.0831630397505799	[-0.5798433990463908, -0.2748518069505464, 0.7669668290078441]	[-0.2855431990538087, -0.13535044867536705, 0.3776919117872615]	[]
0.8866193467320275	0.11338065326797193	[-0.5798433990463908, -0.2748518069505464, 0.7669668290078441]	[-0.2855431990538087, -0.13535044867536705, 0.3776919117872615]	[]
0.8860433139494674	0.11395668605053288	[-0.5798433990463908, -0.2748518069505464, 0.7669668290078441]	[-0.2855431990538087, -0.13535044867536705, 0.3776919117872615]	[]
0.9101783608413182	0.08982163915868252	[-0.5798433990463908, -0.2748518069505464, 0.7669668290078441]	[-0.2855431990538087, -0.13535044867536705, 0.3776919117872615]	[]
0.9092115484818498	0.0907884515181512	[-0.5798433990463908, -0.2748518069505464, 0.7669668290078441]	[-0.2855431990538087, -0.13535044867536705, 0.3776919117872615]	[]
0.881920151475277	0.11807984852475502	[-0.5798433990463908, -0.2748518069505464, 0.7669668290078441]	[-0.2855431990538087, -0.13535044867536705, 0.3776919117872615]	[]
0.9062412253057961	0.09375877469420216	[-0.5798433990463908, -0.2748518069505464, 0.7669668290078441]	[-0.2855431990538087, -0.13535044867536705, 0.3776919117872615]	[]
0.9149156831034736	0.08508431689652479	[-0.5798433990463908, -0.2748518069505464, 0.7669668290078441]	[-0.2855431990538087, -0.13535044867536705, 0.3776919117872615]	[]
0.9114340466885724	0.08856595331142764	[-0.614087185648253, 0.5900512892686364, -0.5241530353389439]	[3.323356173590142e-10, -3.193268982570885e-10, 2.8366598754242514e-10]	[]
0.9062079622937245	0.09379203770627693	[-0.614087185648253, 0.5900512892686364, -0.5241530353389439]	[3.323356173590142e-10, -3.193268982570885e-10, 2.8366598754242514e-10]	[]
0.9097845776918266	0.0902154223081761	[-0.614087185648253, 0.5900512892686364, -0.5241530353389439]	[3.323356173590142e-10, -3.193268982570885e-10, 2.8366598754242514e-10]	[]
0.8926775905977943	0.10732240940220637	[-0.614087185648253, 0.5900512892686364, -0.5241530353389439]	[3.323356173590142e-10, -3.193268982570885e-10, 2.8366598754242514e-10]	[]
0.8888712269932628	0.11112877300673661	[-0.614087185648253, 0.5900512892686364, -0.5241530353389439]	[3.323356173590142e-10, -3.193268982570885e-10, 2.8366598754242514e-10]	[]
0.8934593825313643	0.10654061746863439	[-0.614087185648253, 0.5900512892686364, -0.5241530353389439]	[3.323356173590142e-10, -3.193268982570885e-10, 2.8366598754242514e-10]	[]
0.8941429195220572	0.10585708047794207	[-0.614087185648253, 0.5900512892686364, -0.5241530353389439]	[3.323356173590142e-10, -3.193268982570885e-10, 2.8366598754242514e-10]	[]
0.9130529345892103	0.08694706541078817	[-0.614087185648253, 0.5900512892686364, -0.5241530353389439]	[3.323356173590142e-10, -3.193268982570885e-10, 2.8366598754242514e-10]	[]
0.9087612141942484	0.09123878580575423	[-0.614087185648253, 0.5900512892686364, -0.5241530353389439]	[3.323356173590142e-10, -3.193268982570885e-10, 2.8366598754242514e-10]	[]
0.886139851639444	0.11386014836055595	[-0.614087185648253, 0.5900512892686364, -0.5241530353389439]	[3.323356173590142e-10, -3.193268982570885e-10, 2.8366598754242514e-10]	[]
0.9014583402870806	0.09854165971291949	[-0.614087185648253, 0.5900512892686364, -0.5241530353389439]	[3.323356173590142e-10, -3.193268982570885e-10, 2.8366598754242514e-10]	[]
0.9005201745594047	0.09947982544059451	[-0.614087185648253, 0.5900512892686364, -0.5241530353389439]	[3.323356173590142e-10, -3.193268982570885e-10, 2.8366598754242514e-10]	[]
0.8964109962921223	0.10358900370787909	[-0.614087185648253, 0.5900512892686364, -0.5241530353389439]	[3.323356173590142e-10, -3.193268982570885e-10, 2.8366598754242514e-10]	[]
0.9066498232133804	0.0933501767866178	[-0.614087185648253, 0.5900512892686364, -0.5241530353389439]	[3.323356173590142e-10, -3.193268982570885e-10, 2.8366598754242514e-10]	[]
0.9052989895888949	0.09470101041110546	[-0.614087185648253, 0.5900512892686364, -0.5241530353389439]	[3.323356173590142e-10, -3.193268982570885e-10, 2.8366598754242514e-10]	[]
0.9118612167100556	0.08813878328993179	[0.2555609175874682, 0.9457495682010952, 0.20061498361112876]	[0.11354208109758401, 0.42018308270450316, 0.08913038407278845]	[]
0.9115961228154079	0.0884038771845917	[0.2555609175874682, 0.9457495682010952, 0.20061498361112876]	[0.11354208109758401, 0.42018308270450316, 0.08913038407278845]	[]
0.9098530635619578	0.09014693643804034	[0.2555609175874682, 0.9457495682010952, 0.20061498361112876]	[0.11354208109758401, 0.42018308270450316, 0.08913038407278845]	[]
0.9096532257089174	0.09034677429108284	[0.2555609175874682, 0.9457495682010952, 0.20061498361112876]	[0.11354208109758401, 0.42018308270450316, 0.08913038407278845]	[]
0.9116115759815933	0.08838842401840569	[0.2555609175874682, 0.9457495682010952, 0.20061498361112876]	[0.11354208109758401, 0.42018308270450316, 0.08913038407278845]	[]
0.9125898909448366	0.08741010905515934	[0.2555609175874682, 0.9457495682010952, 0.20061498361112876]	[0.11354208109758401, 0.42018308270450316, 0.08913038407278845]	[]
0.906162834607778	0.0938371653922201	[0.2555609175874682, 0.9457495682010952, 0.20061498361112876]	[0.11354208109758401, 0.42018308270450316, 0.08913038407278845]	[]
0.893911898797265	0.10608810120273525	[0.2555609175874682, 0.9457495682010952, 0.20061498361112876]	[0.11354208109758401, 0.42018308270450316, 0.08913038407278845]	[]
0.9039455967182248	0.09605440328177489	[0.2555609175874682, 0.9457495682010952, 0.20061498361112876]	[0.11354208109758401, 0.42018308270450316, 0.08913038407278845]	[]
0.9040308454055861	0.09596915459441342	[0.2555609175874682, 0.9457495682010952, 0.20061498361112876]	[0.11354208109758401, 0.42018308270450316, 0.08913038407278845]	[]
0.9023700387376234	0.09762996126237837	[0.2555609175874682, 0.9457495682010952, 0.20061498361112876]	[0.11354208109758401, 0.42018308270450316, 0.08913038407278845]	[]
0.9139545871579299	0.08604541284206839	[0.2555609175874682, 0.9457495682010952, 0.20061498361112876]	[0.11354208109758401, 0.42018308270450316, 0.08913038407278845]	[]
0.9133623666659502	0.08663763333404836	[0.2555609175874682, 0.9457495682010952, 0.20061498361112876]	[0.11354208109758401, 0.42018308270450316, 0.08913038407278845]	[]
0.9045315246405754	0.09546847535942712	[0.2555609175874682, 0.9457495682010952, 0.20061498361112876]	[0.11354208109758401, 0.42018308270450316, 0.08913038407278845]	[]
0.9104692399158583	0.08953076008414153	[0.2555609175874682, 0.9457495682010952, 0.20061498361112876]	[0.11354208109758401, 0.42018308270450316, 0.08913038407278845]	[]
0.8886427200040461	0.1113572799959694	[-0.1337208356705674, 0.2644029808049901, -0.9550967499939477]	[5.627388832696312e-11, -1.1126875809619463e-10, 4.019347854007961e-10]	[]
0.9078834739553974	0.09211652604460432	[-0.1337208356705674, 0.2644029808049901, -0.9550967499939477]	[5.627388832696312e-11, -1.1126875809619463e-10, 4.019347854007961e-10]	[]
0.8944994682934692	0.10550053170653437	[-0.1337208356705674, 0.2644029808049901, -0.9550967499939477]	[5.627388832696312e-11, -1.1126875809619463e-10, 4.019347854007961e-10]	[]
0.8909935828225114	0.10900641717749102	[-0.1337208356705674, 0.2644029808049901, -0.9550967499939477]	[5.627388832696312e-11, -1.1126875809619463e-10, 4.019347854007961e-10]	[]
0.9010675094554365	0.09893249054456726	[-0.1337208356705674, 0.2644029808049901, -0.9550967499939477]	[5.627388832696312e-11, -1.1126875809619463e-10, 4.019347854007961e-10]	[]
0.9113751044765707	0.08862489552350018	[-0.1337208356705674, 0.2644029808049901, -0.9550967499939477]	[5.627388832696312e-11, -1.1126875809619463e-10, 4.019347854007961e-10]	[]
0.9030339576475709	0.09696604235243217	[-0.1337208356705674, 0.2644029808049901, -0.9550967499939477]	[5.627388832696312e-11, -1.1126875809619463e-10, 4.019347854007961e-10]	[]
0.9023375237887366	0.0976624762112743	[-0.1337208356705674, 0.2644029808049901, -0.9550967499939477]	[5.627388832696312e-11, -1.1126875809619463e-10, 4.019347854007961e-10]	[]
0.9086970753133815	0.09130292468661656	[-0.1337208356705674, 0.2644029808049901, -0.9550967499939477]	[5.627388832696312e-11, -1.1126875809619463e-10, 4.019347854007961e-10]	[]
0.8962627887688567	0.10373721123114583	[-0.1337208356705674, 0.2644029808049901, -0.9550967499939477]	[5.627388832696312e-11, -1.1126875809619463e-10, 4.019347854007961e-10]	[]
0.9124997194247713	0.08750028057523462	[-0.1337208356705674, 0.2644029808049901, -0.9550967499939477]	[5.627388832696312e-11, -1.1126875809619463e-10, 4.019347854007961e-10]	[]
0.895702096048647	0.10429790395135276	[-0.1337208356705674, 0.2644029808049901, -0.9550967499939477]	[5.627388832696312e-11, -1.1126875809619463e-10, 4.019347854007961e-10]	[]
0.9123069172988979	0.0876930827011025	[-0.1337208356705674, 0.2644029808049901, -0.9550967499939477]	[5.627388832696312e-11, -1.1126875809619463e-10, 4.019347854007961e-10]	[]
0.912488224033927	0.08751177596607151	[-0.1337208356705674, 0.2644029808049901, -0.9550967499939477]	[5.627388832696312e-11, -1.1126875809619463e-10, 4.019347854007961e-10]	[]
0.9125980256949661	0.08740197430506587	[-0.1337208356705674, 0.2644029808049901, -0.9550967499939477]	[5.627388832696312e-11, -1.1126875809619463e-10, 4.019347854007961e-10]	[]
0.9099787855330459	0.09002121446695183	[-0.9552571864865713, -0.2903883015209625, -0.05619912815632048]	[2.7654711853841718e-11, 8.406775275915379e-12, 1.6299284329748307e-12]	[]
0.9089826508920411	0.09101734910796053	[-0.9552571864865713, -0.2903883015209625, -0.05619912815632048]	[2.7654711853841718e-11, 8.406775275915379e-12, 1.6299284329748307e-12]	[]
0.9100598195340383	0.0899401804659631	[-0.9552571864865713, -0.2903883015209625, -0.05619912815632048]	[2.7654711853841718e-11, 8.406775275915379e-12, 1.6299284329748307e-12]	[]
0.8932749136964195	0.10672508630359373	[-0.9552571864865713, -0.2903883015209625, -0.05619912815632048]	[2.7654711853841718e-11, 8.406775275915379e-12, 1.6299284329748307e-12]	[]
0.9034586786593576	0.09654132134064264	[-0.9552571864865713, -0.2903883015209625, -0.05619912815632048]	[2.7654711853841718e-11, 8.406775275915379e-12, 1.6299284329748307e-12]	[]
0.9149919302948101	0.08500806970518936	[-0.9552571864865713, -0.2903883015209625, -0.05619912815632048]	[2.7654711853841718e-11, 8.406775275915379e-12, 1.6299284329748307e-12]	[]
0.9048402426462689	0.09515975735373117	[-0.9552571864865713, -0.2903883015209625, -0.05619912815632048]	[2.7654711853841718e-11, 8.406775275915379e-12, 1.6299284329748307e-12]	[]
0.8903018716558915	0.10969812834410932	[-0.9552571864865713, -0.2903883015209625, -0.05619912815632048]	[2.7654711853841718e-11, 8.406775275915379e-12, 1.6299284329748307e-12]	[]
0.8910106470563665	0.10898935294363428	[-0.9552571864865713, -0.2903883015209625, -0.05619912815632048]	[2.7654711853841718e-11, 8.406775275915379e-12, 1.6299284329748307e-12]	[]
0.911773097947924	0.08822690205207309	[-0.9552571864865713, -0.2903883015209625, -0.05619912815632048]	[2.7654711853841718e-11, 8.406775275915379e-12, 1.6299284329748307e-12]	[]
0.9019381925352805	0.09806180746471986	[-0.9552571864865713, -0.2903883015209625, -0.05619912815632048]	[2.7654711853841718e-11, 8.406775275915379e-12, 1.6299284329748307e-12]	[]
0.9164905966787206	0.08350940332128183	[-0.9552571864865713, -0.2903883015209625, -0.05619912815632048]	[2.7654711853841718e-11, 8.406775275915379e-12, 1.6299284329748307e-12]	[]
0.8879748161204394	0.11202518387955875	[-0.9552571864865713, -0.2903883015209625, -0.05619912815632048]	[2.7654711853841718e-11, 8.406775275915379e-12, 1.6299284329748307e-12]	[]
0.8847209285059272	0.11527907149407206	[-0.9552571864865713, -0.2903883015209625, -0.05619912815632048]	[2.7654711853841718e-11, 8.406775275915379e-12, 1.6299284329748307e-12]	[]
0.9129376941298427	0.08706230587015783	[-0.9552571864865713, -0.2903883015209625, -0.05619912815632048]	[2.7654711853841718e-11, 8.406775275915379e-12, 1.6299284329748307e-12]	[]
