0.6057069628742492	0.39429303712575065	[-0.24180703114532576, -0.7103851092741186, 0.6609707680452155]	[-0.08775183467887603, -0.2577989414620989, 0.23986646414022034]	[]
0.6204968940604643	0.3795031059395351	[-0.24180703114532576, -0.7103851092741186, 0.6609707680452155]	[-0.08775183467887603, -0.2577989414620989, 0.23986646414022034]	[]
0.6261926668370577	0.3738073331629415	[-0.24180703114532576, -0.7103851092741186, 0.6609707680452155]	[-0.08775183467887603, -0.2577989414620989, 0.23986646414022034]	[]
0.6193078358939691	0.380692164106031	[-0.24180703114532576, -0.7103851092741186, 0.6609707680452155]	[-0.08775183467887603, -0.2577989414620989, 0.23986646414022034]	[]
0.6220214754332336	0.37797852456676617	[-0.24180703114532576, -0.7103851092741186, 0.6609707680452155]	[-0.08775183467887603, -0.2577989414620989, 0.23986646414022034]	[]
0.6086190115230969	0.39138098847690317	[-0.24180703114532576, -0.7103851092741186, 0.6609707680452155]	[-0.08775183467887603, -0.2577989414620989, 0.23986646414022034]	[]
0.6163579330218739	0.38364206697812553	[-0.24180703114532576, -0.7103851092741186, 0.6609707680452155]	[-0.08775183467887603, -0.2577989414620989, 0.23986646414022034]	[]
0.62844888015201	0.3715511198479896	[-0.24180703114532576, -0.7103851092741186, 0.6609707680452155]	[-0.08775183467887603, -0.2577989414620989, 0.23986646414022034]	[]
0.6236611171220923	0.37633888287790696	[-0.24180703114532576, -0.7103851092741186, 0.6609707680452155]	[-0.08775183467887603, -0.2577989414620989, 0.23986646414022034]	[]
0.6172954300666035	0.3827045699333963	[-0.24180703114532576, -0.7103851092741186, 0.6609707680452155]	[-0.08775183467887603, -0.2577989414620989, 0.23986646414022034]	[]
0.6246447138051344	0.3753552861948659	[-0.24180703114532576, -0.7103851092741186, 0.6609707680452155]	[-0.08775183467887603, -0.2577989414620989, 0.23986646414022034]	[]
0.6256162116889595	0.37438378831104085	[-0.24180703114532576, -0.7103851092741186, 0.6609707680452155]	[-0.08775183467887603, -0.2577989414620989, 0.23986646414022034]	[]
0.6249751694764112	0.37502483052358915	[-0.24180703114532576, -0.7103851092741186, 0.6609707680452155]	[-0.08775183467887603, -0.2577989414620989, 0.23986646414022034]	[]
0.6241370510893677	0.3758629489106324	[-0.24180703114532576, -0.7103851092741186, 0.6609707680452155]	[-0.08775183467887603, -0.2577989414620989, 0.23986646414022034]	[]
0.6089614438085165	0.39103855619148364	[-0.24180703114532576, -0.7103851092741186, 0.6609707680452155]	[-0.08775183467887603, -0.2577989414620989, 0.23986646414022034]	[]
0.6249107732715569	0.3750892267284429	[-0.6760496840786048, 0.733904073057672, -0.06589109352999079]	[1.7064176460745983e-10, -1.8524476397274725e-10, 1.6631221316285434e-11]	[]
0.6127577725129144	0.3872422274870867	[-0.6760496840786048, 0.733904073057672, -0.06589109352999079]	[1.7064176460745983e-10, -1.8524476397274725e-10, 1.6631221316285434e-11]	[]
0.6125583810127984	0.38744161898720264	[-0.6760496840786048, 0.733904073057672, -0.06589109352999079]	[1.7064176460745983e-10, -1.8524476397274725e-10, 1.6631221316285434e-11]	[]
0.6157470632632249	0.38425293673677524	[-0.6760496840786048, 0.733904073057672, -0.06589109352999079]	[1.7064176460745983e-10, -1.8524476397274725e-10, 1.6631221316285434e-11]	[]
0.6119650024827744	0.388034997517226	[-0.6760496840786048, 0.733904073057672, -0.06589109352999079]	[1.7064176460745983e-10, -1.8524476397274725e-10, 1.6631221316285434e-11]	[]
0.6243875079422447	0.3756124920577563	[-0.6760496840786048, 0.733904073057672, -0.06589109352999079]	[1.7064176460745983e-10, -1.8524476397274725e-10, 1.6631221316285434e-11]	[]
0.6251593203337964	0.3748406796662031	[-0.6760496840786048, 0.733904073057672, -0.06589109352999079]	[1.7064176460745983e-10, -1.8524476397274725e-10, 1.6631221316285434e-11]	[]
0.6225717276718563	0.3774282723281444	[-0.6760496840786048, 0.733904073057672, -0.06589109352999079]	[1.7064176460745983e-10, -1.8524476397274725e-10, 1.6631221316285434e-11]	[]
0.6131345653619776	0.3868654346380221	[-0.6760496840786048, 0.733904073057672, -0.06589109352999079]	[1.7064176460745983e-10, -1.8524476397274725e-10, 1.6631221316285434e-11]	[]
0.6064450802521455	0.3935549197478546	[-0.6760496840786048, 0.733904073057672, -0.06589109352999079]	[1.7064176460745983e-10, -1.8524476397274725e-10, 1.6631221316285434e-11]	[]
0.6280128055218269	0.3719871944781742	[-0.6760496840786048, 0.733904073057672, -0.06589109352999079]	[1.7064176460745983e-10, -1.8524476397274725e-10, 1.6631221316285434e-11]	[]
0.6203188090371906	0.37968119096280917	[-0.6760496840786048, 0.733904073057672, -0.06589109352999079]	[1.7064176460745983e-10, -1.8524476397274725e-10, 1.6631221316285434e-11]	[]
0.6148579100442132	0.385142089955787	[-0.6760496840786048, 0.733904073057672, -0.06589109352999079]	[1.7064176460745983e-10, -1.8524476397274725e-10, 1.6631221316285434e-11]	[]
0.6239602238110304	0.3760397761889696	[-0.6760496840786048, 0.733904073057672, -0.06589109352999079]	[1.7064176460745983e-10, -1.8524476397274725e-10, 1.6631221316285434e-11]	[]
0.622325039362646	0.37767496063735534	[-0.6760496840786048, 0.733904073057672, -0.06589109352999079]	[1.7064176460745983e-10, -1.8524476397274725e-10, 1.6631221316285434e-11]	[]
0.622101720501083	0.37789827949891686	[0.2583352041547804, 0.2666611457993041, -0.9285228891176083]	[-1.1813777733848951e-10, -1.2194506515683656e-10, 4.246176589933595e-10]	[]
0.6235164784354069	0.37648352156459275	[0.2583352041547804, 0.2666611457993041, -0.9285228891176083]	[-1.1813777733848951e-10, -1.2194506515683656e-10, 4.246176589933595e-10]	[]
0.6221002030690245	0.37789979693097614	[0.2583352041547804, 0.2666611457993041, -0.9285228891176083]	[-1.1813777733848951e-10, -1.2194506515683656e-10, 4.246176589933595e-10]	[]
0.6231956915089804	0.3768043084910204	[0.2583352041547804, 0.2666611457993041, -0.9285228891176083]	[-1.1813777733848951e-10, -1.2194506515683656e-10, 4.246176589933595e-10]	[]
0.6238217039608513	0.37617829603914954	[0.2583352041547804, 0.2666611457993041, -0.9285228891176083]	[-1.1813777733848951e-10, -1.2194506515683656e-10, 4.246176589933595e-10]	[]
0.6185905744282335	0.38140942557176677	[0.2583352041547804, 0.2666611457993041, -0.9285228891176083]	[-1.1813777733848951e-10, -1.2194506515683656e-10, 4.246176589933595e-10]	[]
0.6266051169447745	0.37339488305522567	[0.2583352041547804, 0.2666611457993041, -0.9285228891176083]	[-1.1813777733848951e-10, -1.2194506515683656e-10, 4.246176589933595e-10]	[]
0.6265394992071589	0.37346050079284143	[0.2583352041547804, 0.2666611457993041, -0.9285228891176083]	[-1.1813777733848951e-10, -1.2194506515683656e-10, 4.246176589933595e-10]	[]
0.6227635128957728	0.3772364871042273	[0.2583352041547804, 0.2666611457993041, -0.9285228891176083]	[-1.1813777733848951e-10, -1.2194506515683656e-10, 4.246176589933595e-10]	[]
0.6227915747281811	0.37720842527181947	[0.2583352041547804, 0.2666611457993041, -0.9285228891176083]	[-1.1813777733848951e-10, -1.2194506515683656e-10, 4.246176589933595e-10]	[]
0.6150987584419421	0.38490124155805744	[0.2583352041547804, 0.2666611457993041, -0.9285228891176083]	[-1.1813777733848951e-10, -1.2194506515683656e-10, 4.246176589933595e-10]	[]
0.6228664381279662	0.37713356187203323	[0.2583352041547804, 0.2666611457993041, -0.9285228891176083]	[-1.1813777733848951e-10, -1.2194506515683656e-10, 4.246176589933595e-10]	[]
0.6083140389539269	0.39168596104607334	[0.2583352041547804, 0.2666611457993041, -0.9285228891176083]	[-1.1813777733848951e-10, -1.2194506515683656e-10, 4.246176589933595e-10]	[]
0.6153705405579182	0.3846294594420812	[0.2583352041547804, 0.2666611457993041, -0.9285228891176083]	[-1.1813777733848951e-10, -1.2194506515683656e-10, 4.246176589933595e-10]	[]
0.619114206424238	0.3808857935757616	[0.2583352041547804, 0.2666611457993041, -0.9285228891176083]	[-1.1813777733848951e-10, -1.2194506515683656e-10, 4.246176589933595e-10]	[]
0.6289553344324913	0.3710446655675081	[0.7905674396866558, -0.4099690661387028, -0.45489393062190403]	[-8.246761606933717e-11, 4.276534681935118e-11, 4.7453008238869404e-11]	[]
0.6160706011495772	0.38392939885042315	[0.7905674396866558, -0.4099690661387028, -0.45489393062190403]	[-8.246761606933717e-11, 4.276534681935118e-11, 4.7453008238869404e-11]	[]
0.6220413562082853	0.37795864379171523	[0.7905674396866558, -0.4099690661387028, -0.45489393062190403]	[-8.246761606933717e-11, 4.276534681935118e-11, 4.7453008238869404e-11]	[]
0.6051075979909306	0.39489240200906933	[0.7905674396866558, -0.4099690661387028, -0.45489393062190403]	[-8.246761606933717e-11, 4.276534681935118e-11, 4.7453008238869404e-11]	[]
0.6266475593084282	0.3733524406915709	[0.7905674396866558, -0.4099690661387028, -0.45489393062190403]	[-8.246761606933717e-11, 4.276534681935118e-11, 4.7453008238869404e-11]	[]
0.6247953756203198	0.3752046243796804	[0.7905674396866558, -0.4099690661387028, -0.45489393062190403]	[-8.246761606933717e-11, 4.276534681935118e-11, 4.7453008238869404e-11]	[]
0.6216108464223816	0.3783891535776173	[0.7905674396866558, -0.4099690661387028, -0.45489393062190403]	[-8.246761606933717e-11, 4.276534681935118e-11, 4.7453008238869404e-11]	[]
0.6066334890147763	0.39336651098522424	[0.7905674396866558, -0.4099690661387028, -0.45489393062190403]	[-8.246761606933717e-11, 4.276534681935118e-11, 4.7453008238869404e-11]	[]
0.620860039403602	0.379139960596398	[0.7905674396866558, -0.4099690661387028, -0.45489393062190403]	[-8.246761606933717e-11, 4.276534681935118e-11, 4.7453008238869404e-11]	[]
0.6197345287635555	0.38026547123644494	[0.7905674396866558, -0.4099690661387028, -0.45489393062190403]	[-8.246761606933717e-11, 4.276534681935118e-11, 4.7453008238869404e-11]	[]
0.6256021165690703	0.37439788343093033	[0.7905674396866558, -0.4099690661387028, -0.45489393062190403]	[-8.246761606933717e-11, 4.276534681935118e-11, 4.7453008238869404e-11]	[]
0.6254906594070785	0.3745093405929217	[0.7905674396866558, -0.4099690661387028, -0.45489393062190403]	[-8.246761606933717e-11, 4.276534681935118e-11, 4.7453008238869404e-11]	[]
0.6132890322889168	0.3867109677110826	[0.7905674396866558, -0.4099690661387028, -0.45489393062190403]	[-8.246761606933717e-11, 4.276534681935118e-11, 4.7453008238869404e-11]	[]
0.6252194213492857	0.37478057865071274	[0.7905674396866558, -0.4099690661387028, -0.45489393062190403]	[-8.246761606933717e-11, 4.276534681935118e-11, 4.7453008238869404e-11]	[]
0.6140273271333119	0.38597267286668735	[0.7905674396866558, -0.4099690661387028, -0.45489393062190403]	[-8.246761606933717e-11, 4.276534681935118e-11, 4.7453008238869404e-11]	[]
0.6198556757201722	0.3801443242798261	[-0.34762115204461297, 0.9189169746679398, 0.18641654518388928]	[-0.11997825638762115, 0.31715577644567006, 0.06433996297813131]	[]
0.6238308086120241	0.376169191387975	[-0.34762115204461297, 0.9189169746679398, 0.18641654518388928]	[-0.11997825638762115, 0.31715577644567006, 0.06433996297813131]	[]
0.6253763334354844	0.3746236665645157	[-0.34762115204461297, 0.9189169746679398, 0.18641654518388928]	[-0.11997825638762115, 0.31715577644567006, 0.06433996297813131]	[]
0.6279198548996768	0.3720801451003239	[-0.34762115204461297, 0.9189169746679398, 0.18641654518388928]	[-0.11997825638762115, 0.31715577644567006, 0.06433996297813131]	[]
0.6269047815710299	0.3730952184289707	[-0.34762115204461297, 0.9189169746679398, 0.18641654518388928]	[-0.11997825638762115, 0.31715577644567006, 0.06433996297813131]	[]
0.6179500167659631	0.38204998323403805	[-0.34762115204461297, 0.9189169746679398, 0.18641654518388928]	[-0.11997825638762115, 0.31715577644567006, 0.06433996297813131]	[]
0.6241728420738467	0.37582715792615246	[-0.34762115204461297, 0.9189169746679398, 0.18641654518388928]	[-0.11997825638762115, 0.31715577644567006, 0.06433996297813131]	[]
0.6100774396780544	0.389922560321946	[-0.34762115204461297, 0.9189169746679398, 0.18641654518388928]	[-0.11997825638762115, 0.31715577644567006, 0.06433996297813131]	[]
0.6132933950367534	0.38670660496324694	[-0.34762115204461297, 0.9189169746679398, 0.18641654518388928]	[-0.11997825638762115, 0.31715577644567006, 0.06433996297813131]	[]
0.6198506415707425	0.3801493584292575	[-0.34762115204461297, 0.9189169746679398, 0.18641654518388928]	[-0.11997825638762115, 0.31715577644567006, 0.06433996297813131]	[]
0.611994157960062	0.3880058420399381	[-0.34762115204461297, 0.9189169746679398, 0.18641654518388928]	[-0.11997825638762115, 0.31715577644567006, 0.06433996297813131]	[]
0.6278515708693845	0.3721484291306156	[-0.34762115204461297, 0.9189169746679398, 0.18641654518388928]	[-0.11997825638762115, 0.31715577644567006, 0.06433996297813131]	[]
0.6262280262919431	0.3737719737080568	[-0.34762115204461297, 0.9189169746679398, 0.18641654518388928]	[-0.11997825638762115, 0.31715577644567006, 0.06433996297813131]	[]
0.6240025737723144	0.3759974262276854	[-0.34762115204461297, 0.9189169746679398, 0.18641654518388928]	[-0.11997825638762115, 0.31715577644567006, 0.06433996297813131]	[]
0.6232645439068957	0.3767354560931036	[-0.34762115204461297, 0.9189169746679398, 0.18641654518388928]	[-0.11997825638762115, 0.31715577644567006, 0.06433996297813131]	[]
