0.5614977966747394	0.4385022033252605	[0.3369830359929369, -0.5161982849676826, 0.7873892074758239]	[0.1867031080006427, -0.28599607058584325, 0.43624751557220925]	[]
0.5707265830442542	0.429273416955747	[0.3369830359929369, -0.5161982849676826, 0.7873892074758239]	[0.1867031080006427, -0.28599607058584325, 0.43624751557220925]	[]
0.5720255138656135	0.4279744861343863	[0.3369830359929369, -0.5161982849676826, 0.7873892074758239]	[0.1867031080006427, -0.28599607058584325, 0.43624751557220925]	[]
0.5587237060665174	0.4412762939334836	[0.3369830359929369, -0.5161982849676826, 0.7873892074758239]	[0.1867031080006427, -0.28599607058584325, 0.43624751557220925]	[]
0.5604031599946401	0.4395968400053603	[0.3369830359929369, -0.5161982849676826, 0.7873892074758239]	[0.1867031080006427, -0.28599607058584325, 0.43624751557220925]	[]
0.5676614444163277	0.43233855558367307	[0.3369830359929369, -0.5161982849676826, 0.7873892074758239]	[0.1867031080006427, -0.28599607058584325, 0.43624751557220925]	[]
0.5675286387946374	0.43247136120536117	[0.3369830359929369, -0.5161982849676826, 0.7873892074758239]	[0.1867031080006427, -0.28599607058584325, 0.43624751557220925]	[]
0.5516169131656439	0.44838308683435646	[0.3369830359929369, -0.5161982849676826, 0.7873892074758239]	[0.1867031080006427, -0.28599607058584325, 0.43624751557220925]	[]
0.556203731197496	0.44379626880250383	[0.3369830359929369, -0.5161982849676826, 0.7873892074758239]	[0.1867031080006427, -0.28599607058584325, 0.43624751557220925]	[]
0.5564061764322437	0.44359382356775656	[0.3369830359929369, -0.5161982849676826, 0.7873892074758239]	[0.1867031080006427, -0.28599607058584325, 0.43624751557220925]	[]
0.5686627812888468	0.43133721871115355	[0.3369830359929369, -0.5161982849676826, 0.7873892074758239]	[0.1867031080006427, -0.28599607058584325, 0.43624751557220925]	[]
0.5658957559218373	0.4341042440781635	[0.3369830359929369, -0.5161982849676826, 0.7873892074758239]	[0.1867031080006427, -0.28599607058584325, 0.43624751557220925]	[]
0.5628399546966095	0.4371600453033908	[0.3369830359929369, -0.5161982849676826, 0.7873892074758239]	[0.1867031080006427, -0.28599607058584325, 0.43624751557220925]	[]
0.5699583024093012	0.43004169759069844	[0.3369830359929369, -0.5161982849676826, 0.7873892074758239]	[0.1867031080006427, -0.28599607058584325, 0.43624751557220925]	[]
0.5701014102198373	0.4298985897801614	[0.3369830359929369, -0.5161982849676826, 0.7873892074758239]	[0.1867031080006427, -0.28599607058584325, 0.43624751557220925]	[]
0.5574126887811843	0.4425873112188156	[-0.24446136842836091, 0.7894407179207908, -0.5630470604086656]	[1.1418643808269735e-10, -3.687420091491589e-10, 2.629971612227346e-10]	[]
0.5722262442152654	0.42777375578473426	[-0.24446136842836091, 0.7894407179207908, -0.5630470604086656]	[1.1418643808269735e-10, -3.687420091491589e-10, 2.629971612227346e-10]	[]
0.5681799879444941	0.4318200120555066	[-0.24446136842836091, 0.7894407179207908, -0.5630470604086656]	[1.1418643808269735e-10, -3.687420091491589e-10, 2.629971612227346e-10]	[]
0.5608682766545557	0.43913172334544304	[-0.24446136842836091, 0.7894407179207908, -0.5630470604086656]	[1.1418643808269735e-10, -3.687420091491589e-10, 2.629971612227346e-10]	[]
0.5664900202093731	0.4335099797906268	[-0.24446136842836091, 0.7894407179207908, -0.5630470604086656]	[1.1418643808269735e-10, -3.687420091491589e-10, 2.629971612227346e-10]	[]
0.5549242069688269	0.4450757930311731	[-0.24446136842836091, 0.7894407179207908, -0.5630470604086656]	[1.1418643808269735e-10, -3.687420091491589e-10, 2.629971612227346e-10]	[]
0.5537377468621405	0.44626225313785994	[-0.24446136842836091, 0.7894407179207908, -0.5630470604086656]	[1.1418643808269735e-10, -3.687420091491589e-10, 2.629971612227346e-10]	[]
0.5655437198812818	0.4344562801187184	[-0.24446136842836091, 0.7894407179207908, -0.5630470604086656]	[1.1418643808269735e-10, -3.687420091491589e-10, 2.629971612227346e-10]	[]
0.5698839296787686	0.43011607032123195	[-0.24446136842836091, 0.7894407179207908, -0.5630470604086656]	[1.1418643808269735e-10, -3.687420091491589e-10, 2.629971612227346e-10]	[]
0.5663886701952969	0.43361132980470296	[-0.24446136842836091, 0.7894407179207908, -0.5630470604086656]	[1.1418643808269735e-10, -3.687420091491589e-10, 2.629971612227346e-10]	[]
0.5658562419036329	0.43414375809636657	[-0.24446136842836091, 0.7894407179207908, -0.5630470604086656]	[1.1418643808269735e-10, -3.687420091491589e-10, 2.629971612227346e-10]	[]
0.5585093877475943	0.4414906122524052	[-0.24446136842836091, 0.7894407179207908, -0.5630470604086656]	[1.1418643808269735e-10, -3.687420091491589e-10, 2.629971612227346e-10]	[]
0.5611954711629075	0.43880452883709253	[-0.24446136842836091, 0.7894407179207908, -0.5630470604086656]	[1.1418643808269735e-10, -3.687420091491589e-10, 2.629971612227346e-10]	[]
0.5652438970677737	0.4347561029322268	[-0.24446136842836091, 0.7894407179207908, -0.5630470604086656]	[1.1418643808269735e-10, -3.687420091491589e-10, 2.629971612227346e-10]	[]
0.5665837221458888	0.4334162778541109	[-0.24446136842836091, 0.7894407179207908, -0.5630470604086656]	[1.1418643808269735e-10, -3.687420091491589e-10, 2.629971612227346e-10]	[]
0.550689521195709	0.4493104788042919	[-0.9586567100249667, 0.0537379101804175, -0.27944507391175893]	[1.8599011220032935e-12, -1.042499420123022e-13, 5.421582255944102e-13]	[]
0.5693075014775925	0.43069249852240776	[-0.9586567100249667, 0.0537379101804175, -0.27944507391175893]	[1.8599011220032935e-12, -1.042499420123022e-13, 5.421582255944102e-13]	[]
0.5660680519309957	0.4339319480690045	[-0.9586567100249667, 0.0537379101804175, -0.27944507391175893]	[1.8599011220032935e-12, -1.042499420123022e-13, 5.421582255944102e-13]	[]
0.5524877929171469	0.4475122070828538	[-0.9586567100249667, 0.0537379101804175, -0.27944507391175893]	[1.8599011220032935e-12, -1.042499420123022e-13, 5.421582255944102e-13]	[]
0.565338123739564	0.4346618762604349	[-0.9586567100249667, 0.0537379101804175, -0.27944507391175893]	[1.8599011220032935e-12, -1.042499420123022e-13, 5.421582255944102e-13]	[]
0.5655966537146672	0.43440334628533334	[-0.9586567100249667, 0.0537379101804175, -0.27944507391175893]	[1.8599011220032935e-12, -1.042499420123022e-13, 5.421582255944102e-13]	[]
0.5536319090208849	0.4463680909791143	[-0.9586567100249667, 0.0537379101804175, -0.27944507391175893]	[1.8599011220032935e-12, -1.042499420123022e-13, 5.421582255944102e-13]	[]
0.5662078339796026	0.43379216602039716	[-0.9586567100249667, 0.0537379101804175, -0.27944507391175893]	[1.8599011220032935e-12, -1.042499420123022e-13, 5.421582255944102e-13]	[]
0.5696266842511626	0.4303733157488375	[-0.9586567100249667, 0.0537379101804175, -0.27944507391175893]	[1.8599011220032935e-12, -1.042499420123022e-13, 5.421582255944102e-13]	[]
0.5609086888376058	0.4390913111623946	[-0.9586567100249667, 0.0537379101804175, -0.27944507391175893]	[1.8599011220032935e-12, -1.042499420123022e-13, 5.421582255944102e-13]	[]
0.5624519090437591	0.43754809095624136	[-0.9586567100249667, 0.0537379101804175, -0.27944507391175893]	[1.8599011220032935e-12, -1.042499420123022e-13, 5.421582255944102e-13]	[]
0.5607299672852472	0.4392700327147527	[-0.9586567100249667, 0.0537379101804175, -0.27944507391175893]	[1.8599011220032935e-12, -1.042499420123022e-13, 5.421582255944102e-13]	[]
0.5654490345956419	0.43455096540435756	[-0.9586567100249667, 0.0537379101804175, -0.27944507391175893]	[1.8599011220032935e-12, -1.042499420123022e-13, 5.421582255944102e-13]	[]
0.5667223537363109	0.43327764626368886	[-0.9586567100249667, 0.0537379101804175, -0.27944507391175893]	[1.8599011220032935e-12, -1.042499420123022e-13, 5.421582255944102e-13]	[]
0.5672397735385114	0.4327602264614888	[-0.9586567100249667, 0.0537379101804175, -0.27944507391175893]	[1.8599011220032935e-12, -1.042499420123022e-13, 5.421582255944102e-13]	[]
0.5693409094714024	0.43065909052859774	[0.8675428284776457, 0.1501748290518864, 0.4741486702251128]	[0.5808765657700631, 0.10055185300516124, 0.3174734920097406]	[]
0.5716970153609497	0.4283029846390502	[0.8675428284776457, 0.1501748290518864, 0.4741486702251128]	[0.5808765657700631, 0.10055185300516124, 0.3174734920097406]	[]
0.5693959324303065	0.4306040675696933	[0.8675428284776457, 0.1501748290518864, 0.4741486702251128]	[0.5808765657700631, 0.10055185300516124, 0.3174734920097406]	[]
0.5670098018968879	0.43299019810311296	[0.8675428284776457, 0.1501748290518864, 0.4741486702251128]	[0.5808765657700631, 0.10055185300516124, 0.3174734920097406]	[]
0.5672415076375729	0.43275849236242675	[0.8675428284776457, 0.1501748290518864, 0.4741486702251128]	[0.5808765657700631, 0.10055185300516124, 0.3174734920097406]	[]
0.5596557880014752	0.440344211998525	[0.8675428284776457, 0.1501748290518864, 0.4741486702251128]	[0.5808765657700631, 0.10055185300516124, 0.3174734920097406]	[]
0.5694056316765419	0.4305943683234591	[0.8675428284776457, 0.1501748290518864, 0.4741486702251128]	[0.5808765657700631, 0.10055185300516124, 0.3174734920097406]	[]
0.5632865785112521	0.43671342148874776	[0.8675428284776457, 0.1501748290518864, 0.4741486702251128]	[0.5808765657700631, 0.10055185300516124, 0.3174734920097406]	[]
0.5707736083024318	0.4292263916975672	[0.8675428284776457, 0.1501748290518864, 0.4741486702251128]	[0.5808765657700631, 0.10055185300516124, 0.3174734920097406]	[]
0.5712206130249635	0.42877938697503676	[0.8675428284776457, 0.1501748290518864, 0.4741486702251128]	[0.5808765657700631, 0.10055185300516124, 0.3174734920097406]	[]
0.5659310747548337	0.43406892524516616	[0.8675428284776457, 0.1501748290518864, 0.4741486702251128]	[0.5808765657700631, 0.10055185300516124, 0.3174734920097406]	[]
0.5653533135661842	0.43464668643381493	[0.8675428284776457, 0.1501748290518864, 0.4741486702251128]	[0.5808765657700631, 0.10055185300516124, 0.3174734920097406]	[]
0.5697192992424915	0.4302807007575085	[0.8675428284776457, 0.1501748290518864, 0.4741486702251128]	[0.5808765657700631, 0.10055185300516124, 0.3174734920097406]	[]
0.5604072489720794	0.4395927510279205	[0.8675428284776457, 0.1501748290518864, 0.4741486702251128]	[0.5808765657700631, 0.10055185300516124, 0.3174734920097406]	[]
0.565543623966229	0.434456376033771	[0.8675428284776457, 0.1501748290518864, 0.4741486702251128]	[0.5808765657700631, 0.10055185300516124, 0.3174734920097406]	[]
0.5655208561023338	0.43447914389766695	[-0.8226668475093709, 0.0508918683138265, -0.5662413582108973]	[2.8223356984824477e-10, -1.7459408918618635e-11, 1.9426220252602364e-10]	[]
0.5672268571289658	0.4327731428710326	[-0.8226668475093709, 0.0508918683138265, -0.5662413582108973]	[2.8223356984824477e-10, -1.7459408918618635e-11, 1.9426220252602364e-10]	[]
0.5604044233375236	0.4395955766624762	[-0.8226668475093709, 0.0508918683138265, -0.5662413582108973]	[2.8223356984824477e-10, -1.7459408918618635e-11, 1.9426220252602364e-10]	[]
0.5616197337741299	0.4383802662258704	[-0.8226668475093709, 0.0508918683138265, -0.5662413582108973]	[2.8223356984824477e-10, -1.7459408918618635e-11, 1.9426220252602364e-10]	[]
0.5671954991857342	0.4328045008142657	[-0.8226668475093709, 0.0508918683138265, -0.5662413582108973]	[2.8223356984824477e-10, -1.7459408918618635e-11, 1.9426220252602364e-10]	[]
0.5675146632721365	0.43248533672786293	[-0.8226668475093709, 0.0508918683138265, -0.5662413582108973]	[2.8223356984824477e-10, -1.7459408918618635e-11, 1.9426220252602364e-10]	[]
0.5594533802488483	0.4405466197511518	[-0.8226668475093709, 0.0508918683138265, -0.5662413582108973]	[2.8223356984824477e-10, -1.7459408918618635e-11, 1.9426220252602364e-10]	[]
0.5538567533844634	0.4461432466155366	[-0.8226668475093709, 0.0508918683138265, -0.5662413582108973]	[2.8223356984824477e-10, -1.7459408918618635e-11, 1.9426220252602364e-10]	[]
0.5702217648987303	0.42977823510127017	[-0.8226668475093709, 0.0508918683138265, -0.5662413582108973]	[2.8223356984824477e-10, -1.7459408918618635e-11, 1.9426220252602364e-10]	[]
0.5587919193470275	0.4412080806529727	[-0.8226668475093709, 0.0508918683138265, -0.5662413582108973]	[2.8223356984824477e-10, -1.7459408918618635e-11, 1.9426220252602364e-10]	[]
0.5658114255749668	0.43418857442503295	[-0.8226668475093709, 0.0508918683138265, -0.5662413582108973]	[2.8223356984824477e-10, -1.7459408918618635e-11, 1.9426220252602364e-10]	[]
0.5606896940738022	0.4393103059261979	[-0.8226668475093709, 0.0508918683138265, -0.5662413582108973]	[2.8223356984824477e-10, -1.7459408918618635e-11, 1.9426220252602364e-10]	[]
0.5619501276438101	0.43804987235619014	[-0.8226668475093709, 0.0508918683138265, -0.5662413582108973]	[2.8223356984824477e-10, -1.7459408918618635e-11, 1.9426220252602364e-10]	[]
0.5682412380302768	0.4317587619697229	[-0.8226668475093709, 0.0508918683138265, -0.5662413582108973]	[2.8223356984824477e-10, -1.7459408918618635e-11, 1.9426220252602364e-10]	[]
0.5684715080141344	0.4315284919858665	[-0.8226668475093709, 0.0508918683138265, -0.5662413582108973]	[2.8223356984824477e-10, -1.7459408918618635e-11, 1.9426220252602364e-10]	[]
