0.7314868945333685	0.2685131054666319	[0.33842267572050444, 0.6370248821603568, 0.692581686205142]	[0.17349752045091923, 0.32658047302846327, 0.3550625117258598]	[]
0.7415844767065893	0.25841552329341094	[0.33842267572050444, 0.6370248821603568, 0.692581686205142]	[0.17349752045091923, 0.32658047302846327, 0.3550625117258598]	[]
0.751518774614066	0.24848122538593423	[0.33842267572050444, 0.6370248821603568, 0.692581686205142]	[0.17349752045091923, 0.32658047302846327, 0.3550625117258598]	[]
0.7558968836532408	0.24410311634675946	[0.33842267572050444, 0.6370248821603568, 0.692581686205142]	[0.17349752045091923, 0.32658047302846327, 0.3550625117258598]	[]
0.7534149418043462	0.246585058195653	[0.33842267572050444, 0.6370248821603568, 0.692581686205142]	[0.17349752045091923, 0.32658047302846327, 0.3550625117258598]	[]
0.7519546143093585	0.24804538569064222	[0.33842267572050444, 0.6370248821603568, 0.692581686205142]	[0.17349752045091923, 0.32658047302846327, 0.3550625117258598]	[]
0.7571421217183011	0.2428578782816982	[0.33842267572050444, 0.6370248821603568, 0.692581686205142]	[0.17349752045091923, 0.32658047302846327, 0.3550625117258598]	[]
0.7392239442560179	0.2607760557439817	[0.33842267572050444, 0.6370248821603568, 0.692581686205142]	[0.17349752045091923, 0.32658047302846327, 0.3550625117258598]	[]
0.731593883271615	0.2684061167283842	[0.33842267572050444, 0.6370248821603568, 0.692581686205142]	[0.17349752045091923, 0.32658047302846327, 0.3550625117258598]	[]
0.7509278244396749	0.2490721755603254	[0.33842267572050444, 0.6370248821603568, 0.692581686205142]	[0.17349752045091923, 0.32658047302846327, 0.3550625117258598]	[]
0.7585462859390726	0.2414537140609265	[0.33842267572050444, 0.6370248821603568, 0.692581686205142]	[0.17349752045091923, 0.32658047302846327, 0.3550625117258598]	[]
0.7524350418742397	0.24756495812576032	[0.33842267572050444, 0.6370248821603568, 0.692581686205142]	[0.17349752045091923, 0.32658047302846327, 0.3550625117258598]	[]
0.735371804490365	0.2646281955096348	[0.33842267572050444, 0.6370248821603568, 0.692581686205142]	[0.17349752045091923, 0.32658047302846327, 0.3550625117258598]	[]
0.753237612537455	0.2467623874625452	[0.33842267572050444, 0.6370248821603568, 0.692581686205142]	[0.17349752045091923, 0.32658047302846327, 0.3550625117258598]	[]
0.7535049374075395	0.24649506259245935	[0.33842267572050444, 0.6370248821603568, 0.692581686205142]	[0.17349752045091923, 0.32658047302846327, 0.3550625117258598]	[]
0.7536546384946835	0.24634536150531738	[0.1238348421876108, -0.9758702685111506, 0.17983923625378465]	[0.04980166174553946, -0.3924578911829344, 0.07232449813210322]	[]
0.7336514227080131	0.2663485772919861	[0.1238348421876108, -0.9758702685111506, 0.17983923625378465]	[0.04980166174553946, -0.3924578911829344, 0.07232449813210322]	[]
0.7545367918206185	0.24546320817938186	[0.1238348421876108, -0.9758702685111506, 0.17983923625378465]	[0.04980166174553946, -0.3924578911829344, 0.07232449813210322]	[]
0.7455299402865981	0.25447005971340075	[0.1238348421876108, -0.9758702685111506, 0.17983923625378465]	[0.04980166174553946, -0.3924578911829344, 0.07232449813210322]	[]
0.7522391844661938	0.24776081553380758	[0.1238348421876108, -0.9758702685111506, 0.17983923625378465]	[0.04980166174553946, -0.3924578911829344, 0.07232449813210322]	[]
0.7348914171566289	0.2651085828433693	[0.1238348421876108, -0.9758702685111506, 0.17983923625378465]	[0.04980166174553946, -0.3924578911829344, 0.07232449813210322]	[]
0.7485162528160377	0.25148374718396366	[0.1238348421876108, -0.9758702685111506, 0.17983923625378465]	[0.04980166174553946, -0.3924578911829344, 0.07232449813210322]	[]
0.7482375062883131	0.25176249371168646	[0.1238348421876108, -0.9758702685111506, 0.17983923625378465]	[0.04980166174553946, -0.3924578911829344, 0.07232449813210322]	[]
0.7505784418972473	0.2494215581027533	[0.1238348421876108, -0.9758702685111506, 0.17983923625378465]	[0.04980166174553946, -0.3924578911829344, 0.07232449813210322]	[]
0.7555220889487835	0.24447791105121744	[0.1238348421876108, -0.9758702685111506, 0.17983923625378465]	[0.04980166174553946, -0.3924578911829344, 0.07232449813210322]	[]
0.7493251021836161	0.25067489781638336	[0.1238348421876108, -0.9758702685111506, 0.17983923625378465]	[0.04980166174553946, -0.3924578911829344, 0.07232449813210322]	[]
0.7502814276359656	0.24971857236403452	[0.1238348421876108, -0.9758702685111506, 0.17983923625378465]	[0.04980166174553946, -0.3924578911829344, 0.07232449813210322]	[]
0.7498567763234556	0.25014322367654346	[0.1238348421876108, -0.9758702685111506, 0.17983923625378465]	[0.04980166174553946, -0.3924578911829344, 0.07232449813210322]	[]
0.7473868947341642	0.2526131052658359	[0.1238348421876108, -0.9758702685111506, 0.17983923625378465]	[0.04980166174553946, -0.3924578911829344, 0.07232449813210322]	[]
0.7504059409312711	0.24959405906872986	[0.1238348421876108, -0.9758702685111506, 0.17983923625378465]	[0.04980166174553946, -0.3924578911829344, 0.07232449813210322]	[]
0.7522153650852863	0.2477846349147139	[0.011393150861737198, 0.3184279643504219, 0.9478785932982599]	[0.006480827145684382, 0.1811330877955615, 0.5391868669878651]	[]
0.7558090300801464	0.2441909699198522	[0.011393150861737198, 0.3184279643504219, 0.9478785932982599]	[0.006480827145684382, 0.1811330877955615, 0.5391868669878651]	[]
0.7510141235388706	0.24898587646112874	[0.011393150861737198, 0.3184279643504219, 0.9478785932982599]	[0.006480827145684382, 0.1811330877955615, 0.5391868669878651]	[]
0.7436028411187221	0.2563971588812769	[0.011393150861737198, 0.3184279643504219, 0.9478785932982599]	[0.006480827145684382, 0.1811330877955615, 0.5391868669878651]	[]
0.7357756280932409	0.2642243719067593	[0.011393150861737198, 0.3184279643504219, 0.9478785932982599]	[0.006480827145684382, 0.1811330877955615, 0.5391868669878651]	[]
0.7541555072981775	0.24584449270182288	[0.011393150861737198, 0.3184279643504219, 0.9478785932982599]	[0.006480827145684382, 0.1811330877955615, 0.5391868669878651]	[]
0.7476180138797939	0.2523819861202067	[0.011393150861737198, 0.3184279643504219, 0.9478785932982599]	[0.006480827145684382, 0.1811330877955615, 0.5391868669878651]	[]
0.751938661166583	0.24806133883341688	[0.011393150861737198, 0.3184279643504219, 0.9478785932982599]	[0.006480827145684382, 0.1811330877955615, 0.5391868669878651]	[]
0.7501691340176767	0.24983086598232326	[0.011393150861737198, 0.3184279643504219, 0.9478785932982599]	[0.006480827145684382, 0.1811330877955615, 0.5391868669878651]	[]
0.7516803180288223	0.24831968197117765	[0.011393150861737198, 0.3184279643504219, 0.9478785932982599]	[0.006480827145684382, 0.1811330877955615, 0.5391868669878651]	[]
0.7563093457668018	0.24369065423319752	[0.011393150861737198, 0.3184279643504219, 0.9478785932982599]	[0.006480827145684382, 0.1811330877955615, 0.5391868669878651]	[]
0.7484013350787567	0.2515986649212425	[0.011393150861737198, 0.3184279643504219, 0.9478785932982599]	[0.006480827145684382, 0.1811330877955615, 0.5391868669878651]	[]
0.7503265398398773	0.2496734601601231	[0.011393150861737198, 0.3184279643504219, 0.9478785932982599]	[0.006480827145684382, 0.1811330877955615, 0.5391868669878651]	[]
0.750284800939796	0.24971519906020348	[0.011393150861737198, 0.3184279643504219, 0.9478785932982599]	[0.006480827145684382, 0.1811330877955615, 0.5391868669878651]	[]
0.7572425989100288	0.24275740108997104	[0.011393150861737198, 0.3184279643504219, 0.9478785932982599]	[0.006480827145684382, 0.1811330877955615, 0.5391868669878651]	[]
0.750770619234413	0.24922938076558498	[0.2614873905458356, -0.3560550519520336, 0.8971338498601891]	[0.16963355146837622, -0.23098200970533367, 0.5819936509236943]	[]
0.7513125214305055	0.2486874785694943	[0.2614873905458356, -0.3560550519520336, 0.8971338498601891]	[0.16963355146837622, -0.23098200970533367, 0.5819936509236943]	[]
0.7378389884216598	0.26216101157834026	[0.2614873905458356, -0.3560550519520336, 0.8971338498601891]	[0.16963355146837622, -0.23098200970533367, 0.5819936509236943]	[]
0.7478959106239021	0.2521040893760964	[0.2614873905458356, -0.3560550519520336, 0.8971338498601891]	[0.16963355146837622, -0.23098200970533367, 0.5819936509236943]	[]
0.7551409138542096	0.24485908614578772	[0.2614873905458356, -0.3560550519520336, 0.8971338498601891]	[0.16963355146837622, -0.23098200970533367, 0.5819936509236943]	[]
0.7497930471539289	0.2502069528460719	[0.2614873905458356, -0.3560550519520336, 0.8971338498601891]	[0.16963355146837622, -0.23098200970533367, 0.5819936509236943]	[]
0.7516968642769113	0.24830313572308862	[0.2614873905458356, -0.3560550519520336, 0.8971338498601891]	[0.16963355146837622, -0.23098200970533367, 0.5819936509236943]	[]
0.7423480050870791	0.2576519949129206	[0.2614873905458356, -0.3560550519520336, 0.8971338498601891]	[0.16963355146837622, -0.23098200970533367, 0.5819936509236943]	[]
0.7528262886278427	0.24717371137215738	[0.2614873905458356, -0.3560550519520336, 0.8971338498601891]	[0.16963355146837622, -0.23098200970533367, 0.5819936509236943]	[]
0.7463316619774844	0.2536683380225168	[0.2614873905458356, -0.3560550519520336, 0.8971338498601891]	[0.16963355146837622, -0.23098200970533367, 0.5819936509236943]	[]
0.7340051087470756	0.2659948912529269	[0.2614873905458356, -0.3560550519520336, 0.8971338498601891]	[0.16963355146837622, -0.23098200970533367, 0.5819936509236943]	[]
0.7456744974363463	0.2543255025636541	[0.2614873905458356, -0.3560550519520336, 0.8971338498601891]	[0.16963355146837622, -0.23098200970533367, 0.5819936509236943]	[]
0.7516864647571925	0.24831353524280683	[0.2614873905458356, -0.3560550519520336, 0.8971338498601891]	[0.16963355146837622, -0.23098200970533367, 0.5819936509236943]	[]
0.7529588518942967	0.24704114810570338	[0.2614873905458356, -0.3560550519520336, 0.8971338498601891]	[0.16963355146837622, -0.23098200970533367, 0.5819936509236943]	[]
0.7535363677343848	0.24646363226561466	[0.2614873905458356, -0.3560550519520336, 0.8971338498601891]	[0.16963355146837622, -0.23098200970533367, 0.5819936509236943]	[]
0.7514046996402196	0.24859530035978045	[-0.7788690799791791, 0.4116157100375106, 0.47321819861740644]	[-0.33640475130209285, 0.17778274183243323, 0.20438974213967828]	[]
0.7560935589302539	0.2439064410697463	[-0.7788690799791791, 0.4116157100375106, 0.47321819861740644]	[-0.33640475130209285, 0.17778274183243323, 0.20438974213967828]	[]
0.7506648807146159	0.24933511928538463	[-0.7788690799791791, 0.4116157100375106, 0.47321819861740644]	[-0.33640475130209285, 0.17778274183243323, 0.20438974213967828]	[]
0.750695171973417	0.2493048280265809	[-0.7788690799791791, 0.4116157100375106, 0.47321819861740644]	[-0.33640475130209285, 0.17778274183243323, 0.20438974213967828]	[]
0.7301135255216074	0.26988647447839353	[-0.7788690799791791, 0.4116157100375106, 0.47321819861740644]	[-0.33640475130209285, 0.17778274183243323, 0.20438974213967828]	[]
0.7345710129182738	0.2654289870817265	[-0.7788690799791791, 0.4116157100375106, 0.47321819861740644]	[-0.33640475130209285, 0.17778274183243323, 0.20438974213967828]	[]
0.7539499499148892	0.24605005008511224	[-0.7788690799791791, 0.4116157100375106, 0.47321819861740644]	[-0.33640475130209285, 0.17778274183243323, 0.20438974213967828]	[]
0.7572643195521229	0.24273568044787794	[-0.7788690799791791, 0.4116157100375106, 0.47321819861740644]	[-0.33640475130209285, 0.17778274183243323, 0.20438974213967828]	[]
0.7493933178997478	0.2506066821002523	[-0.7788690799791791, 0.4116157100375106, 0.47321819861740644]	[-0.33640475130209285, 0.17778274183243323, 0.20438974213967828]	[]
0.7541453439459557	0.24585465605404438	[-0.7788690799791791, 0.4116157100375106, 0.47321819861740644]	[-0.33640475130209285, 0.17778274183243323, 0.20438974213967828]	[]
0.7415735775349498	0.2584264224650498	[-0.7788690799791791, 0.4116157100375106, 0.47321819861740644]	[-0.33640475130209285, 0.17778274183243323, 0.20438974213967828]	[]
0.7449742871536913	0.2550257128463087	[-0.7788690799791791, 0.4116157100375106, 0.47321819861740644]	[-0.33640475130209285, 0.17778274183243323, 0.20438974213967828]	[]
0.751831222415468	0.24816877758453199	[-0.7788690799791791, 0.4116157100375106, 0.47321819861740644]	[-0.33640475130209285, 0.17778274183243323, 0.20438974213967828]	[]
0.7493580672799017	0.2506419327200999	[-0.7788690799791791, 0.4116157100375106, 0.47321819861740644]	[-0.33640475130209285, 0.17778274183243323, 0.20438974213967828]	[]
0.7567882359802479	0.24321176401975128	[-0.7788690799791791, 0.4116157100375106, 0.47321819861740644]	[-0.33640475130209285, 0.17778274183243323, 0.20438974213967828]	[]
