0.9942920928017871	0.005707907198212682	[0.03777405623962452, 0.9992596709392062, -0.007295937888643655]	[-1.0796918914479647e-12, -2.8561875087262933e-11, 1.216156873133136e-13]	[]
0.9833761284437036	0.016623871556296094	[0.03777405623962452, 0.9992596709392062, -0.007295937888643655]	[-1.0796918914479647e-12, -2.8561875087262933e-11, 1.216156873133136e-13]	[]
0.9834894986136103	0.016510501386390528	[0.03777405623962452, 0.9992596709392062, -0.007295937888643655]	[-1.0796918914479647e-12, -2.8561875087262933e-11, 1.216156873133136e-13]	[]
0.988444386457419	0.011555613542580008	[0.03777405623962452, 0.9992596709392062, -0.007295937888643655]	[-1.0796918914479647e-12, -2.8561875087262933e-11, 1.216156873133136e-13]	[]
0.9844464933723902	0.01555350662760965	[0.03777405623962452, 0.9992596709392062, -0.007295937888643655]	[-1.0796918914479647e-12, -2.8561875087262933e-11, 1.216156873133136e-13]	[]
0.9886636408004151	0.011336359199584187	[0.03777405623962452, 0.9992596709392062, -0.007295937888643655]	[-1.0796918914479647e-12, -2.8561875087262933e-11, 1.216156873133136e-13]	[]
0.9874488007879059	0.012551199212094953	[0.03777405623962452, 0.9992596709392062, -0.007295937888643655]	[-1.0796918914479647e-12, -2.8561875087262933e-11, 1.216156873133136e-13]	[]
0.9908804303504127	0.00911956964958758	[0.03777405623962452, 0.9992596709392062, -0.007295937888643655]	[-1.0796918914479647e-12, -2.8561875087262933e-11, 1.216156873133136e-13]	[]
0.9800863296819058	0.019913670318094587	[0.03777405623962452, 0.9992596709392062, -0.007295937888643655]	[-1.0796918914479647e-12, -2.8561875087262933e-11, 1.216156873133136e-13]	[]
0.9874496266589259	0.012550373341074917	[0.03777405623962452, 0.9992596709392062, -0.007295937888643655]	[-1.0796918914479647e-12, -2.8561875087262933e-11, 1.216156873133136e-13]	[]
0.9809236461017481	0.019076353898251557	[0.03777405623962452, 0.9992596709392062, -0.007295937888643655]	[-1.0796918914479647e-12, -2.8561875087262933e-11, 1.216156873133136e-13]	[]
0.9878914156765932	0.012108584323406037	[0.03777405623962452, 0.9992596709392062, -0.007295937888643655]	[-1.0796918914479647e-12, -2.8561875087262933e-11, 1.216156873133136e-13]	[]
0.9917742366776866	0.008225763322313714	[0.03777405623962452, 0.9992596709392062, -0.007295937888643655]	[-1.0796918914479647e-12, -2.8561875087262933e-11, 1.216156873133136e-13]	[]
0.965059149115418	0.034940850884582327	[0.03777405623962452, 0.9992596709392062, -0.007295937888643655]	[-1.0796918914479647e-12, -2.8561875087262933e-11, 1.216156873133136e-13]	[]
0.9837193124197697	0.016280687580229956	[0.03777405623962452, 0.9992596709392062, -0.007295937888643655]	[-1.0796918914479647e-12, -2.8561875087262933e-11, 1.216156873133136e-13]	[]
0.9923128140728235	0.007687185927177409	[-0.8373023837798879, 0.10680298812740224, 0.5362069002200323]	[-0.5132559356537392, 0.06546890187327552, 0.32868815329776013]	[]
0.9796895000970008	0.020310499903001454	[-0.8373023837798879, 0.10680298812740224, 0.5362069002200323]	[-0.5132559356537392, 0.06546890187327552, 0.32868815329776013]	[]
0.9688316055252763	0.031168394474724227	[-0.8373023837798879, 0.10680298812740224, 0.5362069002200323]	[-0.5132559356537392, 0.06546890187327552, 0.32868815329776013]	[]
0.9879675929017737	0.012032407098226092	[-0.8373023837798879, 0.10680298812740224, 0.5362069002200323]	[-0.5132559356537392, 0.06546890187327552, 0.32868815329776013]	[]
0.9698666236924708	0.030133376307526865	[-0.8373023837798879, 0.10680298812740224, 0.5362069002200323]	[-0.5132559356537392, 0.06546890187327552, 0.32868815329776013]	[]
0.979591043170136	0.02040895682986424	[-0.8373023837798879, 0.10680298812740224, 0.5362069002200323]	[-0.5132559356537392, 0.06546890187327552, 0.32868815329776013]	[]
0.9861514715436144	0.013848528456386804	[-0.8373023837798879, 0.10680298812740224, 0.5362069002200323]	[-0.5132559356537392, 0.06546890187327552, 0.32868815329776013]	[]
0.9883111353755881	0.011688864624412354	[-0.8373023837798879, 0.10680298812740224, 0.5362069002200323]	[-0.5132559356537392, 0.06546890187327552, 0.32868815329776013]	[]
0.9967541542407836	0.0032458457592155284	[-0.8373023837798879, 0.10680298812740224, 0.5362069002200323]	[-0.5132559356537392, 0.06546890187327552, 0.32868815329776013]	[]
0.9835626106131876	0.01643738938681222	[-0.8373023837798879, 0.10680298812740224, 0.5362069002200323]	[-0.5132559356537392, 0.06546890187327552, 0.32868815329776013]	[]
0.9687218306910749	0.03127816930892454	[-0.8373023837798879, 0.10680298812740224, 0.5362069002200323]	[-0.5132559356537392, 0.06546890187327552, 0.32868815329776013]	[]
0.9833412051701252	0.016658794829875038	[-0.8373023837798879, 0.10680298812740224, 0.5362069002200323]	[-0.5132559356537392, 0.06546890187327552, 0.32868815329776013]	[]
0.9877339875702263	0.012266012429772778	[-0.8373023837798879, 0.10680298812740224, 0.5362069002200323]	[-0.5132559356537392, 0.06546890187327552, 0.32868815329776013]	[]
0.9898648900379969	0.010135109962004977	[-0.8373023837798879, 0.10680298812740224, 0.5362069002200323]	[-0.5132559356537392, 0.06546890187327552, 0.32868815329776013]	[]
0.9901916540410561	0.009808345958943749	[-0.8373023837798879, 0.10680298812740224, 0.5362069002200323]	[-0.5132559356537392, 0.06546890187327552, 0.32868815329776013]	[]
0.9958762935580399	0.00412370644195953	[0.149805423746636, -0.28307688103094175, 0.9473256116256358]	[0.10115643714242264, -0.19114827758779665, 0.6396836729215389]	[]
0.9633995490416135	0.03660045095838647	[0.149805423746636, -0.28307688103094175, 0.9473256116256358]	[0.10115643714242264, -0.19114827758779665, 0.6396836729215389]	[]
0.9944617071435672	0.005538292856433275	[0.149805423746636, -0.28307688103094175, 0.9473256116256358]	[0.10115643714242264, -0.19114827758779665, 0.6396836729215389]	[]
0.9887730886534122	0.011226911346586758	[0.149805423746636, -0.28307688103094175, 0.9473256116256358]	[0.10115643714242264, -0.19114827758779665, 0.6396836729215389]	[]
0.990991808238771	0.00900819176122775	[0.149805423746636, -0.28307688103094175, 0.9473256116256358]	[0.10115643714242264, -0.19114827758779665, 0.6396836729215389]	[]
0.9972666417261592	0.002733358273840297	[0.149805423746636, -0.28307688103094175, 0.9473256116256358]	[0.10115643714242264, -0.19114827758779665, 0.6396836729215389]	[]
0.9871375071666403	0.012862492833360776	[0.149805423746636, -0.28307688103094175, 0.9473256116256358]	[0.10115643714242264, -0.19114827758779665, 0.6396836729215389]	[]
0.9866071964305184	0.013392803569483134	[0.149805423746636, -0.28307688103094175, 0.9473256116256358]	[0.10115643714242264, -0.19114827758779665, 0.6396836729215389]	[]
0.9910995390602959	0.008900460939706575	[0.149805423746636, -0.28307688103094175, 0.9473256116256358]	[0.10115643714242264, -0.19114827758779665, 0.6396836729215389]	[]
0.9627344972812466	0.03726550271875382	[0.149805423746636, -0.28307688103094175, 0.9473256116256358]	[0.10115643714242264, -0.19114827758779665, 0.6396836729215389]	[]
0.975675931174486	0.024324068825512454	[0.149805423746636, -0.28307688103094175, 0.9473256116256358]	[0.10115643714242264, -0.19114827758779665, 0.6396836729215389]	[]
0.9862286470594313	0.013771352940568872	[0.149805423746636, -0.28307688103094175, 0.9473256116256358]	[0.10115643714242264, -0.19114827758779665, 0.6396836729215389]	[]
0.9930327238665493	0.006967276133452015	[0.149805423746636, -0.28307688103094175, 0.9473256116256358]	[0.10115643714242264, -0.19114827758779665, 0.6396836729215389]	[]
0.9712491788090668	0.028750821190934216	[0.149805423746636, -0.28307688103094175, 0.9473256116256358]	[0.10115643714242264, -0.19114827758779665, 0.6396836729215389]	[]
0.9764668378386835	0.02353316216131725	[0.149805423746636, -0.28307688103094175, 0.9473256116256358]	[0.10115643714242264, -0.19114827758779665, 0.6396836729215389]	[]
0.9832419468799993	0.016758053119998968	[0.07747174351394122, 0.9103547793324852, -0.40651236722074324]	[-1.3119047514997817e-11, -1.5415670129304004e-10, 6.883998874344032e-11]	[]
0.9818645759602992	0.018135424039702756	[0.07747174351394122, 0.9103547793324852, -0.40651236722074324]	[-1.3119047514997817e-11, -1.5415670129304004e-10, 6.883998874344032e-11]	[]
0.9798865058964146	0.020113494103585938	[0.07747174351394122, 0.9103547793324852, -0.40651236722074324]	[-1.3119047514997817e-11, -1.5415670129304004e-10, 6.883998874344032e-11]	[]
0.9670051670828337	0.03299483291716624	[0.07747174351394122, 0.9103547793324852, -0.40651236722074324]	[-1.3119047514997817e-11, -1.5415670129304004e-10, 6.883998874344032e-11]	[]
0.9880591461789195	0.011940853821080216	[0.07747174351394122, 0.9103547793324852, -0.40651236722074324]	[-1.3119047514997817e-11, -1.5415670129304004e-10, 6.883998874344032e-11]	[]
0.9815194790531924	0.018480520946808528	[0.07747174351394122, 0.9103547793324852, -0.40651236722074324]	[-1.3119047514997817e-11, -1.5415670129304004e-10, 6.883998874344032e-11]	[]
0.979049061314397	0.02095093868560318	[0.07747174351394122, 0.9103547793324852, -0.40651236722074324]	[-1.3119047514997817e-11, -1.5415670129304004e-10, 6.883998874344032e-11]	[]
0.9886856163242163	0.011314383675785127	[0.07747174351394122, 0.9103547793324852, -0.40651236722074324]	[-1.3119047514997817e-11, -1.5415670129304004e-10, 6.883998874344032e-11]	[]
0.9898431492052813	0.010156850794717115	[0.07747174351394122, 0.9103547793324852, -0.40651236722074324]	[-1.3119047514997817e-11, -1.5415670129304004e-10, 6.883998874344032e-11]	[]
0.9939906372122269	0.006009362787773457	[0.07747174351394122, 0.9103547793324852, -0.40651236722074324]	[-1.3119047514997817e-11, -1.5415670129304004e-10, 6.883998874344032e-11]	[]
0.9860727686558243	0.013927231344174864	[0.07747174351394122, 0.9103547793324852, -0.40651236722074324]	[-1.3119047514997817e-11, -1.5415670129304004e-10, 6.883998874344032e-11]	[]
0.9776023424048222	0.02239765759517892	[0.07747174351394122, 0.9103547793324852, -0.40651236722074324]	[-1.3119047514997817e-11, -1.5415670129304004e-10, 6.883998874344032e-11]	[]
0.980818110730753	0.019181889269246452	[0.07747174351394122, 0.9103547793324852, -0.40651236722074324]	[-1.3119047514997817e-11, -1.5415670129304004e-10, 6.883998874344032e-11]	[]
0.9952492906452092	0.004750709354790398	[0.07747174351394122, 0.9103547793324852, -0.40651236722074324]	[-1.3119047514997817e-11, -1.5415670129304004e-10, 6.883998874344032e-11]	[]
0.9938011132605948	0.006198886739406562	[0.07747174351394122, 0.9103547793324852, -0.40651236722074324]	[-1.3119047514997817e-11, -1.5415670129304004e-10, 6.883998874344032e-11]	[]
0.9880388635023531	0.01196113649764647	[0.10733620830418689, -0.4020673908626564, 0.9092968445957437]	[0.06055170731957881, -0.22681877214505974, 0.5129627482698207]	[]
0.9871704159285939	0.012829584071405543	[0.10733620830418689, -0.4020673908626564, 0.9092968445957437]	[0.06055170731957881, -0.22681877214505974, 0.5129627482698207]	[]
0.9801495814152689	0.019850418584731345	[0.10733620830418689, -0.4020673908626564, 0.9092968445957437]	[0.06055170731957881, -0.22681877214505974, 0.5129627482698207]	[]
0.9880455611959049	0.01195443880409432	[0.10733620830418689, -0.4020673908626564, 0.9092968445957437]	[0.06055170731957881, -0.22681877214505974, 0.5129627482698207]	[]
0.9769454526231719	0.023054547376828056	[0.10733620830418689, -0.4020673908626564, 0.9092968445957437]	[0.06055170731957881, -0.22681877214505974, 0.5129627482698207]	[]
0.9862114803809718	0.01378851961902662	[0.10733620830418689, -0.4020673908626564, 0.9092968445957437]	[0.06055170731957881, -0.22681877214505974, 0.5129627482698207]	[]
0.9887336581572632	0.0112663418427363	[0.10733620830418689, -0.4020673908626564, 0.9092968445957437]	[0.06055170731957881, -0.22681877214505974, 0.5129627482698207]	[]
0.9624336327483924	0.03756636725160805	[0.10733620830418689, -0.4020673908626564, 0.9092968445957437]	[0.06055170731957881, -0.22681877214505974, 0.5129627482698207]	[]
0.9913822653503761	0.008617734649624724	[0.10733620830418689, -0.4020673908626564, 0.9092968445957437]	[0.06055170731957881, -0.22681877214505974, 0.5129627482698207]	[]
0.9926789480671931	0.007321051932804968	[0.10733620830418689, -0.4020673908626564, 0.9092968445957437]	[0.06055170731957881, -0.22681877214505974, 0.5129627482698207]	[]
0.9836130089295173	0.01638699107048115	[0.10733620830418689, -0.4020673908626564, 0.9092968445957437]	[0.06055170731957881, -0.22681877214505974, 0.5129627482698207]	[]
0.9843523867276085	0.01564761327239184	[0.10733620830418689, -0.4020673908626564, 0.9092968445957437]	[0.06055170731957881, -0.22681877214505974, 0.5129627482698207]	[]
0.9897890114412214	0.010210988558779685	[0.10733620830418689, -0.4020673908626564, 0.9092968445957437]	[0.06055170731957881, -0.22681877214505974, 0.5129627482698207]	[]
0.9614203901511003	0.03857960984889964	[0.10733620830418689, -0.4020673908626564, 0.9092968445957437]	[0.06055170731957881, -0.22681877214505974, 0.5129627482698207]	[]
0.9879798036616428	0.012020196338356774	[0.10733620830418689, -0.4020673908626564, 0.9092968445957437]	[0.06055170731957881, -0.22681877214505974, 0.5129627482698207]	[]
0.9894671339604678	0.01053286603953326	[0.06280325821726504, -0.9923216828772305, -0.10655246805680645]	[-1.206972022327335e-12, 1.9070058032699677e-11, 2.047051728914197e-12]	[]
0.9900362462899805	0.009963753710018897	[0.06280325821726504, -0.9923216828772305, -0.10655246805680645]	[-1.206972022327335e-12, 1.9070058032699677e-11, 2.047051728914197e-12]	[]
0.9884488086427374	0.011551191357263334	[0.06280325821726504, -0.9923216828772305, -0.10655246805680645]	[-1.206972022327335e-12, 1.9070058032699677e-11, 2.047051728914197e-12]	[]
0.9875487408877636	0.012451259112235354	[0.06280325821726504, -0.9923216828772305, -0.10655246805680645]	[-1.206972022327335e-12, 1.9070058032699677e-11, 2.047051728914197e-12]	[]
0.9916730505088887	0.008326949491111388	[0.06280325821726504, -0.9923216828772305, -0.10655246805680645]	[-1.206972022327335e-12, 1.9070058032699677e-11, 2.047051728914197e-12]	[]
0.9975324161219955	0.0024675838780040976	[0.06280325821726504, -0.9923216828772305, -0.10655246805680645]	[-1.206972022327335e-12, 1.9070058032699677e-11, 2.047051728914197e-12]	[]
0.9886207760731275	0.011379223926871395	[0.06280325821726504, -0.9923216828772305, -0.10655246805680645]	[-1.206972022327335e-12, 1.9070058032699677e-11, 2.047051728914197e-12]	[]
0.987561761261365	0.012438238738634397	[0.06280325821726504, -0.9923216828772305, -0.10655246805680645]	[-1.206972022327335e-12, 1.9070058032699677e-11, 2.047051728914197e-12]	[]
0.9954922543679343	0.004507745632066257	[0.06280325821726504, -0.9923216828772305, -0.10655246805680645]	[-1.206972022327335e-12, 1.9070058032699677e-11, 2.047051728914197e-12]	[]
0.9923954669135253	0.0076045330864734	[0.06280325821726504, -0.9923216828772305, -0.10655246805680645]	[-1.206972022327335e-12, 1.9070058032699677e-11, 2.047051728914197e-12]	[]
0.9900335640091196	0.009966435990880715	[0.06280325821726504, -0.9923216828772305, -0.10655246805680645]	[-1.206972022327335e-12, 1.9070058032699677e-11, 2.047051728914197e-12]	[]
0.9803465780818552	0.019653421918144898	[0.06280325821726504, -0.9923216828772305, -0.10655246805680645]	[-1.206972022327335e-12, 1.9070058032699677e-11, 2.047051728914197e-12]	[]
0.9901313194283339	0.009868680571665456	[0.06280325821726504, -0.9923216828772305, -0.10655246805680645]	[-1.206972022327335e-12, 1.9070058032699677e-11, 2.047051728914197e-12]	[]
0.9875355965076749	0.01246440349232452	[0.06280325821726504, -0.9923216828772305, -0.10655246805680645]	[-1.206972022327335e-12, 1.9070058032699677e-11, 2.047051728914197e-12]	[]
0.9751480074026626	0.024851992597337284	[0.06280325821726504, -0.9923216828772305, -0.10655246805680645]	[-1.206972022327335e-12, 1.9070058032699677e-11, 2.047051728914197e-12]	[]
0.9899611678805306	0.010038832119468526	[-0.5309962729292413, 0.07691125362759434, -0.8438765414447106]	[2.2878707262030673e-10, -3.3138172761404405e-11, 3.635962386401738e-10]	[]
0.9884789975413014	0.011521002458699574	[-0.5309962729292413, 0.07691125362759434, -0.8438765414447106]	[2.2878707262030673e-10, -3.3138172761404405e-11, 3.635962386401738e-10]	[]
0.9805815268388317	0.0194184731611688	[-0.5309962729292413, 0.07691125362759434, -0.8438765414447106]	[2.2878707262030673e-10, -3.3138172761404405e-11, 3.635962386401738e-10]	[]
0.9922011105439152	0.00779888945608585	[-0.5309962729292413, 0.07691125362759434, -0.8438765414447106]	[2.2878707262030673e-10, -3.3138172761404405e-11, 3.635962386401738e-10]	[]
0.9942212030972987	0.005778796902700705	[-0.5309962729292413, 0.07691125362759434, -0.8438765414447106]	[2.2878707262030673e-10, -3.3138172761404405e-11, 3.635962386401738e-10]	[]
0.9814980129115026	0.018501987088497856	[-0.5309962729292413, 0.07691125362759434, -0.8438765414447106]	[2.2878707262030673e-10, -3.3138172761404405e-11, 3.635962386401738e-10]	[]
0.9951249903625876	0.004875009637412156	[-0.5309962729292413, 0.07691125362759434, -0.8438765414447106]	[2.2878707262030673e-10, -3.3138172761404405e-11, 3.635962386401738e-10]	[]
0.9898226132472602	0.010177386752738592	[-0.5309962729292413, 0.07691125362759434, -0.8438765414447106]	[2.2878707262030673e-10, -3.3138172761404405e-11, 3.635962386401738e-10]	[]
0.9725410026809539	0.027458997319045973	[-0.5309962729292413, 0.07691125362759434, -0.8438765414447106]	[2.2878707262030673e-10, -3.3138172761404405e-11, 3.635962386401738e-10]	[]
0.997102521752304	0.0028974782476954668	[-0.5309962729292413, 0.07691125362759434, -0.8438765414447106]	[2.2878707262030673e-10, -3.3138172761404405e-11, 3.635962386401738e-10]	[]
0.9915902226207719	0.008409777379228909	[-0.5309962729292413, 0.07691125362759434, -0.8438765414447106]	[2.2878707262030673e-10, -3.3138172761404405e-11, 3.635962386401738e-10]	[]
0.9856152852636408	0.014384714736359196	[-0.5309962729292413, 0.07691125362759434, -0.8438765414447106]	[2.2878707262030673e-10, -3.3138172761404405e-11, 3.635962386401738e-10]	[]
0.992323339283015	0.007676660716984164	[-0.5309962729292413, 0.07691125362759434, -0.8438765414447106]	[2.2878707262030673e-10, -3.3138172761404405e-11, 3.635962386401738e-10]	[]
0.9747977076277807	0.025202292372219104	[-0.5309962729292413, 0.07691125362759434, -0.8438765414447106]	[2.2878707262030673e-10, -3.3138172761404405e-11, 3.635962386401738e-10]	[]
0.9945123505647901	0.005487649435209452	[-0.5309962729292413, 0.07691125362759434, -0.8438765414447106]	[2.2878707262030673e-10, -3.3138172761404405e-11, 3.635962386401738e-10]	[]
0.976661721698728	0.02333827830127191	[-0.5675339895349695, 0.42889162584799057, 0.7028208477272059]	[-0.24613420489858784, 0.18600630316830252, 0.3048068551510576]	[]
0.9900035259168862	0.009996474083113036	[-0.5675339895349695, 0.42889162584799057, 0.7028208477272059]	[-0.24613420489858784, 0.18600630316830252, 0.3048068551510576]	[]
0.9924248512133543	0.00757514878664698	[-0.5675339895349695, 0.42889162584799057, 0.7028208477272059]	[-0.24613420489858784, 0.18600630316830252, 0.3048068551510576]	[]
0.9776823525020373	0.02231764749796205	[-0.5675339895349695, 0.42889162584799057, 0.7028208477272059]	[-0.24613420489858784, 0.18600630316830252, 0.3048068551510576]	[]
0.9864466576138484	0.013553342386150826	[-0.5675339895349695, 0.42889162584799057, 0.7028208477272059]	[-0.24613420489858784, 0.18600630316830252, 0.3048068551510576]	[]
0.9878452883250067	0.012154711674991851	[-0.5675339895349695, 0.42889162584799057, 0.7028208477272059]	[-0.24613420489858784, 0.18600630316830252, 0.3048068551510576]	[]
0.9881029197909745	0.011897080209024566	[-0.5675339895349695, 0.42889162584799057, 0.7028208477272059]	[-0.24613420489858784, 0.18600630316830252, 0.3048068551510576]	[]
0.9829131985337703	0.017086801466227593	[-0.5675339895349695, 0.42889162584799057, 0.7028208477272059]	[-0.24613420489858784, 0.18600630316830252, 0.3048068551510576]	[]
0.9893746932304833	0.010625306769517605	[-0.5675339895349695, 0.42889162584799057, 0.7028208477272059]	[-0.24613420489858784, 0.18600630316830252, 0.3048068551510576]	[]
0.9873124181681573	0.012687581831842334	[-0.5675339895349695, 0.42889162584799057, 0.7028208477272059]	[-0.24613420489858784, 0.18600630316830252, 0.3048068551510576]	[]
0.9751643555822435	0.024835644417756136	[-0.5675339895349695, 0.42889162584799057, 0.7028208477272059]	[-0.24613420489858784, 0.18600630316830252, 0.3048068551510576]	[]
0.9935905603199585	0.006409439680040156	[-0.5675339895349695, 0.42889162584799057, 0.7028208477272059]	[-0.24613420489858784, 0.18600630316830252, 0.3048068551510576]	[]
0.9851607213862338	0.014839278613765725	[-0.5675339895349695, 0.42889162584799057, 0.7028208477272059]	[-0.24613420489858784, 0.18600630316830252, 0.3048068551510576]	[]
0.9900924454719076	0.009907554528093677	[-0.5675339895349695, 0.42889162584799057, 0.7028208477272059]	[-0.24613420489858784, 0.18600630316830252, 0.3048068551510576]	[]
0.9865936152725208	0.013406384727479917	[-0.5675339895349695, 0.42889162584799057, 0.7028208477272059]	[-0.24613420489858784, 0.18600630316830252, 0.3048068551510576]	[]
0.9911202648249015	0.008879735175100162	[0.027683618160172, 0.9973069854978693, 0.06791460787425818]	[0.011308930684065254, 0.40740612388432973, 0.027743540907178548]	[]
0.9958024985161013	0.00419750148389739	[0.027683618160172, 0.9973069854978693, 0.06791460787425818]	[0.011308930684065254, 0.40740612388432973, 0.027743540907178548]	[]
0.987511325213037	0.012488674786962518	[0.027683618160172, 0.9973069854978693, 0.06791460787425818]	[0.011308930684065254, 0.40740612388432973, 0.027743540907178548]	[]
0.9860334977928243	0.01396650220717587	[0.027683618160172, 0.9973069854978693, 0.06791460787425818]	[0.011308930684065254, 0.40740612388432973, 0.027743540907178548]	[]
0.9867076837877141	0.013292316212284718	[0.027683618160172, 0.9973069854978693, 0.06791460787425818]	[0.011308930684065254, 0.40740612388432973, 0.027743540907178548]	[]
0.9739941092243414	0.02600589077565945	[0.027683618160172, 0.9973069854978693, 0.06791460787425818]	[0.011308930684065254, 0.40740612388432973, 0.027743540907178548]	[]
0.9849258408532519	0.015074159146747961	[0.027683618160172, 0.9973069854978693, 0.06791460787425818]	[0.011308930684065254, 0.40740612388432973, 0.027743540907178548]	[]
0.9618572890708916	0.038142710929106816	[0.027683618160172, 0.9973069854978693, 0.06791460787425818]	[0.011308930684065254, 0.40740612388432973, 0.027743540907178548]	[]
0.972023440063134	0.027976559936865205	[0.027683618160172, 0.9973069854978693, 0.06791460787425818]	[0.011308930684065254, 0.40740612388432973, 0.027743540907178548]	[]
0.9676871725132057	0.03231282748679462	[0.027683618160172, 0.9973069854978693, 0.06791460787425818]	[0.011308930684065254, 0.40740612388432973, 0.027743540907178548]	[]
0.9756714749532002	0.024328525046799363	[0.027683618160172, 0.9973069854978693, 0.06791460787425818]	[0.011308930684065254, 0.40740612388432973, 0.027743540907178548]	[]
0.9816145104606268	0.01838548953937456	[0.027683618160172, 0.9973069854978693, 0.06791460787425818]	[0.011308930684065254, 0.40740612388432973, 0.027743540907178548]	[]
0.9903036235005827	0.009696376499417084	[0.027683618160172, 0.9973069854978693, 0.06791460787425818]	[0.011308930684065254, 0.40740612388432973, 0.027743540907178548]	[]
0.9833171808416158	0.016682819158383873	[0.027683618160172, 0.9973069854978693, 0.06791460787425818]	[0.011308930684065254, 0.40740612388432973, 0.027743540907178548]	[]
0.9687551946109393	0.031244805389059983	[0.027683618160172, 0.9973069854978693, 0.06791460787425818]	[0.011308930684065254, 0.40740612388432973, 0.027743540907178548]	[]
0.9723173785106085	0.027682621489391344	[0.7807544835459642, -0.28873638806121155, 0.5541242952914448]	[0.5367938567140409, -0.19851556742540943, 0.38097830218983714]	[]
0.9675648058498449	0.03243519415015497	[0.7807544835459642, -0.28873638806121155, 0.5541242952914448]	[0.5367938567140409, -0.19851556742540943, 0.38097830218983714]	[]
0.9872139302270282	0.012786069772972386	[0.7807544835459642, -0.28873638806121155, 0.5541242952914448]	[0.5367938567140409, -0.19851556742540943, 0.38097830218983714]	[]
0.9874116330239606	0.012588366976040698	[0.7807544835459642, -0.28873638806121155, 0.5541242952914448]	[0.5367938567140409, -0.19851556742540943, 0.38097830218983714]	[]
0.9713550392736658	0.028644960726333577	[0.7807544835459642, -0.28873638806121155, 0.5541242952914448]	[0.5367938567140409, -0.19851556742540943, 0.38097830218983714]	[]
0.9611932577502554	0.03880674224974377	[0.7807544835459642, -0.28873638806121155, 0.5541242952914448]	[0.5367938567140409, -0.19851556742540943, 0.38097830218983714]	[]
0.9759611131218578	0.024038886878142384	[0.7807544835459642, -0.28873638806121155, 0.5541242952914448]	[0.5367938567140409, -0.19851556742540943, 0.38097830218983714]	[]
0.986193082940671	0.013806917059328162	[0.7807544835459642, -0.28873638806121155, 0.5541242952914448]	[0.5367938567140409, -0.19851556742540943, 0.38097830218983714]	[]
0.9835781880352041	0.016421811964795856	[0.7807544835459642, -0.28873638806121155, 0.5541242952914448]	[0.5367938567140409, -0.19851556742540943, 0.38097830218983714]	[]
0.9897339072661467	0.010266092733854157	[0.7807544835459642, -0.28873638806121155, 0.5541242952914448]	[0.5367938567140409, -0.19851556742540943, 0.38097830218983714]	[]
0.9961613420307658	0.003838657969234615	[0.7807544835459642, -0.28873638806121155, 0.5541242952914448]	[0.5367938567140409, -0.19851556742540943, 0.38097830218983714]	[]
0.9780950785260971	0.021904921473902272	[0.7807544835459642, -0.28873638806121155, 0.5541242952914448]	[0.5367938567140409, -0.19851556742540943, 0.38097830218983714]	[]
0.9890145639471971	0.010985436052802932	[0.7807544835459642, -0.28873638806121155, 0.5541242952914448]	[0.5367938567140409, -0.19851556742540943, 0.38097830218983714]	[]
0.9839785862981493	0.016021413701851544	[0.7807544835459642, -0.28873638806121155, 0.5541242952914448]	[0.5367938567140409, -0.19851556742540943, 0.38097830218983714]	[]
0.9914276389054479	0.00857236109455062	[0.7807544835459642, -0.28873638806121155, 0.5541242952914448]	[0.5367938567140409, -0.19851556742540943, 0.38097830218983714]	[]
0.9904010745085073	0.009598925491491722	[0.942429967915496, 0.31025077145589547, 0.12478066511210294]	[0.7881689740944514, 0.25946758971519823, 0.10435602873045]	[]
0.9946691919741744	0.005330808025825995	[0.942429967915496, 0.31025077145589547, 0.12478066511210294]	[0.7881689740944514, 0.25946758971519823, 0.10435602873045]	[]
0.9660420038046746	0.03395799619532622	[0.942429967915496, 0.31025077145589547, 0.12478066511210294]	[0.7881689740944514, 0.25946758971519823, 0.10435602873045]	[]
0.9922864699624684	0.007713530037531396	[0.942429967915496, 0.31025077145589547, 0.12478066511210294]	[0.7881689740944514, 0.25946758971519823, 0.10435602873045]	[]
0.9902349448044051	0.00976505519559525	[0.942429967915496, 0.31025077145589547, 0.12478066511210294]	[0.7881689740944514, 0.25946758971519823, 0.10435602873045]	[]
0.9931908790968372	0.006809120903164232	[0.942429967915496, 0.31025077145589547, 0.12478066511210294]	[0.7881689740944514, 0.25946758971519823, 0.10435602873045]	[]
0.9746879672017822	0.025312032798217424	[0.942429967915496, 0.31025077145589547, 0.12478066511210294]	[0.7881689740944514, 0.25946758971519823, 0.10435602873045]	[]
0.9831286302251924	0.016871369774806712	[0.942429967915496, 0.31025077145589547, 0.12478066511210294]	[0.7881689740944514, 0.25946758971519823, 0.10435602873045]	[]
0.9804041790868394	0.0195958209131582	[0.942429967915496, 0.31025077145589547, 0.12478066511210294]	[0.7881689740944514, 0.25946758971519823, 0.10435602873045]	[]
0.9902585590168869	0.009741440983112092	[0.942429967915496, 0.31025077145589547, 0.12478066511210294]	[0.7881689740944514, 0.25946758971519823, 0.10435602873045]	[]
0.9688334333997476	0.031166566600252226	[0.942429967915496, 0.31025077145589547, 0.12478066511210294]	[0.7881689740944514, 0.25946758971519823, 0.10435602873045]	[]
0.9871999055793409	0.012800094420658718	[0.942429967915496, 0.31025077145589547, 0.12478066511210294]	[0.7881689740944514, 0.25946758971519823, 0.10435602873045]	[]
0.9875648672502737	0.012435132749725195	[0.942429967915496, 0.31025077145589547, 0.12478066511210294]	[0.7881689740944514, 0.25946758971519823, 0.10435602873045]	[]
0.9638298405147006	0.036170159485299676	[0.942429967915496, 0.31025077145589547, 0.12478066511210294]	[0.7881689740944514, 0.25946758971519823, 0.10435602873045]	[]
0.9886481816483342	0.01135181835166558	[0.942429967915496, 0.31025077145589547, 0.12478066511210294]	[0.7881689740944514, 0.25946758971519823, 0.10435602873045]	[]
0.9782708917373945	0.02172910826260539	[0.8076416645791876, 0.20959886407130335, -0.5511653634035599]	[-1.830013640624628e-10, -4.7492301757934285e-11, 1.2488785800316796e-10]	[]
0.9699104687295153	0.030089531270484384	[0.8076416645791876, 0.20959886407130335, -0.5511653634035599]	[-1.830013640624628e-10, -4.7492301757934285e-11, 1.2488785800316796e-10]	[]
0.9975023750302403	0.002497624969760335	[0.8076416645791876, 0.20959886407130335, -0.5511653634035599]	[-1.830013640624628e-10, -4.7492301757934285e-11, 1.2488785800316796e-10]	[]
0.9868696048467371	0.013130395153263268	[0.8076416645791876, 0.20959886407130335, -0.5511653634035599]	[-1.830013640624628e-10, -4.7492301757934285e-11, 1.2488785800316796e-10]	[]
0.9951156778487616	0.0048843221512369734	[0.8076416645791876, 0.20959886407130335, -0.5511653634035599]	[-1.830013640624628e-10, -4.7492301757934285e-11, 1.2488785800316796e-10]	[]
0.9857385021973882	0.014261497802610115	[0.8076416645791876, 0.20959886407130335, -0.5511653634035599]	[-1.830013640624628e-10, -4.7492301757934285e-11, 1.2488785800316796e-10]	[]
0.9862088456226535	0.013791154377347783	[0.8076416645791876, 0.20959886407130335, -0.5511653634035599]	[-1.830013640624628e-10, -4.7492301757934285e-11, 1.2488785800316796e-10]	[]
0.9955527162875527	0.004447283712444443	[0.8076416645791876, 0.20959886407130335, -0.5511653634035599]	[-1.830013640624628e-10, -4.7492301757934285e-11, 1.2488785800316796e-10]	[]
0.9715673497244739	0.028432650275526324	[0.8076416645791876, 0.20959886407130335, -0.5511653634035599]	[-1.830013640624628e-10, -4.7492301757934285e-11, 1.2488785800316796e-10]	[]
0.9895719052627838	0.010428094737215725	[0.8076416645791876, 0.20959886407130335, -0.5511653634035599]	[-1.830013640624628e-10, -4.7492301757934285e-11, 1.2488785800316796e-10]	[]
0.9869635965128599	0.013036403487140821	[0.8076416645791876, 0.20959886407130335, -0.5511653634035599]	[-1.830013640624628e-10, -4.7492301757934285e-11, 1.2488785800316796e-10]	[]
0.9736090650801713	0.02639093491982837	[0.8076416645791876, 0.20959886407130335, -0.5511653634035599]	[-1.830013640624628e-10, -4.7492301757934285e-11, 1.2488785800316796e-10]	[]
0.9886406003503786	0.011359399649620608	[0.8076416645791876, 0.20959886407130335, -0.5511653634035599]	[-1.830013640624628e-10, -4.7492301757934285e-11, 1.2488785800316796e-10]	[]
0.988923945122606	0.011076054877393415	[0.8076416645791876, 0.20959886407130335, -0.5511653634035599]	[-1.830013640624628e-10, -4.7492301757934285e-11, 1.2488785800316796e-10]	[]
0.9891177222310031	0.010882277768996942	[0.8076416645791876, 0.20959886407130335, -0.5511653634035599]	[-1.830013640624628e-10, -4.7492301757934285e-11, 1.2488785800316796e-10]	[]
