10	[-0.23769481941201118, -0.11551148820200527, 0.9644471312197728]	0.7838080303586851	0.2161919696413147	[-0.18630710822979213, -0.09053883205141425, 0.7559414063064546]	0.8689297256811328	0.19645737707436733	[-0.1003713661144648, -0.10037136564978019, 0.8247741314292608]	[0.1061687281130406, 1.0660715006278041e-10, -0.013262649735491579]	0.26798745969843124	[0.0, 0.0, 0.92]	1.7591446714556631
10	[0.056057202245361565, 0.4011216630813606, 0.9143079358089735]	0.798018068189848	0.20198193181015225	[0.04473466024397104, 0.3201023346812862, 0.7296342526649244]	0.8835286278314892	0.20288774469263665	[0.04952814297895501, 0.3075336538397324, 0.7344132642432232]	[-9.615107600429875e-13, -0.04686881873602709, -0.07340397169752091]	0.37661175224851573	[0.0, 0.5984951795962938, 0.598495179596294]	1.7591446714556631
10	[0.6546620075265115, -0.33805347936521724, 0.6761194428430739]	0.7204151019684746	0.2795848980315256	[0.4716283969070981, -0.2435388318076905, 0.487086657358661]	0.8355897619637368	0.2772558284462559	[0.4276369841053717, -0.26215709887144106, 0.5362260099164545]	[-0.11939188693040859, 0.02031692748235408, -0.028732474387844327]	0.2979523215568162	[0.3893439999999999, -0.389344, 0.5506155652285903]	1.7591446714556631
10	[0.9594294997721994, -0.10872397539467572, 0.2601425227471381]	0.7702356708646719	0.2297643291353281	[0.7389868244043966, -0.08374308412719215, 0.20037105052857007]	0.8702069257978604	0.24666661594021333	[0.715492567748032, -0.09461235630494322, 0.22637782490012992]	[-0.11940962776851222, 8.377981200304023e-11, -8.895709533356068e-11]	0.2846923258873572	[0.92, 0.0, 0.0]	1.7591446714556631
10	[-0.9705434889992891, -0.09632939327280118, 0.2208302152169867]	0.78573269456001	0.2142673054399897	[-0.7625877507990851, -0.0756891537415689, 0.17351352004270992]	0.8800115459268659	0.2286779740822092	[-0.7437000984649463, -0.08477097828681286, 0.1943331390718936]	[0.11038937767857263, 5.381900748916758e-12, -8.569414796079522e-12]	0.24617063236972017	[-0.92, 0.0, 0.0]	1.7591446714556631
10	[-0.5443705237841608, -0.47920061531305314, -0.6884965527281526]	0.7041800072678474	0.2958199927321529	[-0.38333483939473184, -0.33744349277390284, -0.4848255075039982]	0.8324358186164895	0.2951905661194611	[-0.3858321307650612, -0.340576453626316, -0.481647839748113]	[0.06732139183189413, 0.058327302863330606, 0.09148135173677774]	0.28705641417424754	[-0.35819648, -0.35819648000000004, -0.5065663200103032]	1.7591446714556631
10	[0.8849441313699953, 0.3652531521974345, 0.28890140041827816]	0.7479379663970508	0.25206203360294943	[0.6618833139918786, 0.2731866998746616, 0.216080325918107]	0.8557946344125205	0.2688065841306493	[0.6246615030789766, 0.3125816878444792, 0.24724026835465557]	[-0.13266893630231383, -8.345053129480067e-12, 2.4300215360017157e-12]	0.38473545821263977	[0.5065663200103032, 0.35819648000000004, 0.35819648]	1.7591446714556631
10	[-0.0946035957855353, 0.7127331833516167, -0.6950263081451793]	0.7453603002556144	0.25463969974438544	[-0.07051376455996737, 0.531243019545101, -0.5180450177246422]	0.8593286244111228	0.24345811200940726	[-0.030005034483571363, 0.553015967790773, -0.5230109331509873]	[0.05129054334715903, -0.05945605823093168, 0.07424506815695112]	0.23682572729996526	[0.0, 0.5506155652285903, -0.5506155652285903]	1.7591446714556631
10	[0.4700823827733239, -0.48173766045396643, -0.7395616133267688]	0.7101824037363484	0.2898175962636519	[0.33384423655206935, -0.3421216096715222, -0.5252236442635365]	0.8364402729620198	0.2885123564857581	[0.3412108839115695, -0.3447372698582482, -0.5207868213540403]	[-0.05198495264998642, 0.05820751034795189, 0.09781229636923416]	0.2864745803993559	[0.35819648, -0.35819648000000004, -0.5065663200103032]	1.7591446714556631
10	[-0.5578337547883747, -0.6983624372220631, 0.4484544662459758]	0.7340545193904743	0.26594548060952555	[-0.4094803887709641, -0.5126361032154022, 0.3291900276887011]	0.8520787326661483	0.2759755519027329	[-0.379089838147813, -0.49883133976401645, 0.3821185132551774]	[0.0962284406706643, 0.09622844068580148, -2.1675699778661616e-12]	0.3664943139492732	[-0.3893439999999999, -0.389344, 0.5506155652285903]	1.7591446714556631
10	[-0.8665279513224694, 0.3243358013141649, 0.3793884520683025]	0.7288383458412707	0.2711616541587294	[-0.6315587986670936, 0.2363883689269189, 0.2765128518367419]	0.8458262302662846	0.27989839834324987	[-0.6107356561429099, 0.22690823562689266, 0.32089670422177347]	[0.12219641434454087, -0.047423492539062015, 2.280295085624635e-12]	0.40361079085494034	[-0.466041014409479, 0.32954076160000007, 0.3295407616]	1.7591446714556631
10	[-0.5743041548288251, 0.15661431879424942, -0.8035214327539509]	0.65459957812139	0.34540042187861064	[-0.3759392574643102, 0.10251966701048452, -0.5259847908922305]	0.7877938620383629	0.3619429931741898	[-0.34493680595812404, 0.1233797990470603, -0.5255127705200353]	[0.10749648215915407, -6.368841687980948e-12, 0.10749648221979831]	0.3874815933574209	[-0.46604101440947887, 8.359861847296538e-17, -0.466041014409479]	1.7591446714556631
10	[-0.27321334538383074, 0.9284012335025322, -0.25184443121727373]	0.7192032410143457	0.28079675898565437	[-0.19649592348842293, 0.6677091760967374, -0.18112733116287777]	0.8424033007166669	0.2770589219841966	[-0.17342236982580625, 0.6832287230103193, -0.17002849421739172]	[0.056733454125375365, -0.09885954048163859, 0.04212608590715123]	0.3805198443273536	[1.6900361802881747e-16, 0.8464, 0.0]	1.7591446714556631
10	[-0.3998260039937436, -0.6053196966017631, 0.6882784548686267]	0.7588323938263448	0.24116760617365535	[-0.3034009237245941, -0.45933619440255236, 0.5222879875270579]	0.8637698372070979	0.23281429480651517	[-0.2948740746993797, -0.4400921718721199, 0.5622330127639598]	[0.05048356768146057, 0.08276472391983507, -0.03228115615106668]	0.2563326844442326	[-0.3893439999999999, -0.389344, 0.5506155652285903]	1.7591446714556631
10	[-0.4822535042821636, 0.2076785807285885, 0.8510588491485958]	0.7231652827074944	0.27683471729250564	[-0.34874899176089075, 0.1501859395448808, 0.615456213245259]	0.8337640590395774	0.2813718172168592	[-0.3497685689917575, 0.12083786622316774, 0.6185152365740885]	[0.05231707022459926, -0.052317070220678975, -0.09106704397359597]	0.36318131476943044	[-0.3893439999999999, 0.389344, 0.5506155652285903]	1.7591446714556631
10	[0.6508980740440835, 0.5825619344962585, -0.48677848112019056]	0.7204817879021661	0.279518212097834	[0.46896020812935746, 0.41972526412960914, -0.3507150303897756]	0.8432431517792078	0.2761275830293997	[0.487833005149044, 0.4302090234517121, -0.3241598600703041]	[-0.061032338294905814, -0.061032338299504926, 0.0863127605677811]	0.2961500352960522	[0.5065663200103032, 0.35819648000000004, -0.35819648]	1.7591446714556631
10	[-0.7667129585341538, -0.21717061744090388, 0.6041425015144536]	0.704918455684014	0.2950815443159859	[-0.5404701146828172, -0.15308757626638597, 0.42587119918064575]	0.8269233678374456	0.3123614557654302	[-0.4747823604590448, -0.17958345831472783, 0.49957955193750503]	[0.15923050137662934, 5.4841974620113766e-11, -6.856582857490148e-11]	0.3526477871926227	[-0.5065663200103031, -9.086806355757107e-17, 0.5065663200103032]	1.7591446714556631
10	[-0.16509556563678984, -0.6493980067248306, 0.7423110419957967]	0.7937159602487197	0.20628403975128057	[-0.13103898541221012, -0.5154375624912033, 0.5891841215009213]	0.8807757406041989	0.20936100971737928	[-0.14541216900315956, -0.5133834516847591, 0.5843723288691692]	[9.105318385342357e-11, 0.05859055863519483, -0.0694372289033534]	0.22479022638967644	[0.0, -0.5984951795962938, 0.598495179596294]	1.7591446714556631
10	[-0.7172335228967242, 0.3236780153508262, 0.6170969259457582]	0.7140411606171959	0.2859588393828039	[-0.5121342571227373, 0.23111942574737437, 0.44063260521561304]	0.8331668774219336	0.29685560699610813	[-0.44408874199584697, 0.26967780128931546, 0.514144718815699]	[0.15348647265834992, -5.0661206797924625e-11, -4.1202452389006205e-11]	0.3409447639841286	[-0.3893439999999999, 0.389344, 0.5506155652285903]	1.7591446714556631
10	[-0.5627379067032513, -0.09880880506420255, -0.8207087597930384]	0.6545573957828849	0.34544260421711526	[-0.3683442587199918, -0.06467603412324324, -0.5372009885063325]	0.7861305820841563	0.3651367864090824	[-0.33404643441531895, -0.07767662343995362, -0.5368452112495005]	[0.10833904374212781, 2.0775887864698325e-13, 0.10833904380816686]	0.3806608445229773	[-0.46604101440947887, -8.359861847296538e-17, -0.466041014409479]	1.7591446714556631
10	[-0.8400077372572654, 0.5216390497379884, 0.14926387083409495]	0.7619794785122551	0.23802052148774475	[-0.6400686575815505, 0.39747825109098095, 0.11373600645888415]	0.86980882715685	0.24763738850969494	[-0.6459518087973082, 0.3690319148738442, 0.1298310324927085]	[0.08469433594911306, -0.08469433517796898, 6.561292258990353e-11]	0.2941341247477384	[-0.598495179596294, 0.5984951795962938, 0.0]	1.7591446714556631
10	[-0.4441015089686827, -0.5054954125191813, -0.7397622845575473]	0.7088318817662017	0.2911681182337981	[-0.3147933082974812, -0.3583112644801541, -0.5243670922225905]	0.8355418553387595	0.2893897208255295	[-0.3346016123403107, -0.35620870056167175, -0.5173445226976425]	[0.036463786422124764, 0.06615387427983611, 0.10075782905120922]	0.2888892649520229	[-0.35819648, -0.35819648000000004, -0.5065663200103032]	1.7591446714556631
10	[0.42091944114580687, -0.7688266056295766, -0.4813859932960296]	0.7156682543536631	0.2843317456463369	[0.30123868166833917, -0.5502247947515713, -0.3445126734924736]	0.8374357252256979	0.28450667194599844	[0.28919955297740363, -0.5805494414265575, -0.3136194087734832]	[-0.06329342448013042, 0.06329342463165867, 0.08951041963587021]	0.40158220745796513	[0.3031775006720001, -0.42875773325672056, -0.303177500672]	1.7591446714556631
10	[0.42956351779516044, -0.4598919234815048, 0.7771580295512159]	0.7660332719970305	0.23396672800296944	[0.32905994706718145, -0.3522925149095451, 0.5953289082358829]	0.8627560372339927	0.2354143239004572	[0.3706085182511946, -0.37769617670874484, 0.5645831694695292]	[-1.0205220370638101e-10, 0.019078356750076346, -0.10591461241065583]	0.24065765572820572	[0.3893439999999999, -0.389344, 0.5506155652285903]	1.7591446714556631
10	[-0.3470600964699847, -0.9352897083220022, 0.06915526693744163]	0.7641114911526706	0.23588850884732934	[-0.2651926078332697, -0.7146656136856715, 0.052842334140629485]	0.8711383246527621	0.2415884985489711	[-0.21850790376489004, -0.7309372622899194, 0.06024380338967837]	[0.08382944722779831, 0.08382944728267988, 8.880933276485154e-12]	0.3648760635510565	[1.6900361802881747e-16, -0.8464, 0.0]	1.7591446714556631
10	[0.5903105937608876, -0.7751860602889039, 0.22498883267272618]	0.8028455218944098	0.19715447810559034	[0.4739282167277586, -0.6223546571379165, 0.18063127678754848]	0.8866027550521275	0.19077818253133638	[0.49312461213346187, -0.6224240977122547, 0.16486410652113362]	[-0.030246386631398364, 0.06485799901789265, -0.03461161238246744]	0.26416741561041596	[0.6505382386916237, -0.6505382386916236, 0.0]	1.7591446714556631
10	[0.898295633071446, 0.35603163766722934, -0.2575003467662926]	0.7441451721572437	0.2558548278427561	[0.6684623585200518, 0.26493922430530553, -0.1916176398749527]	0.855851332177513	0.24406085019192922	[0.7126840953122039, 0.24858673251885935, -0.14101151466332001]	[-0.05612341894123603, -0.05612341887598031, 0.07937050015278292]	0.4044703357502267	[0.5065663200103032, 0.35819648000000004, -0.35819648]	1.7591446714556631
10	[0.046814467694287085, -0.31486946972487456, -0.9479797585653803]	0.7448144534121832	0.2551855465878166	[0.03486809216750272, -0.23451933198931643, -0.7060690257216873]	0.8589808583522222	0.24369437408358635	[6.802790581903559e-11, -0.21769883622830705, -0.7294546534476007]	[-0.04021273157531228, 0.05276801114487475, 0.08484181326542228]	0.3341449157185009	[0.0, 0.0, -0.8464]	1.7591446714556631
10	[-0.5823232659116057, -0.7904095113060299, 0.1901378931591604]	0.7622660990489348	0.2377339009510649	[-0.4438852842918754, -0.6025023748344225, 0.14493567009981653]	0.8699877569699185	0.24778949884387994	[-0.4220361764071771, -0.6030686622655588, 0.16541763919007854]	[0.08457793553465826, 0.08457793556326385, 5.554544083851692e-12]	0.27063824549169674	[-0.598495179596294, -0.5984951795962938, 0.0]	1.7591446714556631
10	[-0.5005802197939991, -0.3153195029069573, -0.8062214674873777]	0.6735761159417076	0.32642388405829226	[-0.3371788801660879, -0.2123916860487384, -0.5430515246589719]	0.8090145768977995	0.3216946536481977	[-0.3082299117822011, -0.2550980742327053, -0.5554981364588667]	[0.0967467829378485, -8.090814761166679e-13, 0.09674678294635689]	0.3345217062192972	[-0.35819648, -0.35819648000000004, -0.5065663200103032]	1.7591446714556631
10	[-0.06889079567394185, 0.3975793607448141, 0.9149779834406706]	0.7952252683428229	0.20477473165717708	[-0.05478370147616099, 0.31616515383586274, 0.7276136124093823]	0.8711872232046822	0.1981413114993928	[0.0, 0.28634927830322465, 0.7661764163986942]	[0.06001678098754253, -0.06001678098754252, -0.030940712288403352]	0.3811488857684719	[0.0, 0.5984951795962938, 0.598495179596294]	1.7591446714556631
10	[0.023793693056283344, 0.04289796032026491, 0.9987960878833599]	0.8917903504513109	0.10820964954868907	[0.021218985869193848, 0.03825598706765548, 0.8907167132428999]	0.9211089342066369	0.09281809249611751	[0.0, 0.0, 0.92]	[-0.021916583251913004, -0.03951369451023781, -6.5428088402213295e-18]	0.09281809249611751	[0.0, 0.0, 0.92]	1.7591446714556631
10	[0.5083228987278984, -0.8547325921274783, -0.10507153079644761]	0.7953243541749697	0.2046756458250303	[0.4042815811431144, -0.6797896468260844, -0.08356594737286013]	0.8902239138034063	0.18581914688785356	[0.4525212003814423, -0.6952029349954456, -0.027836730951320145]	[0.0, 0.06570045842360855, 0.06570045842360857]	0.2701121313084504	[0.6505382386916237, -0.6505382386916236, 0.0]	1.7591446714556631
10	[-0.6503901416184334, 0.6509630825253956, 0.3914584637922513]	0.7486422314519481	0.2513577685480519	[-0.48690952693557255, 0.4873384546946508, 0.2930623378541827]	0.8614147822070948	0.2607303287134294	[-0.4701006987001927, 0.47059423846678106, 0.33720810733072604]	[0.09015498349169164, -0.09015498349169163, 0.0]	0.3756736761293497	[-0.466041014409479, 0.32954076160000007, 0.3295407616]	1.7591446714556631
10	[0.0436332048721218, -0.06677529962391429, -0.9968135245835722]	0.8056030059743804	0.19439699402561955	[0.03515104100527731, -0.053794382101865275, -0.8030359718004427]	0.8963578332418451	0.17356081819729618	[0.0, -0.020743597908394175, -0.8352567745448451]	[-0.03911096497657262, 0.03911096497657263, 0.05824483649705245]	0.1702557652032052	[0.0, 0.0, -0.8464]	1.7591446714556631
10	[-0.9242757874514296, -0.2829221709872863, 0.2562602464193005]	0.7504758334029025	0.24952416659709756	[-0.6936466418817355, -0.21232625205984218, 0.1923171219995577]	0.8624811220182996	0.25395107560124036	[-0.7069922365866442, -0.1562844755140987, 0.22101962486040425]	[0.09017818162881212, 0.08773055596286923, 0.0]	0.3817493301754041	[-0.92, 0.0, 0.0]	1.7591446714556631
10	[0.221476007748747, -0.4106734513418808, 0.8844748127304841]	0.7690818006064906	0.23091819939350933	[0.17033316683054342, -0.3158414774192957, 0.6802334815658494]	0.8647667778207155	0.24242726529657802	[0.19152509358547978, -0.35513675725343063, 0.6504030346159752]	[0.0, 0.0, -0.11446139925254638]	0.3742948108904839	[0.3893439999999999, -0.389344, 0.5506155652285903]	1.7591446714556631
10	[0.9860011347815463, -0.14997046261515515, -0.07287401836388196]	0.8348098340103628	0.16519016598963723	[0.823123443661012, -0.12519681700221497, -0.06083594717402044]	0.9116324594920557	0.14169628594594308	[0.864465267871334, -0.10231256999349025, -0.01777777732949289]	[-0.034405371691525036, 0.03440537169152504, 0.04865654326464207]	0.17932627248106978	[0.92, 0.0, 0.0]	1.7591446714556631
10	[0.4627939954675316, 0.4749993593769372, -0.7484633099562714]	0.7088249231389562	0.29117507686104377	[0.3280399182664436, 0.336691384401411, -0.5305294481520828]	0.8355372226280042	0.2882667282529215	[0.35819648, 0.35819648000000004, -0.5065663200103032]	[-0.028485129621858524, -0.03868316548388738, 0.11880263522952283]	0.2882667282529215	[0.35819648, 0.35819648000000004, -0.5065663200103032]	1.7591446714556631
10	[-0.04834958995474442, -0.2654909294318255, -0.9629002458929136]	0.7520767340343304	0.24792326596566952	[-0.03636260170506326, -0.19966955112282625, -0.7241748721319962]	0.8635891523123526	0.23581299749521803	[0.0, -0.1875209052909812, -0.7456658971486049]	[0.041754181403667566, 0.04175418140366758, 0.08588430996341227]	0.2939309846757837	[0.0, 0.0, -0.8464]	1.7591446714556631
10	[-0.14906694810830792, -0.8342125868124517, -0.5309128035613311]	0.716584623685418	0.2834153763145819	[-0.10681908291412553, -0.5977839125946398, -0.3804439515497667]	0.8406790932556538	0.2816747615948471	[-0.021673124709860506, -0.5976607390037258, -0.44632729429575685]	[0.10364434206021939, 0.10364434206021937, 0.0]	0.32099287295340206	[0.0, -0.5506155652285903, -0.5506155652285903]	1.7591446714556631
10	[0.6325661785202784, 0.28148587773129363, 0.7215439906409687]	0.7186315413792831	0.28136845862071674	[0.45458200789443054, 0.20228463019054005, 0.5185242701672784]	0.8314812048532451	0.2833495582504893	[0.4515813137062659, 0.18262803783918813, 0.5272283238488444]	[-0.07438557455918812, -0.05142217892600117, -0.07272194284392683]	0.3162387219766682	[0.3893439999999999, 0.389344, 0.5506155652285903]	1.7591446714556631
10	[-0.2943098771635715, -0.7679763716068763, 0.5688532225956892]	0.7442738459224714	0.25572615407752874	[-0.2190471441695015, -0.5715847276734347, 0.42338257574668525]	0.8586362080208486	0.25400346101652066	[-0.1607425646619246, -0.5674497673172522, 0.48843797397000227]	[0.09196255224888623, 0.09196255224888622, 0.0]	0.3409117537665578	[0.0, -0.5984951795962938, 0.598495179596294]	1.7591446714556631
10	[-0.9284253285745718, -0.13808181841230865, -0.3449055242891136]	0.7127665173329866	0.2872334826670134	[-0.6617504880518313, -0.09842009681674709, -0.2458371093564593]	0.8360822680173152	0.27444703923130936	[-0.6932047521244454, -0.11544775991011812, -0.20533419072443954]	[0.0830352022749038, 1.48948868880155e-17, 0.08303520227490381]	0.3716145791311041	[-0.92, 0.0, 0.0]	1.7591446714556631
10	[-0.6557911630374385, -0.3963743825863497, 0.6425148241957486]	0.7284715744391626	0.2715284255608375	[-0.47772522104117227, -0.28874747055002914, 0.46805378558237865]	0.8429083650687514	0.2744861440382086	[-0.40824755292567344, -0.33410728278099583, 0.5415811199952747]	[0.14452430413674874, 0.0, 0.0]	0.28193792006170904	[-0.3893439999999999, -0.389344, 0.5506155652285903]	1.7591446714556631
10	[-0.3193872625986172, -0.1853516585086434, -0.9293204717307465]	0.6968760468952285	0.3031239531047714	[-0.22257333298841264, -0.12916713106697778, -0.6476211766385317]	0.8264119753937793	0.2893418930437452	[-0.17601161177710392, -0.1531768302506412, -0.6800677199942539]	[0.0879338468226311, 1.5773607652751262e-17, 0.08793384682263113]	0.3784696361059793	[0.0, 0.0, -0.8464]	1.7591446714556631
10	[-0.9193028320914569, 0.3682507660334217, -0.13882966622600743]	0.7551155773247982	0.2448844226752018	[-0.6941798887910625, 0.2780718897936264, -0.10483244356206063]	0.8465515983862342	0.22255865113244314	[-0.7615169970325594, 0.2950229897170929, 0.0]	[0.01672028487545537, -0.016720284875455366, 0.11752647584705397]	0.3935515073681198	[-0.92, 0.0, 0.0]	1.7591446714556631
10	[-0.02326142392409699, 0.5206543965570728, -0.8534505876164207]	0.7406931699177086	0.25930683008229133	[-0.017229577823139025, 0.38564515541745004, -0.6321450211097377]	0.8563477661032776	0.2552298544217855	[0.0, 0.42594136098971747, -0.6175891332861165]	[0.019919868413781794, -0.0199198684137818, 0.11326137089873481]	0.3052012717138927	[0.0, 0.5506155652285903, -0.5506155652285903]	1.7591446714556631
10	[0.2810337746450933, -0.8702618085745263, 0.4045545723945357]	0.7540671485129314	0.24593285148706856	[0.21191833708245136, -0.6562358404514996, 0.3050613128234158]	0.859792795449384	0.25040128065444667	[0.24163081471779702, -0.6295734552354871, 0.347833106710928]	[2.369552484276059e-17, 0.11867137793164141, 0.0]	0.36654049317847803	[0.09652025439526069, -0.5625612688047396, 0.3295407616]	1.7591446714556631
10	[-0.28552847098575684, 0.9469432564362485, -0.1475532491897388]	0.7395518081706576	0.2604481918293425	[-0.21116309700171954, 0.7003135975324383, -0.10912327223972695]	0.847965447547965	0.26449182952294226	[-0.24211827768712335, 0.711983215471868, -0.03412811021171038]	[0.0, -0.09099194677462288, 0.0909919467746229]	0.33676017505744155	[1.6900361802881747e-16, 0.8464, 0.0]	1.7591446714556631
10	[-0.006529993679506635, -0.13584444630828008, 0.9907086582793866]	0.8627398271569927	0.13726017284300732	[-0.0056336856183938095, -0.11719841412824293, 0.8547238166068941]	0.9223679220007234	0.13595361929295524	[0.0, -0.11927550295586276, 0.8559265530221092]	[0.0060230567008443935, 0.006023056700844392, -0.05787133342317347]	0.1532842743595332	[0.0, 0.0, 0.92]	1.7591446714556631
10	[0.5973588228671314, -0.7944560794217789, -0.10955352396235898]	0.8192360339822197	0.18076396601778025	[0.489377872909956, -0.6508470476785615, -0.08975019447969904]	0.9043816678777149	0.15995674497694892	[0.5402403685460447, -0.6612644033068337, -0.04185108786673431]	[0.0, 0.0572271108562251, 0.05722711085622511]	0.18852684095490427	[0.6505382386916237, -0.6505382386916236, 0.0]	1.7591446714556631
10	[0.26614320307009814, 0.525598084651251, -0.8080312177574113]	0.7053880513225184	0.29461194867748164	[0.1877342353863498, 0.3707506087109941, -0.5699755661016618]	0.8332441335699832	0.3031057798983751	[0.221762262647684, 0.4314873936818187, -0.5233443304930339]	[0.0, -0.006464126969455565, 0.1499429414447387]	0.35690080919916845	[0.35819648, 0.35819648000000004, -0.5065663200103032]	1.7591446714556631
10	[0.6197702497589663, 0.19415633083075332, -0.7603868467510783]	0.6551315443800108	0.3448684556199893	[0.40603104088537667, 0.12719793686830766, -0.4981534092382804]	0.787871317078007	0.36195774423021276	[0.38084195668693577, 0.1529702040906589, -0.49162974016213823]	[-0.10745724627642643, -1.92757226421395e-17, 0.10745724627642644]	0.38466716472772655	[0.46604101440947887, 8.359861847296538e-17, -0.466041014409479]	1.7591446714556631
10	[-0.049678028172980324, -0.3072325353012995, 0.9503369206598155]	0.8099849423848576	0.1900150576151423	[-0.040238454787484806, -0.24885372740477682, 0.7697585959268437]	0.8833204876667722	0.17915325438309038	[0.0, -0.22750317283736207, 0.7977878766313754]	[0.04388162007208063, 0.04388162007208062, -0.04166419557359133]	0.3126980428239672	[0.0, 0.0, 0.92]	1.7591446714556631
10	[-0.4190967468538468, -0.005998420409635007, -0.9079217674057122]	0.6767071890707425	0.3232928109292576	[-0.2836057815121592, -0.004059174214268727, -0.6143971871172599]	0.8026435298613535	0.33362378077894816	[-0.23641115143982425, -0.004814593331181828, -0.6287633914201222]	[0.09997414080835745, 1.793340027205641e-17, 0.09997414080835748]	0.42363072614673575	[0.0, 0.0, -0.8464]	1.7591446714556631
10	[-0.14151953167809056, -0.9882797815310014, 0.0572301980657959]	0.7905813108361209	0.20941868916387907	[-0.11188269686297868, -0.7813155251556143, 0.045245125006267754]	0.8873685846967454	0.20511152731298318	[-0.05230894399940928, -0.8036973884888494, 0.050784279859559724]	[0.07327104253272404, 0.07327104253272403, 0.0]	0.2084057240680328	[1.6900361802881747e-16, -0.8464, 0.0]	1.7591446714556631
10	[0.05651616896963574, -0.07584795636522534, -0.995516453987685]	0.7988521891583488	0.20114781084165126	[0.04514806530423665, -0.060591305985547184, -0.7952704986112187]	0.8909334965120896	0.18268945588401847	[0.00788775929558867, -0.025111096233769656, -0.8268852407210632]	[-0.04246438873399696, 0.04246438873399697, 0.060053714465501784]	0.1765862584960871	[0.0, 0.0, -0.8464]	1.7591446714556631
10	[-0.5624812591332691, 0.74274176037644, -0.3632485519816412]	0.7080937896913496	0.2919062103086503	[-0.3982894864100386, 0.5259308278669778, -0.2572140437725755]	0.826394194284243	0.30183141116875073	[-0.3972388681208287, 0.5462050998069528, -0.2045964355986399]	[0.0675923788205957, -0.06759237882059571, 0.09559005884114641]	0.39249661024095406	[-0.598495179596294, 0.5984951795962938, 0.0]	1.7591446714556631
10	[-0.2408160895132035, -0.029964541649743767, -0.9701081059733959]	0.7230339006970656	0.27696609930293425	[-0.17411819655134525, -0.021665379431613948, -0.7014210479597869]	0.8401387513667666	0.2646196580910235	[-0.12133860432026114, -0.0251743726068932, -0.7340450884108787]	[0.08098032443238913, 1.4526282101197322e-17, 0.08098032443238916]	0.272385679154091	[0.0, 0.0, -0.8464]	1.7591446714556631
10	[0.34368895639038327, 0.8521586299346748, -0.3945929176799136]	0.7249019845618365	0.2750980154381634	[0.24914080655937534, 0.6177314820011415, -0.28604118912021476]	0.8461366229851515	0.27561490260811583	[0.2908078129174499, 0.6289561359207851, -0.2417930293597459]	[0.0, -0.09208648945979406, 0.09208648945979407]	0.38625222566351813	[0.09652025439526069, 0.5625612688047396, -0.3295407616]	1.7591446714556631
10	[-0.8610281677669389, 0.09672338193413532, -0.49927455542930654]	0.6735875592822617	0.32641244071773834	[-0.5799778619994101, 0.06515166676254017, -0.33630512920336286]	0.8024534875289419	0.33590958861379866	[-0.5908646462319016, 0.07761601515864074, -0.30057419838537563]	[0.10007040985333338, 1.7950669050796617e-17, 0.10007040985333339]	0.39558783377319773	[-0.5175563673003604, 0.08879863404363972, -0.303177500672]	1.7591446714556631
10	[0.2017951317312817, -0.9505822173789635, 0.235949513270207]	0.7631609147229993	0.23683908527700076	[0.15400215731869313, -0.7254471945343467, 0.18006744637573763]	0.8656735846970557	0.24495844564763125	[0.17468871506023326, -0.7092000377553112, 0.2042552609601456]	[2.2701650183039087e-17, 0.113693877912412, 0.0]	0.3274864614314468	[1.6900361802881747e-16, -0.8464, 0.0]	1.7591446714556631
10	[-0.7929808338988992, -0.00991516019342563, 0.6091658942089136]	0.7119526549209293	0.28804734507907076	[-0.5645648099957337, -0.007059124623675617, 0.43369727566931804]	0.8317433929898168	0.3059072041423509	[-0.5047604909135961, -0.008246868981317313, 0.5066697077429977]	[0.15479607844936863, 0.0, 0.0]	0.304398187894472	[-0.5065663200103031, -9.086806355757107e-17, 0.5065663200103032]	1.7591446714556631
10	[0.07227587025157346, 0.95646664736232, 0.2827503334442972]	0.7727237043601234	0.22727629563987659	[0.05584927819664757, 0.7390844508467198, 0.2184878850681374]	0.8717926007979266	0.23414966633354845	[0.0630095689015528, 0.7253258033958355, 0.24649964856988482]	[2.1667514323215312e-17, -0.10851474268463485, 0.0]	0.31190738905172605	[1.6900361802881747e-16, 0.8464, 0.0]	1.7591446714556631
10	[-0.3435991741891739, 0.9190390325182507, -0.19314984909244817]	0.726448542072033	0.27355145792796703	[-0.24960711914687989, 0.667634565280175, -0.14031342627464216]	0.8471453344196171	0.2855228950435604	[-0.19164063240233253, 0.6791218236248954, -0.1636259935025206]	[0.0994378049224594, -0.09943780492245939, 0.0]	0.4008037995741874	[1.6900361802881747e-16, 0.8464, 0.0]	1.7591446714556631
10	[0.19112905340289493, 0.955407186083941, -0.22509285578284977]	0.7464707276298421	0.25352927237015793	[0.142672243564862, 0.7131834973788593, -0.16802522784050297]	0.8600353869327885	0.2476005308747412	[0.16437774939745645, 0.7379158427272823, -0.10981967508422305]	[0.0, -0.08376814623478653, 0.08376814623478654]	0.31476924150416025	[1.6900361802881747e-16, 0.8464, 0.0]	1.7591446714556631
10	[0.773680262255319, -0.4033464444766593, -0.488600550065775]	0.6957729906667168	0.3042270093332831	[0.5383058298891932, -0.2806375619483121, -0.3399550659606672]	0.8266868349794076	0.2918401239452736	[0.5576752500180212, -0.3139160071904622, -0.31391600719046214]	[-0.08191603727186654, 0.019525188394144653, 0.09000363511261103]	0.30065528254736656	[0.5065663200103032, -0.35819648000000004, -0.35819648]	1.7591446714556631
10	[0.3173518584167609, 0.4803910367019424, -0.8176259840635334]	0.7016544871729686	0.29834551282703126	[0.22267135547080094, 0.3370685264995922, -0.5736909405473924]	0.8307420760883742	0.3098313251092144	[0.2636375417116438, 0.399081047164018, -0.523519017466044]	[0.0, 0.0, 0.15571728999869572]	0.33668666056256313	[0.35819648, 0.35819648000000004, -0.5065663200103032]	1.7591446714556631
10	[0.8693840676576888, 0.2901848781877038, 0.39995509669731516]	0.7313803969398935	0.2686196030601064	[0.6358504644966998, 0.21223553139487744, 0.2925193173806159]	0.8448523481408968	0.28800965409186396	[0.5917653312865078, 0.24516337573186164, 0.33790300259564615]	[-0.1427358397103749, 0.0, 0.0]	0.36960031790005665	[0.5625612688047396, 0.09652025439526056, 0.3295407616]	1.7591446714556631
10	[0.7128643642357262, 0.3641446114649132, -0.5993522337856607]	0.6751019597912978	0.3248980402087023	[0.4812561293609162, 0.24583474084740364, -0.4046238676339916]	0.8117277517911163	0.31743104945086115	[0.48327940777782896, 0.29558628679126364, -0.3911384613265773]	[-0.09537237993524054, -1.710793461637163e-17, 0.09537237993524057]	0.31741197347152594	[0.5065663200103032, 0.35819648000000004, -0.35819648]	1.7591446714556631
10	[-0.5425391588143534, 0.6413296677530546, -0.542538034070212]	0.6955852148451955	0.30441478515480447	[-0.3773822173458137, 0.4460994347306063, -0.37738143499041843]	0.8266500585861976	0.3030401537220523	[-0.4244857618566665, 0.4244857618566664, -0.3668239176474435]	[0.024004265562525152, -0.10566944556446277, 0.08166518000193765]	0.3397654918499908	[-0.35819648, 0.35819648000000004, -0.5065663200103032]	1.7591446714556631
10	[-0.3229166087420399, -0.915894291117339, -0.2384586154811929]	0.7186596836901222	0.2813403163098777	[-0.2320671478968413, -0.6582163015479756, -0.17137059317489858]	0.8420458539492365	0.29373473907962394	[-0.16915537959667928, -0.668469778525227, -0.2007930885044137]	[0.1027552119659032, 0.10275521196590318, 0.0]	0.4073906037165912	[1.6900361802881747e-16, -0.8464, 0.0]	1.7591446714556631
10	[0.7312398246119238, -0.5217161373985356, -0.4394321231765779]	0.7229751187545448	0.27702488124545527	[0.5286681990368581, -0.3771877863918687, -0.31769849143814816]	0.8419611585265026	0.27672294752798315	[0.5541440551963144, -0.3777332487713856, -0.2829661334975109]	[-0.06153147469465739, 0.061531474694657404, 0.0870186460260014]	0.2895100891990142	[0.5065663200103032, -0.35819648000000004, -0.35819648]	1.7591446714556631
10	[-0.5233582104380237, 0.36780142117461495, -0.7686470569442408]	0.680084718578066	0.319915281421934	[-0.3559279212612636, 0.25013612601215074, -0.5227451174077827]	0.8144883606742938	0.3116480466451109	[-0.33229522241279635, 0.2995699765861876, -0.5320801328953336]	[0.09397394845230164, -1.6857083432917476e-17, 0.09397394845230166]	0.30993058056294803	[-0.35819648, 0.35819648000000004, -0.5065663200103032]	1.7591446714556631
10	[-0.7609264231653305, 0.10779343393573584, 0.6398215017715165]	0.7046476973260454	0.2953523026739546	[-0.5361850519179941, 0.07595639500968342, 0.45084874792299146]	0.8259620320498625	0.30559845203301905	[-0.4837762519842854, 0.07569527923301556, 0.5151302632502192]	[0.14472008273378445, -0.013338004502177354, -0.013338004502177352]	0.30671718234052037	[-0.5065663200103031, 9.086806355757107e-17, 0.5065663200103032]	1.7591446714556631
10	[-0.10531262668904444, 0.1430812267902794, 0.984091973953676]	0.8331109785616952	0.16688902143830478	[-0.08773710547581232, 0.11920254086505752, 0.8198578274152573]	0.8863176598633341	0.1674483140464556	[-0.01938573151824601, 0.05286070877628668, 0.8722180954449112]	[0.07395470932284876, -0.07395470932284876, 0.0]	0.18886706416216692	[0.0, 0.0, 0.92]	1.7591446714556631
10	[-0.962433976043306, 0.09758660131552688, 0.2533726445399293]	0.7733730675538371	0.2266269324461629	[-0.7443205163706478, 0.07547084921154235, 0.19595157934207308]	0.8722057210676102	0.24305378373997616	[-0.7218696834370201, 0.08511559196694653, 0.22099307012975633]	[0.11757073661779868, 0.0, 0.0]	0.2748117247868381	[-0.92, 0.0, 0.0]	1.7591446714556631
10	[0.9321178315257292, -0.3469511665556093, 0.10383273172499087]	0.8031520930700486	0.1968479069299513	[0.7486323873778045, -0.2786545556122327, 0.08339347581410726]	0.8908312240068458	0.20602253225139483	[0.7299243948629703, -0.3090749323733364, 0.09249743949454807]	[-0.1004352739137019, 0.0, 0.0]	0.3623578203829166	[0.92, 0.0, 0.0]	1.7591446714556631
10	[0.6544874205137956, 0.7551186024487893, -0.03797515799816128]	0.8702722702046931	0.12972772979530683	[0.5695822532709546, 0.657158780426903, -0.033048726962441724]	0.9330324373616633	0.1092380807794438	[0.6106579931845345, 0.6625452425260772, 0.0]	[1.312424389511558e-18, -0.04200490761384952, 0.03543205422621868]	0.11133176162098113	[0.6505382386916237, 0.6505382386916236, 0.0]	1.7591446714556631
10	[0.5619623156357962, 0.7192070340136566, 0.40858242501425923]	0.7634466751087451	0.2365533248912549	[0.4290282614085599, 0.5490762188325482, 0.3119308938850044]	0.861044782203344	0.25050278134785925	[0.4007106916420593, 0.5361054359303503, 0.35180776515851697]	[-0.08316402803105173, -0.08316402803105172, 0.0]	0.368695104246811	[0.5065663200103032, 0.35819648000000004, 0.35819648]	1.7591446714556631
10	[-0.2397304049013131, -0.9271160155267727, -0.28807156527434874]	0.7165810418581395	0.2834189581418606	[-0.17178626330925653, -0.6643537603295417, -0.20642662237399786]	0.8406767310499534	0.2922423267215255	[-0.09788989436036241, -0.67575898247175, -0.24217506180328277]	[0.10364587876535514, 0.10364587876535512, 0.0]	0.3833679289093953	[1.6900361802881747e-16, -0.8464, 0.0]	1.7591446714556631
10	[-0.12823029057876226, 0.7068368935540821, 0.6956569546039927]	0.7966144321986123	0.20338556780138775	[-0.10215010012006376, 0.563076470615616, 0.5541703698968754]	0.8873915836677018	0.19005836865425077	[-0.07344682561687015, 0.5590403781472624, 0.5894630494310218]	[0.040343655013987276, -0.06820073221845321, -0.027857077204465952]	0.19396222551793862	[0.0, 0.5984951795962938, 0.598495179596294]	1.7591446714556631
10	[0.07615057952748802, 0.3647990422109022, -0.9279669972793408]	0.7326410465682245	0.26735895343177546	[0.055791040281795636, 0.2672667520724813, -0.679866712067509]	0.8500845756637622	0.25843016074544	[0.006365762111406055, 0.25174136802763347, -0.7063046650048024]	[-0.05836867097276817, -0.05836867097276819, 0.08254576610738157]	0.3814845042797045	[0.0, 0.0, -0.8464]	1.7591446714556631
10	[0.20277089217358854, -0.8400177881465345, 0.5032435602017488]	0.7628540259691794	0.23714597403082055	[0.15468459144398444, -0.6408109515733091, 0.38390137594296714]	0.8654761139961984	0.2383152461425891	[0.17549336378993957, -0.6131543138591269, 0.4355452808770215]	[2.2735023445938667e-17, 0.11386101711361767, 0.0]	0.3294268904492606	[0.0, -0.5984951795962938, 0.598495179596294]	1.7591446714556631
10	[0.44412791507195065, 0.14775282305008647, 0.8836964967309602]	0.7268354110863092	0.2731645889136907	[0.32280789572622665, 0.10739198388077234, 0.6423019064769788]	0.8362998389978504	0.2755098430807442	[0.31278728242272, 0.06492884068186196, 0.6561102497951135]	[-0.05863682144640325, -0.05863682144640327, -0.08292498814395308]	0.3967382135620188	[0.303177500672, 0.08879863404363972, 0.5175563673003604]	1.7591446714556631
10	[-0.9131033657298079, 0.32277505933446543, -0.24911544425131257]	0.7254675945149089	0.27453240548509095	[-0.662426902279471, 0.23416284586478164, -0.18072518209751262]	0.8465057507736928	0.2588120780112384	[-0.7131851851703294, 0.21346887896217753, -0.12636133336819805]	[0.05976206497076736, -0.05976206497076737, 0.08451632279708128]	0.4077864723812614	[-0.92, 0.0, 0.0]	1.7591446714556631
10	[-0.5010744317203609, -0.853498243722666, -0.14305649876339802]	0.74382739448866	0.25617260551133997	[-0.37271288899144195, -0.6348553748288781, -0.10640934273984856]	0.8510236867856592	0.2541022109901697	[-0.4264262102366906, -0.6371856167051376, -0.03258286366346444]	[0.0, 0.0891616053328106, 0.08916160533281062]	0.3081923533590457	[-0.598495179596294, -0.5984951795962938, 0.0]	1.7591446714556631
10	[-0.9103263181417157, -0.3426501571735635, -0.23215698199166843]	0.7280316879997086	0.27196831200029137	[-0.6627464060272731, -0.24946017232043488, -0.1690176394803123]	0.848175949004985	0.2557544182985089	[-0.7130051054834607, -0.23151583892679145, -0.11331328286500214]	[0.05911178331060308, 0.05911178331060309, 0.08359668565391447]	0.4140043171504893	[-0.92, 0.0, 0.0]	1.7591446714556631
10	[-0.803524882586472, -0.5945025423763795, -0.030240538560309515]	0.8035383062563276	0.19646169374367242	[-0.6456630231883482, -0.47770556596619657, -0.02429943113503027]	0.8906392200149245	0.18499322051418723	[-0.663552202118472, -0.4773887080680609, 0.0]	[0.052098572570927246, 0.05209857257092724, 0.026933409676185315]	0.2072863006390631	[-0.598495179596294, -0.5984951795962938, 0.0]	1.7591446714556631
