1	[0.3250110656836271, 0.7775034810032938, -0.5383828973982677]	-2.981503163204086e-10	1.0000000002981502	[-9.690226399072799e-11, -2.3181208341771509e-10, 1.6052023792849135e-10]	0.6340395403099114	0.6224121118728411	[0.21311689034959724, 0.48592092614835064, 2.3809928296822092e-11]	[0.007047023667915844, -0.007047023536333419, 0.34135604480092596]	0.651748890560822	[0.6788225099390857, 0.6788225099390855, 0.0]	0.41706855010657407
1	[-0.4341685227764889, 0.8023775275087609, 0.40949724929358083]	0.3452273151386957	0.6547726848613042	[-0.1498868334358609, 0.2770026395494745, 0.141369635930304]	0.6428744698325465	0.6776348089142847	[-0.03669101022685885, 0.27340317893511007, 0.26325532705259175]	[0.24242484867105635, -0.24242484866763414, 1.50948606607685e-11]	1.0	[0.0, 0.0, 0.0]	0.41706855010657407
1	[-0.00018597087446875835, 0.19403551534995808, 0.9809944873431806]	0.6622408585364107	0.33775914146358926	[-0.00012315751157049727, 0.12849824627191053, 0.6496546315176341]	0.8633134632423837	0.19343146334240774	[0.0799697119086369, 0.07996971141468559, 0.8469057484388292]	[0.08013026306833733, -0.08754376133410743, 1.4890154281998564e-10]	0.1951680924257163	[0.0, 0.0, 0.96]	0.41706855010657407
1	[-0.9134467427625563, 0.1800589597762001, -0.36495728399470145]	-3.427682771475028e-11	1.000000000034277	[3.1310121162420046e-11, -6.171882449557131e-12, 1.2509613854906671e-11]	0.7208562607911776	0.4504153806771854	[-0.65500163435474, 0.12633445945252403, 2.03148084163438e-11]	[0.0034621690649566527, -0.003462169013696191, 0.26308174310923943]	0.4096123214649335	[-0.96, 0.0, 0.0]	0.41706855010657407
1	[0.036418214177894016, 0.2437036936115434, -0.9691657357728781]	-5.358592285645624e-10	1.0000000005358594	[-1.9515181137741422e-11, -1.3059064940534881e-10, 5.193364568185634e-10]	0.49762442961229	0.9770395334545106	[0.018122593117001193, 0.12127291166277845, 2.1576979782164605e-10]	[5.922857770090809e-11, 1.349256794963621e-10, 0.4822805466795235]	1.0	[0.0, 0.0, 0.0]	0.41706855010657407
1	[0.42766433980085833, -0.8956209149656915, 0.12233719442064098]	0.5169926277295775	0.48300737227042245	[0.22109931081988088, -0.4630294102776814, 0.063247427612591]	0.7851515527802804	0.34355058867203	[0.4816252826503999, -0.5573541899285894, 0.09605323816667505]	[0.1458439621870027, 0.14584396215921852, 4.525732294905379e-12]	0.35362178098637637	[0.6788225099390857, -0.6788225099390855, 0.0]	0.41706855010657407
1	[-0.8656474513486602, -0.36407437372978313, -0.343663120463682]	-7.779739348656906e-11	1.0000000000777973	[6.734508783967641e-11, 2.832403755981261e-11, 2.67361150162696e-11]	0.670011717942434	0.5208468855512494	[-0.5188076806182345, -0.18274784189485538, 1.658363254408053e-10]	[0.06118625539237051, 0.06118625470665229, 0.23025831790116566]	0.5094672643169259	[-0.96, 0.0, 0.0]	0.41706855010657407
1	[-0.9120406305482128, -0.4085118380345816, -0.0360550470090689]	-5.058867171663882e-10	1.0000000005058858	[4.6138896175884625e-10, 2.0666061917307132e-10, 1.822635835560818e-11]	0.7617177852730929	0.4336984451957508	[-0.552386057537669, -0.16883922166368096, 3.4552738334512445e-10]	[0.14233151164259078, 0.14233151086186074, 0.027463770901191842]	0.41289464678950655	[-0.96, 0.0, 0.0]	0.41706855010657407
1	[0.802722930079079, 0.45038130143973615, 0.3908869156657814]	0.6955695675780987	0.30443043242190126	[0.5583496413601294, 0.3132715270876986, 0.27188904290158417]	0.8204553573659839	0.3341087985803779	[0.4862354715883586, 0.3695177516249126, 0.32070526408751204]	[-0.17236285687554176, 1.2170064617711166e-12, 5.256225741295748e-12]	0.4693924591322466	[0.6788225099390857, 0.6788225099390855, 0.0]	0.41706855010657407
1	[-0.14958043120067518, 0.9280395187368349, 0.34112804965954363]	0.3514946112059501	0.64850538879405	[-0.05257671550889983, 0.326200889822161, 0.1199046711865248]	0.6491878541661726	0.6454014290055053	[0.14103338192348358, 0.3643328029822214, 0.2214561866468357]	[0.23813918107990073, -0.23813918076795199, 9.246507664472408e-11]	0.9299080043894813	[0.6788225099390857, 0.6788225099390855, 0.0]	0.41706855010657407
1	[0.882123631622142, 0.19330541446475094, -0.42952405668643806]	-1.0247143081095707e-12	1.0000000000010247	[-9.038880754985712e-13, -1.9806378759312793e-13, 4.4022914001389e-13]	0.6908840438683883	0.5122645695632081	[0.6094451420505083, 0.13355162644606883, 1.1612292406005505e-10]	[2.4353395060435827e-10, -9.933571740898862e-13, 0.296751317338404]	0.4774124289181079	[0.96, 0.0, 0.0]	0.41706855010657407
1	[0.5154939223227782, -0.3537189167428841, -0.7804799446408076]	-3.894577788407972e-10	1.0000000003894578	[-2.007631283440503e-10, 1.3775827700790444e-10, 3.0396411411599103e-10]	0.5515719973381208	0.8293034870701802	[0.2843320124279033, -0.1951014494828616, 1.1147754045931321e-10]	[7.66663534262014e-11, -7.871246231065845e-11, 0.43049088205935376]	0.8611141142893531	[0.6788225099390857, -0.6788225099390855, 0.0]	0.41706855010657407
1	[-0.18020416114016563, -0.8291302512017154, -0.5292159170413807]	-1.8339924908596672e-11	1.0000000000183398	[3.304925777491974e-12, 1.5206197412354072e-11, 9.705773411257036e-12]	0.5673427326465154	0.7065197009549886	[-0.02084658100408005, -0.3890100829487146, 1.300965650931921e-10]	[0.08139094021145449, 0.08139093948795824, 0.300246804664385]	1.0	[0.0, 0.0, 0.0]	0.41706855010657407
1	[-0.7960152374791033, 0.3070976989375191, -0.5215848397033485]	-1.1208127494052742e-11	1.000000000011208	[8.921766103675566e-12, -3.442010565457565e-12, 5.846005412000576e-12]	0.6408814179486043	0.6098463565387285	[-0.5027410314846245, 0.18940286619826896, 1.915537071750106e-11]	[0.007410342619677941, -0.0074103425455616, 0.334274031668733]	0.6270970770463865	[-0.96, 0.0, 0.0]	0.41706855010657407
1	[0.056057202245361565, 0.4011216630813606, 0.9143079358089735]	0.5255539395465924	0.4744460604534076	[0.029461083480009854, 0.2108110702698898, 0.480518137623119]	0.7819210380840976	0.32466206500335165	[0.17330012678276116, 0.1733001267581952, 0.7149166103068073]	[0.1294678210109779, -0.14034534043640193, 1.0526387076788968e-11]	0.40758896359785163	[0.0, 0.0, 0.96]	0.41706855010657407
1	[-0.23769481941201118, -0.11551148820200527, 0.9644471312197728]	0.6482056989284047	0.3517943010715954	[-0.15407513654862395, -0.0748752049442415, 0.6251601267718074]	0.8628432517568333	0.21253228232905688	[-0.11198828312267005, -0.006563220635944016, 0.8321666989537402]	[0.09310508778454313, 0.09310508745954481, 1.0452194929960965e-10]	0.2643132763559872	[0.0, 0.0, 0.96]	0.41706855010657407
1	[0.9594294997721994, -0.10872397539467572, 0.2601425227471381]	0.7591291392354238	0.24087086076457617	[0.7283308903191431, -0.08253553785561324, 0.19748176937156633]	0.8630738032299269	0.2656405120517309	[0.6966093208208526, -0.09383681485499853, 0.2245221966656196]	[-0.13144914647852562, 9.116103619225932e-11, 1.7641940125734016e-10]	0.28194921606093754	[0.96, 0.0, 0.0]	0.41706855010657407
1	[-0.9705434889992891, -0.09632939327280118, 0.2208302152169867]	0.6741888199376781	0.32581118006232196	[-0.6543295695466277, -0.06494419997590135, 0.14888126220372344]	0.8760059585039952	0.22762397258177583	[-0.7660319331092298, -0.000215176345380435, 0.19344858440790444]	[0.08416994624141558, 0.08416994614064084, 6.009328249066043e-11]	0.24115659045807725	[-0.96, 0.0, 0.0]	0.41706855010657407
1	[0.6546620075265115, -0.33805347936521724, 0.6761194428430739]	0.6527025544000097	0.3472974455999904	[0.4272995645811924, -0.22064836950548822, 0.4413048874231857]	0.7898608892891809	0.37464633262431046	[0.31535836926826377, -0.2670152218401531, 0.5340403043977543]	[-0.20173354618046693, -1.440809763790382e-12, 8.018349865116857e-12]	0.7575254207388097	[0.6788225099390857, -0.6788225099390855, 0.0]	0.41706855010657407
1	[-0.5443705237841608, -0.47920061531305314, -0.6884965527281526]	-6.1378717469220975e-12	1.000000000006138	[3.3412994593362555e-12, 2.9412722257760038e-12, 4.225911799815189e-12]	0.5769398820845514	0.7574338355521393	[-0.3077640822694221, -0.2701649629799285, 5.8627868009469175e-12]	[0.006304983532917077, 0.006304983513628779, 0.3972211199524633]	0.9361669692605115	[-0.96, 0.0, 0.0]	0.41706855010657407
1	[0.8849441313699953, 0.3652531521974345, 0.28890140041827816]	0.7244526628585577	0.2755473371414423	[0.6411001324520463, 0.26460861872691355, 0.20929538883658796]	0.8402117123523508	0.3040470378601426	[0.5901436686250101, 0.30688997640750426, 0.24273834041806486]	[-0.15339675532953725, -4.239596626591715e-11, 7.163131115542471e-11]	0.4717067603602995	[0.96, 0.0, 0.0]	0.41706855010657407
1	[-0.0946035957855353, 0.7127331833516167, -0.6950263081451793]	-4.5630593446674035e-12	1.000000000004563	[4.3164083418645305e-13, -3.252259572761318e-12, 3.1714275961904384e-12]	0.5640530591448344	0.7714826576952424	[-0.03463913537169517, 0.3832970202039091, 6.036335786487882e-12]	[0.018722312237237356, -0.01872231221960649, 0.39203171530146497]	0.9999999999999999	[0.0, 0.0, 0.0]	0.41706855010657407
1	[-0.8665279513224694, 0.3243358013141649, 0.3793884520683025]	0.4731552664379972	0.5268447335620028	[-0.41000226368395487, 0.15346119248618498, 0.17950964412187698]	0.7540749373469545	0.4625987202334503	[-0.4864875428118371, 0.07763403147859933, 0.2860873233468484]	[0.16693946779103888, -0.16693946757675365, 1.2328523049725665e-10]	0.5078054090504145	[-0.96, 0.0, 0.0]	0.41706855010657407
1	[-0.5578337547883747, -0.6983624372220631, 0.4484544662459758]	0.3565745277849017	0.6434254722150983	[-0.19890930769614334, -0.24901825627517019, 0.1599074395346889]	0.65422979400112	0.6585146598103725	[-0.13023486348247224, -0.2221729144549008, 0.29339227309137134]	[0.23471659899959743, 0.23471659898700972, 2.038437789695793e-11]	0.9222576596625914	[-0.96, 0.0, 0.0]	0.41706855010657407
1	[0.4700823827733239, -0.48173766045396643, -0.7395616133267688]	-3.715360271711811e-10	1.000000000371536	[-1.7465268120631094e-10, 1.7898250936898563e-10, 2.7477393448263143e-10]	0.5648515425721705	0.7954483201744896	[0.26552675911188156, -0.27211026073099476, 1.8645370128720458e-10]	[6.636814242535486e-11, -1.084630439409782e-10, 0.4177425183012421]	0.7933260732462054	[0.6788225099390857, -0.6788225099390855, 0.0]	0.41706855010657407
1	[-0.5743041548288251, 0.15661431879424942, -0.8035214327539509]	-6.941579203055615e-10	1.0000000006941578	[3.986572322256521e-10, -1.0871471778362007e-10, 5.577712173146466e-10]	0.5443653706230637	0.848063366235133	[-0.31263129382654054, 0.0852554117742643, 2.8555271080918435e-10]	[2.6721834015926627e-10, 7.895361807331196e-11, 0.43740924283023225]	0.9049508399513511	[-0.96, 0.0, 0.0]	0.41706855010657407
1	[-0.27321334538383074, 0.9284012335025322, -0.25184443121727373]	-6.892817681443377e-11	1.000000000068928	[1.8832033155113947e-11, -6.399307472815252e-11, 1.735901219429501e-11]	0.6024835273929662	0.6477337393010879	[-0.0020542224871434706, 0.39679413276120457, 1.0158604037480467e-11]	[0.16255231757053962, -0.162552317235382, 0.15173212128421693]	0.9999999999999999	[0.0, 0.0, 0.0]	0.41706855010657407
1	[-0.3998260039937436, -0.6053196966017631, 0.6882784548686267]	0.3765480418746193	0.6234519581253806	[-0.15055369889439793, -0.22793194646353263, 0.2591699044452699]	0.6734259029714625	0.5920123709714963	[-0.04756733977999959, -0.18595211550794769, 0.463504540018252]	[0.2216858479909588, 0.2216858477625063, 5.254399386426547e-11]	0.7746646801373072	[0.0, 0.0, 0.96]	0.41706855010657407
1	[0.6508980740440835, 0.5825619344962585, -0.48677848112019056]	-3.5848430505267415e-11	1.0000000000358484	[-2.3333668330849378e-11, -2.0883544893379735e-11, 1.7450841718351154e-11]	0.663543183340919	0.5686234352524848	[0.4318989803021611, 0.38655500063246456, 2.6109208719546417e-10]	[2.2047652494689242e-10, 1.2357272821383926e-10, 0.32299854320544047]	0.4969901027045891	[0.6788225099390857, 0.6788225099390855, 0.0]	0.41706855010657407
1	[-0.4822535042821636, 0.2076785807285885, 0.8510588491485958]	0.5232483605329896	0.4767516394670103	[-0.2523383554769313, 0.1086674768840522, 0.44531514753409557]	0.7893493164973723	0.3561356707641157	[-0.23767204830947766, 0.020936520074104695, 0.6717827208788097]	[0.14299442567411083, -0.1429944256751509, 4.325416028002854e-12]	0.5362527479040979	[0.0, 0.0, 0.96]	0.41706855010657407
1	[-0.7667129585341538, -0.21717061744090388, 0.6041425015144536]	0.5065557519702806	0.49344424802971953	[-0.3883828592556268, -0.11000902542362744, 0.3060318591518601]	0.7780211650115085	0.40063118936863573	[-0.44583467932124143, -0.018279106888858122, 0.4700356528652761]	[0.15068422990692137, 0.15068422989878255, 4.033898251773466e-12]	0.6704559043027548	[-0.96, 0.0, 0.0]	0.41706855010657407
1	[-0.16509556563678984, -0.6493980067248306, 0.7423110419957967]	0.3878486871096024	0.6121513128903976	[-0.06403209837984616, -0.2518681643198184, 0.28790436306503064]	0.6838632202443983	0.5500592037219783	[0.10169797672402313, -0.22949865070394346, 0.5076392197267604]	[0.21460076188846827, 0.21460076139519266, 1.245397648605521e-10]	0.7045301976268089	[0.0, 0.0, 0.96]	0.41706855010657407
1	[-0.8400077372572654, 0.5216390497379884, 0.14926387083409495]	0.4269285775903274	0.5730714224096727	[-0.3586233084321138, 0.2227026175202093, 0.06372501206082626]	0.7177956679751183	0.5479586283528134	[-0.41138726207841053, 0.1828635975336393, 0.10714095987713315]	[0.1915666527904362, -0.19156665261494593, 7.222251466074165e-12]	0.5556843928580776	[-0.96, 0.0, 0.0]	0.41706855010657407
1	[0.42091944114580687, -0.7688266056295766, -0.4813859932960296]	-9.732939899077508e-11	1.0000000000973293	[-4.096778472018059e-11, 7.482867103725255e-11, 4.685419098886682e-11]	0.6660256197482955	0.5634040992664958	[0.2803431317839906, -0.5120582164076175, 7.40132592007087e-11]	[1.307594949088516e-10, 8.582663213465784e-11, 0.3206154045971393]	0.5534864087542338	[0.6788225099390857, -0.6788225099390855, 0.0]	0.41706855010657407
1	[-0.5627379067032513, -0.09880880506420255, -0.8207087597930384]	-6.954355741979435e-10	1.0000000006954355	[3.9134756546488347e-10, 6.871492264082235e-11, 5.707503969471994e-10]	0.5391111790599409	0.8619188803466171	[-0.3033782963868495, -0.05326893149536564, 2.1249768054266318e-10]	[-2.3366437713059994e-12, -9.569923363396613e-11, 0.44245326736934426]	0.917138604099597	[-0.96, 0.0, 0.0]	0.41706855010657407
1	[-0.7172335228967242, 0.3236780153508262, 0.6170969259457582]	0.45373802780808514	0.5462619721919147	[-0.32543612415700485, 0.14686502433011914, 0.28000034214506014]	0.7393067513172578	0.4760624432324271	[-0.353291141661795, 0.0623328983648767, 0.4562239237823196]	[0.17696444408681417, -0.17696444363695987, 2.134945894843808e-10]	0.7379103170699605	[-0.96, 0.0, 0.0]	0.41706855010657407
1	[0.42956351779516044, -0.4598919234815048, 0.7771580295512159]	0.658494100618937	0.34150589938106307	[0.2828650423092314, -0.30283611853486603, 0.5117539777081132]	0.7489934554629861	0.3186331339037261	[0.26722535514460455, -0.26722535456684915, 0.5820862781590531]	[-0.054514908389628525, 0.07723068634108211, 1.646820202361993e-10]	0.6553293700588013	[0.0, 0.0, 0.96]	0.41706855010657407
1	[-0.4441015089686827, -0.5054954125191813, -0.7397622845575473]	-5.818648618127462e-12	1.0000000000058187	[2.5840579676028597e-12, 2.9412999813516194e-12, 4.304424604266487e-12]	0.5647848572097984	0.7956160849027263	[-0.25082180709419477, -0.2854961543314651, 9.618244647620829e-11]	[2.353405840409982e-10, 4.839342144224228e-11, 0.41780653634920917]	0.9999999999999999	[0.0, 0.0, 0.0]	0.41706855010657407
1	[0.046814467694287085, -0.31486946972487456, -0.9479797585653803]	-5.413195070233566e-10	1.0000000005413194	[-2.5341756471064514e-11, 1.7044478328731572e-10, 5.131599978273584e-10]	0.5031499910476369	0.9610832537191746	[0.023554699138549337, -0.15842657102931834, 2.87044065686292e-10]	[1.3726902020443816e-10, -1.560732256925855e-10, 0.4769760073225563]	0.9999999999999999	[0.0, 0.0, 0.0]	0.41706855010657407
1	[0.5903105937608876, -0.7751860602889039, 0.22498883267272618]	0.6373897025836369	0.362610297416363	[0.37625789378922225, -0.4940956124145257, 0.14340556514190858]	0.8266555713727366	0.23515562313012098	[0.547308941521986, -0.5473089415048529, 0.1859882720470178]	[0.05932540034919999, 0.09350293408345171, 2.1460321615391066e-11]	0.26026960631044554	[0.6788225099390857, -0.6788225099390855, 0.0]	0.41706855010657407
1	[-0.5005802197939991, -0.3153195029069573, -0.8062214674873777]	-6.544044666993832e-10	1.0000000006544043	[3.275813925673887e-10, 2.063458848233779e-10, 5.275954711184674e-10]	0.5435331935443738	0.8502477195586953	[-0.2720819639952569, -0.17138661599500032, 7.066193046271726e-10]	[1.4945203178177889e-09, 4.0684353492450875e-10, 0.43820812963406497]	0.9800438653425272	[-0.96, 0.0, 0.0]	0.41706855010657407
1	[-0.3470600964699847, -0.9352897083220022, 0.06915526693744163]	0.3589852659854186	0.6410147340145816	[-0.12458946104420239, -0.33575522471539837, 0.02482572189582911]	0.6565993276655973	0.6571953055544943	[0.005228679674304551, -0.38100248854928404, 0.04540730192453134]	[0.23310810567605375, 0.23310810510749522, 1.4887286554041893e-10]	0.9999999999999999	[0.0, 0.0, 0.0]	0.41706855010657407
1	[-0.5823232659116057, -0.7904095113060299, 0.1901378931591604]	0.3581182870385578	0.6418817129614421	[-0.2085406104909628, -0.28306010024789896, 0.06809185659927866]	0.6557488709970589	0.6697683132113227	[-0.14817240888093575, -0.2846247294451267, 0.12468270880074758]	[0.23368541529591974, 0.23368541521913952, 2.7868696899665322e-11]	0.896403552787313	[-0.96, 0.0, 0.0]	0.41706855010657407
1	[0.898295633071446, 0.35603163766722934, -0.2575003467662926]	1.580853682002575e-09	0.9999999984191482	[1.4200731701663472e-09, 5.628329607931803e-10, -4.070673849205569e-10]	0.7885008020795631	0.3287435566891462	[0.70830682718136, 0.2807312318664624, 4.986416567478651e-12]	[-4.404142009925042e-14, 1.5166585090519441e-13, 0.2030392299659737]	0.4437030363912601	[0.96, 0.0, 0.0]	0.41706855010657407
1	[-0.9284253285745718, -0.13808181841230865, -0.3449055242891136]	0.0	0.9999999999999999	[0.0, 0.0, 0.0]	0.7356854439887431	0.42486611098259225	[-0.6830290000627783, -0.10158478388543228, 0.0]	[0.0, 0.0, 0.25374197377080676]	0.372858376782421	[-0.96, 0.0, 0.0]	0.41706855010657407
1	[0.9860011347815463, -0.14997046261515515, -0.07287401836388196]	0.0	1.0	[0.0, 0.0, 0.0]	0.9226355871234231	0.11129527847302216	[0.9026860622512228, -0.13836808582610502, 0.0]	[-0.007033673642310484, 0.0, 0.06723616271920335]	0.16875372949784306	[0.96, 0.0, 0.0]	0.41706855010657407
1	[-0.04834958995474442, -0.2654909294318255, -0.9629002458929136]	0.0	0.9999999999999999	[0.0, 0.0, 0.0]	0.4992458667840132	0.9723361673835991	[-0.024138332945607965, -0.13254524918748503, 0.0]	[0.0, 0.0, 0.4807239678873471]	0.9999999999999999	[0.0, 0.0, 0.0]	0.41706855010657407
1	[0.5083228987278984, -0.8547325921274783, -0.10507153079644761]	0.0	1.0	[0.0, 0.0, 0.0]	0.7942928839271619	0.27817200183802177	[0.4843824689084536, -0.5982828078758167, 0.0]	[0.08062520771165665, 0.08062520771165664, 0.08345756921495198]	0.2665605016175539	[0.6788225099390857, -0.6788225099390855, 0.0]	0.41706855010657407
1	[-0.9242757874514296, -0.2829221709872863, 0.2562602464193005]	0.5151401359727062	0.48485986402729375	[-0.4761315548240096, -0.1457445656320839, 0.13200993818483767]	0.7838976356494238	0.4077724091308445	[-0.5778424550989563, -0.07508687153750683, 0.2008818012790284]	[0.1466951493722289, 0.14669514937222888, 0.0]	0.38339338556273417	[-0.96, 0.0, 0.0]	0.41706855010657407
1	[-0.06889079567394185, 0.3975793607448141, 0.9149779834406706]	0.49390077204813104	0.5060992279518689	[-0.03402521717036994, 0.1963647532222661, 0.4519083324283893]	0.7691555389247066	0.36898310983326077	[0.10371467939912365, 0.1490979510063516, 0.7037603839575503]	[0.15670241647266625, -0.15670241647266622, 0.0]	0.406007723810659	[0.0, 0.0, 0.96]	0.41706855010657407
1	[0.4627939954675316, 0.4749993593769372, -0.7484633099562714]	0.0	1.0	[0.0, 0.0, 0.0]	0.5619084673375698	0.8028736505119012	[0.2600478646861909, 0.26690616201382233, 0.0]	[0.0, 0.0, 0.42056787135593293]	0.8052387981962644	[0.6788225099390857, 0.6788225099390855, 0.0]	0.41706855010657407
1	[0.6325661785202784, 0.28148587773129363, 0.7215439906409687]	0.6527479776917108	0.3472520223082892	[0.4129062937852854, 0.1837393374378781, 0.47098638070649906]	0.7898941478099556	0.37207884150067666	[0.2979587044132329, 0.22234404751109757, 0.5699433755947426]	[-0.20170161810244264, 0.0, 0.0]	0.7322810512155424	[0.0, 0.0, 0.96]	0.41706855010657407
1	[0.023793693056283344, 0.04289796032026491, 0.9987960878833599]	0.8900696879477524	0.10993031205224754	[0.02117804495373072, 0.03818217415585325, 0.8889981222657781]	0.9368271798552513	0.06845546748446492	[0.017183174015809023, 0.01718317401580902, 0.9356993222622259]	[-0.005107404348450379, -0.023004801172567233, 0.0]	0.06254207594850877	[0.0, 0.0, 0.96]	0.41706855010657407
1	[-0.2943098771635715, -0.7679763716068763, 0.5688532225956892]	0.35330200280919205	0.646697997190808	[-0.10398026904841717, -0.2713275901988457, 0.2009769828475201]	0.6509893826943689	0.6401094148208466	[0.04532365797922913, -0.2630282008414235, 0.37031740822127013]	[0.23691626323479814, 0.2369162632347981, 0.0]	0.9107150007638377	[0.0, 0.0, 0.96]	0.41706855010657407
1	[0.221476007748747, -0.4106734513418808, 0.8844748127304841]	0.5802524774438043	0.4197475225561958	[0.12851200219057363, -0.238294287561524, 0.5132187013235082]	0.7607850607759479	0.2970342338858927	[0.20301373390895272, -0.2030137339089527, 0.6728952241579564]	[0.03451809589340789, 0.10942049272924836, 0.0]	0.4726609350871623	[0.0, 0.0, 0.96]	0.41706855010657407
1	[-0.6503901416184334, 0.6509630825253956, 0.3914584637922513]	0.36733580983379466	0.6326641901662053	[-0.23891158937932364, 0.2391220510913695, 0.14379671181341983]	0.6646941353754146	0.6439597556673554	[-0.20469734421800162, 0.20507817467877604, 0.2602001451257785]	[0.22761316862175643, -0.2276131686217564, 0.0]	0.8202749100713784	[-0.96, 0.0, 0.0]	0.41706855010657407
1	[0.0436332048721218, -0.06677529962391429, -0.9968135245835722]	0.0	1.0	[0.0, 0.0, 0.0]	0.490593502109148	0.9976413768120108	[0.02140616678646018, -0.03275952809688379, 0.0]	[0.0, 0.0, 0.48903023797521794]	1.0	[0.0, 0.0, 0.0]	0.41706855010657407
1	[-0.14906694810830792, -0.8342125868124517, -0.5309128035613311]	0.0	0.9999999999999999	[0.0, 0.0, 0.0]	0.5687969952623091	0.703614961594475	[-0.005611768602233891, -0.3953205492142264, 0.0]	[0.07917706357469428, 0.07917706357469427, 0.30198160741197366]	0.9956984662647975	[0.6788225099390857, -0.6788225099390855, 0.0]	0.41706855010657407
1	[-0.6557911630374385, -0.3963743825863497, 0.6425148241957486]	0.425675618633177	0.574324381366823	[-0.2791543090201323, -0.168726910517788, 0.27350289527051225]	0.7167567420279709	0.5184254912581092	[-0.27777083816955156, -0.09183211178604382, 0.4605268320952192]	[0.1922718992998967, 0.19227189929989666, 0.0]	0.813929337822466	[-0.96, 0.0, 0.0]	0.41706855010657407
1	[-0.28552847098575684, 0.9469432564362485, -0.1475532491897388]	0.0	1.0	[0.0, 0.0, 0.0]	0.6248463252369634	0.6375366393913987	[0.011057437634612033, 0.4022251605115222, 0.0]	[0.1894688534805912, -0.18946885348059117, 0.09219810553298223]	1.0	[0.0, 0.0, 0.0]	0.41706855010657407
1	[-0.3193872625986172, -0.1853516585086434, -0.9293204717307465]	0.0	1.0	[0.0, 0.0, 0.0]	0.5081191964858003	0.9469050807315045	[-0.16228679923940872, -0.09418073578872233, 0.0]	[0.0, 0.0, 0.4722055713736318]	1.0	[0.0, 0.0, 0.0]	0.41706855010657407
1	[0.2810337746450933, -0.8702618085745263, 0.4045545723945357]	0.43155403358446204	0.568445966415538	[0.12128125902155673, -0.3755649937648458, 0.17458715752189913]	0.7216043391931835	0.45927374433752427	[0.39177643246877214, -0.4390034560764522, 0.2919283348803398]	[0.18898124122503354, 0.1889812412250335, 0.0]	0.5987898504769006	[0.6788225099390857, -0.6788225099390855, 0.0]	0.41706855010657407
1	[-0.049678028172980324, -0.3072325353012995, 0.9503369206598155]	0.551172995864381	0.4488270041356191	[-0.02738118761673672, -0.16933827690902642, 0.523800047640601]	0.8074240513440768	0.298719864233696	[0.09061365405030138, -0.11734204953717303, 0.7673248866210026]	[0.13072488882051433, 0.1307248888205143, 0.0]	0.3113729473367177	[0.0, 0.0, 0.96]	0.41706855010657407
1	[-0.14151953167809056, -0.9882797815310014, 0.0572301980657959]	0.3714209842423676	0.6285790157576324	[-0.05256332374539535, -0.36706784916307655, 0.021256496493983555]	0.6685915169188942	0.6160514140447262	[0.13034877994191518, -0.43578793997386445, 0.038263624938379245]	[0.22496753830022126, 0.22496753830022123, 0.0]	0.8786353986474708	[0.6788225099390857, -0.6788225099390855, 0.0]	0.41706855010657407
1	[-0.9193028320914569, 0.3682507660334217, -0.13882966622600743]	0.0	0.9999999999999999	[-1.1102230246251565e-16, 0.0, 0.0]	0.7347088222674905	0.4305367163555023	[-0.567458731616959, 0.16259591715539257, 0.0]	[0.10796116945612397, -0.10796116945612394, 0.10199938056869871]	0.39564954490609827	[-0.96, 0.0, 0.0]	0.41706855010657407
1	[0.26614320307009814, 0.525598084651251, -0.8080312177574113]	0.0	1.0	[0.0, 0.0, 0.0]	0.5429768379416251	0.8517102013994005	[0.14450959484265763, 0.28538758603211095, 0.0]	[0.0, 0.0, 0.4387422355760399]	0.9201610639954182	[0.6788225099390857, 0.6788225099390855, 0.0]	0.41706855010657407
1	[-0.2408160895132035, -0.029964541649743767, -0.9701081059733959]	0.0	1.0	[0.0, 0.0, 0.0]	0.49738146636913416	0.9777458324553927	[-0.11977745972735784, -0.014903807664828544, 0.0]	[0.0, 0.0, 0.48251379228563107]	1.0	[0.0, 0.0, 0.0]	0.41706855010657407
1	[0.5973588228671314, -0.7944560794217789, -0.10955352396235898]	0.0	0.9999999999999999	[0.0, 0.0, 0.0]	0.8398277957947655	0.2095726653966124	[0.5453489078207301, -0.6235359337228724, 0.0]	[0.043670364313671356, 0.04367036431367135, 0.09200609455085697]	0.17891179199604848	[0.6788225099390857, -0.6788225099390855, 0.0]	0.41706855010657407
1	[0.6197702497589663, 0.19415633083075332, -0.7603868467510783]	0.0	1.0	[0.0, 0.0, 0.0]	0.5580140314446974	0.8127667400175025	[0.3458404956374877, 0.10834195689737908, 0.0]	[0.0, 0.0, 0.42430652981309047]	0.855360228478496	[0.96, 0.0, 0.0]	0.41706855010657407
1	[-0.006529993679506635, -0.13584444630828008, 0.9907086582793866]	0.7244210566201891	0.27557894337981087	[-0.004730464921031338, -0.0984085773306288, 0.7176902130335231]	0.8923108690028626	0.14750144418042507	[0.053725899838326964, -0.05372589983832696, 0.8840201037979395]	[0.05955268417307074, 0.06748957609622717, 0.0]	0.13942516309324413	[0.0, 0.0, 0.96]	0.41706855010657407
1	[-0.02326142392409699, 0.5206543965570728, -0.8534505876164207]	0.0	1.0	[0.0, 0.0, 0.0]	0.5293775339430745	0.8879967693765055	[-0.012314075232942874, 0.27562274048600277, 0.0]	[0.0, 0.0, 0.4517975674146486]	1.0	[0.0, 0.0, 0.0]	0.41706855010657407
1	[-0.5624812591332691, 0.74274176037644, -0.3632485519816412]	0.0	1.0	[1.1102230246251565e-16, 0.0, 0.0]	0.5905429324484145	0.6665791517037872	[-0.20590486657529716, 0.3123564315840605, 0.0]	[0.12626446564053997, -0.12626446564053997, 0.21451386509487871]	0.9174072064596632	[-0.96, 0.0, 0.0]	0.41706855010657407
1	[0.05651616896963574, -0.07584795636522534, -0.995516453987685]	0.0	1.0	[0.0, 0.0, 0.0]	0.49091890689151196	0.9966803619479295	[0.027744855892269604, -0.03723519582877152, 0.0]	[0.0, 0.0, 0.4887178493841485]	1.0	[0.0, 0.0, 0.0]	0.41706855010657407
1	[-0.4190967468538468, -0.005998420409635007, -0.9079217674057122]	0.0	1.0	[0.0, 0.0, 0.0]	0.5139401535714789	0.9304980449994673	[-0.2153906464393731, -0.0030828291065141122, 0.0]	[0.0, 0.0, 0.46661745257138026]	1.0	[0.0, 0.0, 0.0]	0.41706855010657407
1	[-0.3435991741891739, 0.9190390325182507, -0.19314984909244817]	0.0	1.0	[0.0, 0.0, 0.0]	0.6130672689757845	0.6483058753538439	[-0.031721996356245175, 0.38450533876186455, 0.0]	[0.1789274109862466, -0.17892741098624657, 0.1184138504861921]	1.0	[0.0, 0.0, 0.0]	0.41706855010657407
1	[0.2017951317312817, -0.9505822173789635, 0.235949513270207]	0.412182949330306	0.5878170506696939	[0.08317651255749736, -0.39181378194020333, 0.0972543662727641]	0.7053692856475572	0.5050306540263141	[0.34234204893832, -0.4705095385999991, 0.16643153962429472]	[0.20000196102187112, 0.2000019610218711, 0.0]	0.5975622402395142	[0.6788225099390857, -0.6788225099390855, 0.0]	0.41706855010657407
1	[0.773680262255319, -0.4033464444766593, -0.488600550065775]	0.0	1.0	[0.0, 0.0, 0.0]	0.6627085706659508	0.5703829498053581	[0.5127245407516805, -0.2673011457023202, 0.0]	[0.0, 0.0, 0.3237997721606871]	0.5688721766282165	[0.6788225099390857, -0.6788225099390855, 0.0]	0.41706855010657407
1	[0.07227587025157346, 0.95646664736232, 0.2827503334442972]	0.38101449006205845	0.6189855099379415	[0.027538153847694702, 0.36442765190612103, 0.10773197411215588]	0.6775865836930735	0.5696797097247238	[0.2678346445027107, 0.42922748350709883, 0.1915878324765987]	[0.21886148449550322, -0.21886148449550316, 0.0]	0.7245224939396746	[0.6788225099390857, 0.6788225099390855, 0.0]	0.41706855010657407
1	[-0.7929808338988992, -0.00991516019342563, 0.6091658942089136]	0.6731721073312898	0.3268278926687102	[-0.5338125790290454, -0.006674609281935652, 0.410073488718964]	0.811409183302423	0.34698403726023	[-0.46571719928425515, 0.0, 0.4942828007157448]	[0.17771473152412492, 0.008045252034860185, 0.0]	0.6317252558779914	[-0.96, 0.0, 0.0]	0.41706855010657407
1	[0.8693840676576888, 0.2901848781877038, 0.39995509669731516]	0.6908772725190717	0.3091227274809283	[0.6006376934348802, 0.20048213716859986, 0.2763198863363427]	0.8171820436024924	0.3464300137200232	[0.5349398109423502, 0.23713387177996806, 0.32683612326834444]	[-0.1755052381416074, 0.0, 0.0]	0.5023769402522746	[0.96, 0.0, 0.0]	0.41706855010657407
1	[0.19112905340289493, 0.955407186083941, -0.22509285578284977]	0.0	0.9999999999999999	[0.0, 0.0, 0.0]	0.6586251774969365	0.5096343214063798	[0.25278545183842843, 0.502352182400259, 0.0]	[0.1269030451161253, -0.1269030451161253, 0.14825182209327176]	0.6041612238060722	[0.6788225099390857, 0.6788225099390855, 0.0]	0.41706855010657407
1	[-0.5425391588143534, 0.6413296677530546, -0.542538034070212]	0.0	1.0	[1.1102230246251565e-16, 0.0, 0.0]	0.5731858533234521	0.7093862566554568	[-0.24113734077025945, 0.2977626629365471, 0.0]	[0.06983842993613361, -0.0698384299361336, 0.31097512601896254]	0.9380430774097964	[-0.96, 0.0, 0.0]	0.41706855010657407
1	[0.7128643642357262, 0.3641446114649132, -0.5993522337856607]	0.0	1.0	[0.0, 0.0, 0.0]	0.6156402506118805	0.6737110807201728	[0.4388679958503614, 0.22418207986122507, 0.0]	[0.0, 0.0, 0.3689853594125946]	0.6777935731297078	[0.6788225099390857, 0.6788225099390855, 0.0]	0.41706855010657407
1	[0.3173518584167609, 0.4803910367019424, -0.8176259840635334]	0.0	1.0	[0.0, 0.0, 0.0]	0.5400461112778654	0.8594422586548754	[0.17138463704477536, 0.25943331126362634, 0.0]	[0.0, 0.0, 0.44155573317324914]	0.9157228463344673	[0.6788225099390857, 0.6788225099390855, 0.0]	0.41706855010657407
1	[0.34368895639038327, 0.8521586299346748, -0.3945929176799136]	0.0	1.0	[0.0, 0.0, 0.0]	0.6576491914900415	0.5257991513843413	[0.274925364003296, 0.5115228342886963, 0.0]	[0.04889859970910427, -0.04889859970910426, 0.2595037132798917]	0.5459519025449526	[0.6788225099390857, 0.6788225099390855, 0.0]	0.41706855010657407
1	[-0.3229166087420399, -0.915894291117339, -0.2384586154811929]	0.0	1.0	[0.0, 0.0, 0.0]	0.6039052426977867	0.651599821982397	[-0.0279609033183017, -0.3860632345075277, 0.0]	[0.1670501296552063, 0.16705012965520627, 0.14400640805554799]	1.0	[0.0, 0.0, 0.0]	0.41706855010657407
1	[0.7312398246119238, -0.5217161373985356, -0.4394321231765779]	0.0	1.0	[0.0, 0.0, 0.0]	0.6859925423327365	0.5221699188107538	[0.501625066340478, -0.35789337947003663, 0.0]	[0.0, 0.0, 0.3014471593605729]	0.4696068334786415	[0.6788225099390857, -0.6788225099390855, 0.0]	0.41706855010657407
1	[-0.5233582104380237, 0.36780142117461495, -0.7686470569442408]	0.0	1.0	[0.0, 0.0, 0.0]	0.5553476032852006	0.8195852407250359	[-0.29064572782638803, 0.20425763773421304, 0.0]	[0.0, 0.0, 0.4268663008462073]	0.957471793819011	[-0.96, 0.0, 0.0]	0.41706855010657407
1	[-0.8610281677669389, 0.09672338193413532, -0.49927455542930654]	0.0	1.0	[0.0, 0.0, 0.0]	0.6578611245075646	0.5806498062604281	[-0.5664369586798464, 0.06363055280536492, 0.0]	[0.0, 0.0, 0.328453320472738]	0.5180983669994313	[-0.96, 0.0, 0.0]	0.41706855010657407
1	[-0.9131033657298079, 0.32277505933446543, -0.24911544425131257]	0.0	0.9999999999999999	[0.0, 0.0, 0.0]	0.7107678644516492	0.44888470602242164	[-0.577869871484479, 0.15828348182250254, 0.0]	[0.07113465779890982, -0.0711346577989098, 0.1770632523124293]	0.4104162981641551	[-0.96, 0.0, 0.0]	0.41706855010657407
1	[0.9321178315257292, -0.3469511665556093, 0.10383273172499087]	0.8137921204290898	0.1862078795709102	[0.7585501466070883, -0.28234612551663557, 0.08449825892042515]	0.8973378054333708	0.19777509375544652	[0.7378688625626462, -0.31133239838955834, 0.09317303561825525]	[-0.09855570678396415, 0.0, 0.0]	0.3632268760301194	[0.96, 0.0, 0.0]	0.41706855010657407
1	[-0.12823029057876226, 0.7068368935540821, 0.6956569546039927]	0.3793952854923245	0.6206047145076755	[-0.048649967702893204, 0.26817058502645874, 0.2639289688967028]	0.6760836395496503	0.5661891946829325	[0.1331873152562411, 0.25799914275077274, 0.47032228574669327]	[0.21988171681123989, -0.21988171681123986, 0.0]	0.7654662939413689	[0.0, 0.0, 0.96]	0.41706855010657407
1	[0.07615057952748802, 0.3647990422109022, -0.9279669972793408]	0.0	1.0	[0.0, 0.0, 0.0]	0.5084834646916022	0.9458720292128586	[0.038721310516410465, 0.18549428089957762, 0.0]	[0.0, 0.0, 0.4718558738960619]	1.0	[0.0, 0.0, 0.0]	0.41706855010657407
1	[0.5619623156357962, 0.7192070340136566, 0.40858242501425923]	0.6064666457989522	0.3935333542010479	[0.3408114006290534, 0.43617507755327517, 0.24779161283079965]	0.7721759176215344	0.2989460060663914	[0.4557320819064181, 0.45573208190641806, 0.31549750895941736]	[0.021798315161624865, -0.09962226954293922, 0.0]	0.42688032611946986	[0.6788225099390857, 0.6788225099390855, 0.0]	0.41706855010657407
1	[-0.10531262668904444, 0.1430812267902794, 0.984091973953676]	0.669067299241565	0.3309327007584349	[-0.07046123471487413, 0.09573096998074208, 0.6584237592184866]	0.873461428384709	0.19017996647171612	[-0.006089286546759824, 0.039078701939275394, 0.8595663812315056]	[0.08589723078799856, -0.08589723078799855, 0.0]	0.17928583326337305	[0.0, 0.0, 0.96]	0.41706855010657407
1	[0.6544874205137956, 0.7551186024487893, -0.03797515799816128]	0.0	0.9999999999999999	[0.0, 0.0, 0.0]	0.9160921093768001	0.10541914663719927	[0.6319299707381079, 0.6593989842279285, 0.0]	[0.03235920911904403, -0.032359209119044025, 0.034788742594452825]	0.08863071101244445	[0.6788225099390857, 0.6788225099390855, 0.0]	0.41706855010657407
1	[0.20277089217358854, -0.8400177881465345, 0.5032435602017488]	0.412290552326955	0.5877094476730451	[0.08360052313007821, -0.34633139783940176, 0.20748256539056223]	0.7054615704492616	0.49168999039391353	[0.34298638805532633, -0.39266095201002066, 0.3550189922984032]	[0.19993931602114867, 0.19993931602114864, 0.0]	0.7112405650538044	[0.6788225099390857, -0.6788225099390855, 0.0]	0.41706855010657407
1	[-0.803524882586472, -0.5945025423763795, -0.030240538560309515]	0.0	1.0	[0.0, 0.0, 0.0]	0.7080013759533387	0.5500949400054684	[-0.38582088226923383, -0.23783277779550135, 0.0]	[0.1830758402147334, 0.18307584021473336, 0.021410342910269133]	0.6154934812278468	[-0.96, 0.0, 0.0]	0.41706855010657407
1	[-0.5010744317203609, -0.853498243722666, -0.14305649876339802]	0.0	1.0	[1.1102230246251565e-16, 0.0, 0.0]	0.6273466566014781	0.6477945119040218	[-0.12484190818783786, -0.34593380835423204, 0.0]	[0.1895054612604161, 0.18950546126041604, 0.08974601620433124]	0.9795596414189935	[-0.96, 0.0, 0.0]	0.41706855010657407
1	[-0.7609264231653305, 0.10779343393573584, 0.6398215017715165]	0.5779705460455211	0.422029453954479	[-0.43979306029733134, 0.06230142987195906, 0.36979798275054876]	0.7982048946600687	0.3541270581775753	[-0.44929134557721967, 0.0, 0.5107086544227804]	[0.15808384986952576, -0.0860412465797211, 0.0]	0.6786908482678734	[-0.96, 0.0, 0.0]	0.41706855010657407
1	[-0.962433976043306, 0.09758660131552688, 0.2533726445399293]	0.6614296517990141	0.33857034820098586	[-0.6365823696538646, 0.06454667172837816, 0.1675881800534408]	0.8663367341553138	0.24480085455662182	[-0.7404939706049823, 0.0, 0.21950602939501754]	[0.0932979370404887, -0.08454285748101022, 0.0]	0.27152673164322577	[-0.96, 0.0, 0.0]	0.41706855010657407
1	[0.44412791507195065, 0.14775282305008647, 0.8836964967309602]	0.6911319530884582	0.30886804691154174	[0.30695099336478215, 0.10211669716893965, 0.6107508857230969]	0.8173601732570505	0.30421050071983885	[0.1876782359382706, 0.120767273047437, 0.7222983216746661]	[-0.17533423367323162, 0.0, 0.0]	0.47423910243310424	[0.0, 0.0, 0.96]	0.41706855010657407
1	[-0.2397304049013131, -0.9271160155267727, -0.28807156527434874]	0.0	0.9999999999999999	[0.0, 0.0, 0.0]	0.5969015962268851	0.6490413687662664	[0.008949531148831402, -0.40135203705689765, 0.0]	[0.1520449924985426, 0.15204499249854259, 0.17195037713983607]	0.9941701811050405	[0.6788225099390857, -0.6788225099390855, 0.0]	0.41706855010657407
1	[-0.9103263181417157, -0.3426501571735635, -0.23215698199166843]	0.0	0.9999999999999998	[-1.1102230246251565e-16, 0.0, 0.0]	0.7101112001593022	0.452261205602539	[-0.566221567343332, -0.16310836737641232, 0.0]	[0.08021134696888041, 0.0802113469688804, 0.16485727310746517]	0.4168614508057871	[-0.96, 0.0, 0.0]	0.41706855010657407
1	[-0.542816183435004, -0.3304546552852426, -0.7721077073837352]	0.0	1.0	[0.0, 0.0, 0.0]	0.5542380510794179	0.8224334290327843	[-0.3008493836013844, -0.18315054411541373, 0.0]	[0.0, 0.0, 0.42793147096375894]	0.93775952557401	[-0.96, 0.0, 0.0]	0.41706855010657407
1	[0.25793719630420137, 0.8048166856442277, 0.5345451386659203]	0.4325089397437612	0.5674910602562386	[0.11156014329400854, 0.34809041139607294, 0.23119555116957902]	0.7223854413979182	0.4531217490683168	[0.3747810868710486, 0.3929368452376184, 0.38614762594229224]	[0.18845101146589663, -0.18845101146589657, 0.0]	0.691923033882036	[0.6788225099390857, 0.6788225099390855, 0.0]	0.41706855010657407
1	[-0.18693257288013515, -0.8013266046304215, 0.5682709616968765]	0.35690689874691756	0.6430931012530824	[-0.06671752486143123, -0.2859989933420411, 0.20281982658716058]	0.6545573644606698	0.6240290127590699	[0.11213614466050759, -0.290019993502325, 0.37196594298783775]	[0.23449423689678095, 0.23449423689678092, 0.0]	0.9113285650861586	[0.0, 0.0, 0.96]	0.41706855010657407
1	[0.670897516479804, -0.3308724047014078, -0.6636414500227807]	0.0	1.0	[0.0, 0.0, 0.0]	0.5912635452775185	0.7306890481386173	[0.3966772441117312, -0.1956327910382522, 0.0]	[0.0, 0.0, 0.3923869965335824]	0.7493677704869484	[0.6788225099390857, -0.6788225099390855, 0.0]	0.41706855010657407
1	[-0.0944092052144279, 0.8361755244825448, 0.5402752948517275]	0.3618012103486942	0.6381987896513058	[-0.03415736471463826, 0.30252931682173895, 0.19547225559885267]	0.6593485028171779	0.6079463764143969	[0.16899333622185791, 0.3200891758277838, 0.3562297067695959]	[0.23124190433215064, -0.2312419043321506, 0.0]	0.9403570778617467	[0.0, 0.0, 0.96]	0.41706855010657407
1	[0.4732267562466389, 0.6436198970217282, 0.6015063302493369]	0.5707099326641146	0.42929006733588526	[0.27007521019237674, 0.36732026809055496, 0.34328563723363775]	0.7383368182295185	0.33805290941261423	[0.3647862979853751, 0.36478629798537504, 0.44411427002120935]	[0.015385560477155821, -0.11042196893085807, 0.0]	0.63664645072646	[0.6788225099390857, 0.6788225099390855, 0.0]	0.41706855010657407
1	[0.9333327359455623, 0.0076175893800653465, 0.35893171543401975]	0.7410725306844628	0.2589274693155374	[0.6916672525978311, 0.005645186239600114, 0.2659944346996045]	0.8512827784298302	0.2865884987995551	[0.6517615519478905, 0.006484722652399596, 0.3055523879812575]	[-0.14276853270736292, 0.0, 0.0]	0.36000159303053164	[0.96, 0.0, 0.0]	0.41706855010657407
1	[0.6108412428660861, 0.5627208847354543, 0.5569723349470446]	0.685273654704803	0.3147263452951971	[0.4185934109432669, 0.3856177972613849, 0.3816784675386289]	0.7668764239804597	0.3258894418050122	[0.3767967311992039, 0.3767967311992038, 0.42712895248023636]	[-0.09164301674971966, -0.05474064858584185, 0.0]	0.5729914676015148	[0.6788225099390857, 0.6788225099390855, 0.0]	0.41706855010657407
1	[-0.22631558260738288, -0.8439481474434798, 0.4863463595996165]	0.34907402587752606	0.6509259741224739	[-0.07900089153957696, -0.29460037745997547, 0.16977088171631713]	0.6467617569933313	0.64890530784871	[0.09341380688213924, -0.3060473159275525, 0.3145502260419585]	[0.23978607072425953, 0.2397860707242595, 0.0]	0.993888821533242	[0.0, 0.0, 0.96]	0.41706855010657407
1	[0.7167984462644281, 0.17175503083258364, 0.675795972773292]	0.6558552202794178	0.3441447797205823	[0.4701160028707008, 0.11264643358080234, 0.4432243165871708]	0.7921649335607316	0.37742830994667603	[0.36830092977979856, 0.13605831258821502, 0.5353418718725648]	[-0.19952166378169767, 0.0, 0.0]	0.7384761222763386	[0.96, 0.0, 0.0]	0.41706855010657407
1	[-0.30498993107257155, 0.5849120837535815, 0.7515710187489878]	0.38887436356482424	0.6111256364351757	[-0.11860276533952588, 0.2274573143110492, 0.29226670158977924]	0.6847959996040244	0.557632406258471	[0.005111685973632457, 0.1865778843828701, 0.5146728270576281]	[0.2139675706916366, -0.21396757069163658, 0.0]	0.6917974009794656	[0.0, 0.0, 0.96]	0.41706855010657407
1	[-0.6056136601508405, 0.49226818207101697, 0.6252232653694184]	0.39681269347180426	0.6031873065281957	[-0.24031518768777294, 0.19533826323806877, 0.24809652795247555]	0.6919355431286346	0.5690554952730082	[-0.20992452902615055, 0.13149676408981323, 0.43261419970004694]	[0.2091210878364415, -0.20912108783644148, 0.0]	0.8492180700448598	[0.0, 0.0, 0.96]	0.41706855010657407
1	[0.5109749349446353, 0.46263670952312524, -0.7244804282104115]	0.0	1.0	[0.0, 0.0, 0.0]	0.5699086697136054	0.7827901383431508	[0.2912090454312931, 0.2636606716850039, 0.0]	[0.0, 0.0, 0.4128876770749388]	0.7744552921847382	[0.6788225099390857, 0.6788225099390855, 0.0]	0.41706855010657407
1	[0.002819458647443705, -0.6973179621469923, -0.7167563814296327]	0.0	1.0	[0.0, 0.0, 0.0]	0.5721443420279428	0.7765498794927318	[0.002075106723257447, -0.398504557226316, 0.0]	[0.00046196941054079034, 0.0004619694105407903, 0.41008810824738645]	0.9854247396062706	[0.6788225099390857, -0.6788225099390855, 0.0]	0.41706855010657407
1	[-0.8555866756498043, -0.37234580260102185, -0.35962486529148335]	0.0	1.0	[0.0, 0.0, 0.0]	0.6634418471261287	0.5333693095832484	[-0.5078774920636859, -0.18727527464135857, 0.0]	[0.05975451240592427, 0.059754512405924255, 0.23859018490146694]	0.5280848253381041	[-0.96, 0.0, 0.0]	0.41706855010657407
1	[-0.2691052909429353, -0.8396755536097938, -0.4717280011368885]	0.0	0.9999999999999999	[0.0, 0.0, 0.0]	0.5697518827854174	0.6961279112990493	[-0.051308755900062064, -0.37639223731587496, 0.0]	[0.10201449028219285, 0.10201449028219284, 0.2687679168103438]	0.9999999999999999	[0.0, 0.0, 0.0]	0.41706855010657407
1	[0.26912825269004914, 0.03529700841057871, 0.9624573262234875]	0.7703380817633628	0.22966191823663715	[0.20731974192557803, 0.027190629750990486, 0.7414175304620965]	0.8702722826772837	0.20257165812634106	[0.10967625017171025, 0.030718008081153613, 0.8375999342719895]	[-0.12453860862980763, 0.0, 0.0]	0.27144416304445385	[0.0, 0.0, 0.96]	0.41706855010657407
1	[-0.37652641502640966, -0.9216461821438335, 0.09378791887581]	0.3561669693799663	0.6438330306200337	[-0.1341062721314597, -0.3282599275347856, 0.033404158830451385]	0.6538277355221725	0.6644395456882846	[-0.011193887856863205, -0.36760831077962264, 0.061321142617908074]	[0.2349895254441359, 0.23498952544413584, 0.0]	1.0	[0.0, 0.0, 0.0]	0.41706855010657407
1	[-0.3291920728580172, 0.7155988871664101, 0.6160769528667969]	0.35916347714814567	0.6408365228518543	[-0.1182337695372912, 0.2570169845580314, 0.22127234058247303]	0.656773907855376	0.6272737600398193	[0.016784833220225975, 0.23699708023504384, 0.40462326787395847]	[0.23298959734619754, -0.23298959734619748, 0.0]	0.8594953464072683	[0.0, 0.0, 0.96]	0.41706855010657407
1	[-0.26577590768446113, -0.9471085310317797, 0.17985715815981654]	0.35137094538092634	0.6486290546190737	[-0.0933859319425629, -0.33278641992697683, 0.06319657969614152]	0.6490642787944423	0.6629125165356374	[0.06571741925388669, -0.3765112485381659, 0.11673885664701926]	[0.2382230670960398, 0.23822306709603974, 0.0]	0.9982946243629599	[0.6788225099390857, -0.6788225099390855, 0.0]	0.41706855010657407
1	[0.7696664563693288, 0.5162155319953196, 0.3756794783677559]	0.7063137188814725	0.2936862811185275	[0.5436259770965453, 0.3646101121479919, 0.2653475694733814]	0.8278825998591598	0.31733891423699845	[0.47196076278821997, 0.4273658567159644, 0.3110185032648307]	[-0.16523270413520658, 0.0, 0.0]	0.4193193560351042	[0.6788225099390857, 0.6788225099390855, 0.0]	0.41706855010657407
1	[-0.25997242779030083, 0.9582914325026617, 0.11870917058430358]	0.3565854573710601	0.6434145426289398	[-0.09270238706746936, 0.34171278875373, 0.04232996388694309]	0.6542405699043967	0.6538026367918127	[0.06462477485564921, 0.3922438487624368, 0.07766435541595303]	[0.23470928417260528, -0.23470928417260525, 0.0]	0.9866765837730123	[0.6788225099390857, 0.6788225099390855, 0.0]	0.41706855010657407
1	[-0.06314638359111156, -0.20009060559607456, 0.9777403969313943]	0.6299426571196366	0.37005734288036346	[-0.03977860066688063, -0.12604560775386844, 0.6159203836161706]	0.853199389693561	0.22161458834459496	[0.04577510280751472, -0.07106562382917922, 0.8342075099406057]	[0.09965155874880662, 0.0996515587488066, 0.0]	0.2105669439672882	[0.0, 0.0, 0.96]	0.41706855010657407
1	[0.3827587229385273, -0.8321056707083291, 0.4013675532345752]	0.4734919418384897	0.5265080581615104	[0.1812331709797837, -0.39399532983850555, 0.19004430217200238]	0.7543253056846668	0.3908972087006268	[0.4554941033077295, -0.4609088517953528, 0.3027617022855777]	[0.16676951262365217, 0.16676951262365214, 0.0]	0.5217714117676737	[0.6788225099390857, -0.6788225099390855, 0.0]	0.41706855010657407
1	[-0.2721718199665877, -0.694133976820097, -0.6664086753937051]	0.0	1.0	[0.0, 0.0, 0.0]	0.5579485588777453	0.7663115226194198	[-0.11470109386351368, -0.3501342711808745, 0.0]	[0.037156780853977035, 0.03715678085397703, 0.3718217600595449]	1.0	[0.0, 0.0, 0.0]	0.41706855010657407
1	[0.47552094709255976, -0.1984297990429953, -0.8570329303637938]	0.0	1.0	[0.0, 0.0, 0.0]	0.5283338479769848	0.8908253146787286	[0.2512338117710723, -0.10483717928168554, 0.0]	[0.0, 0.0, 0.45279950594209445]	1.0	[0.0, 0.0, 0.0]	0.41706855010657407
1	[0.800988583967639, -0.29950906587560844, 0.5183740037963296]	0.6650855620377321	0.33491443796226805	[0.5327259425539241, -0.19919915541327515, 0.3447630656606313]	0.7988605236884044	0.3741139151757378	[0.44678426239769, -0.2392659692148134, 0.4141085281391908]	[-0.19309389725913162, 0.0, 0.0]	0.6194367754518078	[0.96, 0.0, 0.0]	0.41706855010657407
1	[0.8188195228428631, -0.15935434817193742, -0.5514896016518198]	0.0	1.0	[0.0, 0.0, 0.0]	0.6351350343071308	0.6299032017322171	[0.5200609657321501, -0.10121152939317385, 0.0]	[0.0, 0.0, 0.35027036706515446]	0.5911569302154063	[0.96, 0.0, 0.0]	0.41706855010657407
1	[-0.7925675299183911, -0.48918774518014896, 0.3640495302628776]	0.41067397282146817	0.5893260271785319	[-0.3254868562408834, -0.20089667476870776, 0.14950566689684525]	0.7040725884417363	0.566279249043211	[-0.3571428840307579, -0.14354149370920688, 0.25631729509318246]	[0.2008821882737572, 0.20088218827375717, 0.0]	0.6323530205167751	[-0.96, 0.0, 0.0]	0.41706855010657407
1	[0.8661068170909243, -0.3186680382648219, -0.3851099359625488]	0.0	1.0	[0.0, 0.0, 0.0]	0.7136963116052164	0.4670359205400841	[0.6181372408139265, -0.22743220353607332, 0.0]	[0.0, 0.0, 0.27485154085899216]	0.508600935100817	[0.96, 0.0, 0.0]	0.41706855010657407
