1	[-0.00018597087446875835, 0.19403551534995808, 0.9809944873431806]	0.6691392008497893	0.3308607991502107	[-0.00012444040232296696, 0.12983676967774743, 0.6564218672988646]	0.8700147412732739	0.18852959248911103	[0.08239231844363033, 0.08239231794882004, 0.8534796652578359]	[0.08255411584586675, -0.08642144073620008, 1.6145139577905476e-10]	0.19434684086506096	[0.0, 0.0, 0.97]	0.43023817820391325
1	[-0.18020416114016563, -0.8291302512017154, -0.5292159170413807]	-1.8160152171277936e-11	1.0000000000181601	[3.272535020748535e-12, 1.505712221572253e-11, 9.610636980200912e-12]	0.5708669716599128	0.7039878454306391	[-0.022158380703519494, -0.39260885332458273, 1.376464012147919e-10]	[0.08071422304708178, 0.08071422229056333, 0.30211188805328304]	1.0	[0.0, 0.0, 0.0]	0.43023817820391325
1	[0.036418214177894016, 0.2437036936115434, -0.9691657357728781]	-5.369161637365819e-10	1.000000000536916	[-1.9553622609969068e-11, -1.3084823502484966e-10, 5.203608025647556e-10]	0.5002151084900158	0.9769588577954218	[0.018216941014962254, 0.12190426967378928, 2.1277608448813689e-10]	[5.895447543514582e-11, 1.3447331432147146e-10, 0.48479134387721234]	1.0	[0.0, 0.0, 0.0]	0.43023817820391325
1	[0.3250110656836271, 0.7775034810032938, -0.5383828973982677]	-2.8887939587815694e-10	1.0000000002888794	[-9.388911870189531e-11, -2.246038771636094e-10, 1.5552893444136884e-10]	0.6376661273028347	0.6205202784406094	[0.21301522912073956, 0.49002095229905884, 2.5498180954580998e-11]	[0.005766681535693661, -0.0057666813967843155, 0.343308537215531]	0.6545874319759581	[0.6858935777509512, 0.6858935777509511, 0.0]	0.43023817820391325
1	[0.802722930079079, 0.45038130143973615, 0.3908869156657814]	0.70281508390831	0.2971849160916901	[0.5641657834586523, 0.316534772162102, 0.2747212204323065]	0.8254743462492712	0.32642281361542336	[0.49333730183811175, 0.3717782103700266, 0.3226671211715267]	[-0.16928988408821563, 1.1643451530358932e-12, 4.921744439211047e-12]	0.471070812826912	[0.6858935777509512, 0.6858935777509511, 0.0]	0.43023817820391325
1	[-0.4341685227764889, 0.8023775275087609, 0.40949724929358083]	0.3488234330003353	0.6511765669996646	[-0.15144815461557923, 0.27988808370792695, 0.14284223630278092]	0.6465097146624458	0.6741550001476054	[-0.038237451349815724, 0.276288149938715, 0.26474394981164784]	[0.24245671642582772, -0.24245671642253286, 1.5798432129264128e-11]	1.0	[0.0, 0.0, 0.0]	0.43023817820391325
1	[0.42766433980085833, -0.8956209149656915, 0.12233719442064098]	0.52237796760291	0.4776220323970901	[0.22340242864141285, -0.46785263330243654, 0.06390625498369612]	0.7887686180860807	0.3394743180974285	[0.4822104585731886, -0.5615554231874365, 0.09649573978779345]	[0.14488224826376953, 0.1448822482390433, 4.0963167768783444e-12]	0.354449269213783	[0.6858935777509512, -0.6858935777509511, 0.0]	0.43023817820391325
1	[0.882123631622142, 0.19330541446475094, -0.42952405668643806]	-9.83104404975647e-13	1.0000000000009832	[-8.67250715685941e-13, -1.9001467066459554e-13, 4.223560385200052e-13]	0.6930927658836692	0.5111803869595428	[0.6113935079263771, 0.1339785843682526, 1.0955208893698725e-10]	[2.340394541251419e-10, -3.4108373452506372e-12, 0.29770001657192924]	0.4791452333614982	[0.97, 0.0, 0.0]	0.43023817820391325
1	[-0.9134467427625563, 0.1800589597762001, -0.36495728399470145]	-3.3312236427571446e-11	1.0000000000333122	[3.0428895514411636e-11, -5.998201935142333e-12, 1.2157578728697519e-11]	0.7245182723489474	0.4474105308762633	[-0.6598296252633407, 0.12847677582160388, 1.1033946122597966e-11]	[0.001979230685759717, -0.0019792306363967107, 0.26441822089203937]	0.41086898038260433	[-0.97, 0.0, 0.0]	0.43023817820391325
1	[-0.7960152374791033, 0.3070976989375191, -0.5215848397033485]	-1.1485208214033843e-11	1.0000000000114853	[9.142436807607623e-12, -3.52706752693166e-12, 5.990526624233446e-12]	0.6445148097338116	0.6073830669146819	[-0.5069260886284416, 0.19181149437954023, 2.0833692747104685e-11]	[0.00611752070061735, -0.006117520620865926, 0.33616915374227807]	0.6297860265920002	[-0.97, 0.0, 0.0]	0.43023817820391325
1	[-0.8656474513486602, -0.36407437372978313, -0.343663120463682]	-7.698735699703245e-11	1.0000000000769873	[6.664387097732316e-11, 2.802914844668436e-11, 2.645773577048341e-11]	0.6736663940198716	0.5172104927053868	[-0.5230328011217283, -0.185139875294035, 1.704257658748692e-10]	[0.060124795920815495, 0.06012479521155101, 0.2315142952908112]	0.511413672464473	[-0.97, 0.0, 0.0]	0.43023817820391325
1	[-0.9120406305482128, -0.4085118380345816, -0.0360550470090689]	-5.085979598930305e-10	1.0000000005085972	[4.6386174762380605e-10, 2.077681915402252e-10, 1.8324309754970554e-11]	0.7653582408485128	0.42887310698985354	[-0.556611168909828, -0.1712312588490446, 3.4847011087364894e-10]	[0.14142664366892052, 0.14142664287489518, 0.027595027701040758]	0.41417529711037465	[-0.97, 0.0, 0.0]	0.43023817820391325
1	[0.5154939223227782, -0.3537189167428841, -0.7804799446408076]	-3.886658018656006e-10	1.0000000003886658	[-2.0035489933789563e-10, 1.374781538610037e-10, 3.0334599520600244e-10]	0.5541337405065306	0.8287634478970771	[0.2856525754587471, -0.19600758649922503, 1.0777781831509303e-10]	[7.364304524350897e-11, -7.657245478599712e-11, 0.4324902712219186]	0.8651733883866184	[0.6858935777509512, -0.6858935777509511, 0.0]	0.43023817820391325
1	[-0.14958043120067518, 0.9280395187368349, 0.34112804965954363]	0.35515601340283687	0.6448439865971632	[-0.05312438962830919, 0.3295988157548618, 0.12115367817696795]	0.652828584066014	0.6419541384682299	[0.14047226319395603, 0.367728080981049, 0.2226981417352946]	[0.23812264429867672, -0.23812264399322397, 9.085395064037244e-11]	0.9343552978573866	[0.6858935777509512, 0.6858935777509511, 0.0]	0.43023817820391325
1	[0.6546620075265115, -0.33805347936521724, 0.6761194428430739]	0.6595015393449157	0.34049846065508427	[0.4317506017143671, -0.22294679002226547, 0.44590181333603407]	0.7948188344275118	0.36766634526908576	[0.321311963267465, -0.2686912724449183, 0.5373924675024289]	[-0.19902573049873176, -1.691437860399809e-12, 8.118092411234288e-12]	0.7609899119003548	[0.6858935777509512, -0.6858935777509511, 0.0]	0.43023817820391325
1	[0.056057202245361565, 0.4011216630813606, 0.9143079358089735]	0.531028459771262	0.46897154022873805	[0.029767969767440488, 0.21300701892698182, 0.48552353490928113]	0.7881857384445172	0.3201628628357187	[0.1763209822170019, 0.1763209821808374, 0.7206444755673542]	[0.13213749487010854, -0.13983739204103765, 1.6076638880666876e-11]	0.40883077737688894	[0.0, 0.0, 0.97]	0.43023817820391325
1	[-0.9705434889992891, -0.09632939327280118, 0.2208302152169867]	0.6812116201440039	0.3187883798559962	[-0.66114550256142, -0.06562070205885284, 0.15043210868471232]	0.8794564220028237	0.2224158866724177	[-0.7708706383979618, -0.0020374378683571063, 0.1942105510000191]	[0.08268006583549037, 0.08268006567304274, 5.5174267287703256e-11]	0.24092660986569958	[-0.97, 0.0, 0.0]	0.43023817820391325
1	[-0.23769481941201118, -0.11551148820200527, 0.9644471312197728]	0.6549578416413803	0.34504215835861984	[-0.1556800858914288, -0.07565515499756963, 0.6316722114409232]	0.8663253232053829	0.20818189910414409	[-0.11423443918758315, -0.008383925523031147, 0.8355249727523077]	[0.0916866020637728, 0.09168660182750545, 8.383341209222288e-11]	0.26433419270620484	[0.0, 0.0, 0.97]	0.43023817820391325
1	[0.9594294997721994, -0.10872397539467572, 0.2601425227471381]	0.7670367344508054	0.23296326554919453	[0.7359176704410377, -0.08339528304324147, 0.19953887113975893]	0.8681616159413662	0.2570744758332608	[0.7050566349599579, -0.09438998206805571, 0.22584575311104385]	[-0.12788322994409151, 1.0215510115134088e-10, 1.878248511997023e-10]	0.28214671793578117	[0.97, 0.0, 0.0]	0.43023817820391325
1	[-0.5443705237841608, -0.47920061531305314, -0.6884965527281526]	-6.135543519280188e-12	1.0000000000061355	[3.3400365806457444e-12, 2.9401620027513786e-12, 4.224308587002162e-12]	0.5804828736462976	0.7556879419853063	[-0.31085628289043826, -0.2730262671647278, 6.448506395576992e-12]	[0.0051414830841314905, 0.00514148306526707, 0.3996604574296562]	0.9406493416033034	[-0.97, 0.0, 0.0]	0.43023817820391325
1	[0.8849441313699953, 0.3652531521974345, 0.28890140041827816]	0.7319990447654328	0.26800095523456713	[0.6477782588336123, 0.26736495850608544, 0.21147554913757535]	0.8452649514740626	0.2959322101281507	[0.5979192620232938, 0.30873568792001577, 0.24419822827701299]	[-0.1500929962364216, -4.789700846597992e-11, 7.166851219664482e-11]	0.4734008715055446	[0.97, 0.0, 0.0]	0.43023817820391325
1	[-0.0946035957855353, 0.7127331833516167, -0.6950263081451793]	-4.544544700530931e-12	1.0000000000045446	[4.2983672177143717e-13, -3.2390756743438942e-12, 3.158560676524219e-12]	0.5675705587062865	0.7698596499407262	[-0.03603062610748183, 0.38686278149296427, 6.124869388139617e-12]	[0.017663589608138165, -0.01766358959042299, 0.3944764700356519]	0.9999999999999999	[0.0, 0.0, 0.0]	0.43023817820391325
1	[-0.8665279513224694, 0.3243358013141649, 0.3793884520683025]	0.47808396713033047	0.5219160328696695	[-0.41427312059756416, 0.15505974657467053, 0.18137953624824926]	0.7577212836343318	0.458061318354129	[-0.49040925645304895, 0.07957872477171117, 0.28747070500910865]	[0.16617741512804043, -0.16617741492862728, 1.1187237449797205e-10]	0.5097408895060406	[-0.97, 0.0, 0.0]	0.43023817820391325
1	[-0.5743041548288251, 0.15661431879424942, -0.8035214327539509]	-6.954005474484591e-10	1.0000000006954004	[3.9937091134145675e-10, -1.0890933987983686e-10, 5.587696898258738e-10]	0.5469344663395455	0.8475754963346429	[-0.31410673617849455, 0.08565776895306593, 2.8268969502981264e-10]	[2.593926846620115e-10, 8.220125784581348e-11, 0.4394735662983587]	0.9092579060047151	[-0.97, 0.0, 0.0]	0.43023817820391325
1	[-0.5578337547883747, -0.6983624372220631, 0.4484544662459758]	0.360288845775998	0.6397111542240018	[-0.20098127964759477, -0.25161219644004995, 0.16157314202685386]	0.657874484270123	0.6548941742157101	[-0.13232289981515236, -0.22477313431243318, 0.2950267507210261]	[0.23466169392471595, 0.23466169390865774, 2.0821530966855122e-11]	0.9266620288490043	[-0.97, 0.0, 0.0]	0.43023817820391325
1	[0.4700823827733239, -0.48173766045396643, -0.7395616133267688]	-3.6942127126266274e-10	1.0000000003694212	[-1.7365858751006158e-10, 1.7796375484380178e-10, 2.7320995166745587e-10]	0.5673969229524607	0.7948190708724474	[0.26672329758467267, -0.273336466318605, 1.8270120748676966e-10]	[6.492782930915075e-11, -1.0670676419742248e-10, 0.41962498391806746]	0.7969977982099686	[0.6858935777509512, -0.6858935777509511, 0.0]	0.43023817820391325
1	[0.6508980740440835, 0.5825619344962585, -0.48677848112019056]	-3.455805437483995e-11	1.000000000034558	[-2.2493673590417984e-11, -2.0131812883406042e-11, 1.6822703304016256e-11]	0.6658527782592368	0.5675832857876356	[0.43340229117783957, 0.38790048271269856, 2.5548128050252183e-10]	[2.1199998110939903e-10, 1.202887502625493e-10, 0.32412280430617135]	0.4988540903501666	[0.6858935777509512, 0.6858935777509511, 0.0]	0.43023817820391325
1	[-0.4822535042821636, 0.2076785807285885, 0.8510588491485958]	0.5286988642980698	0.4713011357019303	[-0.25496688001774415, 0.10979942977023986, 0.4499538469956848]	0.7929613432633983	0.351803700154846	[-0.24040190156634594, 0.02267460135746775, 0.6748567682208126]	[0.1420064849827196, -0.14200648498410987, 3.740290819951222e-12]	0.5383733208951983	[0.0, 0.0, 0.97]	0.43023817820391325
1	[-0.27321334538383074, 0.9284012335025322, -0.25184443121727373]	-6.976379236625033e-11	1.0000000000697638	[1.9060378275703727e-11, -6.476887082218497e-11, 1.7569452918590336e-11]	0.6060698351394102	0.6442363942311463	[-0.0033216620674089894, 0.4004112777379348, 1.017207379551372e-11]	[0.16226470512725594, -0.16226470479417, 0.15263531291880367]	0.9999999999999999	[0.0, 0.0, 0.0]	0.43023817820391325
1	[-0.7667129585341538, -0.21717061744090388, 0.6041425015144536]	0.5118323743850774	0.4881676256149225	[-0.3924285140383435, -0.11115495277145138, 0.30921969101708285]	0.7816461979971732	0.3960927647471949	[-0.44953079853501243, -0.019983116988538996, 0.4722256893610955]	[0.1497674704583732, 0.14976747045084213, 3.821469637925866e-12]	0.6734069055509764	[-0.97, 0.0, 0.0]	0.43023817820391325
1	[-0.16509556563678984, -0.6493980067248306, 0.7423110419957967]	0.3918887776057691	0.6081112223942309	[-0.06469909940553462, -0.25449179103501696, 0.2909033668509975]	0.68752365067581	0.5464506321340186	[0.1008184148022544, -0.23215096799139628, 0.5103563976471394]	[0.21432552079924763, 0.21432552033365349, 1.1722443642035e-10]	0.7076839538439137	[0.0, 0.0, 0.97]	0.43023817820391325
1	[-0.3998260039937436, -0.6053196966017631, 0.6882784548686267]	0.3804704173136367	0.6195295826863633	[-0.1521219665923434, -0.2303062375742368, 0.2618695909518514]	0.6770822587124298	0.5883616149266345	[-0.04922788921293961, -0.18836402297259355, 0.4660211308955592]	[0.22148720466310928, 0.22148720444565087, 5.0008279433929087e-11]	0.7782286280745935	[0.0, 0.0, 0.97]	0.43023817820391325
1	[-0.8400077372572654, 0.5216390497379884, 0.14926387083409495]	0.4313757502734083	0.5686242497265918	[-0.36235896789482086, 0.22502243645263242, 0.06438881426977057]	0.7214583096258883	0.5436053174893403	[-0.414980605819025, 0.18529087086322263, 0.107687659947391]	[0.19104995637526903, -0.19104995619560103, 7.207997281395775e-12]	0.5579291977669792	[-0.97, 0.0, 0.0]	0.43023817820391325
1	[-0.7172335228967242, 0.3236780153508262, 0.6170969259457582]	0.45846446560133325	0.5415355343986668	[-0.32882608378620837, 0.14839486833471682, 0.28291701237794736]	0.742962057305625	0.47177555491386164	[-0.3565766208179218, 0.06417981170435616, 0.4584796018558013]	[0.17630067292198937, -0.17630067248529513, 1.9816361327530505e-10]	0.7412603898633429	[-0.97, 0.0, 0.0]	0.43023817820391325
1	[-0.4441015089686827, -0.5054954125191813, -0.7397622845575473]	-5.8102016993851905e-12	1.00000000000581	[2.5803248426825576e-12, 2.9370117449190047e-12, 4.2981757427860005e-12]	0.5673303290311432	0.7949872615301188	[-0.25195225504561314, -0.2867828786535921, 5.965229626313566e-11]	[1.6081771550177003e-10, 5.46504213700789e-11, 0.4196895803625151]	0.9999999999999999	[0.0, 0.0, 0.0]	0.43023817820391325
1	[0.42956351779516044, -0.4598919234815048, 0.7771580295512159]	0.6653534141685579	0.33464658583144213	[0.2858115531672665, -0.305990661436964, 0.5170847483104105]	0.7550700167375765	0.3115849603844901	[0.2709571476615701, -0.27095714706448565, 0.5868087265551142]	[-0.053393384909873734, 0.07629345529617007, 1.7413546701363099e-10]	0.658189503616277	[0.0, 0.0, 0.97]	0.43023817820391325
1	[0.42091944114580687, -0.7688266056295766, -0.4813859932960296]	-9.179980373947404e-11	1.0000000000917997	[-3.864031317135641e-11, 7.057737727578228e-11, 4.4192304211429326e-11]	0.6683266910385515	0.5623588015297601	[0.28131169791456034, -0.5138273409591535, 1.7013889761102586e-10]	[6.197888071114701e-10, 3.636675696867299e-10, 0.32172310818197875]	0.5557172435010125	[0.6858935777509512, -0.6858935777509511, 0.0]	0.43023817820391325
1	[-0.5627379067032513, -0.09880880506420255, -0.8207087597930384]	-6.967730474547622e-10	1.000000000696773	[3.9210015789770125e-10, 6.884706693632836e-11, 5.718480694450855e-10]	0.54168495784577	0.8614707553844856	[-0.3048266592728289, -0.05352324350151683, 2.098947073299179e-10]	[-2.061199072880833e-12, -9.552309191356684e-11, 0.4445655901620407]	0.9215142218086991	[-0.97, 0.0, 0.0]	0.43023817820391325
1	[0.898295633071446, 0.35603163766722934, -0.2575003467662926]	1.6049642160034465e-09	0.9999999983950378	[1.441731456441886e-09, 5.714170525639162e-10, -4.132758350882644e-10]	0.7902238093180953	0.3277111452799167	[0.7098545970598175, 0.2813446769553233, 4.652559404934628e-12]	[2.89277290704092e-13, 1.6543083655408717e-13, 0.2034829049270428]	0.4452038542526276	[0.97, 0.0, 0.0]	0.43023817820391325
1	[0.046814467694287085, -0.31486946972487456, -0.9479797585653803]	-5.422461830868045e-10	1.000000000542246	[-2.5385166191327357e-11, 1.707365498981872e-10, 5.140384699739176e-10]	0.5057404772514824	0.9609478909188528	[0.02367597136825033, -0.15924223604738252, 2.8343216659013417e-10]	[1.3426760661829892e-10, -1.568029462055067e-10, 0.4794317358050327]	0.9999999999999999	[0.0, 0.0, 0.0]	0.43023817820391325
1	[-0.3470600964699847, -0.9352897083220022, 0.06915526693744163]	0.3627246958393215	0.6372753041606787	[-0.1258872679300407, -0.33925267497274586, 0.025084323165569612]	0.6602457503490894	0.6535313171784356	[0.0038903034065498536, -0.38448579861827936, 0.04565947125875391]	[0.23303525721660223, 0.23303525664656197, 1.4905178501678565e-10]	0.9999999999999999	[0.0, 0.0, 0.0]	0.43023817820391325
1	[-0.5823232659116057, -0.7904095113060299, 0.1901378931591604]	0.3618486858617925	0.6381513141382075	[-0.21071290851686167, -0.2860086429587485, 0.06880114677217193]	0.659394681368248	0.6660551757621948	[-0.15036186392331852, -0.2875728274792598, 0.12537591550237234]	[0.23361900045578218, 0.23361900037881228, 2.6657774590349238e-11]	0.9006624584890195	[-0.97, 0.0, 0.0]	0.43023817820391325
1	[0.5903105937608876, -0.7751860602889039, 0.22498883267272618]	0.6440291786525495	0.35597082134745056	[0.3801772468497232, -0.4992424417107684, 0.14489937311221168]	0.8331652390215252	0.22801136106353168	[0.5533443789534098, -0.5533443789339636, 0.18745287457299536]	[0.061518112005681275, 0.0925137002727955, 2.204958291966744e-11]	0.2602483988301779	[0.6858935777509512, -0.6858935777509511, 0.0]	0.43023817820391325
1	[-0.5005802197939991, -0.3153195029069573, -0.8062214674873777]	-6.55849098970991e-10	1.000000000655849	[3.2830456409005393e-10, 2.068014232081694e-10, 5.287601620037357e-10]	0.5461030691197436	0.8497660476794572	[-0.2733683929078537, -0.17219694789834858, 6.959208632806057e-10]	[1.462285632420459e-09, 3.9245355628119176e-10, 0.44028001848100107]	0.9847712290677676	[-0.97, 0.0, 0.0]	0.43023817820391325
1	[-0.2943098771635715, -0.7679763716068763, 0.5688532225956892]	0.35698223200512114	0.6430177679948789	[-0.10506339685100485, -0.27415391926341703, 0.2030704930855151]	0.6546315704884003	0.6366528254011429	[0.0442214506621014, -0.2658555904830545, 0.37238927848520353]	[0.23688598775993833, 0.2368859877599383, 0.0]	0.9150545055702218	[0.0, 0.0, 0.97]	0.43023817820391325
1	[0.9860011347815463, -0.14997046261515515, -0.07287401836388196]	0.0	1.0	[0.0, 0.0, 0.0]	0.9277879879528808	0.10416351531164829	[0.9123659961443897, -0.13914079376207752, 0.0]	[-0.002434012813838376, 0.0, 0.06761163887186733]	0.16750462239532454	[0.97, 0.0, 0.0]	0.43023817820391325
1	[-0.04834958995474442, -0.2654909294318255, -0.9629002458929136]	0.0	0.9999999999999999	[0.0, 0.0, 0.0]	0.5018365547115461	0.9722392527795511	[-0.024263591644604954, -0.13323305333323351, 0.0]	[0.0, 0.0, 0.4832185419298003]	0.9999999999999999	[0.0, 0.0, 0.0]	0.43023817820391325
1	[0.023793693056283344, 0.04289796032026491, 0.9987960878833599]	0.8993412471972084	0.1006587528027916	[0.02139864958866542, 0.0385799051366434, 0.8982585193727135]	0.9438879450308071	0.060990729191898595	[0.0192675376816796, 0.019267537681679596, 0.942751586897034]	[-0.0031910423619094692, -0.02122332993102836, 0.0]	0.05688224245124167	[0.0, 0.0, 0.97]	0.43023817820391325
1	[-0.6503901416184334, 0.6509630825253956, 0.3914584637922513]	0.3711622245195633	0.6288377754804367	[-0.2414002517686916, 0.2416129057902379, 0.14529459422814292]	0.6683458549606082	0.6401938472697818	[-0.20720610714092172, 0.20758902982122723, 0.26162964166479846]	[0.22747944811700127, -0.22747944811700122, 0.0]	0.824101404719249	[-0.97, 0.0, 0.0]	0.43023817820391325
1	[-0.06889079567394185, 0.3975793607448141, 0.9149779834406706]	0.4990455717569658	0.5009544282430342	[-0.03437964651589462, 0.19841021940166473, 0.456615710891185]	0.7727894410749216	0.36501061738049895	[0.10260418367984317, 0.15140286880899423, 0.7070853244189748]	[0.15584226316391533, -0.1558422631639153, 0.0]	0.40723790605136323	[0.0, 0.0, 0.97]	0.43023817820391325
1	[0.221476007748747, -0.4106734513418808, 0.8844748127304841]	0.5862967740838437	0.4137032259161563	[0.12985066888005875, -0.24077651972362313, 0.5185647294622946]	0.7669297590486065	0.29072331186494565	[0.20624179596935632, -0.2062417959693563, 0.6783300550119515]	[0.03638525471156244, 0.10871589511593206, 0.0]	0.4743615322756062	[0.0, 0.0, 0.97]	0.43023817820391325
1	[0.0436332048721218, -0.06677529962391429, -0.9968135245835722]	0.0	1.0	[0.0, 0.0, 0.0]	0.4931835112357057	0.9976329834535985	[0.021519177185299887, -0.032932476732338345, 0.0]	[0.0, 0.0, 0.4916119941013656]	1.0	[0.0, 0.0, 0.0]	0.43023817820391325
1	[0.5083228987278984, -0.8547325921274783, -0.10507153079644761]	0.0	1.0	[0.0, 0.0, 0.0]	0.7978986464410399	0.27410272097502203	[0.48492886359033915, -0.6026512675871931, 0.0]	[0.07933871074036326, 0.07933871074036325, 0.08383643220197359]	0.2666045487388654	[0.6858935777509512, -0.6858935777509511, 0.0]	0.43023817820391325
1	[0.4627939954675316, 0.4749993593769372, -0.7484633099562714]	0.0	1.0	[0.0, 0.0, 0.0]	0.5644577887581916	0.8022634118235357	[0.2612276753321714, 0.2681170880554635, 0.0]	[0.0, 0.0, 0.422475944904554]	0.8089790611068498	[0.6858935777509512, 0.6858935777509511, 0.0]	0.43023817820391325
1	[0.6325661785202784, 0.28148587773129363, 0.7215439906409687]	0.6595474357926661	0.3404525642073339	[0.4172074010122155, 0.18565328886952268, 0.4758924888388584]	0.7948521645934633	0.3651446133093747	[0.3038031959011177, 0.22373965921720962, 0.5735208028103796]	[-0.19899340034434063, 0.0, 0.0]	0.7355981635081211	[0.0, 0.0, 0.97]	0.43023817820391325
1	[-0.9242757874514296, -0.2829221709872863, 0.2562602464193005]	0.5205061790557554	0.47949382094424475	[-0.48109125852009305, -0.14726273819075147, 0.1333850417075964]	0.7875161560131436	0.402987172680314	[-0.5821408112633514, -0.0770644765803812, 0.20180908419910848]	[0.14574130396641982, 0.14574130396641982, 0.0]	0.3844541225480964	[-0.97, 0.0, 0.0]	0.43023817820391325
1	[-0.14906694810830792, -0.8342125868124517, -0.5309128035613311]	0.0	0.9999999999999999	[0.0, 0.0, 0.0]	0.5723241629220405	0.7011036917943174	[-0.00683188989833583, -0.3989572940493717, 0.0]	[0.07848272639709472, 0.07848272639709471, 0.3038542258828325]	0.9999999999999999	[0.0, 0.0, 0.0]	0.43023817820391325
1	[-0.6557911630374385, -0.3963743825863497, 0.6425148241957486]	0.4301097396606059	0.569890260339394	[-0.28206216640575865, -0.17048448250234827, 0.27635188376291336]	0.7204195663813519	0.514325209943339	[-0.28068236142829694, -0.09379343694367727, 0.4628802510406917]	[0.19176242388385684, 0.1917624238838568, 0.0]	0.817719477392687	[-0.97, 0.0, 0.0]	0.43023817820391325
1	[-0.9284253285745718, -0.13808181841230865, -0.3449055242891136]	0.0	0.9999999999999999	[0.0, 0.0, 0.0]	0.7376955850302764	0.4237671083886876	[-0.6848952659197454, -0.10186234781571245, 0.0]	[0.0, 0.0, 0.25443528252063186]	0.37383801647950465	[-0.97, 0.0, 0.0]	0.43023817820391325
1	[-0.28552847098575684, 0.9469432564362485, -0.1475532491897388]	0.0	1.0	[0.0, 0.0, 0.0]	0.6284626869505984	0.6338607489773752	[0.009819844838614034, 0.4058546684144555, 0.0]	[0.18926383491521886, -0.18926383491521884, 0.09273171145407445]	1.0	[0.0, 0.0, 0.0]	0.43023817820391325
1	[-0.049678028172980324, -0.3072325353012995, 0.9503369206598155]	0.5569143812379682	0.44308561876203173	[-0.027666408321077696, -0.17110221729349545, 0.5292562981368573]	0.8110114390270159	0.29463464104200404	[0.08933659112317056, -0.11954306033086139, 0.7707341135848199]	[0.12962604023976396, 0.12962604023976393, 0.0]	0.31184350870261524	[0.0, 0.0, 0.97]	0.43023817820391325
1	[0.26614320307009814, 0.525598084651251, -0.8080312177574113]	0.0	1.0	[0.0, 0.0, 0.0]	0.5455472267935981	0.851232693582256	[0.14519368636485747, 0.2867385774895168, 0.0]	[0.0, 0.0, 0.4408191900102097]	0.9245536604347622	[0.6858935777509512, 0.6858935777509511, 0.0]	0.43023817820391325
1	[-0.9193028320914569, 0.3682507660334217, -0.13882966622600743]	0.0	1.0	[0.0, 0.0, 0.0]	0.7383662655916338	0.42586440202579284	[-0.5718127962984331, 0.16493454013660724, 0.0]	[0.10696940278074876, -0.10696940278074875, 0.10250714220463007]	0.39680285500809287	[-0.97, 0.0, 0.0]	0.43023817820391325
1	[0.05651616896963574, -0.07584795636522534, -0.995516453987685]	0.0	1.0	[0.0, 0.0, 0.0]	0.49350896963087837	0.9966685556245356	[0.02789123631568957, -0.03743164679441019, 0.0]	[0.0, 0.0, 0.49129629945804815]	1.0	[0.0, 0.0, 0.0]	0.43023817820391325
1	[0.5973588228671314, -0.7944560794217789, -0.10955352396235898]	0.0	0.9999999999999999	[0.0, 0.0, 0.0]	0.8433590537940214	0.20588815438419297	[0.5458953047044963, -0.6279043943462977, 0.0]	[0.04210733307576173, 0.04210733307576172, 0.09239295630869572]	0.17783755003917961	[0.6858935777509512, -0.6858935777509511, 0.0]	0.43023817820391325
1	[-0.006529993679506635, -0.13584444630828008, 0.9907086582793866]	0.7319671092933161	0.2680328907066839	[-0.004779740597292095, -0.09943366667782286, 0.7251661527526223]	0.899157893302469	0.14235926864459553	[0.05600037508627539, -0.056000375086275374, 0.8908035100550089]	[0.061871870446418994, 0.06614523107311812, 0.0]	0.13756890251066914	[0.0, 0.0, 0.97]	0.43023817820391325
1	[0.6197702497589663, 0.19415633083075332, -0.7603868467510783]	0.0	1.0	[0.0, 0.0, 0.0]	0.5605682924724276	0.8121823186966823	[0.34742355063259384, 0.10883788284650717, 0.0]	[0.0, 0.0, 0.4262487563017454]	0.8593868252816107	[0.97, 0.0, 0.0]	0.43023817820391325
1	[-0.2408160895132035, -0.029964541649743767, -0.9701081059733959]	0.0	1.0	[0.0, 0.0, 0.0]	0.49997213918825884	0.9776676039087633	[-0.12040133542486758, -0.014981435988418057, 0.0]	[0.0, 0.0, 0.48502702498738887]	1.0	[0.0, 0.0, 0.0]	0.43023817820391325
1	[-0.5624812591332691, 0.74274176037644, -0.3632485519816412]	0.0	0.9999999999999999	[5.551115123125783e-17, 0.0, 0.0]	0.5941101849065232	0.663246438478245	[-0.2083791045550969, 0.3154737042800198, 0.0]	[0.1257967403150236, -0.1257967403150236, 0.21580966438483967]	0.9217843333890297	[-0.97, 0.0, 0.0]	0.43023817820391325
1	[-0.14151953167809056, -0.9882797815310014, 0.0572301980657959]	0.3752899528282256	0.6247100471717744	[-0.05311085836774321, -0.3708914725918586, 0.02147791833246255]	0.6722454439948868	0.6123613179270481	[0.12966888463563503, -0.4395618354839564, 0.03847273990865628]	[0.2248047450425215, 0.22480474504252146, 0.0]	0.8827939541377681	[0.6858935777509512, -0.6858935777509511, 0.0]	0.43023817820391325
1	[-0.3193872625986172, -0.1853516585086434, -0.9293204717307465]	0.0	1.0	[0.0, 0.0, 0.0]	0.5107089690430664	0.9467220979462279	[-0.16311393960722692, -0.09466075442737179, 0.0]	[0.0, 0.0, 0.47461230002822563]	1.0	[0.0, 0.0, 0.0]	0.43023817820391325
1	[0.2810337746450933, -0.8702618085745263, 0.4045545723945357]	0.4360493881009667	0.5639506118990334	[0.12254460546969792, -0.37947712911656284, 0.17640577374608551]	0.725266175802504	0.45552785585789196	[0.392262456616211, -0.4427332882437959, 0.2934097476240021]	[0.1884381656080215, 0.18843816560802149, 0.0]	0.6013048367951606	[0.6858935777509512, -0.6858935777509511, 0.0]	0.43023817820391325
1	[-0.02326142392409699, 0.5206543965570728, -0.8534505876164207]	0.0	1.0	[0.0, 0.0, 0.0]	0.531958478385732	0.8876261713018984	[-0.012374111675748076, 0.27696652055734194, 0.0]	[0.0, 0.0, 0.45400027596584]	1.0	[0.0, 0.0, 0.0]	0.43023817820391325
1	[-0.4190967468538468, -0.005998420409635007, -0.9079217674057122]	0.0	1.0	[0.0, 0.0, 0.0]	0.5165284394887352	0.9302611251210783	[-0.21647538864722296, -0.0030983547335861616, 0.0]	[0.0, 0.0, 0.46896741369592687]	1.0	[0.0, 0.0, 0.0]	0.43023817820391325
1	[0.34368895639038327, 0.8521586299346748, -0.3945929176799136]	0.0	1.0	[0.0, 0.0, 0.0]	0.6612963554038216	0.5230635293669136	[0.2750804442155991, 0.5157292062396189, 0.0]	[0.0478001899620956, -0.04780018996209559, 0.26094285832988706]	0.548134692517572	[0.6858935777509512, 0.6858935777509511, 0.0]	0.43023817820391325
1	[-0.3435991741891739, 0.9190390325182507, -0.19314984909244817]	0.0	1.0	[0.0, 0.0, 0.0]	0.6166687158472884	0.6446876251906963	[-0.03318550908252671, 0.38804126756566404, 0.0]	[0.17870135243089988, -0.17870135243089985, 0.11910946940593756]	1.0	[0.0, 0.0, 0.0]	0.43023817820391325
1	[-0.7929808338988992, -0.00991516019342563, 0.6091658942089136]	0.6801843167826576	0.31981568321734244	[-0.5393731267272648, -0.006744136461955815, 0.4143450875597866]	0.8164111357695638	0.3394179322238765	[-0.47267018043681885, 0.0, 0.4973298195631812]	[0.17472820281007745, 0.008094847194851788, 0.0]	0.6344424183770626	[-0.97, 0.0, 0.0]	0.43023817820391325
1	[0.07227587025157346, 0.95646664736232, 0.2827503334442972]	0.38498339100020484	0.6150166089997953	[0.02782500961694151, 0.36822377328014305, 0.10885418217582415]	0.6812447551793472	0.5660775057826454	[0.26786973283182525, 0.4329557117226369, 0.19262218168413903]	[0.21863217529691778, -0.21863217529691775, 0.0]	0.7277940835281446	[0.6858935777509512, 0.6858935777509511, 0.0]	0.43023817820391325
1	[0.2017951317312817, -0.9505822173789635, 0.235949513270207]	0.41647652171916333	0.5835234782808367	[0.08404293456330458, -0.39589517550208037, 0.09826743258810539]	0.7090330758779099	0.501280913187835	[0.34265176754190846, -0.4744218888697607, 0.1672960091458706]	[0.1995723445932898, 0.19957234459328976, 0.0]	0.6000696244597241	[0.6858935777509512, -0.6858935777509511, 0.0]	0.43023817820391325
1	[0.8693840676576888, 0.2901848781877038, 0.39995509669731516]	0.6980739107744787	0.3019260892255214	[0.6068943360748268, 0.20257049276410607, 0.27919821848567955]	0.822194966126171	0.33864765101837907	[0.5423323212008322, 0.2385885460918662, 0.3288410671810385]	[-0.17247088285761414, 0.0, 0.0]	0.5042766192716888	[0.97, 0.0, 0.0]	0.43023817820391325
1	[0.19112905340289493, 0.955407186083941, -0.22509285578284977]	0.0	0.9999999999999999	[0.0, 0.0, 0.0]	0.6622730159862319	0.5059486096413168	[0.2528139082194956, 0.5065061050429641, 0.0]	[0.12623429357976676, -0.12623429357976673, 0.14907292447626186]	0.6067094142623018	[0.6858935777509512, 0.6858935777509511, 0.0]	0.43023817820391325
1	[0.3173518584167609, 0.4803910367019424, -0.8176259840635334]	0.0	1.0	[0.0, 0.0, 0.0]	0.542619098540428	0.8589869547890192	[0.17220117933423235, 0.26066935128210966, 0.0]	[0.0, 0.0, 0.4436594744157848]	0.920090508093232	[0.6858935777509512, 0.6858935777509511, 0.0]	0.43023817820391325
1	[0.7128643642357262, 0.3641446114649132, -0.5993522337856607]	0.0	1.0	[0.0, 0.0, 0.0]	0.6180894123813896	0.6728180002440113	[0.44061391599809285, 0.2250739289221976, 0.0]	[0.0, 0.0, 0.37045326999005224]	0.6807884552293778	[0.6858935777509512, 0.6858935777509511, 0.0]	0.43023817820391325
1	[0.7312398246119238, -0.5217161373985356, -0.4394321231765779]	0.0	1.0	[0.0, 0.0, 0.0]	0.6882204428644738	0.5210915965900453	[0.5032541959345583, -0.3590557111299628, 0.0]	[0.0, 0.0, 0.30242617042146047]	0.47128664834103073	[0.6858935777509512, -0.6858935777509511, 0.0]	0.43023817820391325
1	[-0.5233582104380237, 0.36780142117461495, -0.7686470569442408]	0.0	1.0	[0.0, 0.0, 0.0]	0.5579050653931014	0.8190189346179889	[-0.29198419661844205, 0.20519827593209922, 0.0]	[0.0, 0.0, 0.4288320865686916]	0.9620733193214717	[-0.97, 0.0, 0.0]	0.43023817820391325
1	[-0.3229166087420399, -0.915894291117339, -0.2384586154811929]	0.0	1.0	[0.0, 0.0, 0.0]	0.60749367972944	0.6480684080967642	[-0.029385209097105958, -0.3896154033607116, 0.0]	[0.1667845897933477, 0.16678458979334768, 0.1448621017818575]	1.0	[0.0, 0.0, 0.0]	0.43023817820391325
1	[-0.8610281677669389, 0.09672338193413532, -0.49927455542930654]	0.0	1.0	[0.0, 0.0, 0.0]	0.6601897490265705	0.5796223285425199	[-0.5684419699828632, 0.06385578524409793, 0.0]	[0.0, 0.0, 0.32961594344422646]	0.5201012925691867	[-0.97, 0.0, 0.0]	0.43023817820391325
1	[0.773680262255319, -0.4033464444766593, -0.488600550065775]	0.0	1.0	[0.0, 0.0, 0.0]	0.6650210024644911	0.5693445841112094	[0.5145136235920226, -0.26823385684635614, 0.0]	[0.0, 0.0, 0.3249296276094435]	0.5712003869242105	[0.6858935777509512, -0.6858935777509511, 0.0]	0.43023817820391325
1	[-0.5425391588143534, 0.6413296677530546, -0.542538034070212]	0.0	1.0	[5.551115123125783e-17, 0.0, 0.0]	0.5767216708418039	0.7067854642690022	[-0.2438192768741772, 0.3007939042526172, 0.0]	[0.06907481329434342, -0.06907481329434341, 0.3128934415042002]	0.9425359578817958	[-0.97, 0.0, 0.0]	0.43023817820391325
1	[-0.10531262668904444, 0.1430812267902794, 0.984091973953676]	0.6760367502753313	0.3239632497246687	[-0.07119520590982073, 0.09672816758470816, 0.665282340043679]	0.876918199252384	0.18591641460488864	[-0.00792954228388345, 0.04104951507294182, 0.8629681616981816]	[0.08442101667081198, -0.08442101667081196, 0.0]	0.17821776154432106	[0.0, 0.0, 0.97]	0.43023817820391325
1	[0.9321178315257292, -0.3469511665556093, 0.10383273172499087]	0.8222691216835595	0.17773087831644052	[0.7664517106342454, -0.28528723099076725, 0.08537844911751291]	0.9024672721490016	0.18885138441348123	[0.7465990907229989, -0.3131120728503546, 0.0937056421596316]	[-0.09460674601546852, 0.0, 0.0]	0.36413102976824857	[0.97, 0.0, 0.0]	0.43023817820391325
1	[0.6544874205137956, 0.7551186024487893, -0.03797515799816128]	0.0	0.9999999999999999	[0.0, 0.0, 0.0]	0.9194307335290824	0.10143630593661533	[0.6323287853901102, 0.663706314289392, 0.0]	[0.03057293626155394, -0.030572936261553933, 0.03491552737413223]	0.08497389823826232	[0.6858935777509512, 0.6858935777509511, 0.0]	0.43023817820391325
1	[0.5619623156357962, 0.7192070340136566, 0.40858242501425923]	0.6127840066926913	0.3872159933073087	[0.34436151938560605, 0.4407185679444552, 0.25037277546445386]	0.778385628682513	0.291644685108222	[0.46100909338094004, 0.46100909338094, 0.3180346877633499]	[0.023585703028889876, -0.09881132594266577, 0.0]	0.42826200173276546	[0.6858935777509512, 0.6858935777509511, 0.0]	0.43023817820391325
1	[0.07615057952748802, 0.3647990422109022, -0.9279669972793408]	0.0	1.0	[0.0, 0.0, 0.0]	0.5110731648076366	0.9456856130670759	[0.03891851768104897, 0.18643900102152045, 0.0]	[0.0, 0.0, 0.4742590301365923]	1.0	[0.0, 0.0, 0.0]	0.43023817820391325
1	[-0.9131033657298079, 0.32277505933446543, -0.24911544425131257]	0.0	0.9999999999999999	[0.0, 0.0, 0.0]	0.7144314336610053	0.4447228036244397	[-0.5823280695941567, 0.1605789713254589, 0.0]	[0.0700216770648793, -0.0700216770648793, 0.17797590398356347]	0.41167884386275244	[-0.97, 0.0, 0.0]	0.43023817820391325
1	[-0.962433976043306, 0.09758660131552688, 0.2533726445399293]	0.6683195440052538	0.33168045599474616	[-0.6432134360044257, 0.06521903289221542, 0.1693338902623308]	0.871429038743011	0.23675199344972803	[-0.7492037199247947, 0.0, 0.22079628007520521]	[0.0894891946722377, -0.08503979817858703, 0.0]	0.2716212187513822	[-0.97, 0.0, 0.0]	0.43023817820391325
1	[-0.12823029057876226, 0.7068368935540821, 0.6956569546039927]	0.38334731971620284	0.6166526802837973	[-0.04915673819979832, 0.27096402862048435, 0.26667822898937676]	0.6797411844245007	0.5626387261718658	[0.13250005522425537, 0.2608026823980255, 0.47286668227565914]	[0.21966346482136115, -0.2196634648213611, 0.0]	0.768976922975101	[0.0, 0.0, 0.97]	0.43023817820391325
1	[0.20277089217358854, -0.8400177881465345, 0.5032435602017488]	0.41658524558036086	0.5834147544196392	[0.08447136191268328, -0.3499390165668957, 0.20964384211338064]	0.7091253604895378	0.4880341741740352	[0.3432990291802302, -0.39616886966618653, 0.3568627710421035]	[0.199509047170849, 0.19950904717084897, 0.0]	0.7144339594630678	[0.6858935777509512, -0.6858935777509511, 0.0]	0.43023817820391325
1	[-0.2397304049013131, -0.9271160155267727, -0.28807156527434874]	0.0	0.9999999999999999	[0.0, 0.0, 0.0]	0.6004792567993454	0.6456317178620239	[0.007759538865278581, -0.4050012617376617, 0.0]	[0.15171267423262522, 0.1517126742326252, 0.17298099942096506]	0.9989761000480256	[0.6858935777509512, -0.6858935777509511, 0.0]	0.43023817820391325
1	[-0.5010744317203609, -0.853498243722666, -0.14305649876339802]	0.0	1.0	[5.551115123125783e-17, 0.0, 0.0]	0.6309659221766015	0.6440302850096102	[-0.12686891480788987, -0.3492363303449174, 0.0]	[0.18929197608166434, 0.18929197608166431, 0.09026377566560329]	0.984284309771572	[-0.97, 0.0, 0.0]	0.43023817820391325
1	[-0.803524882586472, -0.5945025423763795, -0.030240538560309515]	0.0	1.0	[0.0, 0.0, 0.0]	0.7116651117783308	0.5457061933344901	[-0.3892913186943707, -0.240537411584587, 0.0]	[0.182549306688201, 0.18254930668820096, 0.021521136254759595]	0.6181114202004719	[-0.97, 0.0, 0.0]	0.43023817820391325
1	[-0.9103263181417157, -0.3426501571735635, -0.23215698199166843]	0.0	0.9999999999999999	[0.0, 0.0, 0.0]	0.7137748190682487	0.44800015027150414	[-0.5706211042356042, -0.16542815515120335, 0.0]	[0.07914689878906393, 0.07914689878906393, 0.1657078078165338]	0.4181709492600739	[-0.97, 0.0, 0.0]	0.43023817820391325
1	[-0.7609264231653305, 0.10779343393573584, 0.6398215017715165]	0.5839910725668287	0.4160089274331714	[-0.4443742380087619, 0.06295040309979197, 0.373650045070867]	0.8031804530994483	0.34697547344540086	[-0.4561078763043839, 0.0, 0.5138921236956161]	[0.15505335302888879, -0.08657757910964975, 0.0]	0.6816910877070779	[-0.97, 0.0, 0.0]	0.43023817820391325
1	[0.44412791507195065, 0.14775282305008647, 0.8836964967309602]	0.6983312442664629	0.3016687557335371	[0.3101483995456653, 0.10318041276444939, 0.6171128741160457]	0.8223734287689958	0.2973591968730682	[0.19294122223567123, 0.12150799570199831, 0.7267285180077894]	[-0.17229777409407418, 0.0, 0.0]	0.47595041374279434	[0.0, 0.0, 0.97]	0.43023817820391325
1	[0.6948111802242122, 0.33907938251097447, -0.6342417490132716]	0.0	1.0	[0.0, 0.0, 0.0]	0.6046470244254785	0.7040534983860133	[0.4201155126601247, 0.2050233396792893, 0.0]	[0.0, 0.0, 0.3834923863072858]	0.7229261413486425	[0.6858935777509512, 0.6858935777509511, 0.0]	0.43023817820391325
1	[0.591116268130519, 0.6924416741982583, -0.41364971338677553]	0.0	1.0	[0.0, 0.0, 0.0]	0.7010444844640047	0.49516460080525737	[0.41439879944984603, 0.48543241650971025, 0.0]	[0.0, 0.0, 0.28998685006991537]	0.424419251885364	[0.6858935777509512, 0.6858935777509511, 0.0]	0.43023817820391325
1	[0.7289919636923541, -0.6821459459181708, 0.05698794029765985]	0.9077858021124869	0.0922141978875131	[0.6617685544940206, -0.6192424046731078, 0.051732843093849665]	0.9507289074602148	0.08848741504519328	[0.64758247420964, -0.6475824742096399, 0.054180082217602094]	[-0.04549125897886828, 0.0009533956815572626, 0.0]	0.0715481722651098	[0.6858935777509512, -0.6858935777509511, 0.0]	0.43023817820391325
1	[-0.44022353477072934, -0.7492615479290251, 0.49478315677573903]	0.3535134761157115	0.6464865238842885	[-0.1556249520447463, -0.2648740543282284, 0.17491251367529656]	0.6511996156714567	0.6592807407986233	[-0.04743345312421762, -0.24867888852077047, 0.32220260153307134]	[0.23923994352801142, 0.23923994352801137, 0.0]	0.99046487865803	[0.0, 0.0, 0.97]	0.43023817820391325
1	[-0.613298059809126, 0.5768430418467008, -0.5395531437285924]	0.0	1.0	[0.0, 0.0, 0.0]	0.5861254791562497	0.6922163886213465	[-0.29921532477931545, 0.2778481099084393, 0.0]	[0.0602542943919068, -0.06025429439190679, 0.3162458448981821]	0.8666612740686499	[-0.97, 0.0, 0.0]	0.43023817820391325
1	[-0.22113979653785154, 0.9626339272238313, 0.15631094825642014]	0.3590658122206538	0.6409341877793463	[-0.07940374065817374, 0.3456489329497828, 0.05612591759467209]	0.6566782434792547	0.6482134417374341	[0.0902644947459188, 0.39665856854312737, 0.10264599893760265]	[0.23548218789975492, -0.23548218789975486, 0.0]	0.9611076295841816	[0.6858935777509512, 0.6858935777509511, 0.0]	0.43023817820391325
1	[-0.6066581071144435, 0.7945865036677933, -0.02445872566820194]	0.0	0.9999999999999999	[5.551115123125783e-17, 0.0, 0.0]	0.6723355135818454	0.6280385352673299	[-0.1947628192918771, 0.32111375430518635, 0.0]	[0.21311497072350233, -0.2131149707235023, 0.016444469883688015]	0.8740613663799468	[-0.97, 0.0, 0.0]	0.43023817820391325
1	[-0.15944504690285147, 0.9398884288335697, 0.30197188339796]	0.3552452091337952	0.6447547908662048	[-0.056642089032351295, 0.3338908614634157, 0.10727406487023432]	0.6529168440580717	0.6445803827220681	[0.13395775078159952, 0.37560687911461343, 0.19716252910246806]	[0.2380621076061005, -0.23806210760610047, 0.0]	0.9328975254930068	[0.6858935777509512, 0.6858935777509511, 0.0]	0.43023817820391325
1	[-0.2641374861835351, 0.909451129797771, -0.32113864747519977]	0.0	0.9999999999999999	[0.0, 0.0, 0.0]	0.5938474831926849	0.6552930872539721	[-0.013130458415719859, 0.396348341545935, 0.0]	[0.14372692297121503, -0.143726922971215, 0.19070737755905026]	0.9999999999999999	[0.0, 0.0, 0.0]	0.43023817820391325
1	[0.6376693614897745, -0.7553821390143266, -0.15091590199632382]	0.0	1.0	[0.0, 0.0, 0.0]	0.8508965721517328	0.21252432634192736	[0.554057471909005, -0.6312852747007621, 0.0]	[0.011466798051171897, 0.011466798051171895, 0.12841382369185877]	0.17300244118457592	[0.6858935777509512, -0.6858935777509511, 0.0]	0.43023817820391325
1	[-0.9924673931361903, 0.10604832309750324, 0.06133699315798273]	0.7405554259023442	0.25944457409765576	[-0.7349771130181607, 0.07853466107770092, 0.045423443091679075]	0.9069376971788514	0.1728011789852593	[-0.8362752562202942, 0.03234838610398833, 0.055628831326575826]	[0.06383083583574008, -0.06383083583574006, 0.0]	0.12455222726146245	[-0.97, 0.0, 0.0]	0.43023817820391325
1	[-0.8868057231454599, 0.400954733224076, -0.22980624730774385]	0.0	1.0	[0.0, 0.0, 0.0]	0.6970151733781521	0.48106757066812894	[-0.5235649601856689, 0.18491944820966863, 0.0]	[0.09455208468530144, -0.09455208468530142, 0.1601784413105896]	0.46957097131084213	[-0.97, 0.0, 0.0]	0.43023817820391325
1	[-0.8786866946585518, 0.135314876185378, -0.457820463624077]	0.0	1.0	[0.0, 0.0, 0.0]	0.6793571213694174	0.5393163367547981	[-0.596942063468842, 0.09192712476375754, 0.0]	[0.0, 0.0, 0.31102359227166504]	0.4860533019766552	[-0.97, 0.0, 0.0]	0.43023817820391325
1	[0.8093359817034141, -0.3425904395121471, -0.4770818163324238]	0.0	0.9999999999999999	[0.0, 0.0, 0.0]	0.670314552399276	0.5581759353523917	[0.5425096863161527, -0.2296433571178561, 0.0]	[0.0, 0.0, 0.31979488417270224]	0.6005848243947053	[0.6858935777509512, -0.6858935777509511, 0.0]	0.43023817820391325
1	[-0.6657555092997294, 0.09732453223248418, -0.7397956050577662]	0.0	1.0	[-1.1102230246251565e-16, 0.0, 0.0]	0.5673192732105709	0.7950151869427518	[-0.377695931671856, 0.05521408289169169, 0.0]	[0.0, 0.0, 0.4197003049857464]	0.805812826876394	[-0.97, 0.0, 0.0]	0.43023817820391325
1	[-0.30498993107257155, 0.5849120837535815, 0.7515710187489878]	0.3929251381852911	0.6070748618147089	[-0.11983821081181256, 0.2298266613351226, 0.29531114639800604]	0.6884567163419826	0.5539565619830423	[0.003713170988886849, 0.1890011150772604, 0.5174241156657268]	[0.21368553745247704, -0.213685537452477, 0.0]	0.6948756893336848	[0.0, 0.0, 0.97]	0.43023817820391325
1	[0.9333327359455623, 0.0076175893800653465, 0.35893171543401975]	0.748792036212426	0.2512079637875741	[0.6988721198123921, 0.005703990262929282, 0.2687652100610587]	0.8563534379241305	0.2782284289869202	[0.6599255319405238, 0.006523348854313306, 0.30737240849192854]	[-0.13933716521359332, 0.0, 0.0]	0.3608801633030129	[0.97, 0.0, 0.0]	0.43023817820391325
1	[-0.0944092052144279, 0.8361755244825448, 0.5402752948517275]	0.36556997295649307	0.6344300270435069	[-0.03451317059708242, 0.30568066387196535, 0.19750842492800735]	0.6629968322336047	0.604492397750052	[0.16855530446183886, 0.32323341547050344, 0.3582008090207721]	[0.23114830845269688, -0.23114830845269685, 0.0]	0.9448629149181634	[0.0, 0.0, 0.97]	0.43023817820391325
1	[0.7167984462644281, 0.17175503083258364, 0.675795972773292]	0.6626870454906617	0.3373129545093383	[0.47501304456727067, 0.11381983393060237, 0.4478412365516205]	0.7971278146274383	0.3702897567466256	[0.3745939591877221, 0.13691071237884567, 0.538695766910798]	[-0.1967860198113847, 0.0, 0.0]	0.7418295048372027	[0.97, 0.0, 0.0]	0.43023817820391325
1	[0.25793719630420137, 0.8048166856442277, 0.5345451386659203]	0.43701424119942545	0.5629857588005746	[0.11272222811998772, 0.35171635318144867, 0.23360383816092883]	0.7260470866442524	0.44940823241617767	[0.37517709379072206, 0.3964322660178046, 0.3881049406082394]	[0.18790254387687005, -0.18790254387687003, 0.0]	0.6950020685461015	[0.6858935777509512, 0.6858935777509511, 0.0]	0.43023817820391325
1	[-0.22631558260738288, -0.8439481474434798, 0.4863463595996165]	0.3527102136470836	0.6472897863529163	[-0.07982381749311418, -0.2976691313918502, 0.17153932840086208]	0.6504004482892619	0.6454893537536728	[0.0925923309203196, -0.30911616612712434, 0.3163198903074411]	[0.2397880873030069, 0.23978808730300688, 0.0]	0.9986931772955817	[0.0, 0.0, 0.97]	0.43023817820391325
1	[0.5109749349446353, 0.46263670952312524, -0.7244804282104115]	0.0	1.0	[0.0, 0.0, 0.0]	0.5724468597282321	0.7821292163774344	[0.2925059969088942, 0.2648349315615154, 0.0]	[0.0, 0.0, 0.4147265460636149]	0.7780180278579933	[0.6858935777509512, 0.6858935777509511, 0.0]	0.43023817820391325
1	[0.6108412428660861, 0.5627208847354543, 0.5569723349470446]	0.6924119219413113	0.3075880780586887	[0.42295375897392595, 0.389634649316191, 0.3856542849088229]	0.7730559872464576	0.3185434474644266	[0.38143404651937335, 0.3814340465193733, 0.4305707982614522]	[-0.090780433535322, -0.05358070257399345, 0.0]	0.5753455893397659	[0.6858935777509512, 0.6858935777509511, 0.0]	0.43023817820391325
1	[0.4732267562466389, 0.6436198970217282, 0.6015063302493369]	0.5766548277960324	0.42334517220396767	[0.2728884936318805, 0.37114652088316474, 0.3468615292881547]	0.7443510686038107	0.331208794365094	[0.3692993294665956, 0.3692993294665955, 0.44773187969305056]	[0.01705248776249489, -0.10977982865620241, 0.0]	0.6393935457769084	[0.6858935777509512, 0.6858935777509511, 0.0]	0.43023817820391325
1	[-0.6056136601508405, 0.49226818207101697, 0.6252232653694184]	0.4009461590288022	0.5990538409711977	[-0.24281847089285385, 0.19737303681346532, 0.2506808667853138]	0.6955980294325325	0.5651524238804028	[-0.21247631193138805, 0.13363342073397447, 0.43490407134634074]	[0.20878735666696005, -0.20878735666696002, 0.0]	0.8532097427850482	[0.0, 0.0, 0.97]	0.43023817820391325
1	[-0.18693257288013515, -0.8013266046304215, 0.5682709616968765]	0.36062467894219796	0.639375321057802	[-0.06741249907873781, -0.28897814952268736, 0.20493253311411017]	0.6582022991286163	0.6205846495363532	[0.11139739866599024, -0.29299816560294845, 0.37403725351691397]	[0.2344368479177228, 0.23443684791772273, 0.0]	0.9156715209659299	[0.0, 0.0, 0.97]	0.43023817820391325
1	[0.002819458647443705, -0.6973179621469923, -0.7167563814296327]	0.0	1.0	[0.0, 0.0, 0.0]	0.575068226021984	0.7755915665751794	[0.0016213810827277598, -0.4010054034651358, 0.0]	[0.0, 0.0, 0.41218382075867543]	0.9901820433980624	[0.6858935777509512, -0.6858935777509511, 0.0]	0.43023817820391325
1	[-0.8555866756498043, -0.37234580260102185, -0.35962486529148335]	0.0	1.0	[0.0, 0.0, 0.0]	0.6670928101145919	0.5298196255313603	[-0.5120539688864887, -0.1896874569221477, 0.0]	[0.058701750869341054, 0.05870175086934105, 0.23990316197437717]	0.5301526659740379	[-0.97, 0.0, 0.0]	0.43023817820391325
1	[0.670897516479804, -0.3308724047014078, -0.6636414500227807]	0.0	1.0	[0.0, 0.0, 0.0]	0.5937655413839271	0.7299078511364732	[0.39835582708576295, -0.19646063250653317, 0.0]	[0.0, 0.0, 0.3940474248575908]	0.7527847563251137	[0.6858935777509512, -0.6858935777509511, 0.0]	0.43023817820391325
1	[-0.542816183435004, -0.3304546552852426, -0.7721077073837352]	0.0	1.0	[0.0, 0.0, 0.0]	0.5567968018789883	0.8218747668729499	[-0.30223831494476855, -0.18399609522884655, 0.0]	[0.0, 0.0, 0.4299071021773815]	0.942250818060718	[-0.97, 0.0, 0.0]	0.43023817820391325
1	[0.26912825269004914, 0.03529700841057871, 0.9624573262234875]	0.778362436781731	0.221637563218269	[0.20947932257063612, 0.027473865477563298, 0.7491406297377431]	0.8753698578905196	0.19559424525248892	[0.11469552246541627, 0.030897937236328752, 0.8425061328819436]	[-0.12089123784619589, 0.0, 0.0]	0.27153781896162144	[0.0, 0.0, 0.97]	0.43023817820391325
1	[-0.25997242779030083, 0.9582914325026617, 0.11870917058430358]	0.36029988921867534	0.6397001107813246	[-0.0936680369327555, 0.3452722969699147, 0.042770901010765416]	0.6578852682382366	0.6502069106597823	[0.06362226697801521, 0.39579151875303487, 0.07809701453219314]	[0.2346542973693829, -0.23465429736938284, 0.0]	0.9914408499213209	[0.6858935777509512, 0.6858935777509511, 0.0]	0.43023817820391325
1	[-0.2721718199665877, -0.694133976820097, -0.6664086753937051]	0.0	1.0	[0.0, 0.0, 0.0]	0.5614531307424805	0.7644226482434643	[-0.11658435887503721, -0.35349633289528964, 0.0]	[0.03622736154508217, 0.036227361545082166, 0.37415723715374516]	1.0	[0.0, 0.0, 0.0]	0.43023817820391325
1	[0.7696664563693288, 0.5162155319953196, 0.3756794783677559]	0.7136711534531546	0.2863288465468453	[0.5492887476913011, 0.3684081341495336, 0.2681116066553958]	0.8329149405532824	0.30962862888852416	[0.47899418308939895, 0.4299636291445625, 0.31290905039176753]	[-0.16207250766331605, 0.0, 0.0]	0.42064665084858194	[0.6858935777509512, 0.6858935777509511, 0.0]	0.43023817820391325
1	[-0.06314638359111156, -0.20009060559607456, 0.9777403969313943]	0.6365045597979662	0.36349544020203384	[-0.04019296109049397, -0.1273585828346379, 0.6223362209455058]	0.8567030129057314	0.21741534944351423	[0.04418878608241349, -0.07313174150926967, 0.8376331438907711]	[0.09828648315901979, 0.09828648315901978, 0.0]	0.20996102008014536	[0.0, 0.0, 0.97]	0.43023817820391325
1	[-0.26577590768446113, -0.9471085310317797, 0.17985715815981654]	0.3550310593953109	0.6449689406046892	[-0.09435870206696456, -0.3362529451345494, 0.06385487740130964]	0.6527049069336219	0.65937787829862	[0.06473423482826246, -0.3799749116844895, 0.11739364967804877]	[0.2382074739186476, 0.23820747391864758, 0.0]	1.0	[0.0, 0.0, 0.0]	0.43023817820391325
1	[-0.3291920728580172, 0.7155988871664101, 0.6160769528667969]	0.36290476336843885	0.6370952366315612	[-0.11946537130330459, 0.25969424481384423, 0.22357726079687376]	0.6604204549104163	0.6237671229453426	[0.015510250602740194, 0.23968071348329342, 0.40686982147211315]	[0.2329154291125349, -0.23291542911253485, 0.0]	0.8635454310216771	[0.0, 0.0, 0.97]	0.43023817820391325
1	[0.3827587229385273, -0.8321056707083291, 0.4013675532345752]	0.47842414956597396	0.5215758504340261	[0.18312101651082313, -0.39809944785765666, 0.19202393031962742]	0.7579714724501786	0.387042012125265	[0.4561260054978071, -0.46470654778199394, 0.3042251553189364]	[0.1660058126789416, 0.16600581267894157, 0.0]	0.5237982713971436	[0.6858935777509512, -0.6858935777509511, 0.0]	0.43023817820391325
1	[0.47552094709255976, -0.1984297990429953, -0.8570329303637938]	0.0	1.0	[0.0, 0.0, 0.0]	0.5309154443137795	0.8904633349835833	[0.25246141490615553, -0.10534944492400586, 0.0]	[0.0, 0.0, 0.455012019015634]	1.0	[0.0, 0.0, 0.0]	0.43023817820391325
1	[-0.2691052909429353, -0.8396755536097938, -0.4717280011368885]	0.0	0.9999999999999999	[0.0, 0.0, 0.0]	0.5732809565011241	0.6933201216544381	[-0.052813868821775134, -0.3799109347545293, 0.0]	[0.10145906976950415, 0.10145906976950414, 0.2704326797001188]	0.9999999999999999	[0.0, 0.0, 0.0]	0.43023817820391325
1	[-0.7925675299183911, -0.48918774518014896, 0.3640495302628776]	0.4149518267050251	0.5850481732949748	[-0.32887734432672605, -0.20298934846421515, 0.1510630175936874]	0.7077363681450629	0.5621191932992537	[-0.36046711703467593, -0.14575421001540156, 0.2576510923731652]	[0.20046174809946962, 0.2004617480994696, 0.0]	0.6350740051035951	[-0.97, 0.0, 0.0]	0.43023817820391325
1	[0.800988583967639, -0.29950906587560844, 0.5183740037963296]	0.6720135366422918	0.3279864633577083	[0.5382751711221943, -0.20127414661549678, 0.3483543475945962]	0.8038374354215068	0.3667147711274182	[0.45358692149731283, -0.24075659939894023, 0.41668842980082]	[-0.19027768764113842, 0.0, 0.0]	0.6220788913817769	[0.97, 0.0, 0.0]	0.43023817820391325
1	[-0.37652641502640966, -0.9216461821438335, 0.09378791887581]	0.35987704197767423	0.6401229580223258	[-0.13550321246616237, -0.3316793017799396, 0.03375211881826858]	0.6574721236648903	0.6607962436864064	[-0.012617951124417548, -0.37101900206282074, 0.06166294219738925]	[0.2349376705789238, 0.23493767057892376, 0.0]	1.0	[0.0, 0.0, 0.0]	0.43023817820391325
1	[0.8661068170909243, -0.3186680382648219, -0.3851099359625488]	0.0	1.0	[0.0, 0.0, 0.0]	0.7158090825383838	0.46593560489870783	[0.6199671261220943, -0.2281054761046487, 0.0]	[0.0, 0.0, 0.2756651899377678]	0.5105416484907055	[0.97, 0.0, 0.0]	0.43023817820391325
1	[0.8188195228428631, -0.15935434817193742, -0.5514896016518198]	0.0	1.0	[0.0, 0.0, 0.0]	0.637533111594657	0.6289390489499758	[0.522024558232463, -0.10159367343619358, 0.0]	[0.0, 0.0, 0.3515928817531826]	0.5936245662747167	[0.97, 0.0, 0.0]	0.43023817820391325
