1	[-0.00018597087446875835, 0.19403551534995808, 0.9809944873431806]	0.6553425162230552	0.3446574837769448	[-0.00012187462081810286, 0.12715972286607816, 0.6428873957364262]	0.8565767907761498	0.19850902013607846	[0.07757165741561688, 0.07757165709777808, 0.8402971098299412]	[0.07773095575044753, -0.08863466193728539, 9.242552766002647e-11]	0.19649548098609432	[0.0, 0.0, 0.95]	0.40417045101321064
1	[-0.18020416114016563, -0.8291302512017154, -0.5292159170413807]	-1.8503059123751224e-11	1.000000000018503	[3.3342495431298858e-12, 1.5341450332329032e-11, 9.792104333673643e-12]	0.5637889153267089	0.7090636509021773	[-0.019548353606308782, -0.385405690740654, 1.2287746658175976e-10]	[0.08204875494026453, 0.08204875424892284, 0.2983660679652671]	1.0	[0.0, 0.0, 0.0]	0.40417045101321064
1	[-0.14958043120067518, 0.9280395187368349, 0.34112804965954363]	0.34783320900918213	0.6521667909908179	[-0.052029041389508146, 0.3228029638895704, 0.11865566419612215]	0.6455121390745635	0.6488469640684803	[0.1415717474105561, 0.3609330436851931, 0.2202022971280049]	[0.23812773151859953, -0.23812773120034955, 9.393908014292662e-11]	0.9255473897219363	[0.6717514421272202, 0.67175144212722, 0.0]	0.40417045101321064
1	[0.882123631622142, 0.19330541446475094, -0.42952405668643806]	-1.06718165312278e-12	1.0000000000010671	[-9.413581025796702e-13, -2.0626556018754627e-13, 4.58470541914617e-13]	0.6886433003438344	0.5133700496618455	[0.6074685292445436, 0.13311847859310041, 1.2311770796779724e-10]	[2.5298260128515877e-10, 1.761412196971934e-12, 0.2957888640967384]	0.4758834940591345	[0.95, 0.0, 0.0]	0.40417045101321064
1	[0.42766433980085833, -0.8956209149656915, 0.12233719442064098]	0.511607287856404	0.488392712143596	[0.21879619299841685, -0.4582061872530685, 0.0625886002415053]	0.7814924077872857	0.3476400861111068	[0.48099922480844925, -0.5531381551592061, 0.09560558863464323]	[0.14678279017271662, 0.14678279014198395, 4.9152141699421565e-12]	0.35307569093576613	[0.6717514421272202, -0.67175144212722, 0.0]	0.40417045101321064
1	[-0.9120406305482128, -0.4085118380345816, -0.0360550470090689]	-5.028643605757985e-10	1.0000000005028635	[4.5863243064436787e-10, 2.054259470862796e-10, 1.8117180893793786e-11]	0.7580362490670209	0.4385332364620529	[-0.5481463194637629, -0.16645324305656675, 3.425262289458152e-10]	[0.14321353911372503, 0.14321353834664163, 0.02733103293721516]	0.41185288873382403	[-0.95, 0.0, 0.0]	0.40417045101321064
1	[0.5154939223227782, -0.3537189167428841, -0.7804799446408076]	-3.9021615755495707e-10	1.000000000390216	[-2.0115409338217205e-10, 1.380265346462295e-10, 3.045560099720124e-10]	0.5489806468552965	0.8298525548553709	[0.2829961870065484, -0.1941848397994009, 1.1536703913801354e-10]	[7.981566601997567e-11, -8.093754909112733e-11, 0.4284683849818635]	0.8571522873353905	[0.6717514421272202, -0.67175144212722, 0.0]	0.40417045101321064
1	[0.3250110656836271, 0.7775034810032938, -0.5383828973982677]	-3.07495529987894e-10	1.0000000003074954	[-9.99394456080438e-11, -2.3907797963573785e-10, 1.6555153793610933e-10]	0.6303789210272182	0.6243351110734792	[0.2131920201573443, 0.481809910322192, 2.194658714863785e-11]	[0.00831189524979317, -0.008311895127570202, 0.3393852299833742]	0.6490520214849076	[0.6717514421272202, 0.67175144212722, 0.0]	0.40417045101321064
1	[0.802722930079079, 0.45038130143973615, 0.3908869156657814]	0.6883240512479686	0.31167594875203136	[0.5525334992616716, 0.3100082820133318, 0.2690568653708935]	0.8153932900631845	0.3417804442882858	[0.4791585165826344, 0.36723789116514516, 0.3187265682129671]	[-0.1753763743837054, 1.2598963913737638e-12, 5.5950797572853515e-12]	0.46792184249405155	[0.6717514421272202, 0.67175144212722, 0.0]	0.40417045101321064
1	[-0.4341685227764889, 0.8023775275087609, 0.40949724929358083]	0.3416311972775332	0.6583688027224667	[-0.14832551225634996, 0.2741171953914049, 0.13989703555802244]	0.6392046338551611	0.681110862908179	[-0.03515772418832314, 0.27051862624401546, 0.2617525393137771]	[0.24236480744445857, -0.24236480744083153, 1.4378216432425234e-11]	1.0	[0.0, 0.0, 0.0]	0.40417045101321064
1	[0.036418214177894016, 0.2437036936115434, -0.9691657357728781]	-5.347510386588237e-10	1.0000000005347511	[-1.9474796775220682e-11, -1.3032055989903313e-10, 5.182624366961298e-10]	0.49500675276539213	0.977121466683037	[0.018027262001251973, 0.12063497414689245, 2.1874108727166516e-10]	[5.953819674999343e-11, 1.35310051466206e-10, 0.4797435839751555]	1.0	[0.0, 0.0, 0.0]	0.40417045101321064
1	[-0.9134467427625563, 0.1800589597762001, -0.36495728399470145]	-3.5192652707629836e-11	1.0000000000351927	[3.214661870032387e-11, -6.336764446501775e-12, 1.2843851337306202e-11]	0.7171551540205412	0.45347258195727663	[-0.6501533693633033, 0.12420054094231325, 2.141257607417926e-11]	[0.004929670132139278, -0.0049296700887655675, 0.2617309972355513]	0.4085966088346098	[-0.95, 0.0, 0.0]	0.40417045101321064
1	[-0.8656474513486602, -0.36407437372978313, -0.343663120463682]	-7.851494295867961e-11	1.000000000078515	[6.796627149974199e-11, 2.8585314670870332e-11, 2.69827098708735e-11]	0.6663207905593844	0.5245097523143591	[-0.5145697030189172, -0.1803611340792327, 1.6128031753237616e-10]	[0.06222919110943804, 0.06222919044680909, 0.22898988227474593]	0.5077103922883062	[-0.95, 0.0, 0.0]	0.40417045101321064
1	[-0.7960152374791033, 0.3070976989375191, -0.5215848397033485]	-1.091390855360734e-11	1.000000000010914	[8.687703334508967e-12, -3.351652289040885e-12, 5.692545151390964e-12]	0.6372135603416915	0.6123426352132387	[-0.49854405892313886, 0.18699917354336934, 1.744885608405535e-11]	[0.008687644637157531, -0.008687644569347834, 0.3323609327450701]	0.6245566818069468	[-0.95, 0.0, 0.0]	0.40417045101321064
1	[0.6546620075265115, -0.33805347936521724, 0.6761194428430739]	0.6459035694553962	0.3540964305446039	[0.42284852744820917, -0.21834994898880994, 0.43670796151053515]	0.7848619830717697	0.3816112912472897	[0.30943820548219475, -0.2653253242000687, 0.5306604467109534]	[-0.20438111598680872, -1.1726847596495527e-12, 7.758357323424084e-12]	0.754177618414198	[0.6717514421272202, -0.67175144212722, 0.0]	0.40417045101321064
1	[0.9594294997721994, -0.10872397539467572, 0.2601425227471381]	0.7512215440199868	0.2487784559800131	[0.7207441101971954, -0.08167579266797903, 0.1954246676033593]	0.8579400427425903	0.2741947068205216	[0.6881760289061583, -0.09327865201652435, 0.22318668725040072]	[-0.13495695713690423, 8.072788755463637e-11, 1.6555584064957146e-10]	0.2821062750681403	[0.95, 0.0, 0.0]	0.40417045101321064
1	[-0.9705434889992891, -0.09632939327280118, 0.2208302152169867]	0.667166019731234	0.3328339802687661	[-0.6475136365317204, -0.06426769789293847, 0.14733041572270852]	0.8710503295252856	0.2354053386110204	[-0.7576457674883439, -8.565969667456713e-11, 0.19235423182370803]	[0.0877464584231068, 0.08390774966758521, 8.98124127985221e-11]	0.24180027068088772	[-0.95, 0.0, 0.0]	0.40417045101321064
1	[-0.5443705237841608, -0.47920061531305314, -0.6884965527281526]	-6.139265667501933e-12	1.0000000000061393	[3.3419655931510306e-12, 2.941938359590779e-12, 4.226871754007208e-12]	0.5733666496768306	0.7591993715711461	[-0.3046704880866253, -0.2673042360259011, 5.133656674990147e-12]	[0.0074534153183204496, 0.007453415299219856, 0.39476096175692194]	0.9317703605556975	[-0.95, 0.0, 0.0]	0.40417045101321064
1	[-0.23769481941201118, -0.11551148820200527, 0.9644471312197728]	0.6414535562154551	0.35854644378454475	[-0.1524701872058253, -0.0740952548909164, 0.618648042102717]	0.8593166370723666	0.21690042787309835	[-0.10975086128233663, -0.00475669240704375, 0.828765465553178]	[0.0945042515843165, 0.09450425117792723, 1.193108522822687e-10]	0.2646704567616717	[0.0, 0.0, 0.95]	0.40417045101321064
1	[0.056057202245361565, 0.4011216630813606, 0.9143079358089735]	0.5200794193216602	0.4799205806783397	[0.029154197192564492, 0.20861512161269247, 0.47551274033671687]	0.7756263758364549	0.3292650831893892	[0.17029864208801906, 0.17029864206067924, 0.7091613506624546]	[0.1268191974709181, -0.140821899744608, 1.24304471320939e-11]	0.4065893775825314	[0.0, 0.0, 0.95]	0.40417045101321064
1	[0.8849441313699953, 0.3652531521974345, 0.28890140041827816]	0.7169062809516867	0.28309371904831326	[0.6344220060704843, 0.2618522789477432, 0.20711522853560171]	0.8351140518521785	0.3121484723367606	[0.5823876292609124, 0.3050280398466705, 0.24126561916061703]	[-0.1566416499502909, -3.67094264522401e-11, 7.154017696146566e-11]	0.47021925779045776	[0.95, 0.0, 0.0]	0.40417045101321064
1	[0.4700823827733239, -0.48173766045396643, -0.7395616133267688]	-3.73617945477348e-10	1.000000000373618	[-1.7563139831366925e-10, 1.7998545709385638e-10, 2.763136311460072e-10]	0.5622760315311459	0.7960882647729051	[0.26431605674627456, -0.2708695400694014, 1.9028336149944833e-10]	[6.778489604191601e-11, -1.1024627460952475e-10, 0.41583776920443066]	0.7897639056280993	[0.6717514421272202, -0.67175144212722, 0.0]	0.40417045101321064
1	[-0.5743041548288251, 0.15661431879424942, -0.8035214327539509]	-6.928497304624522e-10	1.0000000006928498	[3.9790595818267604e-10, -1.0850984000221331e-10, 5.567200638651157e-10]	0.5417669727755094	0.8485593188460878	[-0.3111390231385537, 0.08484846546198978, 2.8842358963846157e-10]	[2.754565329814795e-10, 7.553023011855128e-11, 0.43532137447177155]	0.9007342037611497	[-0.95, 0.0, 0.0]	0.40417045101321064
1	[-0.8665279513224694, 0.3243358013141649, 0.3793884520683025]	0.46822656574566723	0.5317734342543329	[-0.40573140677034847, 0.15186263839770045, 0.1776397519955059]	0.7503878591123138	0.46714356142711944	[-0.4825547391822692, 0.0757003327398056, 0.2846884884550123]	[0.16767731507157796, -0.1676773148418072, 1.3554423895563174e-10]	0.506060166864878	[-0.95, 0.0, 0.0]	0.40417045101321064
1	[-0.5578337547883747, -0.6983624372220631, 0.4484544662459758]	0.3528602097943773	0.6471397902056225	[-0.1968373357450112, -0.2464243161106899, 0.15824173704278047]	0.650549807149865	0.6621323390184601	[-0.12815497070205925, -0.21957587797045136, 0.29174196655253937]	[0.234743670897203, 0.2347436708850716, 2.0724172648377974e-11]	0.9179411015430607	[-0.95, 0.0, 0.0]	0.40417045101321064
1	[-0.0946035957855353, 0.7127331833516167, -0.6950263081451793]	-4.580697283117829e-12	1.0000000000045806	[4.3334780208681423e-13, -3.2648467263030057e-12, 3.1836851321783793e-12]	0.5605062097345253	0.7731224795405257	[-0.03326047297438847, 0.3797259452432692, 5.898984053687782e-12]	[0.01976542992661903, -0.019765429909167968, 0.3895665616501337]	0.9999999999999999	[0.0, 0.0, 0.0]	0.40417045101321064
1	[0.6508980740440835, 0.5825619344962585, -0.48677848112019056]	-3.7131359552017445e-11	1.0000000000371314	[-2.4168667067669958e-11, -2.1630933155769583e-11, 1.807535507284758e-11]	0.6612014387916889	0.5696834193328757	[0.43037474329375425, 0.38519078940107565, 2.667686969353784e-10]	[2.2906709274165928e-10, 1.2687937340626412e-10, 0.3218586323562714]	0.4953210281358382	[0.6717514421272202, 0.67175144212722, 0.0]	0.40417045101321064
1	[-0.27321334538383074, 0.9284012335025322, -0.25184443121727373]	-6.807400293715937e-11	1.0000000000680738	[1.8598705908701163e-11, -6.320004242166277e-11, 1.7143897861668725e-11]	0.5988652477750309	0.6512337062210207	[-0.0008015950848104047, 0.39317085237947963, 1.0146716236814821e-11]	[0.16281638269392246, -0.1628163823566587, 0.15082087771184108]	0.9999999999999999	[0.0, 0.0, 0.0]	0.40417045101321064
1	[-0.7667129585341538, -0.21717061744090388, 0.6041425015144536]	0.5012791295566041	0.49872087044339586	[-0.3843372044737694, -0.10886309807604683, 0.30284402728731447]	0.7743543448439962	0.40518008656719723	[-0.44212971644160803, -0.01658921694849603, 0.46782037095672807]	[0.15157779424750875, 0.15157779423932127, 4.09031719337597e-12]	0.6676416544712499	[-0.95, 0.0, 0.0]	0.40417045101321064
1	[-0.3998260039937436, -0.6053196966017631, 0.6882784548686267]	0.37262566643557515	0.6273743335644248	[-0.14898543119644164, -0.2255576553528122, 0.2564702179386699]	0.6697330935325625	0.5956641903866449	[-0.045919436065003906, -0.18354536275627745, 0.460962858846105]	[0.2218572704644887, 0.22185727022501336, 5.5127421882352014e-11]	0.7712139364337298	[0.0, 0.0, 0.95]	0.40417045101321064
1	[-0.16509556563678984, -0.6493980067248306, 0.7423110419957967]	0.38380859661342254	0.6161914033865775	[-0.06336509735415562, -0.2492445376046112, 0.284905359279054]	0.6801657270019443	0.5536713217488897	[0.10255678824529146, -0.22684913420854527, 0.5048945296724968]	[0.2148491336714355, 0.21484913314906265, 1.3185458403696817e-10]	0.7015048255058453	[0.0, 0.0, 0.95]	0.40417045101321064
1	[-0.4822535042821636, 0.2076785807285885, 0.8510588491485958]	0.5177978567679812	0.48220214323201877	[-0.24970983093615284, 0.1075355239978794, 0.4406764480725674]	0.7856950426838281	0.36048016052090553	[-0.23494452352282352, 0.019212367241366025, 0.6686727188131373]	[0.14395966410857672, -0.14395966410869904, 4.8816792824752985e-12]	0.5343109456277945	[0.0, 0.0, 0.95]	0.40417045101321064
1	[-0.7172335228967242, 0.3236780153508262, 0.6170969259457582]	0.4490115900146744	0.5509884099853256	[-0.32204616452768453, 0.14533518032546874, 0.27708367191207245]	0.7356114201742892	0.4803561179310687	[-0.3500017606088461, 0.06049783479020521, 0.45394354608243714]	[0.17760340976582167, -0.17760340976121142, 2.289899280952419e-12]	0.7346810916964068	[-0.95, 0.0, 0.0]	0.40417045101321064
1	[0.42956351779516044, -0.4598919234815048, 0.7771580295512159]	0.6516347870693112	0.3483652129306888	[0.2799185314511941, -0.2996815756327659, 0.5064232071058121]	0.7428890587789505	0.3256790209558915	[0.26350885912326943, -0.2635088585638101, 0.5773421972513646]	[-0.05560917829735215, 0.07813981961140587, 1.555576569515945e-10]	0.6526099477120233	[0.0, 0.0, 0.95]	0.40417045101321064
1	[-0.4441015089686827, -0.5054954125191813, -0.7397622845575473]	-5.825990189297528e-12	1.000000000005826	[2.5872776143742726e-12, 2.9450192284841137e-12, 4.309855774902938e-12]	0.562209257069405	0.7962555955572537	[-0.24967797905627448, -0.2841942002554236, 1.8210258486198012e-10]	[3.6441656382873497e-10, 6.899242598581962e-11, 0.41590120459116103]	0.9999999999999999	[0.0, 0.0, 0.0]	0.40417045101321064
1	[0.42091944114580687, -0.7688266056295766, -0.4813859932960296]	-1.0290395958333681e-10	1.000000000102904	[-4.331424108272586e-11, 7.911452049036427e-11, 4.953772315238572e-11]	0.6631758952913537	0.5648148894728006	[0.27966639994768827, -0.5093444999806338, 2.9955618275361036e-11]	[0.0005227727202758628, 0.0005227725315596453, 0.3192435871147733]	0.5514279233290186	[0.6717514421272202, -0.67175144212722, 0.0]	0.40417045101321064
1	[-0.8400077372572654, 0.5216390497379884, 0.14926387083409495]	0.42248140490724706	0.577518595092753	[-0.35488764896940705, 0.22038279858778653, 0.06306120985188203]	0.7140940912267242	0.5523148949645232	[-0.4077868554219187, 0.18044165700403453, 0.10658844820350254]	[0.1920577063382253, -0.19205770616698628, 7.246433431421297e-12]	0.5536111444066093	[-0.95, 0.0, 0.0]	0.40417045101321064
1	[-0.5627379067032513, -0.09880880506420255, -0.8207087597930384]	-6.940322556665253e-10	1.0000000006940322	[3.9055778056074075e-10, 6.857628354062228e-11, 5.695986847137593e-10]	0.5365083296686426	0.8623743801932953	[-0.3019135743690986, -0.053011747057400554, 2.1512392856271347e-10]	[-2.508613017543816e-12, -9.5850408891775e-11, 0.4403170860761102]	0.9128515636530522	[-0.95, 0.0, 0.0]	0.40417045101321064
1	[-0.5823232659116057, -0.7904095113060299, 0.1901378931591604]	0.35438788821532546	0.6456121117846744	[-0.20636831246506543, -0.28011155753705136, 0.06738256642638588]	0.652067670823327	0.6734778660752898	[-0.14599013192713794, -0.28167644536861536, 0.12398277315672399]	[0.23372404374207548, 0.23372404366531166, 2.917560168725084e-11]	0.8922364007189737	[-0.95, 0.0, 0.0]	0.40417045101321064
1	[-0.3470600964699847, -0.9352897083220022, 0.06915526693744163]	0.35524583613151617	0.6447541638684839	[-0.12329165415836428, -0.33225777445805144, 0.024567120626088658]	0.6529174631074061	0.6608565111265366	[0.006551596328857042, -0.3775137901332567, 0.04515268159798659]	[0.23315319406185103, 0.23315319349481076, 1.4867733655955965e-10]	0.9999999999999999	[0.0, 0.0, 0.0]	0.40417045101321064
1	[0.5903105937608876, -0.7751860602889039, 0.22498883267272618]	0.6307502265147275	0.3692497734852723	[0.3723385407287232, -0.48894878311828543, 0.14191175717160617]	0.820112984608091	0.24239386412749872	[0.5412787412321933, -0.5412787412170726, 0.18451626308673102]	[0.05715735833717727, 0.09446141231304794, 2.0011178313939915e-11]	0.2606747146240258	[0.6717514421272202, -0.67175144212722, 0.0]	0.40417045101321064
1	[-0.5005802197939991, -0.3153195029069573, -0.8062214674873777]	-6.52905695222414e-10	1.0000000006529055	[3.2683111772513485e-10, 2.058733045151584e-10, 5.263871320655677e-10]	0.5409340550343276	0.8507373613361735	[-0.2707808881478745, -0.1705670573346542, 7.173011509140612e-12]	[1.526840147323681e-11, 4.214632044145841e-12, 0.4361126476708465]	0.9753961156327215	[-0.95, 0.0, 0.0]	0.40417045101321064
1	[0.898295633071446, 0.35603163766722934, -0.2575003467662926]	1.5566385138990644e-09	0.9999999984433635	[1.398320681467169e-09, 5.542116071621805e-10, -4.0083199188139875e-10]	0.7867492564269747	0.3297983703064583	[0.7067334213700887, 0.2801076261993067, 5.3164632472483364e-12]	[-4.700358081301828e-13, 1.358858304399486e-13, 0.2025882063533853]	0.44242321047188826	[0.95, 0.0, 0.0]	0.40417045101321064
1	[0.046814467694287085, -0.31486946972487456, -0.9479797585653803]	-5.403321512999733e-10	1.000000000540332	[-2.5295585071027915e-11, 1.7013386532926944e-10, 5.122240024608803e-10]	0.5005322075432453	0.9612207422154714	[0.0234321490004068, -0.157602310924553, 2.9059540620145406e-10]	[1.4042348380990618e-10, -1.5519019027177146e-10, 0.47449440155163797]	0.9999999999999999	[0.0, 0.0, 0.0]	0.40417045101321064
1	[-0.6557911630374385, -0.3963743825863497, 0.6425148241957486]	0.42124149760574814	0.5787585023942518	[-0.2762464516345059, -0.16696933853322773, 0.27065390677811113]	0.7130550372912801	0.5225304363969068	[-0.2748594997042285, -0.08988105764569367, 0.45814843192709975]	[0.192755692510724, 0.19275569251072397, 0.0]	0.8102448952192582	[-0.95, 0.0, 0.0]	0.40417045101321064
1	[-0.6503901416184334, 0.6509630825253956, 0.3914584637922513]	0.363509395148026	0.6364906048519741	[-0.23642292698995568, 0.23663119639250105, 0.1422988293986967]	0.6610064827029588	0.6477235466321641	[-0.20219271577981388, 0.20257143343352157, 0.2587565822756196]	[0.22771938411606618, -0.22771938411606613, 0.0]	0.816552956595576	[-0.95, 0.0, 0.0]	0.40417045101321064
1	[0.0436332048721218, -0.06677529962391429, -0.9968135245835722]	0.0	1.0	[0.0, 0.0, 0.0]	0.4879768853070851	0.9976498997700094	[0.021291995409463915, -0.032584802725925094, 0.0]	[0.0, 0.0, 0.48642195895826906]	1.0	[0.0, 0.0, 0.0]	0.40417045101321064
1	[-0.06889079567394185, 0.3975793607448141, 0.9149779834406706]	0.4887559723392963	0.5112440276607036	[-0.033670787824845255, 0.19431928704286744, 0.4472009539655935]	0.7654802274068315	0.37296784776344355	[0.10480445350808212, 0.14680014402839434, 0.7003975548364086]	[0.1575389954468087, -0.15753899544680866, 0.0]	0.405020779050564	[0.0, 0.0, 0.95]	0.40417045101321064
1	[0.9860011347815463, -0.14997046261515515, -0.07287401836388196]	0.0	1.0	[0.0, 0.0, 0.0]	0.9174334285596676	0.11879160898738543	[0.8930092192985375, -0.13758791569970122, 0.0]	[-0.011581182347819366, 0.0, 0.0668570605204964]	0.17058090137838444	[0.95, 0.0, 0.0]	0.40417045101321064
1	[0.5083228987278984, -0.8547325921274783, -0.10507153079644761]	0.0	1.0	[0.0, 0.0, 0.0]	0.7906446819516437	0.2822704923801575	[0.4837951699793197, -0.5938974050704713, 0.0]	[0.08189237338586292, 0.0818923733858629, 0.08307424704872966]	0.2668913948349588	[0.6717514421272202, -0.67175144212722, 0.0]	0.40417045101321064
1	[0.6325661785202784, 0.28148587773129363, 0.7215439906409687]	0.6459485195907554	0.35405148040924456	[0.4086051865583553, 0.1818253860062335, 0.46608027257413964]	0.7848951676220863	0.37899833966593377	[0.29214854596271844, 0.22093690518515383, 0.5663363914808522]	[-0.20434959075901804, 0.0, 0.0]	0.7290860153522074	[0.0, 0.0, 0.95]	0.40417045101321064
1	[0.023793693056283344, 0.04289796032026491, 0.9987960878833599]	0.8807981286982969	0.11920187130170316	[0.02095744031879603, 0.037784443175063125, 0.8797377251588431]	0.9297259363650552	0.07597939882726149	[0.015127398381748253, 0.015127398381748251, 0.9286066280451107]	[-0.006994215174587485, -0.024755947945161026, 0.0]	0.06919127850832242	[0.0, 0.0, 0.95]	0.40417045101321064
1	[-0.14906694810830792, -0.8342125868124517, -0.5309128035613311]	0.0	0.9999999999999999	[0.0, 0.0, 0.0]	0.5652401485182201	0.7061389253931964	[-0.004406025965585647, -0.39167784854332666, 0.0]	[0.07985259792231213, 0.07985259792231211, 0.3000932319352314]	0.9909615826391213	[0.6717514421272202, -0.67175144212722, 0.0]	0.40417045101321064
1	[-0.2943098771635715, -0.7679763716068763, 0.5688532225956892]	0.34962177361326296	0.650378226386737	[-0.1028971412458295, -0.2685012611342744, 0.19888347260952513]	0.6473120981059759	0.6435645504589914	[0.04640826263807074, -0.2602017896825274, 0.36822557303276127]	[0.23691860671813422, 0.2369186067181342, 0.0]	0.9064650445925594	[0.0, 0.0, 0.95]	0.40417045101321064
1	[-0.04834958995474442, -0.2654909294318255, -0.9629002458929136]	0.0	0.9999999999999999	[0.0, 0.0, 0.0]	0.49662809236377825	0.9724345959803132	[-0.024011764625795573, -0.13185025382361396, 0.0]	[0.0, 0.0, 0.47820331225441065]	0.9999999999999999	[0.0, 0.0, 0.0]	0.40417045101321064
1	[0.221476007748747, -0.4106734513418808, 0.8844748127304841]	0.5742081808037646	0.4257918191962355	[0.12717333550108847, -0.2358120553994247, 0.5078726731847216]	0.7546117708120827	0.3033843171804425	[0.19980355361082183, -0.19980355361082178, 0.6674351046732359]	[0.03267515121114925, 0.11009546673178468, 0.0]	0.4711664841773875	[0.0, 0.0, 0.95]	0.40417045101321064
1	[-0.9284253285745718, -0.13808181841230865, -0.3449055242891136]	0.0	0.9999999999999999	[0.0, 0.0, 0.0]	0.7336442560329162	0.42598773816542507	[-0.6811339094642075, -0.10130293294077039, 0.0]	[0.0, 0.0, 0.25303795676872964]	0.3721449659854521	[-0.95, 0.0, 0.0]	0.40417045101321064
1	[-0.9242757874514296, -0.2829221709872863, 0.2562602464193005]	0.5097740928896572	0.49022590711034275	[-0.4711718511279262, -0.14422639307341636, 0.13063483466207895]	0.7802370862909269	0.4125678625703887	[-0.5735281931202059, -0.07312031612807392, 0.19994374799838996]	[0.1476260542101497, 0.14762605421014968, 0.0]	0.3825911706277131	[-0.95, 0.0, 0.0]	0.40417045101321064
1	[0.4627939954675316, 0.4749993593769372, -0.7484633099562714]	0.0	1.0	[0.0, 0.0, 0.0]	0.559329126764863	0.8034942237085345	[0.25885416135687644, 0.2656809768941715, 0.0]	[0.0, 0.0, 0.4186373295733803]	0.8016058401308016	[0.6717514421272202, 0.67175144212722, 0.0]	0.40417045101321064
1	[-0.02326142392409699, 0.5206543965570728, -0.8534505876164207]	0.0	1.0	[0.0, 0.0, 0.0]	0.5267679672086792	0.8883733908535849	[-0.012253372994875916, 0.2742640580926307, 0.0]	[0.0, 0.0, 0.4495704311517547]	1.0	[0.0, 0.0, 0.0]	0.40417045101321064
1	[-0.049678028172980324, -0.3072325353012995, 0.9503369206598155]	0.5454316104907936	0.45456838950920647	[-0.027095966912395686, -0.1675743365245574, 0.5183437971443446]	0.8037937382638043	0.30282009224417433	[0.09187095130094594, -0.11514974879041735, 0.7638748660672654]	[0.1318018392756804, 0.13180183927568037, 0.0]	0.311223152651519	[0.0, 0.0, 0.95]	0.40417045101321064
1	[-0.2408160895132035, -0.029964541649743767, -0.9701081059733959]	0.0	1.0	[0.0, 0.0, 0.0]	0.49476380889418664	0.9778252800279621	[-0.1191470856905559, -0.01482537075839574, 0.0]	[0.0, 0.0, 0.47997438155052263]	1.0	[0.0, 0.0, 0.0]	0.40417045101321064
1	[-0.4190967468538468, -0.005998420409635007, -0.9079217674057122]	0.0	1.0	[0.0, 0.0, 0.0]	0.5113240054916423	0.9307387389461764	[-0.21429422728982583, -0.003067136350477395, 0.0]	[0.0, 0.0, 0.46424219478293993]	1.0	[0.0, 0.0, 0.0]	0.40417045101321064
1	[0.5973588228671314, -0.7944560794217789, -0.10955352396235898]	0.0	0.9999999999999999	[0.0, 0.0, 0.0]	0.8362525777320201	0.21330979422618404	[0.5447592471237054, -0.6191495526412354, 0.0]	[0.04521639167010168, 0.04521639167010167, 0.09161441681314933]	0.1805343857178929	[0.6717514421272202, -0.67175144212722, 0.0]	0.40417045101321064
1	[-0.28552847098575684, 0.9469432564362485, -0.1475532491897388]	0.0	1.0	[0.0, 0.0, 0.0]	0.6211965215211801	0.6412126659546098	[0.012279389911197536, 0.3985891740933256, 0.0]	[0.1896486828828108, -0.18964868288281078, 0.09165956513581364]	1.0	[0.0, 0.0, 0.0]	0.40417045101321064
1	[-0.006529993679506635, -0.13584444630828008, 0.9907086582793866]	0.716875003947062	0.283124996052938	[-0.004681189244770595, -0.09738348798343475, 0.7102142733144238]	0.8854264620542033	0.15286247808321674	[0.05147761251211219, -0.051477612512112185, 0.8771996622267839]	[0.05725944171299405, 0.06880265497234041, 0.0]	0.14196319688273246	[0.0, 0.0, 0.95]	0.40417045101321064
1	[0.26614320307009814, 0.525598084651251, -0.8080312177574113]	0.0	1.0	[0.0, 0.0, 0.0]	0.5403772074149193	0.8521956063549745	[0.14381772084748146, 0.28402122520647344, 0.0]	[0.0, 0.0, 0.4366416529558265]	0.9158565915922878	[0.6717514421272202, 0.67175144212722, 0.0]	0.40417045101321064
1	[0.05651616896963574, -0.07584795636522534, -0.995516453987685]	0.0	1.0	[0.0, 0.0, 0.0]	0.48830221818623254	0.9966923506500295	[0.027596970671261045, -0.03703672533803212, 0.0]	[0.0, 0.0, 0.48611289272307906]	1.0	[0.0, 0.0, 0.0]	0.40417045101321064
1	[0.6197702497589663, 0.19415633083075332, -0.7603868467510783]	0.0	1.0	[0.0, 0.0, 0.0]	0.5554299027758243	0.8133610108946937	[0.344238929566971, 0.10784023195663608, 0.0]	[0.0, 0.0, 0.422341592362967]	0.8514320439459419	[0.95, 0.0, 0.0]	0.40417045101321064
1	[-0.9193028320914569, 0.3682507660334217, -0.13882966622600743]	0.0	1.0	[0.0, 0.0, 0.0]	0.7310115780103206	0.43522461981433747	[-0.5630891583963514, 0.16026371802141956, 0.0]	[0.10893185556018141, -0.1089318555601814, 0.10148609338251979]	0.3947462717065632	[-0.95, 0.0, 0.0]	0.40417045101321064
1	[-0.14151953167809056, -0.9882797815310014, 0.0572301980657959]	0.3675520156565096	0.6324479843434905	[-0.052015789123047496, -0.3632442257342945, 0.021035074655504558]	0.6649014231723053	0.6197411173344562	[0.13100641421934234, -0.4320056809935949, 0.03805244014238061]	[0.22510295223878302, 0.22510295223878296, 0.0]	0.8745714162094506	[0.6717514421272202, -0.67175144212722, 0.0]	0.40417045101321064
1	[-0.5624812591332691, 0.74274176037644, -0.3632485519816412]	0.0	0.9999999999999999	[0.0, 0.0, 0.0]	0.5869445110322886	0.6699178644772015	[-0.20343460149757187, 0.30923751325818, 0.0]	[0.12671068610923086, -0.12671068610923086, 0.21320674372605125]	0.9131186164167219	[-0.95, 0.0, 0.0]	0.40417045101321064
1	[0.2810337746450933, -0.8702618085745263, 0.4045545723945357]	0.4270586790679572	0.5729413209320429	[0.12001791257341549, -0.37165285841312856, 0.17276854129771266]	0.7179033683941691	0.46302787734596296	[0.39125391255068837, -0.43526506466000586, 0.2904310902212999]	[0.18949881910044805, 0.189498819100448, 0.0]	0.5964319435736514	[0.6717514421272202, -0.67175144212722, 0.0]	0.40417045101321064
1	[-0.3193872625986172, -0.1853516585086434, -0.9293204717307465]	0.0	1.0	[0.0, 0.0, 0.0]	0.505501863194788	0.9470909560687049	[-0.161450856324284, -0.09369560872236331, 0.0]	[0.0, 0.0, 0.4697732299649516]	1.0	[0.0, 0.0, 0.0]	0.40417045101321064
1	[-0.7929808338988992, -0.00991516019342563, 0.6091658942089136]	0.6661598978799222	0.33384010212007786	[-0.5282520313308262, -0.006605082101915488, 0.4058018898781414]	0.806364774011379	0.3545354448395821	[-0.4587900813807896, 0.0, 0.49120991861921026]	[0.18064172954145122, 0.007995235908658279, 0.0]	0.6291553191320023	[-0.95, 0.0, 0.0]	0.40417045101321064
1	[-0.3435991741891739, 0.9190390325182507, -0.19314984909244817]	0.0	1.0	[0.0, 0.0, 0.0]	0.6094331486931185	0.6519246628867036	[-0.030271778356863732, 0.38096390310187495, 0.0]	[0.17912894825759987, -0.17912894825759984, 0.11771192070201136]	1.0	[0.0, 0.0, 0.0]	0.40417045101321064
1	[0.3173518584167609, 0.4803910367019424, -0.8176259840635334]	0.0	1.0	[0.0, 0.0, 0.0]	0.5374440116659059	0.8599050644729261	[0.17055885589713465, 0.2581832859334354, 0.0]	[0.0, 0.0, 0.43942818891738944]	0.9114439749729737	[0.6717514421272202, 0.67175144212722, 0.0]	0.40417045101321064
1	[0.19112905340289493, 0.955407186083941, -0.22509285578284977]	0.0	0.9999999999999999	[0.0, 0.0, 0.0]	0.6549417734448512	0.51333436232229	[0.25272816161804507, 0.49818631639025396, 0.0]	[0.12754976042551738, -0.12754976042551736, 0.14742271415618574]	0.6017684399727158	[0.6717514421272202, 0.67175144212722, 0.0]	0.40417045101321064
1	[-0.5233582104380237, 0.36780142117461495, -0.7686470569442408]	0.0	1.0	[0.0, 0.0, 0.0]	0.5527603798356961	0.8201610594190318	[-0.28929168319185217, 0.20330605327258905, 0.0]	[0.0, 0.0, 0.42487763915608856]	0.9529529894846624	[-0.95, 0.0, 0.0]	0.40417045101321064
1	[0.07227587025157346, 0.95646664736232, 0.2827503334442972]	0.377045589123912	0.6229544108760882	[0.027251298078447894, 0.3606315305320989, 0.10660976604848758]	0.6738917139386877	0.5732843484532556	[0.2677698215315656, 0.42549123686486184, 0.19054310682151288]	[0.21906371145132253, -0.21906371145132247, 0.0]	0.7213747018232342	[0.6717514421272202, 0.67175144212722, 0.0]	0.40417045101321064
1	[0.7312398246119238, -0.5217161373985356, -0.4394321231765779]	0.0	1.0	[0.0, 0.0, 0.0]	0.683732572576536	0.5232693124834747	[0.49997248645232567, -0.35671431677819415, 0.0]	[0.0, 0.0, 0.30045405605229086]	0.46813465070976185	[0.6717514421272202, -0.67175144212722, 0.0]	0.40417045101321064
1	[0.2017951317312817, -0.9505822173789635, 0.235949513270207]	0.4078893769414486	0.5921106230585513	[0.08231009055169003, -0.3877323883783261, 0.0962412999574228]	0.7016672258822848	0.5087861986338714	[0.34199850152582806, -0.46658691619393905, 0.1655580404245815]	[0.20040547124738936, 0.20040547124738933, 0.0]	0.5952123215466053	[0.6717514421272202, -0.67175144212722, 0.0]	0.40417045101321064
1	[-0.5425391588143534, 0.6413296677530546, -0.542538034070212]	0.0	1.0	[0.0, 0.0, 0.0]	0.5696200533973629	0.7120000841206361	[-0.23845749910059, 0.2947305540774057, 0.0]	[0.07058368551340227, -0.07058368551340226, 0.3090405439371744]	0.9336356881850267	[-0.95, 0.0, 0.0]	0.40417045101321064
1	[0.7128643642357262, 0.3641446114649132, -0.5993522337856607]	0.0	1.0	[0.0, 0.0, 0.0]	0.6131594735425567	0.6746202926430414	[0.43709953828202724, 0.223278718259185, 0.0]	[0.0, 0.0, 0.3674985001345711]	0.6749335780491814	[0.6717514421272202, 0.67175144212722, 0.0]	0.40417045101321064
1	[0.8693840676576888, 0.2901848781877038, 0.39995509669731516]	0.6836806342636645	0.3163193657363354	[0.5943810507949334, 0.19839378157309356, 0.2734415541870057]	0.8121262671203238	0.35419703511126815	[0.5275695913250297, 0.23566676189734578, 0.3248140396965387]	[-0.17848004623569236, 0.0, 0.0]	0.5006698227878242	[0.95, 0.0, 0.0]	0.40417045101321064
1	[0.34368895639038327, 0.8521586299346748, -0.3945929176799136]	0.0	1.0	[0.0, 0.0, 0.0]	0.6539665215401207	0.5285661653436027	[0.27474026017309755, 0.5073040261480499, 0.0]	[0.049979188870724355, -0.04997918887072434, 0.2580505577995003]	0.5439442238351039	[0.6717514421272202, 0.67175144212722, 0.0]	0.40417045101321064
1	[-0.3229166087420399, -0.915894291117339, -0.2384586154811929]	0.0	1.0	[0.0, 0.0, 0.0]	0.6002847389841462	0.6551330085939123	[-0.026550043052446626, -0.3825054963405272, 0.0]	[0.16729186913991445, 0.16729186913991442, 0.1431430677526488]	1.0	[0.0, 0.0, 0.0]	0.40417045101321064
1	[0.773680262255319, -0.4033464444766593, -0.488600550065775]	0.0	1.0	[0.0, 0.0, 0.0]	0.6603639905160362	0.5714410978857677	[0.510910585366416, -0.2663554676350617, 0.0]	[0.0, 0.0, 0.32265420900976555]	0.5667108827798191	[0.6717514421272202, -0.67175144212722, 0.0]	0.40417045101321064
1	[-0.8610281677669389, 0.09672338193413532, -0.49927455542930654]	0.0	1.0	[0.0, 0.0, 0.0]	0.6555003649523049	0.5816967542569087	[-0.5644042782054429, 0.0634022121572469, 0.0]	[0.0, 0.0, 0.32727465329531025]	0.5162813973433638	[-0.95, 0.0, 0.0]	0.40417045101321064
1	[-0.2397304049013131, -0.9271160155267727, -0.28807156527434874]	0.0	0.9999999999999999	[0.0, 0.0, 0.0]	0.5932923376782783	0.652455062391908	[0.010124165077248948, -0.3976964507371408, 0.0]	[0.1523543774137091, 0.15235437741370908, 0.1709106523802591]	0.9894419889663545	[0.6717514421272202, -0.67175144212722, 0.0]	0.40417045101321064
1	[0.07615057952748802, 0.3647990422109022, -0.9279669972793408]	0.0	1.0	[0.0, 0.0, 0.0]	0.5058661847499395	0.9460613936068379	[0.03852200313206719, 0.18453949968366123, 0.0]	[0.0, 0.0, 0.46942712448755763]	1.0	[0.0, 0.0, 0.0]	0.40417045101321064
1	[0.5619623156357962, 0.7192070340136566, 0.40858242501425923]	0.600149284905213	0.399850715094787	[0.33726128187250076, 0.4316315871620952, 0.2452104501971455]	0.7659368787203927	0.3062693530835406	[0.4504635435793563, 0.4504635435793562, 0.31294834731543064]	[0.020035881582790266, -0.10040364720681534, 0.0]	0.4257291198961784	[0.6717514421272202, 0.67175144212722, 0.0]	0.40417045101321064
1	[0.44412791507195065, 0.14775282305008647, 0.8836964967309602]	0.6839326619104533	0.3160673380895467	[0.303753587183899, 0.10105298157342982, 0.6043888973301478]	0.8123040515581175	0.31105149254556463	[0.1824557538032165, 0.12002021679273485, 0.7178302446422736]	[-0.1783111510197885, 0.0, 0.0]	0.47273317655012914	[0.0, 0.0, 0.95]	0.40417045101321064
1	[-0.10531262668904444, 0.1430812267902794, 0.984091973953676]	0.6620978482077988	0.3379021517922012	[-0.06972726351992752, 0.09473377237677603, 0.6515651783932941]	0.8699598901847166	0.19446183667186498	[-0.0042631298466664705, 0.03712029704316734, 0.856120545592401]	[0.08735463130279869, -0.08735463130279868, 0.0]	0.1809012147223327	[0.0, 0.0, 0.95]	0.40417045101321064
1	[0.6544874205137956, 0.7551186024487893, -0.03797515799816128]	0.0	0.9999999999999999	[0.0, 0.0, 0.0]	0.912708123366045	0.10945463917481421	[0.6314859420175822, 0.6550729258860727, 0.0]	[0.03412995667375228, -0.03412995667375227, 0.034660235191030835]	0.09322147009855791	[0.6717514421272202, 0.67175144212722, 0.0]	0.40417045101321064
1	[0.9321178315257292, -0.3469511665556093, 0.10383273172499087]	0.80531511917462	0.19468488082537996	[0.7506485825799311, -0.27940502004250395, 0.08361806872333737]	0.8921601670768764	0.20669055908825465	[0.7291505590323629, -0.30953601072176956, 0.09263542728381634]	[-0.10244784127696752, 0.0, 0.0]	0.3625963597460877	[0.95, 0.0, 0.0]	0.40417045101321064
1	[-0.12823029057876226, 0.7068368935540821, 0.6956569546039927]	0.3754432512684461	0.624556748731554	[-0.04814319720598803, 0.26537714143243313, 0.2611797088040288]	0.672389484485991	0.5697423952144111	[0.13385213727483475, 0.2551968582199311, 0.4677524210852731]	[0.2200728362525775, -0.22007283625257745, 0.0]	0.7620707226054639	[0.0, 0.0, 0.95]	0.40417045101321064
1	[-0.962433976043306, 0.09758660131552688, 0.2533726445399293]	0.6545397595927744	0.3454602404072256	[-0.6299513033033035, 0.06387431056454089, 0.1658424698445508]	0.8611982665793656	0.25289105653124644	[-0.7317959177235831, 0.0, 0.21820408227641688]	[0.09705055414199865, -0.0840414118943034, 0.0]	0.27180037806765184	[-0.95, 0.0, 0.0]	0.40417045101321064
1	[-0.7609264231653305, 0.10779343393573584, 0.6398215017715165]	0.5719500195242135	0.4280499804757866	[-0.43521188258590077, 0.061652456644126136, 0.3659459204302305]	0.7931877935657385	0.3612800465992912	[-0.44250139473393335, 0.0, 0.5074986052660665]	[0.16105615592244485, -0.08550043602436053, 0.0]	0.6758252703072535	[-0.95, 0.0, 0.0]	0.40417045101321064
1	[-0.9131033657298079, 0.32277505933446543, -0.24911544425131257]	0.0	0.9999999999999999	[0.0, 0.0, 0.0]	0.7070657335945151	0.4530734908684957	[-0.5733955767732479, 0.1559946597502177, 0.0]	[0.07222852436411924, -0.07222852436411922, 0.17614099433927785]	0.40939419281832123	[-0.95, 0.0, 0.0]	0.40417045101321064
1	[-0.9103263181417157, -0.3426501571735635, -0.23215698199166843]	0.0	0.9999999999999999	[0.0, 0.0, 0.0]	0.7064090548936013	0.4565459294261338	[-0.5618065656762334, -0.16079498532109343, 0.0]	[0.08125618836702757, 0.08125618836702755, 0.1639977942356853]	0.4157884023523744	[-0.95, 0.0, 0.0]	0.40417045101321064
1	[0.20277089217358854, -0.8400177881465345, 0.5032435602017488]	0.40799585907354924	0.5920041409264508	[0.0827296843474733, -0.34272377911190804, 0.20532128866774388]	0.7017595058430235	0.49535250588683205	[0.34263988314177024, -0.3891469858583779, 0.35315595212586304]	[0.2003434820506837, 0.20034348205068367, 0.0]	0.7081739901479251	[0.6717514421272202, -0.67175144212722, 0.0]	0.40417045101321064
1	[-0.5010744317203609, -0.853498243722666, -0.14305649876339802]	0.0	1.0	[0.0, 0.0, 0.0]	0.6236937876231703	0.6515578954400002	[-0.12282327557844591, -0.34262781773475975, 0.0]	[0.18969373462235356, 0.18969373462235353, 0.0892234495578531]	0.9749146525369871	[-0.95, 0.0, 0.0]	0.40417045101321064
1	[-0.803524882586472, -0.5945025423763795, -0.030240538560309515]	0.0	1.0	[0.0, 0.0, 0.0]	0.7042992276122	0.5544866514963522	[-0.38234476843141174, -0.23513049566774907, 0.0]	[0.1835771857414242, 0.18357718574142418, 0.021298387950602942]	0.6130275059780786	[-0.95, 0.0, 0.0]	0.40417045101321064
