1	[0.056057202245361565, 0.4011216630813606, 0.9143079358089735]	0.5091303788710381	0.49086962112896193	[0.028540424617631337, 0.20422322429799378, 0.46550194576321957]	0.7629463019156842	0.33876731777487945	[0.16435434342909616, 0.16435434339820262, 0.6975678584493175]	[0.12158570828025793, -0.14167994606799048, 1.1698371825422996e-11]	0.4053236230412795	[0.0, 0.0, 0.93]	0.37917752612991185
1	[0.9594294997721994, -0.10872397539467572, 0.2601425227471381]	0.7354063535889526	0.2645936464110473	[0.7055705499531462, -0.07995630229269314, 0.1913104640669037]	0.8475321660380415	0.29126699437414777	[0.6713522784766687, -0.09214706630497527, 0.2204791559280257]	[-0.14179508362605814, 6.154078970911031e-11, 1.4554327213503263e-10]	0.28348038807598175	[0.93, 0.0, 0.0]	0.37917752612991185
1	[0.6546620075265115, -0.33805347936521724, 0.6761194428430739]	0.6323055995671343	0.3676944004328658	[0.4139464531828746, -0.21375310795577954, 0.4275141096858866]	0.7747392400359538	0.39549601561489345	[0.29769983949740664, -0.26190329569549303, 0.5238162633283823]	[-0.20949250669409486, -5.746104075590389e-13, 6.606765250157996e-12]	0.7478382941650644	[0.6576093065034893, -0.6576093065034891, 0.0]	0.37917752612991185
1	[-0.5443705237841608, -0.47920061531305314, -0.6884965527281526]	-6.1392573197017235e-12	1.0000000000061393	[3.342007226514454e-12, 2.941938359590779e-12, 4.226866522814053e-12]	0.5661278984610479	0.7627888812720198	[-0.29847904533256187, -0.26158454382232876, 3.830815197188062e-10]	[0.009704295281504807, 0.009704293466090185, 0.3897771068767468]	0.9232393112088875	[-0.93, 0.0, 0.0]	0.37917752612991185
1	[-0.9705434889992891, -0.09632939327280118, 0.2208302152169867]	0.6531204193179909	0.34687958068200925	[-0.6338817705015616, -0.0629146937269785, 0.14422872276060023]	0.8606032567295557	0.2517916066794004	[-0.7399527968072944, -5.899796320054073e-11, 0.19004720250427248]	[0.09530009062315933, 0.0829013895103573, 1.0424528023324768e-10]	0.24431354948369552	[-0.93, 0.0, 0.0]	0.37917752612991185
1	[-0.23769481941201118, -0.11551148820200527, 0.9644471312197728]	0.6279492707896448	0.37205072921035537	[-0.14926028852024903, -0.07253535478427642, 0.6056238727646209]	0.8521263154691987	0.22569242611493603	[-0.10530289971192079, -0.0011872681161204472, 0.8218307804547751]	[0.09724311095975313, 0.09724311071981732, 6.363093420123831e-11]	0.2665114180128552	[0.0, 0.0, 0.93]	0.37917752612991185
1	[0.8849441313699953, 0.3652531521974345, 0.28890140041827816]	0.7018135171379586	0.2981864828620416	[0.6210657533073719, 0.2563395993894076, 0.20275490793363335]	0.8247831029753254	0.32831065059586995	[0.566935253140722, 0.30125462821640825, 0.23828099356202453]	[-0.1629517134904265, -2.4510561124928528e-11, 7.112019821051423e-11]	0.46787168716626654	[0.93, 0.0, 0.0]	0.37917752612991185
1	[-0.0946035957855353, 0.7127331833516167, -0.6950263081451793]	-4.6135449526906386e-12	1.0000000000046134	[4.364009154045334e-13, -3.288244676546981e-12, 3.206512381568037e-12]	0.5533229796412196	0.7764522230535965	[-0.03054228083328456, 0.37256758604660983, 5.518236806327681e-12]	[0.021804062671541384, -0.021804062654678456, 0.38457402775744526]	0.9999999999999999	[0.0, 0.0, 0.0]	0.37917752612991185
1	[-0.8665279513224694, 0.3243358013141649, 0.3793884520683025]	0.458369164361019	0.5416308356389812	[-0.39718969294314593, 0.1486655302207352, 0.1738999677427683]	0.7428887459546546	0.47625625844421277	[-0.47465511026950435, 0.07186666414583737, 0.2818434115493781]	[0.16907875282310095, -0.16907875256064045, 1.6267933748049011e-10]	0.5031481000065556	[-0.93, 0.0, 0.0]	0.37917752612991185
1	[-0.5743041548288251, 0.15661431879424942, -0.8035214327539509]	-6.900296529449196e-10	1.0000000006900296	[3.962863925899285e-10, -1.0806817940522961e-10, 5.54454081692331e-10]	0.5364802422981754	0.8495761896566354	[-0.30810283184217396, 0.08402048776224112, 2.941912046896227e-10]	[2.932432640427942e-10, 6.813804302654937e-11, 0.43107337322980777]	0.8925773199103736	[-0.93, 0.0, 0.0]	0.37917752612991185
1	[0.4700823827733239, -0.48173766045396643, -0.7395616133267688]	-3.776763733750632e-10	1.0000000003776763	[-1.775391500480339e-10, 1.8194055984022128e-10, 2.7931506594147703e-10]	0.557032451821009	0.7974012120931137	[0.2618511423046129, -0.26834351025108716, 1.9817587967124033e-10]	[7.052625500490208e-11, -1.13897114967505e-10, 0.41195981894228695]	0.7829741776804399	[0.6576093065034893, -0.6576093065034891, 0.0]	0.37917752612991185
1	[-0.5578337547883747, -0.6983624372220631, 0.4484544662459758]	0.34543157381517364	0.6545684261848264	[-0.19269339184377593, -0.24123643578301765, 0.15491033205979104]	0.6430818727108466	0.6693592555098132	[-0.1240200936322916, -0.21439154191253684, 0.2883929380004225]	[0.23471268205833953, 0.23471268204713872, 2.1417217203632685e-11]	0.9095763937644945	[-0.93, 0.0, 0.0]	0.37917752612991185
1	[0.6508980740440835, 0.5825619344962585, -0.48677848112019056]	-3.967430572279157e-11	1.0000000000396743	[-2.582378755278114e-11, -2.3112317615314737e-11, 1.9313228808652133e-11]	0.6564187777527395	0.571864906069181	[0.4272617184521546, 0.38240459314082675, 2.78277454980593e-10]	[2.465252091419939e-10, 1.3352072877128355e-10, 0.3195305358915276]	0.4925753123817672	[0.6576093065034893, 0.6576093065034891, 0.0]	0.37917752612991185
1	[-0.4822535042821636, 0.2076785807285885, 0.8510588491485958]	0.5068968492381644	0.49310315076183564	[-0.2444527818546924, 0.10527161822557542, 0.4313990491496813]	0.7782567540379101	0.36920826576594434	[-0.22949662469531093, 0.01580683595460199, 0.6623422974399561]	[0.14582042217073313, -0.14582042216642918, 6.330566395503463e-12]	0.5309713180423326	[0.0, 0.0, 0.93]	0.37917752612991185
1	[-0.7667129585341538, -0.21717061744090388, 0.6041425015144536]	0.49072588473317286	0.5092741152668271	[-0.37624589491306126, -0.10657124338173725, 0.2964683635605922]	0.7668924166325856	0.41431041509853517	[-0.4346926384607782, -0.013252784986928454, 0.46331230331546586]	[0.1532937151729984, 0.15329371464391686, 3.385906994559477e-10]	0.6624302960511951	[-0.93, 0.0, 0.0]	0.37917752612991185
1	[-0.27321334538383074, 0.9284012335025322, -0.25184443121727373]	-6.630481199618482e-11	1.0000000000663047	[1.81153703149306e-11, -6.155753684566889e-11, 1.669834682191066e-11]	0.5915310473693637	0.6582413455567453	[0.0016584237572708058, 0.3859055542668883, 1.0126828917664673e-11]	[0.16327260010745592, -0.16327259976587374, 0.14897380018222242]	0.9999999999999999	[0.0, 0.0, 0.0]	0.37917752612991185
1	[-0.16509556563678984, -0.6493980067248306, 0.7423110419957967]	0.37572841562101655	0.6242715843789836	[-0.062031095302766605, -0.24399728417416688, 0.2789073517070665]	0.6726572774315744	0.5609069937835981	[0.10421088657146421, -0.22155867548854538, 0.4993209246625091]	[0.21526362026873272, 0.2152636196844704, 1.462211909218677e-10]	0.695845860724786	[0.0, 0.0, 0.93]	0.37917752612991185
1	[-0.3998260039937436, -0.6053196966017631, 0.6882784548686267]	0.3647809155606419	0.635219084439358	[-0.14584889580179067, -0.2208090731332812, 0.25107084492764153]	0.6622359109511003	0.6029714651795774	[-0.042662329870075705, -0.17874763285054865, 0.45580270960835545]	[0.2221168081066593, 0.22211680784516352, 6.041451555721407e-11]	0.7646581418806407	[0.0, 0.0, 0.93]	0.37917752612991185
1	[0.42091944114580687, -0.7688266056295766, -0.4813859932960296]	-1.1417989006132306e-10	1.0000000001141798	[-4.806050002414963e-11, 8.778378024487665e-11, 5.4965830755112426e-11]	0.6556874674065629	0.5688645380714726	[0.27922441847802065, -0.5008771539489032, 2.9983187521397015e-11]	[0.003232816130940639, 0.0032328159711377978, 0.3156387628192497]	0.547835609037551	[0.6576093065034893, -0.6576093065034891, 0.0]	0.37917752612991185
1	[-0.8400077372572654, 0.5216390497379884, 0.14926387083409495]	0.41358705954109054	0.5864129404589095	[-0.34741633004399736, 0.21574316072294328, 0.06173360543399424]	0.7065716223981288	0.561036530767627	[-0.4005643980360076, 0.17561411813662955, 0.10546561538801685]	[0.1929612317048394, -0.19296123154295902, 7.34569998841802e-12]	0.5499869168457431	[-0.93, 0.0, 0.0]	0.37917752612991185
1	[-0.4441015089686827, -0.5054954125191813, -0.7397622845575473]	-5.83739362872654e-12	1.0000000000058373	[2.592398518075356e-12, 2.950764632636549e-12, 4.318291926916808e-12]	0.5569655073292796	0.7975676496323109	[-0.24734922190812406, -0.2815435089343021, 3.4021431528628736e-10]	[3.403863139906547e-10, -4.7765629930692376e-11, 0.4120220764618068]	0.9999999999999999	[0.0, 0.0, 0.0]	0.37917752612991185
1	[-0.7172335228967242, 0.3236780153508262, 0.6170969259457582]	0.4395587144273614	0.5604412855726386	[-0.3152662452686916, 0.142275492316009, 0.2712503314457939]	0.7280980096362849	0.4889646256974371	[-0.3434110211615542, 0.05686403944075565, 0.44930704353637707]	[0.17880527930397147, -0.17880527929920373, 2.600727679724066e-12]	0.7285915504671276	[-0.93, 0.0, 0.0]	0.37917752612991185
1	[0.42956351779516044, -0.4598919234815048, 0.7771580295512159]	0.6379161599700438	0.36208384002995625	[0.27402550973511275, -0.2933724898285583, 0.4957616659011975]	0.7305959906113194	0.33976402097250974	[0.25612217892079836, -0.25612217839342, 0.5677885406001902]	[-0.057715204893239835, 0.07987301701669484, 1.386783271474931e-10]	0.6476002355116453	[0.0, 0.0, 0.93]	0.37917752612991185
1	[-0.5627379067032513, -0.09880880506420255, -0.8207087597930384]	-6.910253647551672e-10	1.0000000006910252	[3.88865731282273e-10, 6.827916010365698e-11, 5.671309103403997e-10]	0.5312134264637143	0.863308155158489	[-0.2989339316233587, -0.05248856399901675, 2.2044185320419992e-10]	[-2.5063371373326465e-12, -9.607619443060984e-11, 0.43597151263888706]	0.904548226205741	[-0.93, 0.0, 0.0]	0.37917752612991185
1	[-0.3470600964699847, -0.9352897083220022, 0.06915526693744163]	0.3477669764237141	0.652233023576286	[-0.12069604038668913, -0.3252628739433601, 0.024049918086607912]	0.6454453211891785	0.668170527700174	[0.009150140379190356, -0.37051991093951137, 0.044635943628590136]	[0.23315845581720693, 0.23315845525331658, 1.4823035826621112e-10]	0.9999999999999999	[0.0, 0.0, 0.0]	0.37917752612991185
1	[0.046814467694287085, -0.31486946972487456, -0.9479797585653803]	-5.381740319349946e-10	1.000000000538174	[-2.519459640915045e-11, 1.6945435332704761e-10, 5.101781443196883e-10]	0.4952130043775915	0.9615022760383308	[0.02318313334243717, -0.15592745624217796, 2.974911956123664e-10]	[1.4721163584275937e-10, -1.52943372027352e-10, 0.46945190462579695]	0.9999999999999999	[0.0, 0.0, 0.0]	0.37917752612991185
1	[0.898295633071446, 0.35603163766722934, -0.2575003467662926]	1.5078969388973448e-09	0.9999999984921051	[1.3545363164446655e-09, 5.368580718867477e-10, -3.8828106307764597e-10]	0.7831576659988532	0.33197779819211126	[0.703507111371509, 0.2788289063773139, 5.925240370732104e-12]	[-1.6870723829443235e-12, 9.717376968006568e-14, 0.20166337057331027]	0.4405339061719433	[0.93, 0.0, 0.0]	0.37917752612991185
1	[0.5903105937608876, -0.7751860602889039, 0.22498883267272618]	0.6174712743769173	0.38252872562308265	[0.36449983460772994, -0.4786551245258114, 0.13892414123100322]	0.8069280498232236	0.25711784415548433	[0.5292342117854667, -0.5292342117735412, 0.1815497999966582]	[0.052896035572004424, 0.096285164105532, 1.6051672859814155e-11]	0.2626278442872409	[0.6576093065034893, -0.6576093065034891, 0.0]	0.37917752612991185
1	[-0.5823232659116057, -0.7904095113060299, 0.1901378931591604]	0.3469270905687899	0.6530729094312102	[-0.20202371641322905, -0.27421447211529987, 0.06596398608058675]	0.6445970197021242	0.68088604367776	[-0.14164753445434558, -0.2757793081544779, 0.12256231928846659]	[0.23371630725548317, 0.23371630717760142, 2.5630827013145075e-11]	0.8841825181513222	[-0.93, 0.0, 0.0]	0.37917752612991185
1	[-0.5005802197939991, -0.3153195029069573, -0.8062214674873777]	-6.49742783265517e-10	1.0000000006497427	[3.252478564252925e-10, 2.048759772943498e-10, 5.238371299877766e-10]	0.5356459514868127	0.8517412700341955	[-0.26813376811106315, -0.16889961515241686, 7.394862565617708e-12]	[1.5971295721156917e-11, 4.529129274616329e-12, 0.4318492650687657]	0.9663440335528344	[-0.93, 0.0, 0.0]	0.37917752612991185
1	[0.9860011347815463, -0.14997046261515515, -0.07287401836388196]	0.0	1.0	[0.0, 0.0, 0.0]	0.9068769269943492	0.13462939390302886	[0.8736649870599417, -0.13600475227635284, 0.0]	[-0.020516692063688138, 0.0, 0.06608776583156704]	0.1758916976617258	[0.93, 0.0, 0.0]	0.37917752612991185
1	[0.023793693056283344, 0.04289796032026491, 0.9987960878833599]	0.8622550101993856	0.1377449898006145	[0.020516231048926647, 0.03698898121348286, 0.8612169309449729]	0.9154006140757805	0.09116930568999018	[0.011102600224493376, 0.011102600224493374, 0.914298552184915]	[-0.010678161010359039, -0.028166218995275594, 0.0]	0.08449423966727333	[0.0, 0.0, 0.93]	0.37917752612991185
1	[-0.2943098771635715, -0.7679763716068763, 0.5688532225956892]	0.3422613152214048	0.6577386847785952	[-0.10073088564065413, -0.2628486030051318, 0.19469645213353512]	0.6398501896069879	0.6504707039336305	[0.04852363634359122, -0.2545519599364347, 0.3639808423363978]	[0.23683786704991183, 0.23683786704991178, 0.0]	0.8982388357068616	[0.0, 0.0, 0.93]	0.37917752612991185
1	[-0.9242757874514296, -0.2829221709872863, 0.2562602464193005]	0.49904200672355925	0.5009579932764407	[-0.46125244373575935, -0.1411900479560813, 0.12788462761656152]	0.7727869371773298	0.4221903156996658	[-0.5648508302204052, -0.06922113330547588, 0.19803457095067903]	[0.14941742467134986, 0.14941742467134983, 0.0]	0.38176830059650196	[-0.93, 0.0, 0.0]	0.37917752612991185
1	[0.5083228987278984, -0.8547325921274783, -0.10507153079644761]	0.0	1.0	[0.0, 0.0, 0.0]	0.7832179268714575	0.29055561400630575	[0.48249493634223145, -0.5850745594162737, 0.0]	[0.08436732941927703, 0.08436732941927702, 0.0822939065236042]	0.26867089136273337	[0.6576093065034893, -0.6576093065034891, 0.0]	0.37917752612991185
1	[-0.04834958995474442, -0.2654909294318255, -0.9629002458929136]	0.0	0.9999999999999999	[0.0, 0.0, 0.0]	0.49130956690287875	0.9726361225776594	[-0.023754616100597273, -0.1304382335557929, 0.0]	[0.0, 0.0, 0.4730821027803228]	0.9999999999999999	[0.0, 0.0, 0.0]	0.37917752612991185
1	[-0.06889079567394185, 0.3975793607448141, 0.9149779834406706]	0.47846637292162697	0.5215336270783729	[-0.03296192913379589, 0.1902283546840703, 0.43778619704000216]	0.7580025124030909	0.380975856316168	[0.10692040379189424, 0.14222635432999375, 0.693555610241542]	[0.15913979999419015, -0.15913979999419012, 0.0]	0.4037832968317939	[0.0, 0.0, 0.93]	0.37917752612991185
1	[0.221476007748747, -0.4106734513418808, 0.8844748127304841]	0.5621195875236853	0.43788041247631476	[0.12449600212211816, -0.2308475910752263, 0.4971806169071485]	0.7421786138448483	0.31619353329925937	[0.19343733986538944, -0.1934373398653894, 0.6564382904929925]	[0.029062583434533468, 0.11135571299440748, 0.0]	0.46880363514087614	[0.0, 0.0, 0.93]	0.37917752612991185
1	[-0.6503901416184334, 0.6509630825253956, 0.3914584637922513]	0.3558565657764886	0.6441434342235114	[-0.2314456022112198, 0.23164948699476426, 0.13930306456925046]	0.6535212355138484	0.655244749994711	[-0.19719610888458172, 0.19757053793397608, 0.2558264189098652]	[0.22784766003192383, -0.2278476600319238, 0.0]	0.8094284011509072	[-0.93, 0.0, 0.0]	0.37917752612991185
1	[-0.14906694810830792, -0.8342125868124517, -0.5309128035613311]	0.0	0.9999999999999999	[0.0, 0.0, 0.0]	0.5580359066674466	0.7112245087420214	[-0.0020384087595846645, -0.3843742764530983, 0.0]	[0.0811463007821842, 0.08114630078218418, 0.2962684076967034]	0.9817248613311957	[0.6576093065034893, -0.6576093065034891, 0.0]	0.37917752612991185
1	[0.6325661785202784, 0.28148587773129363, 0.7215439906409687]	0.6323496033888448	0.3676503966111552	[0.40000297210449526, 0.17799748314294442, 0.45626805630942097]	0.7747722694648906	0.3927930999292088	[0.28063294432123764, 0.21808745231219104, 0.5590322751476572]	[-0.2094617893976517, 0.0, 0.0]	0.7230685841659822	[0.0, 0.0, 0.93]	0.37917752612991185
1	[0.4627939954675316, 0.4749993593769372, -0.7484633099562714]	0.0	1.0	[0.0, 0.0, 0.0]	0.5540782419749342	0.8047673098704721	[0.2564240834052055, 0.26318680998279337, 0.0]	[0.0, 0.0, 0.41470723496331113]	0.7946676818358078	[0.6576093065034893, 0.6576093065034891, 0.0]	0.37917752612991185
1	[-0.6557911630374385, -0.3963743825863497, 0.6425148241957486]	0.41237325555089027	0.5876267444491097	[-0.27043073686325314, -0.16345419456410715, 0.2649559297933088]	0.7055324838408517	0.5307549453479149	[-0.26903738904946234, -0.08601042358780889, 0.4533150798193946]	[0.19364457908922247, 0.19364457908922245, 0.0]	0.8031988774583566	[-0.93, 0.0, 0.0]	0.37917752612991185
1	[0.0436332048721218, -0.06677529962391429, -0.9968135245835722]	0.0	1.0	[0.0, 0.0, 0.0]	0.4826621715772905	0.9976673452807429	[0.021060097416455148, -0.032229911124202704, 0.0]	[0.0, 0.0, 0.48112418043311983]	1.0	[0.0, 0.0, 0.0]	0.37917752612991185
1	[-0.9284253285745718, -0.13808181841230865, -0.3449055242891136]	0.0	0.9999999999999999	[0.0, 0.0, 0.0]	0.7294658170993237	0.42830134826599336	[-0.6772545409243581, -0.10072596649469517, 0.0]	[0.0, 0.0, 0.25159679009762886]	0.3715223934721784	[-0.93, 0.0, 0.0]	0.37917752612991185
1	[-0.28552847098575684, 0.9469432564362485, -0.1475532491897388]	0.0	1.0	[0.0, 0.0, 0.0]	0.613794715251627	0.6485651072128595	[0.014675496999898674, 0.391297402898902, 0.0]	[0.1899313635448337, -0.18993136354483367, 0.09056740457086809]	0.9974943424689167	[0.6576093065034893, 0.6576093065034891, 0.0]	0.37917752612991185
1	[0.2810337746450933, -0.8702618085745263, 0.4045545723945357]	0.41806797003494756	0.5819320299650524	[0.11749121967713305, -0.36382858770969434, 0.16913130884933977]	0.7103814877480011	0.4705622334937401	[0.3900970199324273, -0.427762049312829, 0.2873880790128867]	[0.19045582899260927, 0.19045582899260924, 0.0]	0.5921947482685336	[0.6576093065034893, -0.6576093065034891, 0.0]	0.37917752612991185
1	[-0.2408160895132035, -0.029964541649743767, -0.9701081059733959]	0.0	1.0	[0.0, 0.0, 0.0]	0.489445835779736	0.9779879346234912	[-0.11786643220099757, -0.01466602013151555, 0.0]	[0.0, 0.0, 0.4748153727248455]	1.0	[0.0, 0.0, 0.0]	0.37917752612991185
1	[0.5973588228671314, -0.7944560794217789, -0.10955352396235898]	0.0	0.9999999999999999	[0.0, 0.0, 0.0]	0.8289669365142867	0.2209388003579318	[0.5434468620487133, -0.6103216736966558, 0.0]	[0.048256148656767035, 0.04825614865676703, 0.09081624914342122]	0.18536217156997312	[0.6576093065034893, -0.6576093065034891, 0.0]	0.37917752612991185
1	[-0.5624812591332691, 0.74274176037644, -0.3632485519816412]	0.0	0.9999999999999999	[5.551115123125783e-17, 0.0, 0.0]	0.5796525128853699	0.6766127938432089	[-0.19850620016422693, 0.30299465268380726, 0.0]	[0.1275374751432995, -0.12753747514329947, 0.21055793595813024]	0.9048120567345018	[-0.93, 0.0, 0.0]	0.37917752612991185
1	[0.05651616896963574, -0.07584795636522534, -0.995516453987685]	0.0	1.0	[0.0, 0.0, 0.0]	0.48298730352264657	0.9967168903888585	[0.027296592056074598, -0.03663359992254356, 0.0]	[0.0, 0.0, 0.4808218077239388]	1.0	[0.0, 0.0, 0.0]	0.37917752612991185
1	[-0.006529993679506635, -0.13584444630828008, 0.9907086582793866]	0.7017828986008082	0.2982171013991917	[-0.004582637892249122, -0.09533330928904665, 0.6952623938762256]	0.871544268900484	0.1641651652377504	[0.04706046420233288, -0.047060464202332876, 0.8634464532734873]	[0.05275164276966326, 0.07133398443960813, 0.0]	0.14893587747866835	[0.0, 0.0, 0.93]	0.37917752612991185
1	[-0.9193028320914569, 0.3682507660334217, -0.13882966622600743]	0.0	0.9999999999999999	[-1.1102230246251565e-16, 0.0, 0.0]	0.7234950593820392	0.44464728421200245	[-0.5543024625975299, 0.1556190153422763, 0.0]	[0.11080859449655564, -0.11080859449655563, 0.10044257761017392]	0.3936962437081285	[-0.93, 0.0, 0.0]	0.37917752612991185
1	[-0.049678028172980324, -0.3072325353012995, 0.9503369206598155]	0.5339488397436191	0.46605116025638094	[-0.026525525503713676, -0.16404645575561935, 0.5074312961518322]	0.7964012168095367	0.3110677208634232	[0.09432481253317489, -0.11079191033859903, 0.7568494799925052]	[0.13388845461883486, 0.13388845461883483, 0.0]	0.31188672234121045	[0.0, 0.0, 0.93]	0.37917752612991185
1	[0.26614320307009814, 0.525598084651251, -0.8080312177574113]	0.0	1.0	[0.0, 0.0, 0.0]	0.5350882023856757	0.8531908075303059	[0.1424100881079447, 0.28124133429339215, 0.0]	[0.0, 0.0, 0.43236797178132164]	0.9075170090432291	[0.6576093065034893, 0.6576093065034891, 0.0]	0.37917752612991185
1	[-0.14151953167809056, -0.9882797815310014, 0.0572301980657959]	0.3598140784847936	0.6401859215152065	[-0.05092071987835178, -0.3555969788767303, 0.020592230978546566]	0.6574105663229123	0.6271195814413035	[0.13225356442956593, -0.42441557096596705, 0.037623736921207324]	[0.22528999989581275, 0.22528999989581272, 0.0]	0.8667324608199536	[0.6576093065034893, -0.6576093065034891, 0.0]	0.37917752612991185
1	[-0.02326142392409699, 0.5206543965570728, -0.8534505876164207]	0.0	1.0	[0.0, 0.0, 0.0]	0.5214610410053152	0.8891452293710439	[-0.012129926334725587, 0.2715009836326454, 0.0]	[0.0, 0.0, 0.44504123186505673]	1.0	[0.0, 0.0, 0.0]	0.37917752612991185
1	[0.6197702497589663, 0.19415633083075332, -0.7603868467510783]	0.0	1.0	[0.0, 0.0, 0.0]	0.5501699222207385	0.8145799896096377	[0.3409789501046181, 0.10681897343181951, 0.0]	[0.0, 0.0, 0.41834197233471326]	0.8438763745053672	[0.93, 0.0, 0.0]	0.37917752612991185
1	[-0.4190967468538468, -0.005998420409635007, -0.9079217674057122]	0.0	1.0	[0.0, 0.0, 0.0]	0.5060063036919825	0.9312317722764527	[-0.21206559576484962, -0.003035238539469992, 0.0]	[0.0, 0.0, 0.4594141375664563]	1.0	[0.0, 0.0, 0.0]	0.37917752612991185
1	[-0.3193872625986172, -0.1853516585086434, -0.9293204717307465]	0.0	1.0	[0.0, 0.0, 0.0]	0.5001827356498207	0.9474716304308324	[-0.15975199473828405, -0.09270969961008466, 0.0]	[0.0, 0.0, 0.46483005584566667]	1.0	[0.0, 0.0, 0.0]	0.37917752612991185
1	[0.7312398246119238, -0.5217161373985356, -0.4394321231765779]	0.0	1.0	[0.0, 0.0, 0.0]	0.6791136152427495	0.5255335072781594	[0.4965949209016776, -0.3543045321992025, 0.0]	[0.0, 0.0, 0.29842433782424305]	0.46582077828901014	[0.6576093065034893, -0.6576093065034891, 0.0]	0.37917752612991185
1	[-0.8610281677669389, 0.09672338193413532, -0.49927455542930654]	0.0	1.0	[-1.1102230246251565e-16, 0.0, 0.0]	0.6506797427179126	0.5838510265522355	[-0.5602535866754674, 0.06293594527170956, 0.0]	[0.0, 0.0, 0.32486783927234136]	0.5132130239515496	[-0.93, 0.0, 0.0]	0.37917752612991185
1	[0.19112905340289493, 0.955407186083941, -0.22509285578284977]	0.0	0.9999999999999999	[0.0, 0.0, 0.0]	0.6474661676328988	0.5207778288515197	[0.2525253763134134, 0.4898180487193637, 0.0]	[0.1287757805833374, -0.12877578058333738, 0.14574000869526652]	0.5974564397007422	[0.6576093065034893, 0.6576093065034891, 0.0]	0.37917752612991185
1	[0.07227587025157346, 0.95646664736232, 0.2827503334442972]	0.3691077872476191	0.630892212752381	[0.02667758653995428, 0.35303928778405474, 0.104365349921151]	0.6663896483299708	0.5805015841026716	[0.26754916376380156, 0.41799420077100974, 0.1884218952691272]	[0.2193852720041129, -0.21938527200411287, 0.0]	0.7154569818252865	[0.6576093065034893, 0.6576093065034891, 0.0]	0.37917752612991185
1	[0.7128643642357262, 0.3641446114649132, -0.5993522337856607]	0.0	1.0	[0.0, 0.0, 0.0]	0.6081005928228432	0.6764886646814579	[0.4334932424940243, 0.2214365541050576, 0.0]	[0.0, 0.0, 0.36446644867475564]	0.6696250807600761	[0.6576093065034893, 0.6576093065034891, 0.0]	0.37917752612991185
1	[0.8693840676576888, 0.2901848781877038, 0.39995509669731516]	0.6692873577528506	0.3307126422471493	[0.5818677655150402, 0.19421707038208108, 0.26768488988833194]	0.8018839352546551	0.3696844900643493	[0.5128971772078762, 0.23269459207254867, 0.3207175668647992]	[-0.18424794021317065, 0.0, 0.0]	0.49784097275806743	[0.93, 0.0, 0.0]	0.37917752612991185
1	[-0.3435991741891739, 0.9190390325182507, -0.19314984909244817]	0.0	1.0	[0.0, 0.0, 0.0]	0.6020650930729543	0.6591637195186326	[-0.02741195684698694, 0.3738642087097704, 0.0]	[0.17945711194100827, -0.17945711194100825, 0.1162887818708719]	1.0	[0.0, 0.0, 0.0]	0.37917752612991185
1	[0.2017951317312817, -0.9505822173789635, 0.235949513270207]	0.3993022321637339	0.6006977678362662	[0.08057724654007548, -0.37956960125457184, 0.0942151673267402]	0.6941458740002842	0.5163157112253725	[0.34120777777451694, -0.458710204401745, 0.1637833811088895]	[0.2011325196899039, 0.20113251968990384, 0.0]	0.5909922683441509	[0.6576093065034893, -0.6576093065034891, 0.0]	0.37917752612991185
1	[0.34368895639038327, 0.8521586299346748, -0.3945929176799136]	0.0	1.0	[0.0, 0.0, 0.0]	0.6464925691829813	0.5341944369644077	[0.2742782106944917, 0.49882836774006206, 0.0]	[0.05208585427785526, -0.052085854277855254, 0.25510138913229596]	0.5404618359753205	[0.6576093065034893, 0.6576093065034891, 0.0]	0.37917752612991185
1	[-0.3229166087420399, -0.915894291117339, -0.2384586154811929]	0.0	1.0	[0.0, 0.0, 0.0]	0.5929457966992973	0.6622045200755028	[-0.02376938646355986, -0.3753730107644844, 0.0]	[0.16770265937442425, 0.16770265937442422, 0.1413930337363073]	1.0	[0.0, 0.0, 0.0]	0.37917752612991185
1	[0.773680262255319, -0.4033464444766593, -0.488600550065775]	0.0	1.0	[0.0, 0.0, 0.0]	0.6555756657199093	0.5736187487982095	[0.5072059529823848, -0.26442411385354436, 0.0]	[0.0, 0.0, 0.32031463088048434]	0.5628965866833764	[0.6576093065034893, -0.6576093065034891, 0.0]	0.37917752612991185
1	[-0.5425391588143534, 0.6413296677530546, -0.542538034070212]	0.0	1.0	[5.551115123125783e-17, 0.0, 0.0]	0.5623969678387085	0.7172661992061904	[-0.2331042065354199, 0.2886636892137884, 0.0]	[0.07201817131553595, -0.07201817131553594, 0.30512174529826114]	0.9250822474814349	[-0.93, 0.0, 0.0]	0.37917752612991185
1	[0.3173518584167609, 0.4803910367019424, -0.8176259840635334]	0.0	1.0	[0.0, 0.0, 0.0]	0.5321504764066215	0.8608538445183962	[0.16887894264500602, 0.25564031904240947, 0.0]	[0.0, 0.0, 0.435100056941842]	0.9031576251938571	[0.6576093065034893, 0.6576093065034891, 0.0]	0.37917752612991185
1	[-0.5233582104380237, 0.36780142117461495, -0.7686470569442408]	0.0	1.0	[0.0, 0.0, 0.0]	0.5474945464380409	0.821342089817823	[-0.28653576604839054, 0.2013692722652626, 0.0]	[0.0, 0.0, 0.4208300718126221]	0.9441682734477347	[-0.93, 0.0, 0.0]	0.37917752612991185
1	[-0.7929808338988992, -0.00991516019342563, 0.6091658942089136]	0.6521354789771872	0.3478645210228129	[-0.5171309359343879, -0.006466027741875163, 0.3972586921964964]	0.7961464041932157	0.3695937393671469	[-0.4450147637684286, 0.0, 0.4849852362315714]	[0.18631407573431763, 0.007893919134995526, 0.0]	0.6244642895699063	[-0.93, 0.0, 0.0]	0.37917752612991185
1	[0.5619623156357962, 0.7192070340136566, 0.40858242501425923]	0.587514563117735	0.41248543688226497	[0.33016104435939553, 0.42254460637973545, 0.24004812492983724]	0.7533699823792964	0.3209737025847599	[0.4399521276139292, 0.43995212761392916, 0.3078137343334827]	[0.016586587785560727, -0.10187686292800525, 0.0]	0.42412524674557417	[0.6576093065034893, 0.6576093065034891, 0.0]	0.37917752612991185
1	[0.6544874205137956, 0.7551186024487893, -0.03797515799816128]	0.0	0.9999999999999999	[0.0, 0.0, 0.0]	0.9058003168453679	0.11767440581603021	[0.6304585056612892, 0.6463630765653591, 0.0]	[0.037623592788585736, -0.037623592788585736, 0.03439791014698739]	0.10468964415292507	[0.6576093065034893, 0.6576093065034891, 0.0]	0.37917752612991185
1	[-0.2397304049013131, -0.9271160155267727, -0.28807156527434874]	0.0	0.9999999999999999	[0.0, 0.0, 0.0]	0.5859773372880374	0.6592943855729572	[0.012426536744528816, -0.3903658530598898, 0.0]	[0.1529031210755833, 0.15290312107558326, 0.16880340876785993]	0.9802232656860518	[0.6576093065034893, -0.6576093065034891, 0.0]	0.37917752612991185
1	[-0.12823029057876226, 0.7068368935540821, 0.6956569546039927]	0.3675391828206893	0.6324608171793107	[-0.047129656212177795, 0.2597902542443819, 0.25568118861868083]	0.6648891228641585	0.5768577170079628	[0.13511310608754729, 0.24959613064812355, 0.4625347423610004]	[0.22037203151507676, -0.2203720315150767, 0.0]	0.7556309048977375	[0.0, 0.0, 0.93]	0.37917752612991185
1	[0.44412791507195065, 0.14775282305008647, 0.8836964967309602]	0.6695340795544439	0.3304659204455561	[0.29735877482213274, 0.09892555038241026, 0.59166492054425]	0.8020609914511305	0.3247031171900886	[0.17213439794328353, 0.1185067757452558, 0.7087784883099246]	[-0.1840832779504487, 0.0, 0.0]	0.47034510317469447	[0.0, 0.0, 0.93]	0.37917752612991185
1	[0.07615057952748802, 0.3647990422109022, -0.9279669972793408]	0.0	1.0	[0.0, 0.0, 0.0]	0.5005471040991676	0.9464492180170259	[0.03811695205795744, 0.18259910415681704, 0.0]	[0.0, 0.0, 0.4644911931877742]	1.0	[0.0, 0.0, 0.0]	0.37917752612991185
1	[-0.9103263181417157, -0.3426501571735635, -0.23215698199166843]	0.0	0.9999999999999999	[0.0, 0.0, 0.0]	0.6988867286150768	0.46518573759895737	[-0.552929181888641, -0.1561878468368434, 0.0]	[0.08328580056963035, 0.08328580056963034, 0.16225143366930644]	0.41435859862733465	[-0.93, 0.0, 0.0]	0.37917752612991185
1	[0.20277089217358854, -0.8400177881465345, 0.5032435602017488]	0.3994064725667376	0.6005935274332624	[0.08098800678226331, -0.33550854165692046, 0.20099873522210715]	0.6942381285451611	0.5026988310943176	[0.3418431369486505, -0.38210052494487, 0.3493708674368662]	[0.20107185224262566, 0.20107185224262564, 0.0]	0.7024278740269286	[0.6576093065034893, -0.6576093065034891, 0.0]	0.37917752612991185
1	[-0.9131033657298079, 0.32277505933446543, -0.24911544425131257]	0.0	0.9999999999999999	[0.0, 0.0, 0.0]	0.6995433256995417	0.46153087144908495	[-0.5643976701637516, 0.1514374434533757, 0.0]	[0.0743576950063231, -0.07435769500632308, 0.174267046354682]	0.4080781049536438	[-0.93, 0.0, 0.0]	0.37917752612991185
1	[-0.10531262668904444, 0.1430812267902794, 0.984091973953676]	0.6481589461402663	0.3518410538597338	[-0.06825932113003431, 0.09273937716884392, 0.6378480167429089]	0.8628189875580619	0.20308314423259616	[-0.0006542234795320692, 0.03324168878036494, 0.8490932406307253]	[0.0902115104573894, -0.09021151045738939, 0.0]	0.18571195019751033	[0.0, 0.0, 0.93]	0.37917752612991185
1	[0.9321178315257292, -0.3469511665556093, 0.10383273172499087]	0.7883611166656807	0.21163888333431938	[0.7348454545256167, -0.2735228090942407, 0.08185768832916185]	0.881657635383557	0.22449640663252554	[0.7117504041485311, -0.3058921450989851, 0.09154492072807069]	[-0.11005839909329207, 0.0, 0.0]	0.36216133609503853	[0.93, 0.0, 0.0]	0.37917752612991185
1	[-0.7609264231653305, 0.10779343393573584, 0.6398215017715165]	0.5599089664815987	0.4400910335184014	[-0.4260495271630398, 0.060354510188460345, 0.3582417957895942]	0.7830268647661076	0.37558619449489855	[-0.4290025754579068, 0.0, 0.5009974245420932]	[0.16682325599093056, -0.08440515461707179, 0.0]	0.6705049238540202	[-0.93, 0.0, 0.0]	0.37917752612991185
1	[-0.803524882586472, -0.5945025423763795, -0.030240538560309515]	0.0	1.0	[0.0, 0.0, 0.0]	0.6967772513569722	0.563279154288926	[-0.3753751475837691, -0.22973313589997904, 0.0]	[0.18450271150176661, 0.1845027115017666, 0.021070919337606995]	0.6085587222192794	[-0.93, 0.0, 0.0]	0.37917752612991185
1	[-0.962433976043306, 0.09758660131552688, 0.2533726445399293]	0.6407599751802949	0.3592400248197051	[-0.6166891706021813, 0.06252958823686634, 0.16235104942677078]	0.8507803086200468	0.26917619968075235	[-0.7144355432824416, 0.0, 0.21556445671755847]	[0.10438433188210106, -0.0830247587844054, 0.0]	0.2734461639143082	[-0.93, 0.0, 0.0]	0.37917752612991185
1	[-0.5010744317203609, -0.853498243722666, -0.14305649876339802]	0.0	1.0	[5.551115123125783e-17, 0.0, 0.0]	0.6162853499504303	0.6590819716460087	[-0.11881160325907358, -0.3360052355697786, 0.0]	[0.18999322824492204, 0.189993228244922, 0.08816362440308403]	0.9658682917458926	[-0.93, 0.0, 0.0]	0.37917752612991185
