2	[0.3250110656836271, 0.7775034810032938, -0.5383828973982677]	0.6435192603276193	0.35648073967238064	[0.20915088058701903, 0.5003384649973888, -0.34645976390677397]	0.8133680665288874	0.35235362034873036	[0.26435362205824836, 0.5107741445879658, -0.31628109776321306]	[-3.733667925836442e-11, -0.12162235847516265, 0.12162235854583633]	0.6421807469033712	[0.6516696095415222, 0.6516696095415221, 0.0]	1.7215965301233618
2	[-0.4341685227764889, 0.8023775275087609, 0.40949724929358083]	0.7847612601487659	0.21523873985123412	[-0.3407186370510053, 0.6296747996028266, 0.3213575773830835]	0.8815716539139282	0.22471417691068285	[-0.3023588357617775, 0.6269614571538819, 0.36100116723552567]	[0.08039182693965867, -0.0803918268353851, -9.74201913253161e-11]	0.48755266019272175	[-0.6516696095415222, 0.6516696095415221, 0.0]	1.7215965301233618
2	[-0.00018597087446875835, 0.19403551534995808, 0.9809944873431806]	0.8946992541472636	0.10530074585273634	[-0.00016638800267803272, 0.17360343086168745, 0.877695036148521]	0.9433636973006465	0.10809603437661452	[-6.988773249064457e-11, 0.18287062308885427, 0.8734767527892568]	[0.0001754381018315097, -0.0001754380793185487, -0.05195783382235852]	0.1951680924257163	[0.0, 0.0, 0.96]	1.7215965301233618
2	[-0.9134467427625563, 0.1800589597762001, -0.36495728399470145]	0.6962558376237835	0.30374416237621665	[-0.6359926270068602, 0.12536710186064545, -0.25410363946463177]	0.82394362710274	0.29456964770510013	[-0.6677685444201551, 0.06349835449523808, -0.2517003835211571]	[0.0848600779768092, -0.08486007791511058, 0.049003844791001845]	0.4096123214649335	[-0.96, 0.0, 0.0]	1.7215965301233618
2	[0.036418214177894016, 0.2437036936115434, -0.9691657357728781]	0.7517777497787032	0.2482222502212969	[0.027378403105615946, 0.1832110143960446, -0.7285972360019555]	0.8796891511112798	0.22282293062859726	[0.03203670791407246, 0.13598057145314044, -0.7741616594841437]	[-1.0679049173193095e-12, -0.07840292390268164, 0.0784029239040384]	0.25095871338415654	[0.0, 0.0, -0.9216]	1.7215965301233618
2	[0.42766433980085833, -0.8956209149656915, 0.12233719442064098]	0.8383923571091446	0.16160764289085527	[0.3585505138971678, -0.750881729974335, 0.10256656879244093]	0.9120929533509131	0.16446266729941006	[0.3900696306119842, -0.7358743914455506, 0.11158289298031122]	[-1.1984919648768866e-10, 0.08101513396835384, 1.6523949018792593e-11]	0.35306796715145045	[0.6516696095415222, -0.6516696095415221, 0.0]	1.7215965301233618
2	[-0.8656474513486602, -0.36407437372978313, -0.343663120463682]	0.6877344072396068	0.3122655927603931	[-0.5953355368317473, -0.2503864736081834, -0.2363489524422039]	0.8180683926241292	0.30085390783232974	[-0.6349891034391442, -0.22466802064200553, -0.20996319856242393]	[0.07316971566482841, 0.0731697170707546, 0.07117673799949288]	0.49659025042069194	[-0.6516696095415222, -0.6516696095415221, 0.0]	1.7215965301233618
2	[-0.9120406305482128, -0.4085118380345816, -0.0360550470090689]	0.8399825344313315	0.16001746556866855	[-0.7660982003522374, -0.3431428090574895, -0.03028560976571808]	0.9146565236707731	0.14882630075302852	[-0.7885547571564151, -0.32799886194410166, -0.015605901561163172]	[0.0456491554273132, 0.045649155710966505, 0.01737208239693805]	0.35807643993861726	[-0.6516696095415222, -0.6516696095415221, 0.0]	1.7215965301233618
2	[0.802722930079079, 0.45038130143973615, 0.3908869156657814]	0.6955695675780987	0.30443043242190126	[0.5583496413601294, 0.3132715270876986, 0.27188904290158417]	0.8204553573659839	0.3341087985803779	[0.4862354715883586, 0.3695177516249126, 0.32070526408751204]	[-0.17236285687554176, 1.2170064617711166e-12, 5.256225741295748e-12]	0.4648942562159798	[0.6516696095415222, 0.6516696095415221, 0.0]	1.7215965301233618
2	[-0.14958043120067518, 0.9280395187368349, 0.34112804965954363]	0.8146397359008355	0.18536026409916453	[-0.12185416296925122, 0.7560178684493136, 0.2778964642830177]	0.8997284632519567	0.1844730688780976	[-0.06651519537821067, 0.7669169938053997, 0.3069226158985058]	[0.06806657611853785, -0.06806657622477838, 6.187433290092721e-12]	0.37253740626179555	[1.8401906235273885e-16, 0.9216, 0.0]	1.7215965301233618
2	[0.882123631622142, 0.19330541446475094, -0.42952405668643806]	0.6810373838516328	0.31896261614836696	[0.6007591703136453, 0.13164821375142957, -0.2925219398670722]	0.8134082030021252	0.30921847974375627	[0.7175265972706482, 0.15723620870596125, -0.17025026916895097]	[-7.528273270495483e-10, -1.1043926870138864e-09, 0.1791281219265475]	0.4774124289181079	[0.96, 0.0, 0.0]	1.7215965301233618
2	[0.5154939223227782, -0.3537189167428841, -0.7804799446408076]	0.6508434691772468	0.3491565308227531	[0.3355058527443432, -0.2302156468865562, -0.5079702747932889]	0.7919163000552053	0.3848210566142204	[0.4082280392047132, -0.28011577569680907, -0.4183144388830971]	[-4.6208679286359027e-10, 1.0975094060620645e-10, 0.19976035114414267]	0.6409102324335784	[0.0, 0.0, -0.9216]	1.7215965301233618
2	[-0.18020416114016563, -0.8291302512017154, -0.5292159170413807]	0.6431311659737057	0.35686883402629427	[-0.11589491226738845, -0.5332395051994306, -0.3403552497786671]	0.8131111815365396	0.35556708253195835	[-0.146526018206793, -0.5523853163702571, -0.3085216173551864]	[1.7568790820781742e-10, 0.12178976183205768, 0.12178976223827419]	0.5666512869349175	[1.8401906235273885e-16, -0.9216, 0.0]	1.7215965301233618
2	[-0.7960152374791033, 0.3070976989375191, -0.5215848397033485]	0.6466245755593792	0.35337542444062064	[-0.5147230150737238, 0.19857691923073534, -0.3372695755913846]	0.7888489864485196	0.34600145101002083	[-0.5659952732930109, 0.18031316829359034, -0.29634385105726]	[0.0619405399899573, -0.06194054025394423, 0.11510782108963998]	0.6270970770463865	[-0.96, 0.0, 0.0]	1.7215965301233618
2	[0.056057202245361565, 0.4011216630813606, 0.9143079358089735]	0.8298408778017917	0.1701591221982083	[0.046518557918403404, 0.33286715299675085, 0.7587301000328628]	0.9052907448008984	0.16308359850370535	[0.0359908802294703, 0.34837454299766607, 0.7613002753976443]	[-0.014757186142687617, -0.014757186129033878, -0.06641423678823337]	0.367281327899404	[0.0, 0.6516696095415221, 0.6516696095415222]	1.7215965301233618
2	[-0.23769481941201118, -0.11551148820200527, 0.9644471312197728]	0.7638477508744768	0.23615224912552335	[-0.18156265320237971, -0.08823319046326539, 0.7366907720195647]	0.8684882933264905	0.20378496544318803	[-0.1171620615138994, -0.011047268815582547, 0.8376110429714282]	[0.08927310652978683, 0.08927310643257937, -2.526255488082842e-11]	0.2643132763559872	[0.0, 0.0, 0.96]	1.7215965301233618
2	[0.9594294997721994, -0.10872397539467572, 0.2601425227471381]	0.7591291392354238	0.24087086076457617	[0.7283308903191431, -0.08253553785561324, 0.19748176937156633]	0.8630738032299269	0.2656405120517309	[0.6966093208208526, -0.09383681485499853, 0.2245221966656196]	[-0.13144914647852562, 9.116103619225932e-11, 1.7641940125734016e-10]	0.28194921606093754	[0.96, 0.0, 0.0]	1.7215965301233618
2	[-0.9705434889992891, -0.09632939327280118, 0.2208302152169867]	0.7761019396535586	0.22389806034644147	[-0.7532406843304804, -0.07476142896467144, 0.1713867583640161]	0.8761926730777533	0.22728120610615682	[-0.7663398937237025, -0.00035991450503950384, 0.19348981524482298]	[0.08404320024079595, 0.08404319408260834, -1.3224866177998012e-09]	0.24115659045807725	[-0.96, 0.0, 0.0]	1.7215965301233618
2	[0.6546620075265115, -0.33805347936521724, 0.6761194428430739]	0.6527025544000097	0.3472974455999904	[0.4272995645811924, -0.22064836950548822, 0.4413048874231857]	0.7898608892891809	0.37464633262431046	[0.31535836926826377, -0.2670152218401531, 0.5340403043977543]	[-0.20173354618046693, -1.440809763790382e-12, 8.018349865116857e-12]	0.7263161952991801	[0.0, -0.6516696095415221, 0.6516696095415222]	1.7215965301233618
2	[-0.5443705237841608, -0.47920061531305314, -0.6884965527281526]	0.6450386141632277	0.3549613858367721	[-0.3511400082530454, -0.30910290080769814, -0.4441068622279272]	0.7876917552057575	0.3563731805973855	[-0.3551081191880311, -0.30377431764933843, -0.44271779013140306]	[0.07368805417379211, 0.07368805612227945, 0.0996052679401487]	0.7178343478081103	[-0.6516696095415222, -0.6516696095415221, 0.0]	1.7215965301233618
2	[0.8849441313699953, 0.3652531521974345, 0.28890140041827816]	0.7244526628585577	0.2755473371414423	[0.6411001324520463, 0.26460861872691355, 0.20929538883658796]	0.8402117123523508	0.3040470378601426	[0.5901436686250101, 0.30688997640750426, 0.24273834041806486]	[-0.15339675532953725, -4.239596626591715e-11, 7.163131115542471e-11]	0.4689513927215513	[0.6516696095415222, 0.6516696095415221, 0.0]	1.7215965301233618
2	[-0.0946035957855353, 0.7127331833516167, -0.6950263081451793]	0.6369278914840101	0.36307210851598976	[-0.060255668790486334, 0.4539596436628317, -0.44268164097282503]	0.8089850242839116	0.3666360525256746	[-0.07653289202528023, 0.4521118172816851, -0.437787220475632]	[2.0862634834486472e-10, -0.12447865435997217, 0.12447865429715346]	0.7318720902222601	[1.8401906235273885e-16, 0.9216, 0.0]	1.7215965301233618
2	[-0.8665279513224694, 0.3243358013141649, 0.3793884520683025]	0.6860218380342753	0.31397816196572464	[-0.5944570978743156, 0.22250144255786297, 0.26026876321687537]	0.8168802938836134	0.34445835208451	[-0.5835438290825039, 0.1406377462796728, 0.30991495023201077]	[0.12430577845216027, -0.1243057784148195, 1.0406623142430829e-11]	0.5078054090504145	[-0.96, 0.0, 0.0]	1.7215965301233618
2	[-0.5578337547883747, -0.6983624372220631, 0.4484544662459758]	0.7181807663774621	0.2818192336225377	[-0.40062547352513234, -0.5015504703733736, 0.32207137225393073]	0.8387858636026985	0.3070301320093032	[-0.35846728342539386, -0.47634075589858976, 0.3761572665752977]	[0.10943578433150887, 0.10943578411440379, -1.8132028319113113e-10]	0.4605396791700163	[-0.6516696095415222, -0.6516696095415221, 0.0]	1.7215965301233618
2	[0.4700823827733239, -0.48173766045396643, -0.7395616133267688]	0.6632974490935449	0.3367025509064551	[0.31180444535736135, -0.31953536131140786, -0.4905493315671524]	0.8029766149211383	0.3586524635747382	[0.3774651594084127, -0.3774651588825598, -0.40913630409570517]	[-1.0449742118836012e-09, 0.009358916988794172, 0.18471437669903937]	0.697270818488842	[0.0, 0.0, -0.9216]	1.7215965301233618
2	[-0.5743041548288251, 0.15661431879424942, -0.8035214327539509]	0.64628794670581	0.3537120532941899	[-0.37116585300893695, 0.10121794651826464, -0.5193062169086616]	0.7886035478739692	0.3626304124421693	[-0.41313405499119765, 0.08374236135372795, -0.4869543896728781]	[0.03976423906557521, -0.039764246095281966, 0.14670546298966253]	0.6068738379168421	[0.0, 0.0, -0.9216]	1.7215965301233618
2	[-0.27321334538383074, 0.9284012335025322, -0.25184443121727373]	0.7125326919492085	0.28746730805079146	[-0.1946734404627898, 0.661516230116525, -0.17944739052766123]	0.8568157008856446	0.26353718953539135	[-0.23409348400713148, 0.7021598973518175, -0.12247540659847282]	[9.227226946097701e-12, -0.0933088562347519, 0.09330885624910211]	0.37164150253723355	[1.8401906235273885e-16, 0.9216, 0.0]	1.7215965301233618
2	[-0.3998260039937436, -0.6053196966017631, 0.6882784548686267]	0.6984333070575857	0.3015666929424144	[-0.2792517982169699, -0.42277543752466407, 0.4807165974103798]	0.8254352333546343	0.31645039312900075	[-0.21153197799764797, -0.3811537122534488, 0.568129286969585]	[0.11849849291017864, 0.11849849276518393, -3.7866885091850115e-11]	0.40416501018187134	[0.0, -0.6516696095415221, 0.6516696095415222]	1.7215965301233618
2	[0.6508980740440835, 0.5825619344962585, -0.48677848112019056]	0.6860749424192216	0.3139250575807782	[0.446564858670577, 0.3996811456651509, -0.33396651840545094]	0.816917172072036	0.30941619093119266	[0.5317298138462858, 0.47590484787295156, -0.22189818580771048]	[-1.0894154406787568e-10, -2.1254643794819908e-10, 0.17575951441451648]	0.4916602034930886	[0.6516696095415222, 0.6516696095415221, 0.0]	1.7215965301233618
2	[-0.4822535042821636, 0.2076785807285885, 0.8510588491485958]	0.6705909199005307	0.32940908009946934	[-0.32339482106183065, 0.1392673704944207, 0.5707123365400437]	0.806062504740906	0.32787958957780117	[-0.257077331424038, 0.03575278116942891, 0.6860066274591603]	[0.13164913615772222, -0.1316491357936928, -1.6746997536927362e-10]	0.5297875888026334	[0.0, 0.0, 0.9216]	1.7215965301233618
2	[-0.7667129585341538, -0.21717061744090388, 0.6041425015144536]	0.6514625367329501	0.34853746326705	[-0.49948476891268495, -0.14147852134191233, 0.393576206584796]	0.7923650358934669	0.374743125402986	[-0.46656925413764067, -0.03113111753562895, 0.47870139492282693]	[0.14094728677126037, 0.1409472865479387, 2.55578167613955e-11]	0.6704559043027548	[-0.96, 0.0, 0.0]	1.7215965301233618
2	[-0.16509556563678984, -0.6493980067248306, 0.7423110419957967]	0.7903431824761218	0.20965681752387824	[-0.13048215475807592, -0.5132472873285526, 0.586680471318124]	0.8850108100552977	0.20007435515834507	[-0.06805410974473548, -0.49666700551757004, 0.6569532965909077]	[0.07805725053601745, 0.07805725046226794, 1.2157120118467267e-12]	0.18835491830491496	[0.0, -0.6516696095415221, 0.6516696095415222]	1.7215965301233618
2	[-0.8400077372572654, 0.5216390497379884, 0.14926387083409495]	0.7766491023012853	0.22335089769871455	[-0.6523912550669894, 0.4051304997043042, 0.11592565128931415]	0.8765341482618528	0.2397347271781118	[-0.6524840676987884, 0.37342304165099877, 0.13083487961796328]	[0.08381139881137503, -0.08381139851121099, -2.698672534407455e-10]	0.2732378084575217	[-0.6516696095415222, 0.6516696095415221, 0.0]	1.7215965301233618
2	[0.42091944114580687, -0.7688266056295766, -0.4813859932960296]	0.657932150492633	0.3420678495073669	[0.27693643309721794, -0.5058357419978189, -0.31671932178628903]	0.8228046899965148	0.33049645657245275	[0.34633449025640856, -0.5171213388371271, -0.2806138548486967]	[-2.9073335169535535e-11, 0.11547279806898948, 0.11547279813390728]	0.5465380832921275	[0.6516696095415222, -0.6516696095415221, 0.0]	1.7215965301233618
2	[-0.5627379067032513, -0.09880880506420255, -0.8207087597930384]	0.6555616450110341	0.3444383549889659	[-0.3689093878284491, -0.0647752627894631, -0.5380251846448899]	0.7953276362077062	0.35572227756423197	[-0.4160685938870342, -0.04709295811008891, -0.5007838895385959]	[0.03149241525573534, 0.03149241525813134, 0.1519484684025596]	0.5801863269239216	[0.0, 0.0, -0.9216]	1.7215965301233618
2	[-0.7172335228967242, 0.3236780153508262, 0.6170969259457582]	0.645388918814813	0.3546110811851869	[-0.46289456788005623, 0.20889820437139417, 0.39826751784007763]	0.7879475596273208	0.38723750527283957	[-0.4211964343088944, 0.11109533257958343, 0.48624001685741447]	[0.14394596974048537, -0.14394596972111456, 4.932742479543154e-12]	0.7019157560604457	[-0.6516696095415222, 0.6516696095415221, 0.0]	1.7215965301233618
2	[0.42956351779516044, -0.4598919234815048, 0.7771580295512159]	0.6862033829268935	0.31379661707310663	[0.29476793909301585, -0.3155793936737645, 0.533288468946843]	0.8108240395776688	0.3122555216805883	[0.2883163963378647, -0.31290739867491796, 0.5406240764547817]	[-0.059984030416001186, 0.059984028491499926, -0.08951433645615664]	0.48687867097216014	[0.0, -0.6516696095415221, 0.6516696095415222]	1.7215965301233618
2	[-0.4441015089686827, -0.5054954125191813, -0.7397622845575473]	0.6448315043469041	0.35516849565309605	[-0.286370644111006, -0.32595936729520214, -0.4770220268103457]	0.7983488164536403	0.3492830977854265	[-0.3095298273871033, -0.3095298272659, -0.4838587200821209]	[0.045018086683320364, 0.094031837041533, 0.10672962425143824]	0.6970055359202886	[0.0, 0.0, -0.9216]	1.7215965301233618
2	[0.046814467694287085, -0.31486946972487456, -0.9479797585653803]	0.7202294664798755	0.2797705335201246	[0.03371715909099573, -0.22677827019074775, -0.6827629557452649]	0.8614008140164022	0.2591199716143009	[0.04032602054753846, -0.18090794047439815, -0.7262696586062362]	[-3.2064788287484135e-11, 0.09032087705552172, 0.09032087709305481]	0.319421772915202	[0.0, 0.0, -0.9216]	1.7215965301233618
2	[0.5903105937608876, -0.7751860602889039, 0.22498883267272618]	0.8367574285781226	0.1632425714218773	[0.4939467744977828, -0.6486426944769512, 0.18826107708602155]	0.9094749989209759	0.16300176864933774	[0.48593845792402324, -0.6540780742929756, 0.1932258105924298]	[-0.05093426869970015, 0.05093426705183112, -0.011395907759829063]	0.26026960631044554	[0.6788225099390857, -0.6788225099390855, 0.0]	1.7215965301233618
2	[-0.5005802197939991, -0.3153195029069573, -0.8062214674873777]	0.6444751307046139	0.355524869295386	[-0.32261150257988175, -0.20321557784967542, -0.5195896856357934]	0.7872800466632313	0.3536552738568535	[-0.30026626077673757, -0.15441419743095744, -0.5632073666222795]	[0.09383055802137265, 0.09383055553145875, 0.07151470792208187]	0.6027596130525547	[0.0, 0.0, -0.9216]	1.7215965301233618
2	[-0.3470600964699847, -0.9352897083220022, 0.06915526693744163]	0.8320004114722549	0.16799958852774521	[-0.2887541430686277, -0.7781614221696711, 0.05753721054742365]	0.9100002415651057	0.17224025260199732	[-0.25473091049712726, -0.7900199991932375, 0.06293130970482418]	[0.06109386112816751, 0.06109386131314167, 8.625310559345401e-11]	0.35414766640609885	[1.8401906235273885e-16, -0.9216, 0.0]	1.7215965301233618
2	[-0.5823232659116057, -0.7904095113060299, 0.1901378931591604]	0.8299910643821625	0.17000893561783748	[-0.48332310728847083, -0.6560328315866765, 0.15781275232255357]	0.9088215679325314	0.17739498702566106	[-0.467333971723488, -0.6564472394521685, 0.17280141820878087]	[0.0618939718458904, 0.06189397192176311, 2.448418324599158e-11]	0.24537745236974817	[-0.6516696095415222, -0.6516696095415221, 0.0]	1.7215965301233618
2	[0.898295633071446, 0.35603163766722934, -0.2575003467662926]	0.7305945557002601	0.26940544429974006	[0.6562898989313168, 0.2601147761367254, -0.18812835143838244]	0.8470187746775386	0.23778620702997952	[0.76087326597393, 0.3015654814170512, -0.07124565260168632]	[-4.484300512796485e-10, -6.62828800364831e-11, 0.1468619755953401]	0.4437030363912601	[0.96, 0.0, 0.0]	1.7215965301233618
2	[-0.9284253285745718, -0.13808181841230865, -0.3449055242891136]	0.7095166288656867	0.29048337113431344	[-0.6587332092837476, -0.09797134630754512, -0.2447162048707641]	0.832967200525335	0.30661044590220904	[-0.6599622226580314, -0.0016320015448043257, -0.2872949890128259]	[0.11338562418154409, 0.11338562418154408, 0.0]	0.372858376782421	[-0.96, 0.0, 0.0]	1.7215965301233618
2	[0.9860011347815463, -0.14997046261515515, -0.07287401836388196]	0.8540686901591993	0.14593130984080033	[0.8421126976783597, -0.12808507656829474, -0.06223941741067811]	0.9226355871234231	0.11129527847302216	[0.9026860622512228, -0.13836808582610502, 0.0]	[-0.007033673642310484, 0.0, 0.06723616271920335]	0.16875372949784306	[0.96, 0.0, 0.0]	1.7215965301233618
2	[-0.04834958995474442, -0.2654909294318255, -0.9629002458929136]	0.738214147273378	0.261785852726622	[-0.03569235131945909, -0.19598916007933162, -0.7108265839311632]	0.8719242570721345	0.23790244055829735	[-0.04215718030103285, -0.1480249120186925, -0.7561130121492118]	[0.0, 0.08346306938554245, 0.08346306938554246]	0.272999682729086	[0.0, 0.0, -0.9216]	1.7215965301233618
2	[0.5083228987278984, -0.8547325921274783, -0.10507153079644761]	0.8072857000839186	0.1927142999160814	[0.41036180716823834, -0.6900133990201738, -0.08482274429789922]	0.910016993621126	0.15843901844704275	[0.4625824760891382, -0.7191819932055468, -0.03697768793825969]	[0.0, 0.058639190632293114, 0.05863919063229312]	0.2665605016175539	[0.6788225099390857, -0.6788225099390855, 0.0]	1.7215965301233618
2	[-0.9242757874514296, -0.2829221709872863, 0.2562602464193005]	0.7303726151208895	0.26962738487911064	[-0.6750657239738199, -0.20663860589966368, 0.18716546632878805]	0.8468726438369124	0.2889422848940367	[-0.6787975835024729, -0.13565275069311872, 0.2170197923954117]	[0.10394629625096344, 0.10394629625096342, 0.0]	0.38339338556273417	[-0.96, 0.0, 0.0]	1.7215965301233618
2	[-0.06889079567394185, 0.3975793607448141, 0.9149779834406706]	0.8191272136518741	0.18087278634812587	[-0.056430325506656574, 0.32566807397239284, 0.7494833661285671]	0.9021766233736384	0.15502975024884616	[0.0, 0.29653513977716595, 0.8196976227010517]	[0.06215166542264011, -0.062151665422640105, -0.005774124860673261]	0.3723427131388172	[0.0, 0.6516696095415221, 0.6516696095415222]	1.7215965301233618
2	[0.4627939954675316, 0.4749993593769372, -0.7484633099562714]	0.6635091249228023	0.3364908750771976	[0.30706803895218926, 0.3151664092790833, -0.49661223582590985]	0.8032279009693406	0.3589929761090353	[0.37172904956059993, 0.3717290495605999, -0.41692390712000565]	[0.0, -0.009803688833518872, 0.18426270628873523]	0.6854042508539033	[0.0, 0.0, -0.9216]	1.7215965301233618
2	[0.6325661785202784, 0.28148587773129363, 0.7215439906409687]	0.6527479776917108	0.3472520223082892	[0.4129062937852854, 0.1837393374378781, 0.47098638070649906]	0.7898941478099556	0.37207884150067666	[0.2979587044132329, 0.22234404751109757, 0.5699433755947426]	[-0.20170161810244264, 0.0, 0.0]	0.7206918040678458	[0.0, 0.0, 0.9216]	1.7215965301233618
2	[0.023793693056283344, 0.04289796032026491, 0.9987960878833599]	0.9217612616341428	0.07823873836585711	[0.021932104530495277, 0.03954167802633879, 0.9206515420826121]	0.9368271798552513	0.06845546748446492	[0.017183174015809023, 0.01718317401580902, 0.9356993222622259]	[-0.005107404348450379, -0.023004801172567233, 0.0]	0.06254207594850877	[0.0, 0.0, 0.96]	1.7215965301233618
2	[-0.2943098771635715, -0.7679763716068763, 0.5688532225956892]	0.78270051186256	0.21729948813744002	[-0.23035649150213452, -0.6010954991550537, 0.44524170850031264]	0.8802964093991186	0.21954459701833312	[-0.17782243629737648, -0.5947893506084851, 0.5007594493261027]	[0.08125749182041112, 0.0812574918204111, 0.0]	0.32711484320483747	[0.0, -0.6516696095415221, 0.6516696095415222]	1.7215965301233618
2	[0.221476007748747, -0.4106734513418808, 0.8844748127304841]	0.7458014292756884	0.2541985707243117	[0.16517712312928898, -0.3062808469763546, 0.6596425794927419]	0.8518629907639124	0.2763305432840746	[0.18866721434329903, -0.34983751448743267, 0.6169282915159633]	[0.0, 0.0, -0.13652306771197834]	0.40165785552776556	[0.0, -0.6516696095415221, 0.6516696095415222]	1.7215965301233618
2	[-0.6503901416184334, 0.6509630825253956, 0.3914584637922513]	0.7111929192147339	0.288807080785266	[-0.462552863446098, 0.4629603349622579, 0.27840248761572645]	0.8340976709713844	0.31861781894428315	[-0.42987066695073933, 0.43034855562684077, 0.3265145929311528]	[0.11261823539594482, -0.1126182353959448, 0.0]	0.39146119232074594	[-0.6516696095415222, 0.6516696095415221, 0.0]	1.7215965301233618
2	[0.0436332048721218, -0.06677529962391429, -0.9968135245835722]	0.8539706305571688	0.14602936944283118	[0.03726147547787599, -0.05702414472547796, -0.8512494741365471]	0.9282677548311241	0.13286360596244962	[0.040503297122730965, -0.040503297122730965, -0.8666109003726785]	[0.0, 0.02148206033733556, 0.058698952077813574]	0.10963517449960895	[0.0, 0.0, -0.9216]	1.7215965301233618
2	[-0.14906694810830792, -0.8342125868124517, -0.5309128035613311]	0.6458888277029253	0.35411117229707484	[-0.09628067636292773, -0.5388085897513191, -0.3429106483047016]	0.8149333156885106	0.35252983561036794	[-0.12147962228147043, -0.5592252954557483, -0.31205619744330587]	[0.0, 0.1206023339044125, 0.12060233390441252]	0.558324206879201	[1.8401906235273885e-16, -0.9216, 0.0]	1.7215965301233618
2	[-0.6557911630374385, -0.3963743825863497, 0.6425148241957486]	0.6460964729525267	0.3539035270474733	[-0.42370435743192436, -0.25609609055777594, 0.4151265617325859]	0.7884638988459962	0.3871785261360722	[-0.37347219010915994, -0.16893142396861868, 0.5065997433517297]	[0.14359546712808915, 0.14359546712808915, 0.0]	0.6913884142944589	[-0.6516696095415222, -0.6516696095415221, 0.0]	1.7215965301233618
2	[-0.28552847098575684, 0.9469432564362485, -0.1475532491897388]	0.759915593157607	0.24008440684239304	[-0.21697753739252593, 0.7195969464013477, -0.11212801488035257]	0.8842789891249606	0.20944693484050572	[-0.2524868276896806, 0.761950159587457, -0.05506637206291847]	[0.0, -0.07541186597268716, 0.07541186597268718]	0.3223984332106887	[1.8401906235273885e-16, 0.9216, 0.0]	1.7215965301233618
2	[-0.3193872625986172, -0.1853516585086434, -0.9293204717307465]	0.6981175697193213	0.30188243028067874	[-0.22296985956465334, -0.12939724938149968, -0.6487749492150819]	0.8252191893012093	0.2821969359246433	[-0.14491934930702208, -0.03431059676239602, -0.7668930862826641]	[0.1186451486077413, 0.11864514860774128, 0.0]	0.36935493296541755	[0.0, 0.0, -0.9216]	1.7215965301233618
2	[0.2810337746450933, -0.8702618085745263, 0.4045545723945357]	0.8095970071272041	0.19040299287279588	[0.22752410285432875, -0.7045613556390443, 0.3275261710302419]	0.8947815496362547	0.19553124653718496	[0.2514638363770626, -0.6817248858103366, 0.36198796719961507]	[1.9362200578144602e-17, 0.09696932385522765, 0.0]	0.4333917091425609	[0.0, -0.6516696095415221, 0.6516696095415222]	1.7215965301233618
2	[-0.049678028172980324, -0.3072325353012995, 0.9503369206598155]	0.8381507484415538	0.16184925155844626	[-0.04163767649428405, -0.25750717940838025, 0.7965256013226658]	0.9128480615411281	0.13411739074318718	[0.0, -0.23510813257326682, 0.8487611432927193]	[0.04534849171889063, 0.045348491718890625, -0.018752072542558108]	0.3113729473367177	[0.0, 0.0, 0.96]	1.7215965301233618
2	[-0.14151953167809056, -0.9882797815310014, 0.0572301980657959]	0.860821994407572	0.139178005592428	[-0.12182312550675935, -0.8507329725701962, 0.049265013239338795]	0.9266205670960149	0.13640418308555177	[-0.08132329787692467, -0.8659487607899924, 0.053030678586745046]	[0.04981161082178988, 0.04981161082178987, 0.0]	0.16658111142040816	[1.8401906235273885e-16, -0.9216, 0.0]	1.7215965301233618
2	[-0.9193028320914569, 0.3682507660334217, -0.13882966622600743]	0.7753497487597386	0.2246502512402613	[-0.7127812198962273, 0.28552313892459497, -0.10764154682873323]	0.8757228960071094	0.23806902765635027	[-0.7206924427662532, 0.23812353162720976, -0.1215763173591396]	[0.0843620956604148, -0.08436209566041479, 0.0]	0.39564954490609827	[-0.96, 0.0, 0.0]	1.7215965301233618
2	[0.26614320307009814, 0.525598084651251, -0.8080312177574113]	0.645010434984616	0.354989565015384	[0.17166514318044304, 0.33901624920798445, -0.5211885672468568]	0.8143537219475321	0.35162786765497805	[0.21673470799117228, 0.30704271895295154, -0.5370431920992559]	[0.0, -0.12098003753128866, 0.12098003753128868]	0.5999861826988515	[0.0, 0.0, -0.9216]	1.7215965301233618
2	[-0.2408160895132035, -0.029964541649743767, -0.9701081059733959]	0.7585797960864299	0.24142020391357014	[-0.1826782200772574, -0.02273049589448596, -0.7359044092110913]	0.865142487835129	0.23306197781705953	[-0.18241663268248134, 0.0, -0.746480032624818]	[0.025923598109698666, 0.025923598109698662, 0.09280170764603082]	0.24747383512168852	[0.0, 0.0, -0.9216]	1.7215965301233618
2	[0.5973588228671314, -0.7944560794217789, -0.10955352396235898]	0.8245858196897541	0.17541418031024583	[0.49257361460280025, -0.6550972174575159, -0.0903362823564029]	0.9190199415060882	0.14090478356467906	[0.548984670449497, -0.6773487365399825, -0.047909630084295905]	[0.0, 0.05277224309937708, 0.05277224309937709]	0.17891179199604848	[0.6788225099390857, -0.6788225099390855, 0.0]	1.7215965301233618
2	[0.6197702497589663, 0.19415633083075332, -0.7603868467510783]	0.6433186375729902	0.3566813624270097	[0.39870975268321013, 0.12490438622621099, -0.4891710302803258]	0.7864341498279744	0.39272563423394025	[0.4874084894578641, 0.15269116897060242, -0.392970967199914]	[0.0, 0.0, 0.2050232161651445]	0.6691797397324674	[0.0, 0.0, -0.9216]	1.7215965301233618
2	[-0.006529993679506635, -0.13584444630828008, 0.9907086582793866]	0.9043703913181628	0.09562960868183723	[-0.005905532939240545, -0.12285369506621842, 0.8959675769704208]	0.949172748220765	0.0899814910213937	[0.0, -0.12274175438631683, 0.9019260734252786]	[0.0061980920466415375, 0.006198092046641537, -0.038427586439873575]	0.13942516309324413	[0.0, 0.0, 0.96]	1.7215965301233618
2	[-0.02326142392409699, 0.5206543965570728, -0.8534505876164207]	0.6660209859909939	0.3339790140090061	[-0.015492596497481508, 0.34676675455548756, -0.5684160018588816]	0.828013946535224	0.3281407129387562	[-0.019260783425420366, 0.3190310173661594, -0.5945909049171005]	[0.0, -0.11207808430797796, 0.11207808430797797]	0.5256105372853681	[0.0, 0.0, -0.9216]	1.7215965301233618
2	[-0.5624812591332691, 0.74274176037644, -0.3632485519816412]	0.6882863059015705	0.3117136940984294	[-0.3871481479877018, 0.5112189824883294, -0.2500190039675384]	0.8420410213256349	0.2865476494051841	[-0.473632293917107, 0.5224819645322764, -0.20293311574937792]	[0.0, -0.10293706595630114, 0.10293706595630117]	0.3849652049510481	[-0.6516696095415222, 0.6516696095415221, 0.0]	1.7215965301233618
2	[0.05651616896963574, -0.07584795636522534, -0.995516453987685]	0.8442829819273435	0.15571701807265648	[0.04771563966479367, -0.0640371387731275, -0.8404976003304577]	0.9217240116742434	0.14664390176995362	[0.05209230998715204, -0.05209230998715203, -0.850877134771993]	[0.0, 0.017818572631096444, 0.06671428488525334]	0.12004429186720665	[0.0, 0.0, -0.9216]	1.7215965301233618
2	[-0.4190967468538468, -0.005998420409635007, -0.9079217674057122]	0.7019151515746272	0.29808484842537275	[-0.2941703565923511, -0.004210382171037294, -0.6372840449864839]	0.8278122356504023	0.3239828204395772	[-0.34196784915722267, 0.0, -0.5933108648090661]	[0.004965565809670959, 0.004965565809670958, 0.158277883262721]	0.419362800350474	[0.0, 0.0, -0.9216]	1.7215965301233618
2	[-0.3435991741891739, 0.9190390325182507, -0.19314984909244817]	0.7346280985973154	0.26537190140268474	[-0.2524176080142005, 0.6751518969955987, -0.1418933063831436]	0.8698468951196234	0.23639566048184202	[-0.2988786748341195, 0.7146064258917313, -0.0831939734878781]	[0.0, -0.08481682303801173, 0.08481682303801175]	0.3941748536656803	[1.8401906235273885e-16, 0.9216, 0.0]	1.7215965301233618
2	[0.2017951317312817, -0.9505822173789635, 0.235949513270207]	0.8224997008562414	0.17750029914375867	[0.16597643548322508, -0.7818535894334601, 0.194068404081921]	0.9026061298883253	0.18482933608313132	[0.18214152288227708, -0.7682431456741698, 0.2129694770218556]	[1.79223286568548e-17, 0.08975819069491932, 0.0]	0.31182273317879555	[1.8401906235273885e-16, -0.9216, 0.0]	1.7215965301233618
2	[0.773680262255319, -0.4033464444766593, -0.488600550065775]	0.6622010695106374	0.3377989304893626	[0.5123318971247427, -0.2670964469157568, -0.32355180681704193]	0.8000944646352537	0.3380539765534235	[0.6190172952280322, -0.3227152575560858, -0.1990172815752102]	[0.0, 0.0, 0.19190931395015653]	0.5614993243166512	[0.6516696095415222, -0.6516696095415221, 0.0]	1.7215965301233618
2	[0.07227587025157346, 0.95646664736232, 0.2827503334442972]	0.8382489081756965	0.16175109182430372	[0.06058516932582986, 0.8017571228579334, 0.23701515829599623]	0.9120080577200899	0.16723807634723603	[0.06591617604816685, 0.7912119153297905, 0.25787058242424127]	[1.6192194712945377e-17, -0.08109337400516516, 0.0]	0.2939170556156479	[1.8401906235273885e-16, 0.9216, 0.0]	1.7215965301233618
2	[-0.7929808338988992, -0.00991516019342563, 0.6091658942089136]	0.6823813507832687	0.3176186492167314	[-0.5411153325811736, -0.0067659204060222765, 0.4156834457413762]	0.811409183302423	0.34698403726023	[-0.46571719928425515, 0.0, 0.4942828007157448]	[0.17771473152412492, 0.008045252034860185, 0.0]	0.6317252558779914	[-0.96, 0.0, 0.0]	1.7215965301233618
2	[0.8693840676576888, 0.2901848781877038, 0.39995509669731516]	0.6908772725190717	0.3091227274809283	[0.6006376934348802, 0.20048213716859986, 0.2763198863363427]	0.8171820436024924	0.3464300137200232	[0.5349398109423502, 0.23713387177996806, 0.32683612326834444]	[-0.1755052381416074, 0.0, 0.0]	0.5023769402522746	[0.96, 0.0, 0.0]	1.7215965301233618
2	[0.19112905340289493, 0.955407186083941, -0.22509285578284977]	0.7379551427799782	0.26204485722002174	[0.1410446678933355, 0.705047646419592, -0.16610843052798593]	0.8717745638147267	0.23601627308569875	[0.16662144716263044, 0.7493390629816347, -0.11266960623575663]	[0.0, -0.0835606199321484, 0.08356061993214842]	0.2972205151231651	[1.8401906235273885e-16, 0.9216, 0.0]	1.7215965301233618
2	[-0.5425391588143534, 0.6413296677530546, -0.542538034070212]	0.6542690725520843	0.3457309274479156	[-0.354966592260655, 0.41960216692092744, -0.3549658563753487]	0.8122437716669897	0.3379240504549306	[-0.3968062896933547, 0.39680628969335463, -0.3604311634807106]	[0.04386776293905167, -0.12410973852432376, 0.08024197558527212]	0.5535014797494894	[-0.6516696095415222, 0.6516696095415221, 0.0]	1.7215965301233618
2	[0.7128643642357262, 0.3641446114649132, -0.5993522337856607]	0.6451512122211235	0.3548487877788765	[0.4599053087359193, 0.2349283375103788, -0.3866728201742572]	0.7877739905909915	0.371992682333381	[0.5615760049640881, 0.2868636537259208, -0.2684171319463068]	[0.0, 0.0, 0.20373696903264804]	0.6675616246197044	[0.6516696095415222, 0.6516696095415221, 0.0]	1.7215965301233618
2	[0.3173518584167609, 0.4803910367019424, -0.8176259840635334]	0.6529148680713638	0.3470851319286362	[0.20720374677038159, 0.31365445035091444, -0.5338401615165609]	0.8195423943657943	0.3395818526929328	[0.26008330190330675, 0.2761020830481352, -0.5524804192726762]	[0.0, -0.1175987374024408, 0.11759873740244081]	0.5850626856791462	[0.0, 0.0, -0.9216]	1.7215965301233618
2	[0.34368895639038327, 0.8521586299346748, -0.3945929176799136]	0.6728627124138079	0.32713728758619204	[0.23125548342350427, 0.5733857671446797, -0.2655068608893851]	0.8323723854013241	0.3124484645816544	[0.286077196466755, 0.6000754893851536, -0.21921042599780216]	[0.0, -0.10923782215389581, 0.10923782215389584]	0.5278709816843574	[1.8401906235273885e-16, 0.9216, 0.0]	1.7215965301233618
2	[-0.3229166087420399, -0.915894291117339, -0.2384586154811929]	0.7154672103356678	0.2845327896643321	[-0.23103624522772154, -0.6552923334280867, -0.17060932039883478]	0.8585697009501154	0.25900904051732154	[-0.2772464161994786, -0.6941932598673526, -0.1125675144234874]	[0.0, 0.09216582775917896, 0.09216582775917899]	0.401460088442825	[1.8401906235273885e-16, -0.9216, 0.0]	1.7215965301233618
2	[0.7312398246119238, -0.5217161373985356, -0.4394321231765779]	0.6832334069402669	0.3167665930597331	[0.49960747666000793, -0.35645389401051786, -0.30023470663692836]	0.814940514200246	0.3077394957211926	[0.5959169586729389, -0.42516761727812885, -0.18045393404986243]	[0.0, 0.0, 0.17765710636776383]	0.4651020478645983	[0.6516696095415222, -0.6516696095415221, 0.0]	1.7215965301233618
2	[-0.5233582104380237, 0.36780142117461495, -0.7686470569442408]	0.6408315979427488	0.3591684020572513	[-0.33538447829145596, 0.23569877245694243, -0.4925733217555689]	0.7846109069698083	0.3811521906604622	[-0.26442159541761556, 0.1423700419083411, -0.6030888644886946]	[0.14621096474425802, -0.146210964744258, 0.0]	0.6577053326835471	[0.0, 0.0, -0.9216]	1.7215965301233618
2	[-0.8610281677669389, 0.09672338193413532, -0.49927455542930654]	0.6728015674818666	0.32719843251813335	[-0.5793011009196362, 0.0650756429774335, -0.33591270349664953]	0.807624820141596	0.31266524402972556	[-0.617271515191579, 0.0, -0.3290193454160841]	[0.07811620393804294, -0.07811620393804293, 0.07420717761378491]	0.5180983669994313	[-0.96, 0.0, 0.0]	1.7215965301233618
2	[-0.9131033657298079, 0.32277505933446543, -0.24911544425131257]	0.7243554788143195	0.2756445211856805	[-0.6614114256901816, 0.23380388265353705, -0.18044813690070144]	0.8428961441532946	0.2980622526018116	[-0.6630056724400818, 0.16542021919490296, -0.20997844740846638]	[0.10664563374696887, -0.10664563374696885, 0.0]	0.4104162981641551	[-0.96, 0.0, 0.0]	1.7215965301233618
2	[0.9321178315257292, -0.3469511665556093, 0.10383273172499087]	0.8137921204290898	0.1862078795709102	[0.7585501466070883, -0.28234612551663557, 0.08449825892042515]	0.8973378054333708	0.19777509375544652	[0.7378688625626462, -0.31133239838955834, 0.09317303561825525]	[-0.09855570678396415, 0.0, 0.0]	0.3632268760301194	[0.96, 0.0, 0.0]	1.7215965301233618
2	[-0.12823029057876226, 0.7068368935540821, 0.6956569546039927]	0.8287869217634841	0.17121307823651588	[-0.10627558780560946, 0.5858171731975512, 0.5765513860096029]	0.9081139552691856	0.16061209627203796	[-0.054073400850250274, 0.5795141316230353, 0.631735788555948]	[0.06237431551254651, -0.062374315512546505, 0.0]	0.14636025134195796	[0.0, 0.6516696095415221, 0.6516696095415222]	1.7215965301233618
2	[0.07615057952748802, 0.3647990422109022, -0.9279669972793408]	0.6981813342051166	0.30181866579488337	[0.05316691321499445, 0.25469588200755633, -0.647889236258806]	0.8481321922994011	0.28550579308621526	[0.06458575795951833, 0.210430176472878, -0.6880710488378433]	[0.0, -0.09896763494617629, 0.0989676349461763]	0.3727167699671146	[0.0, 0.0, -0.9216]	1.7215965301233618
2	[0.5619623156357962, 0.7192070340136566, 0.40858242501425923]	0.7513408015988285	0.24865919840117143	[0.42222521669813307, 0.5403695894513367, 0.3069846467294068]	0.8555388067707703	0.23304620488977298	[0.48078056896918814, 0.6153095277011886, 0.21642268468414902]	[0.0, 0.0, -0.13313543568005803]	0.4237314011431656	[0.6516696095415222, 0.6516696095415221, 0.0]	1.7215965301233618
2	[-0.10531262668904444, 0.1430812267902794, 0.984091973953676]	0.8296589757833152	0.1703410242166848	[-0.08737356599588322, 0.11870862407264346, 0.8164607391869877]	0.908626511832265	0.13732893215339326	[-0.03366346406044872, 0.0679810154272216, 0.8941720576156568]	[0.06202638057991122, -0.062026380579911215, 0.0]	0.17928583326337305	[0.0, 0.0, 0.96]	1.7215965301233618
2	[0.6544874205137956, 0.7551186024487893, -0.03797515799816128]	0.8972242763864542	0.10277572361354574	[0.5872220022745273, 0.6775107416680656, -0.03407223365556152]	0.9547017364243816	0.07691395400256786	[0.624840276832435, 0.6913935392269791, -0.0067354475446025665]	[0.0, -0.029519501737232244, 0.029519501737232248]	0.08863071101244445	[0.6788225099390857, 0.6788225099390855, 0.0]	1.7215965301233618
2	[0.20277089217358854, -0.8400177881465345, 0.5032435602017488]	0.8221318348676248	0.17786816513237513	[0.1667044056404177, -0.6906053654903542, 0.4137325515339797]	0.9023845795739049	0.17993218645729098	[0.1829773262838893, -0.6680567271265229, 0.45411922849593017]	[1.7963098137978395e-17, 0.08996237146468916, 0.0]	0.3140403846948853	[0.0, -0.6516696095415221, 0.6516696095415222]	1.7215965301233618
2	[-0.803524882586472, -0.5945025423763795, -0.030240538560309515]	0.859977821817588	0.140022178182412	[-0.6910135783029474, -0.5112590014578571, -0.026006192481685755]	0.9261412477428596	0.12028704501869075	[-0.7138445005357458, -0.5202602895674382, 0.0]	[0.030333036815324087, 0.03033303681532408, 0.028007010114661113]	0.1650532874323858	[-0.6516696095415222, -0.6516696095415221, 0.0]	1.7215965301233618
2	[-0.5010744317203609, -0.853498243722666, -0.14305649876339802]	0.765380759973427	0.23461924002657306	[-0.3835127293533828, -0.6532511344164393, -0.1094926917426672]	0.8873329308518746	0.19990692542430558	[-0.4446198440733653, -0.6839153931194142, -0.053517037365186995]	[0.0, 0.07342170495994654, 0.07342170495994654]	0.2896184852471529	[-0.6516696095415222, -0.6516696095415221, 0.0]	1.7215965301233618
2	[-0.7609264231653305, 0.10779343393573584, 0.6398215017715165]	0.6612712369853934	0.33872876301460675	[-0.5031787571014089, 0.07128069739758731, 0.42309555592630277]	0.7982048946600687	0.3541270581775753	[-0.44929134557721967, 0.0, 0.5107086544227804]	[0.15808384986952576, -0.0860412465797211, 0.0]	0.6786908482678734	[-0.96, 0.0, 0.0]	1.7215965301233618
2	[-0.962433976043306, 0.09758660131552688, 0.2533726445399293]	0.7607101692299788	0.23928983077002128	[-0.7321333127885846, 0.07423512000131292, 0.1927431473062169]	0.8663367341553138	0.24480085455662182	[-0.7404939706049823, 0.0, 0.21950602939501754]	[0.0932979370404887, -0.08454285748101022, 0.0]	0.27152673164322577	[-0.96, 0.0, 0.0]	1.7215965301233618
2	[0.44412791507195065, 0.14775282305008647, 0.8836964967309602]	0.6911319530884582	0.30886804691154174	[0.30695099336478215, 0.10211669716893965, 0.6107508857230969]	0.8173601732570505	0.30421050071983885	[0.1876782359382706, 0.120767273047437, 0.7222983216746661]	[-0.17533423367323162, 0.0, 0.0]	0.4695925651301286	[0.0, 0.0, 0.9216]	1.7215965301233618
2	[-0.2397304049013131, -0.9271160155267727, -0.28807156527434874]	0.7011099263353991	0.29889007366460085	[-0.16807736652071492, -0.6500102413503444, -0.20196983390882178]	0.8499185552985692	0.2780822551427272	[-0.20375131939486496, -0.6901695880426716, -0.14703385211256303]	[0.0, 0.0978035164680089, 0.09780351646800892]	0.3748150479650631	[1.8401906235273885e-16, -0.9216, 0.0]	1.7215965301233618
2	[-0.9103263181417157, -0.3426501571735635, -0.23215698199166843]	0.7304392344161232	0.2695607655838767	[-0.6649380588922831, -0.25028511847842205, -0.169576568190352]	0.8469165115835096	0.2913696902262878	[-0.6670538719261289, -0.18627955796986265, -0.19661758132813945]	[0.10391651783711306, 0.10391651783711305, 0.0]	0.4168614508057871	[-0.96, 0.0, 0.0]	1.7215965301233618
2	[-0.542816183435004, -0.3304546552852426, -0.7721077073837352]	0.6385330458597335	0.3614669541402666	[-0.3466060709507089, -0.21100621755781424, -0.49301628612751225]	0.7829207992456448	0.38265046492218363	[-0.2776238322667619, -0.11136157491872421, -0.6044991833685964]	[0.14735824791164198, 0.14735824791164195, 0.0]	0.6528381374814889	[0.0, 0.0, -0.9216]	1.7215965301233618
2	[0.25793719630420137, 0.8048166856442277, 0.5345451386659203]	0.8239735641498774	0.17602643585012248	[0.21253343096559946, 0.6631476729575658, 0.4404510631055489]	0.9019390577719554	0.1752212205155977	[0.17660674045479455, 0.6587338791597139, 0.4821271387049194]	[-0.05603689134415669, -0.06716172396938874, 0.0]	0.3220306908261536	[0.0, 0.6516696095415221, 0.6516696095415222]	1.7215965301233618
2	[-0.18693257288013515, -0.8013266046304215, 0.5682709616968765]	0.8271834964409561	0.1728165035590438	[-0.15462753923369404, -0.6628441426093518, 0.470064361022287]	0.9071702241280387	0.1676934675465973	[-0.10656472258201562, -0.6639246940678523, 0.5155184956880116]	[0.0630149414544875, 0.06301494145448748, 0.0]	0.2535672247056806	[0.0, -0.6516696095415221, 0.6516696095415222]	1.7215965301233618
2	[0.670897516479804, -0.3308724047014078, -0.6636414500227807]	0.6403233500459634	0.3596766499540366	[0.42959134528986503, -0.21186532661616922, -0.42494511650794775]	0.7842376142634188	0.3857136069867376	[0.5261430677393741, -0.25948258528863244, -0.31332069718506333]	[0.0, 0.0, 0.20713189030711804]	0.7373605178111969	[0.6516696095415222, -0.6516696095415221, 0.0]	1.7215965301233618
2	[-0.0944092052144279, 0.8361755244825448, 0.5402752948517275]	0.8385267733505456	0.1614732266494543	[-0.07916464622304373, 0.7011555644990486, 0.45303529971303375]	0.9138104031141588	0.15381894265752535	[-0.02776467538599899, 0.7055984546129029, 0.49370918498107824]	[0.058507438488684685, -0.05850743848868468, 0.0]	0.2352960348638559	[0.0, 0.6516696095415221, 0.6516696095415222]	1.7215965301233618
2	[0.4732267562466389, 0.6436198970217282, 0.6015063302493369]	0.710390360120827	0.289609639879173	[0.3361757257888606, 0.4572213704261951, 0.4273042985607835]	0.8278157025741251	0.2961391233045338	[0.39174453969918566, 0.532798657243728, 0.3392513368704523]	[0.0, 0.0, -0.15868504850768625]	0.47594612645625445	[0.0, 0.6516696095415221, 0.6516696095415222]	1.7215965301233618
2	[0.9333327359455623, 0.0076175893800653465, 0.35893171543401975]	0.7410725306844628	0.2589274693155374	[0.6916672525978311, 0.005645186239600114, 0.2659944346996045]	0.8512827784298302	0.2865884987995551	[0.6517615519478905, 0.006484722652399596, 0.3055523879812575]	[-0.14276853270736292, 0.0, 0.0]	0.36000159303053164	[0.96, 0.0, 0.0]	1.7215965301233618
2	[0.6108412428660861, 0.5627208847354543, 0.5569723349470446]	0.685273654704803	0.3147263452951971	[0.4185934109432669, 0.3856177972613849, 0.3816784675386289]	0.8108333870700175	0.3064353031248505	[0.45627288094508545, 0.4562728809450854, 0.3147327036244157]	[-0.03901759297008238, 0.0, -0.13687906122499274]	0.5655059796910835	[0.6516696095415222, 0.6516696095415221, 0.0]	1.7215965301233618
2	[-0.22631558260738288, -0.8439481474434798, 0.4863463595996165]	0.8090296776438723	0.19097032235612774	[-0.1830960228426361, -0.6827790976743416, 0.3934686385301485]	0.8963660633969367	0.19037749413138985	[-0.13251255890740446, -0.6861374296752899, 0.43594437180173917]	[0.07034904895975955, 0.07034904895975953, 0.0]	0.3398846216585675	[0.0, -0.6516696095415221, 0.6516696095415222]	1.7215965301233618
2	[0.7167984462644281, 0.17175503083258364, 0.675795972773292]	0.6558552202794178	0.3441447797205823	[0.4701160028707008, 0.11264643358080234, 0.4432243165871708]	0.7921649335607316	0.37742830994667603	[0.36830092977979856, 0.13605831258821502, 0.5353418718725648]	[-0.19952166378169767, 0.0, 0.0]	0.7384761222763386	[0.96, 0.0, 0.0]	1.7215965301233618
2	[-0.30498993107257155, 0.5849120837535815, 0.7515710187489878]	0.7200148992089749	0.2799851007910252	[-0.21959729448096976, 0.4211454150299464, 0.541142331312939]	0.8400099327178941	0.2830409705584259	[-0.14758971244214367, 0.38272710108196695, 0.6313271208920564]	[0.10860485903776232, -0.1086048590377623, 0.0]	0.3278043881137301	[0.0, 0.6516696095415221, 0.6516696095415222]	1.7215965301233618
2	[-0.6056136601508405, 0.49226818207101697, 0.6252232653694184]	0.6558504790944261	0.34414952090557394	[-0.3971920091560576, 0.3228543230542187, 0.41005297813351455]	0.7955358219440524	0.37768545352766614	[-0.3429924743680744, 0.2528220863002005, 0.49738750431420464]	[0.13879488654057046, -0.13879488654057043, 0.0]	0.6267983164950284	[0.0, 0.6516696095415221, 0.6516696095415222]	1.7215965301233618
2	[0.5109749349446353, 0.46263670952312524, -0.7244804282104115]	0.6587649425778768	0.3412350574221232	[0.33661237367753705, 0.30476884538341953, -0.47726230768882727]	0.7976323513631575	0.36832037411013857	[0.4075701388475259, 0.3690140064438445, -0.383596084778689]	[0.0, 0.0, 0.1942729426913688]	0.7169269382040053	[0.0, 0.0, -0.9216]	1.7215965301233618
2	[0.002819458647443705, -0.6973179621469923, -0.7167563814296327]	0.6512693528019693	0.34873064719803065	[0.001836227008572668, -0.4541418179046598, -0.4668014646503584]	0.8184672129675494	0.3488248327338701	[0.0023076344612505957, -0.4524324885862386, -0.4683421974409959]	[0.0, 0.11829940044442133, 0.11829940044442135]	0.7267882757370959	[0.0, 0.0, -0.9216]	1.7215965301233618
2	[-0.8555866756498043, -0.37234580260102185, -0.35962486529148335]	0.6826097383547417	0.31739026164525835	[-0.5840317968051161, -0.25416687089096984, -0.24548343520247867]	0.8145057562579447	0.35139760524922375	[-0.5709626041781302, -0.1773601314207823, -0.29291652287340114]	[0.12591766811623445, 0.12591766811623442, 0.0]	0.49893286393047	[-0.6516696095415222, -0.6516696095415221, 0.0]	1.7215965301233618
2	[-0.2691052909429353, -0.8396755536097938, -0.4717280011368885]	0.6477047102256481	0.3522952897743519	[-0.1743007644903825, -0.5438618111343921, -0.3055404482816926]	0.8161291146712504	0.34685624508072666	[-0.21962466285060697, -0.5654605981304128, -0.26516788788524714]	[0.0, 0.11982306804824026, 0.11982306804824029]	0.5492327189693164	[1.8401906235273885e-16, -0.9216, 0.0]	1.7215965301233618
2	[0.26912825269004914, 0.03529700841057871, 0.9624573262234875]	0.7703380817633628	0.22966191823663715	[0.20731974192557803, 0.027190629750990486, 0.7414175304620965]	0.8702722826772837	0.20257165812634106	[0.10967625017171025, 0.030718008081153613, 0.8375999342719895]	[-0.12453860862980763, 0.0, 0.0]	0.27144416304445385	[0.0, 0.0, 0.96]	1.7215965301233618
2	[-0.37652641502640966, -0.9216461821438335, 0.09378791887581]	0.8254686028285799	0.17453139717142013	[-0.3108107337399043, -0.7607899862765651, 0.07741898235661508]	0.9061590100105225	0.18011744773833835	[-0.2774914271233167, -0.7714566156316081, 0.08498676771945118]	[0.06370137635982576, 0.06370137635982574, 0.0]	0.38803133516829047	[1.8401906235273885e-16, -0.9216, 0.0]	1.7215965301233618
2	[-0.3291920728580172, 0.7155988871664101, 0.6160769528667969]	0.7477527349978186	0.2522472650021815	[-0.2461542728191835, 0.5350910250400784, 0.46067322647526954]	0.8582011497101169	0.2591489983610548	[-0.1862567639419518, 0.5178715362372383, 0.5287179492601906]	[0.09625625146025513, -0.09625625146025511, 0.0]	0.3372257561031823	[0.0, 0.6516696095415221, 0.6516696095415222]	1.7215965301233618
2	[-0.26577590768446113, -0.9471085310317797, 0.17985715815981654]	0.8143531216919888	0.1856468783080113	[-0.21643544009336269, -0.7712807888268436, 0.14646723820609636]	0.8995571958045518	0.18973500864592632	[-0.1708977937797689, -0.7837954578482418, 0.16179180083962033]	[0.06818283644927428, 0.06818283644927427, 0.0]	0.3219256367582797	[1.8401906235273885e-16, -0.9216, 0.0]	1.7215965301233618
2	[0.7696664563693288, 0.5162155319953196, 0.3756794783677559]	0.7063137188814725	0.2936862811185275	[0.5436259770965453, 0.3646101121479919, 0.2653475694733814]	0.8278825998591598	0.31733891423699845	[0.47196076278821997, 0.4273658567159644, 0.3110185032648307]	[-0.16523270413520658, 0.0, 0.0]	0.4164206208293084	[0.6516696095415222, 0.6516696095415221, 0.0]	1.7215965301233618
2	[-0.25997242779030083, 0.9582914325026617, 0.11870917058430358]	0.8264385094370175	0.17356149056298242	[-0.21485122571773882, 0.7919689430837641, 0.0981058299941965]	0.9067311692732308	0.1763636857071116	[-0.17241212165607073, 0.8055997293246284, 0.10763730504736099]	[0.06331298177302919, -0.06331298177302917, 0.0]	0.28813849380305634	[1.8401906235273885e-16, 0.9216, 0.0]	1.7215965301233618
2	[-0.06314638359111156, -0.20009060559607456, 0.9777403969313943]	0.8453997451262293	0.15460025487377071	[-0.05338393659356881, -0.16915654697307428, 0.826581482365419]	0.9177931396747577	0.12410193303727081	[-0.0021514503950000635, -0.12783791786925208, 0.8973634286865082]	[0.05580386726019282, 0.055803867260192805, 0.0]	0.2105669439672882	[0.0, 0.0, 0.96]	1.7215965301233618
2	[0.3827587229385273, -0.8321056707083291, 0.4013675532345752]	0.8118040638901158	0.188195936109884	[0.31072508677088745, -0.6755067650670322, 0.32583181082946056]	0.8950826601296064	0.1902405137879834	[0.30459632531521585, -0.6638534625541307, 0.359257137238915]	[-0.03800437060041213, 0.08094989469241066, 0.0]	0.4916426868635494	[0.0, -0.6516696095415221, 0.6516696095415222]	1.7215965301233618
2	[-0.2721718199665877, -0.694133976820097, -0.6664086753937051]	0.6255430437261176	0.3744569562738825	[-0.1702551886783761, -0.43421068061375784, -0.4168673111712685]	0.8013123567092434	0.3781645020545545	[-0.21809464248727023, -0.4267394339136587, -0.40452280728720247]	[0.0, 0.1294786989240126, 0.1294786989240126]	0.754929674820905	[1.8401906235273885e-16, -0.9216, 0.0]	1.7215965301233618
2	[0.47552094709255976, -0.1984297990429953, -0.8570329303637938]	0.6618608687776026	0.3381391312223974	[0.31472870716463, -0.13133291918596196, -0.5672365598615952]	0.7998511634242935	0.3780166322310849	[0.38034598276460585, -0.15871430562258854, -0.4933559033317339]	[0.0, 0.0, 0.1921428831126781]	0.5192913081820794	[0.0, 0.0, -0.9216]	1.7215965301233618
2	[0.800988583967639, -0.29950906587560844, 0.5183740037963296]	0.6650855620377321	0.33491443796226805	[0.5327259425539241, -0.19919915541327515, 0.3447630656606313]	0.7988605236884044	0.3741139151757378	[0.44678426239769, -0.2392659692148134, 0.4141085281391908]	[-0.19309389725913162, 0.0, 0.0]	0.6194367754518078	[0.96, 0.0, 0.0]	1.7215965301233618
2	[0.8188195228428631, -0.15935434817193742, -0.5514896016518198]	0.6578520927105257	0.3421479072894743	[0.5386621366544115, -0.10483159142743076, -0.36279858855474384]	0.7969765020684957	0.35049994764796905	[0.6525799191406997, -0.12700167099547582, -0.24462169563737132]	[0.0, 0.0, 0.1949025580142442]	0.5911569302154063	[0.96, 0.0, 0.0]	1.7215965301233618
2	[-0.7925675299183911, -0.48918774518014896, 0.3640495302628776]	0.691607312003925	0.30839268799607505	[-0.5481454989484488, -0.3383258215093038, 0.25177931706140033]	0.8207461432723855	0.3430156700972853	[-0.5288151905233399, -0.27981740225262125, 0.2987922479233804]	[0.12168155294010052, 0.1216815529401005, 0.0]	0.42282932809526824	[-0.6516696095415222, -0.6516696095415221, 0.0]	1.7215965301233618
2	[0.8661068170909243, -0.3186680382648219, -0.3851099359625488]	0.6860771108662229	0.313922889133777	[0.5942160627712816, -0.21863084701813595, -0.2642151122310616]	0.8169186780017634	0.2986533433521071	[0.707538836026233, -0.26032587254071365, -0.138845430653562]	[0.0, 0.0, 0.17575806911830716]	0.508600935100817	[0.96, 0.0, 0.0]	1.7215965301233618
