2	[0.056057202245361565, 0.4011216630813606, 0.9143079358089735]	0.805026254322868	0.19497374567713188	[0.04512751955140005, 0.3229134699581473, 0.7360418928619714]	0.8890129195497143	0.18764562197382115	[0.0330969888514836, 0.33986375261639884, 0.7384353215328546]	[-0.01673858817845412, -0.01673858817419846, -0.07439624584815356]	0.3701206725235197	[0.0, 0.6247995518564333, 0.6247995518564334]	1.5621264539974533
2	[-0.23769481941201118, -0.11551148820200527, 0.9644471312197728]	0.7457858281654284	0.2542141718345715	[-0.17726942774581875, -0.08614683089135361, 0.71927100247851]	0.8582492993776386	0.21744477044153027	[-0.10978250364231672, -0.004918745759221108, 0.8277360746596402]	[0.0942189085837366, 0.0942189080602171, 3.4964415872528512e-12]	0.2654042074022705	[0.0, 0.0, 0.94]	1.5621264539974533
2	[0.6546620075265115, -0.33805347936521724, 0.6761194428430739]	0.6391045845110971	0.360895415488903	[0.4183974903154318, -0.21605152847223788, 0.43211103559809716]	0.7798216060574255	0.3885611937653483	[0.30355188791348625, -0.2636214072127698, 0.5272525498118411]	[-0.20696769022061626, -8.853209505682519e-13, 7.30354699833871e-12]	0.7165468480139038	[0.0, -0.6247995518564333, 0.6247995518564334]	1.5621264539974533
2	[-0.9705434889992891, -0.09632939327280118, 0.2208302152169867]	0.7580827353801538	0.2419172646198462	[-0.7357522629459793, -0.07302564994975567, 0.16740757360628136]	0.8658508504616453	0.24357707979483484	[-0.7487939693916921, -8.613243760937933e-11, 0.19120602976881862]	[0.09155193596835477, 0.08340688700357723, 1.1556289769697703e-10]	0.24285436105068478	[-0.94, 0.0, 0.0]	1.5621264539974533
2	[0.9594294997721994, -0.10872397539467572, 0.2601425227471381]	0.7433139488044955	0.2566860511955045	[0.7131573300751954, -0.0808160474803389, 0.19336756583513823]	0.8527597092278121	0.2827369162964819	[0.6797569500280511, -0.09271542557279878, 0.22183906221089883]	[-0.13840587122227477, 7.085650233511235e-11, 1.5525988785761394e-10]	0.2826173038373008	[0.94, 0.0, 0.0]	1.5621264539974533
2	[-0.5443705237841608, -0.47920061531305314, -0.6884965527281526]	0.6190066671360425	0.3809933328639576	[-0.33696898361473476, -0.29662837577447415, -0.42618395643890833]	0.7702808187401382	0.3824417747498086	[-0.3396280858815562, -0.28942895327476365, -0.4270984626763952]	[0.07969008687690506, 0.0796900890293529, 0.10323722565880887]	0.7083045827874922	[-0.6247995518564334, -0.6247995518564333, 0.0]	1.5621264539974533
2	[0.8849441313699953, 0.3652531521974345, 0.28890140041827816]	0.70935989904482	0.29064010095517995	[0.6277438796889259, 0.2590959391685745, 0.2049350682346168]	0.8299713816470845	0.32023638613216027	[0.5746514029089713, 0.3031496633494858, 0.23977989453631232]	[-0.1598269004846628, -3.077185647934993e-11, 7.137652310587124e-11]	0.4674436383029284	[0.6247995518564334, 0.6247995518564333, 0.0]	1.5621264539974533
2	[-0.5578337547883747, -0.6983624372220631, 0.4484544662459758]	0.6918887804033427	0.3081112195966572	[-0.3859589162683459, -0.4831891349690793, 0.31028061371736027]	0.8225218841444444	0.3345609784865483	[-0.340864250717963, -0.4564521674322084, 0.3688636125031246]	[0.117966220309941, 0.11796622024738947, -2.6506534593852766e-11]	0.4593553356348876	[-0.6247995518564334, -0.6247995518564333, 0.0]	1.5621264539974533
2	[-0.5743041548288251, 0.15661431879424942, -0.8035214327539509]	0.6232911812853434	0.3767088187146564	[-0.35795871508033916, 0.09761632376746718, -0.500827823009302]	0.7734866702763136	0.38469364961997043	[-0.4017471956121128, 0.07866967003555875, -0.46865141078468175]	[0.042469412832287536, -0.04246941792619833, 0.15286170673182448]	0.6006378976032214	[0.0, 0.0, -0.8835999999999999]	1.5621264539974533
2	[-0.8665279513224694, 0.3243358013141649, 0.3793884520683025]	0.666885109740541	0.3331148902594589	[-0.5778745879109313, 0.2162947164521832, 0.2530085094918639]	0.8051335501567992	0.36282267593177614	[-0.5681468210072913, 0.13160973042085836, 0.30545837131520487]	[0.12952390475106657, -0.12952390473416547, 1.2959822363210711e-11]	0.5045071372277676	[-0.94, 0.0, 0.0]	1.5621264539974533
2	[0.4700823827733239, -0.48173766045396643, -0.7395616133267688]	0.6420923854777506	0.35790761452224934	[0.301836318525989, -0.30932008357535773, -0.4748668805087588]	0.7893174425527307	0.379488447052605	[0.3710442241569623, -0.3710442240830272, -0.39034837227100505]	[-2.7716903100451526e-12, 0.009199714047833252, 0.1934005089702515]	0.6883281753124262	[0.0, 0.0, -0.8835999999999999]	1.5621264539974533
2	[-0.0946035957855353, 0.7127331833516167, -0.6950263081451793]	0.6106656737121258	0.38933432628787423	[-0.057771168555963245, 0.43524168958840315, -0.4244287087111274]	0.7910861305427506	0.39306265685856034	[-0.07483959227518212, 0.43330404439067927, -0.4192963810761318]	[2.502274179465008e-10, -0.13052929173636799, 0.1305292916598514]	0.7219465897010823	[1.7643147080607643e-16, 0.8835999999999999, 0.0]	1.5621264539974533
2	[-0.27321334538383074, 0.9284012335025322, -0.25184443121727373]	0.6831530887484272	0.31684691125157266	[-0.18664654078625484, 0.6342401702651048, -0.17204830107017136]	0.8388469634808932	0.2907721926014573	[-0.22918418515200986, 0.6780982106791901, -0.1105705914413368]	[5.673035237764547e-12, -0.10068834493632504, 0.10068834495484594]	0.37427035703395617	[1.7643147080607643e-16, 0.8835999999999999, 0.0]	1.5621264539974533
2	[0.6508980740440835, 0.5825619344962585, -0.48677848112019056]	0.6666418087798975	0.3333581912201023	[0.43391586941209964, 0.3883601417389021, -0.32450688712909503]	0.8049616918105521	0.3262882787775644	[0.5239480146799926, 0.4689400400048725, -0.20850202076598137]	[-1.987627294640654e-10, -3.716639146974582e-10, 0.1833360089334981]	0.4893040351993058	[0.6247995518564334, 0.6247995518564333, 0.0]	1.5621264539974533
2	[-0.3998260039937436, -0.6053196966017631, 0.6882784548686267]	0.6745712719764623	0.3254287280235376	[-0.2697111360833257, -0.4083312776890578, 0.4642928727747235]	0.810536079374129	0.3399703569154929	[-0.1981404523103371, -0.36470050434835277, 0.5578745203316506]	[0.1259329493985766, 0.12593294930317753, 4.750403601486712e-12]	0.4053021951062928	[0.0, -0.6247995518564333, 0.6247995518564334]	1.5621264539974533
2	[-0.4822535042821636, 0.2076785807285885, 0.8510588491485958]	0.6536481438030664	0.3463518561969336	[-0.3152241079165603, 0.1357487188008971, 0.5562930370131536]	0.7957072588296402	0.34189405568840087	[-0.24794323996952558, 0.029461980517989473, 0.6771937038141137]	[0.13578937398382343, -0.1357893736711847, -1.4462411807577365e-10]	0.5260777145865442	[0.0, 0.0, 0.8835999999999999]	1.5621264539974533
2	[-0.16509556563678984, -0.6493980067248306, 0.7423110419957967]	0.7611234057377576	0.2388765942622425	[-0.1256580991896749, -0.4942720225577144, 0.5649903084005842]	0.8680025213362074	0.2273407307546362	[-0.05556723408041629, -0.47594297591678775, 0.6443278560202937]	[0.08773613315374436, 0.08773613127107259, -4.776494694587764e-11]	0.20413373089623826	[0.0, -0.6247995518564333, 0.6247995518564334]	1.5621264539974533
2	[-0.7667129585341538, -0.21717061744090388, 0.6041425015144536]	0.6349574159759821	0.36504258402401796	[-0.4868300789461465, -0.13789409407618486, 0.3836047616428833]	0.7821274236160312	0.3892265493848647	[-0.45485160579295486, -0.025039470489133936, 0.47251641829583246]	[0.14481562511838797, 0.14481562501502251, 8.938844945644241e-11]	0.6649658923251559	[-0.94, 0.0, 0.0]	1.5621264539974533
2	[-0.5627379067032513, -0.09880880506420255, -0.8207087597930384]	0.6327070591397026	0.3672929408602975	[-0.35604824601664653, -0.06251702846927966, -0.5192682258188457]	0.7804706462350475	0.37860501156693327	[-0.40683405638669384, -0.04475101058221734, -0.47995445080221494]	[0.03236636131895054, 0.03236636135995365, 0.16058464532422193]	0.5747977380729177	[0.0, 0.0, -0.8835999999999999]	1.5621264539974533
2	[-0.7172335228967242, 0.3236780153508262, 0.6170969259457582]	0.627662412202425	0.37233758779757486	[-0.45018052309380113, 0.2031605238919932, 0.38732854510181597]	0.7767393478015787	0.4035615813205814	[-0.4087065250012737, 0.1030164767598545, 0.479323463790472]	[0.14839697379495645, -0.14839697378145558, 1.0046914354584058e-12]	0.6928396890778411	[-0.6247995518564334, 0.6247995518564333, 0.0]	1.5621264539974533
2	[0.42091944114580687, -0.7688266056295766, -0.4813859932960296]	0.6362112149327908	0.36378878506720913	[0.2677936690402051, -0.4891361088402466, -0.30626316764649536]	0.8085058653666642	0.35012614436056055	[0.34031583701159934, -0.5019553708521871, -0.26955794979432635]	[-1.6439817454824434e-12, 0.11964544924926891, 0.1196454492908713]	0.5422576567495883	[0.6247995518564334, -0.6247995518564333, 0.0]	1.5621264539974533
2	[0.42956351779516044, -0.4598919234815048, 0.7771580295512159]	0.6714512409173902	0.32854875908260994	[0.2884309570763999, -0.30879500270954174, 0.5218237233310776]	0.7985802007408204	0.3262394508035646	[0.2735990257881087, -0.29781869098000624, 0.5408541493458564]	[-0.06944189448368344, 0.06944189359293579, -0.07976886590049409]	0.4846983055904654	[0.0, -0.6247995518564333, 0.6247995518564334]	1.5621264539974533
2	[-0.8400077372572654, 0.5216390497379884, 0.14926387083409495]	0.7505413158057967	0.24945868419420322	[-0.630460512408118, 0.39151165876603533, 0.11202870201808807]	0.8612922611839494	0.2665831313993514	[-0.6312958517071362, 0.357087365077098, 0.12855981683357293]	[0.09219631172718686, -0.09219631159358073, 9.806336399447651e-12]	0.2814895298181194	[-0.6247995518564334, 0.6247995518564333, 0.0]	1.5621264539974533
2	[-0.4441015089686827, -0.5054954125191813, -0.7397622845575473]	0.6182433997004634	0.38175660029953656	[-0.27456282671690463, -0.31251920236884656, -0.45735314977503966]	0.7797198222436644	0.375748761764229	[-0.29341345215069325, -0.2934134492388027, -0.4686507164699612]	[0.05286129748051064, 0.1007313439556414, 0.10815660054781663]	0.6880705274387955	[0.0, 0.0, -0.8835999999999999]	1.5621264539974533
2	[-0.3470600964699847, -0.9352897083220022, 0.06915526693744163]	0.7976948411978125	0.20230515880218747	[-0.276848048539722, -0.7460757753538679, 0.055164799677654815]	0.8905637254846043	0.20730319939014533	[-0.236338988835838, -0.7601949432848135, 0.06158717218184149]	[0.07274014364351777, 0.0727401437658375, 2.1151187912273053e-11]	0.3576380676792638	[1.7643147080607643e-16, -0.8835999999999999, 0.0]	1.5621264539974533
2	[0.5903105937608876, -0.7751860602889039, 0.22498883267272618]	0.815207595483494	0.1847924045165059	[0.481225679728245, -0.6319375642604422, 0.18341260529376938]	0.895378524629843	0.18585533516197342	[0.4712732855808792, -0.636806808479601, 0.19001016005461888]	[-0.057278142934110626, 0.0572781424954987, -0.011440009002076973]	0.2614619393327455	[0.6646803743153546, -0.6646803743153545, 0.0]	1.5621264539974533
2	[0.898295633071446, 0.35603163766722934, -0.2575003467662926]	0.7122802312060689	0.287719768793931	[0.6398382212155317, 0.2535942971942895, -0.18341240653033786]	0.8363131278819578	0.251870466406173	[0.7512564304953581, 0.2977539325001942, -0.06148526103584316]	[-1.613262832571008e-10, -2.2222237577433648e-11, 0.15386565939896374]	0.4413662989237869	[0.94, 0.0, 0.0]	1.5621264539974533
2	[-0.5823232659116057, -0.7904095113060299, 0.1901378931591604]	0.7957683425380722	0.20423165746192776	[-0.46339442013583565, -0.6289828667383269, 0.1513057160929463]	0.8893989747409513	0.2129883163508026	[-0.4444033849700305, -0.6294750782352979, 0.16910844725078236]	[0.0735143306995542, 0.07351433074578136, 1.5620348096850617e-11]	0.25570160725261015	[-0.6247995518564334, -0.6247995518564333, 0.0]	1.5621264539974533
2	[0.046814467694287085, -0.31486946972487456, -0.9479797585653803]	0.6912478016706828	0.30875219832931705	[0.0323603978800585, -0.21765282876053327, -0.6552889241366239]	0.8438730957303381	0.28613441324424876	[0.039505469770988566, -0.16816185459797195, -0.7024265939436138]	[-7.157234715345404e-12, 0.09754801956972788, 0.09754801960665187]	0.324775508102535	[0.0, 0.0, -0.8835999999999999]	1.5621264539974533
2	[-0.5005802197939991, -0.3153195029069573, -0.8062214674873777]	0.6195068982464352	0.38049310175356477	[-0.310112899288099, -0.19534260720249713, -0.49945976062279457]	0.7706560218643808	0.3781364380972629	[-0.28491274842638675, -0.14214046296986999, -0.5483770808173283]	[0.10086241238405397, 0.1008624107566598, 0.07294234805815746]	0.5966526482437718	[0.0, 0.0, -0.8835999999999999]	1.5621264539974533
2	[-0.04834958995474442, -0.2654909294318255, -0.9629002458929136]	0.7077756299161857	0.2922243700838143	[-0.03422066148640849, -0.1879080098156439, -0.681517328083307]	0.8539568856798596	0.2659326603159801	[-0.04128846526165175, -0.1354701348949115, -0.7310276228241419]	[0.0, 0.09124767237894159, 0.0912476723789416]	0.2812679246875531	[0.0, 0.0, -0.8835999999999999]	1.5621264539974533
2	[0.5083228987278984, -0.8547325921274783, -0.10507153079644761]	0.7838713877997575	0.21612861220024243	[0.39845977607623334, -0.6700004231886506, -0.08236256666365635]	0.8974995003453784	0.17694683942113268	[0.45621954762240324, -0.7030798081140539, -0.030259380141067695]	[0.0, 0.06404226624926806, 0.06404226624926808]	0.26759583750742044	[0.6646803743153546, -0.6646803743153545, 0.0]	1.5621264539974533
2	[-0.9284253285745718, -0.13808181841230865, -0.3449055242891136]	0.6886416808850302	0.31135831911496986	[-0.6393523788458295, -0.09508889553111372, -0.23751631999298778]	0.8202939152281633	0.3202036414257621	[-0.6483139723261726, 0.0, -0.27418486601339764]	[0.11326767544725697, 0.11326767544725695, 0.008739036889541653]	0.3716993170289727	[-0.94, 0.0, 0.0]	1.5621264539974533
2	[-0.06889079567394185, 0.3975793607448141, 0.9149779834406706]	0.7936235795418546	0.20637642045814533	[-0.05467335986024026, 0.31552835542626173, 0.7261481024201728]	0.8869751891691219	0.175749224779401	[0.0, 0.29153860218146416, 0.7929238732875056]	[0.06110442652490591, -0.06110442652490589, -0.018638896660364866]	0.374937967047987	[0.0, 0.6247995518564333, 0.6247995518564334]	1.5621264539974533
2	[0.6325661785202784, 0.28148587773129363, 0.7215439906409687]	0.6391490614898	0.3608509385102	[0.4043040793314252, 0.1799114345745889, 0.4611741644417802]	0.7798547142611744	0.38590309548609586	[0.2863731478067185, 0.21951808874669385, 0.5626994826481801]	[-0.20693656859449616, 0.0, 0.0]	0.7110811625540926	[0.0, 0.0, 0.8835999999999999]	1.5621264539974533
2	[0.4627939954675316, 0.4749993593769372, -0.7484633099562714]	0.6422030402219597	0.35779695977804027	[0.2972077108857166, 0.3050460326953523, -0.4806654131485085]	0.7894916138261547	0.38001536251953555	[0.3653719783507156, 0.36537197835071555, -0.3978888333310093]	[0.0, -0.009636032450172178, 0.19301667313603282]	0.6768046975644282	[0.0, 0.0, -0.8835999999999999]	1.5621264539974533
2	[0.221476007748747, -0.4106734513418808, 0.8844748127304841]	0.7269150409476486	0.2730849590523514	[0.16099424124160222, -0.2985247086982955, 0.6429380447131436]	0.837768112288523	0.2966578903409296	[0.18554553692886608, -0.3440491220977001, 0.5976366982461017]	[0.0, 0.0, -0.143348095981861]	0.40290551006395725	[0.0, -0.6247995518564333, 0.6247995518564334]	1.5621264539974533
2	[0.9860011347815463, -0.14997046261515515, -0.07287401836388196]	0.8350756759386968	0.16492432406130308	[0.823385564104022, -0.12523668543918975, -0.060855320143587736]	0.9121807879842324	0.12658716000683595	[0.8833355122782999, -0.1368001747626521, 0.0]	[-0.016075779800078193, 0.0, 0.06647427949474327]	0.17296781958125346	[0.94, 0.0, 0.0]	1.5621264539974533
2	[-0.6557911630374385, -0.3963743825863497, 0.6425148241957486]	0.6273902852734589	0.3726097147265411	[-0.4114370048578719, -0.24868143696594108, 0.403107558844597]	0.7765373850190472	0.40485034554717164	[-0.36071514029266444, -0.1592683119711157, 0.4989367814169395]	[0.1485312145710277, 0.14853121457102766, 0.0]	0.6826154387581302	[-0.6247995518564334, -0.6247995518564333, 0.0]	1.5621264539974533
2	[0.023793693056283344, 0.04289796032026491, 0.9987960878833599]	0.9020392823735318	0.09796071762646816	[0.02146284580950591, 0.03869564534258001, 0.900953306351797]	0.9225838654753735	0.08355281165329739	[0.01310045732258447, 0.013100457322584469, 0.9214731555811111]	[-0.008851219991215964, -0.02647650873069472, 0.0]	0.07657254585870474	[0.0, 0.0, 0.94]	1.5621264539974533
2	[-0.6503901416184334, 0.6509630825253956, 0.3914584637922513]	0.68600715584288	0.3139928441571201	[-0.4461722912399094, 0.4465653328019606, 0.2685433073767453]	0.8184797204322923	0.3450589221224332	[-0.4116781739148827, 0.4121471144282372, 0.32040081400553644]	[0.12065296736889174, -0.12065296736889171, 0.0]	0.393165534471197	[-0.6247995518564334, 0.6247995518564333, 0.0]	1.5621264539974533
2	[0.0436332048721218, -0.06677529962391429, -0.9968135245835722]	0.8196965479223156	0.18030345207768445	[0.035765987408465406, -0.054735482588200844, -0.8170846050234304]	0.9088496121386678	0.16817926368013533	[0.03965602132439493, -0.03965602132439492, -0.830882841804487]	[0.0, 0.02103268383924291, 0.07507074338787095]	0.138492235724286	[0.0, 0.0, -0.8835999999999999]	1.5621264539974533
2	[-0.9242757874514296, -0.2829221709872863, 0.2562602464193005]	0.7103639644831407	0.2896360355168595	[-0.6565722126497741, -0.20097771502270564, 0.18203804458584086]	0.8350316177249342	0.3081157884545592	[-0.6621482599387654, -0.12659771204897485, 0.2139854081260988]	[0.10965124608078926, 0.10965124608078923, 0.0]	0.382049106256398	[-0.94, 0.0, 0.0]	1.5621264539974533
2	[-0.2943098771635715, -0.7679763716068763, 0.5688532225956892]	0.7516429697353763	0.2483570302646237	[-0.22121595009368072, -0.5772440406411914, 0.42757452557536285]	0.8619947514780464	0.2505379393082177	[-0.16196418917809152, -0.5702622213392254, 0.4903484922388568]	[0.09172938024505566, 0.09172938024505564, 0.0]	0.33203598791040556	[0.0, -0.6247995518564333, 0.6247995518564334]	1.5621264539974533
2	[-0.14906694810830792, -0.8342125868124517, -0.5309128035613311]	0.6192571269078827	0.3807428730921173	[-0.09231077000247713, -0.5165920897398715, -0.328771537371999]	0.7970196069051075	0.3790143705536195	[-0.11880928038382756, -0.5380617293752216, -0.2963258553540092]	[0.0, 0.12682205864133148, 0.1268220586413315]	0.5536501391538118	[1.7643147080607643e-16, -0.8835999999999999, 0.0]	1.5621264539974533
2	[0.2810337746450933, -0.8702618085745263, 0.4045545723945357]	0.7816734597287159	0.218326540271284	[0.21967664292745046, -0.6802605587782196, 0.316229572252708]	0.8774598459223122	0.22323424870119896	[0.2465958525990494, -0.6553433123208317, 0.3549803927604762]	[2.1619939616729673e-17, 0.10827648014304489, 0.0]	0.4332892255094509	[0.0, -0.6247995518564333, 0.6247995518564334]	1.5621264539974533
2	[-0.3193872625986172, -0.1853516585086434, -0.9293204717307465]	0.6706942891812769	0.32930571081872306	[-0.21421121306213342, -0.12431429885202538, -0.623289933209062]	0.8078174298817785	0.30716643710222724	[-0.1302666149663253, -0.021990317757711094, -0.7507212750100536]	[0.12773998264306632, 0.1277399826430663, 0.0]	0.3720938354198103	[0.0, 0.0, -0.8835999999999999]	1.5621264539974533
2	[-0.02326142392409699, 0.5206543965570728, -0.8534505876164207]	0.6385591831832056	0.3614408168167944	[-0.014853795860649584, 0.3324686461862292, -0.5449787101155684]	0.8100737780876693	0.35520922478131084	[-0.018843469561892093, 0.30310265576033385, -0.5726921235849657]	[0.0, -0.11866581833660966, 0.11866581833660969]	0.5220450953358926	[0.0, 0.0, -0.8835999999999999]	1.5621264539974533
2	[-0.14151953167809056, -0.9882797815310014, 0.0572301980657959]	0.8253280319645517	0.17467196803544838	[-0.11680003656442337, -0.8156550071213384, 0.04723368673858482]	0.9069908555348773	0.17113457287713987	[-0.0665355681537778, -0.8345393716007962, 0.0519072663061267]	[0.061821352957828576, 0.06182135295782856, 0.0]	0.1850970828468524	[1.7643147080607643e-16, -0.8835999999999999, 0.0]	1.5621264539974533
2	[-0.2408160895132035, -0.029964541649743767, -0.9701081059733959]	0.7298348701738718	0.27016512982612817	[-0.17575597942564838, -0.021869167364760318, -0.7080187235777141]	0.8479159666787187	0.2637221386072903	[-0.17878439403234958, 0.0, -0.7155426696095913]	[0.025407413299027216, 0.025407413299027213, 0.10702748284970158]	0.2576313550867106	[0.0, 0.0, -0.8835999999999999]	1.5621264539974533
2	[-0.9193028320914569, 0.3682507660334217, -0.13882966622600743]	0.7503372297103488	0.24966277028965123	[-0.6897871402963817, 0.2763122596242315, -0.10416906715763478]	0.8611620214313763	0.20265010273338038	[-0.7839238408878291, 0.3093787297673552, 0.0]	[0.0077448443036390955, -0.007744844303639094, 0.11955483600183184]	0.39409475468224764	[-0.94, 0.0, 0.0]	1.5621264539974533
2	[-0.4190967468538468, -0.005998420409635007, -0.9079217674057122]	0.6772348611017648	0.3227651388982352	[-0.28382692714376645, -0.004062339412949156, -0.6148762720402763]	0.8123963081295156	0.34994548961554417	[-0.3355995552977591, 0.0, -0.5681364180201064]	[0.004873094595396217, 0.004873094595396216, 0.16945587389071898]	0.4198447482589554	[0.0, 0.0, -0.8835999999999999]	1.5621264539974533
2	[-0.049678028172980324, -0.3072325353012995, 0.9503369206598155]	0.8138469017539539	0.18615309824604606	[-0.04043030931382567, -0.2500402469729749, 0.7734287585013839]	0.8983655334865148	0.1560988149222996	[0.0, -0.23137809219818892, 0.823273798557028]	[0.04462902828217758, 0.044629028282177574, -0.03047613616345874]	0.31139458755660315	[0.0, 0.0, 0.94]	1.5621264539974533
2	[-0.006529993679506635, -0.13584444630828008, 0.9907086582793866]	0.8819915898581724	0.11800841014182759	[-0.005759399507151874, -0.11981365917284308, 0.873796704602093]	0.9360309126022134	0.11293720297111845	[0.0, -0.12104232510676646, 0.8789362636310616]	[0.0061122759431152815, 0.006112275943115281, -0.04839766590110706]	0.14514724397918546	[0.0, 0.0, 0.94]	1.5621264539974533
2	[-0.28552847098575684, 0.9469432564362485, -0.1475532491897388]	0.7285822679189036	0.2714177320810965	[-0.20803098094621952, 0.6899260653648338, -0.10750468093346302]	0.8663211097079837	0.23719739149550753	[-0.2473593418376046, 0.7368344219992256, -0.04430598383195607]	[0.0, -0.08352251074711711, 0.08352251074711713]	0.32758332867510487	[1.7643147080607643e-16, 0.8835999999999999, 0.0]	1.5621264539974533
2	[0.6197702497589663, 0.19415633083075332, -0.7603868467510783]	0.6228817825690193	0.37711821743098073	[0.3860435979531113, 0.12093644144491988, -0.4736311145463473]	0.7731811015146522	0.4128557111652632	[0.4791946443946487, 0.1501180057377651, -0.37470697517202484]	[0.0, 0.0, 0.2132097645762269]	0.6610547060731772	[0.0, 0.0, -0.8835999999999999]	1.5621264539974533
2	[-0.5624812591332691, 0.74274176037644, -0.3632485519816412]	0.6599064451981637	0.34009355480183623	[-0.37118500820522277, 0.4901400747902429, -0.2397100606615852]	0.8240818346182267	0.31285716348126225	[-0.4635305879649146, 0.5021664016446501, -0.18943294224550727]	[0.0, -0.10991359089393787, 0.1099135908939379]	0.3869669813760159	[-0.6247995518564334, 0.6247995518564333, 0.0]	1.5621264539974533
2	[0.26614320307009814, 0.525598084651251, -0.8080312177574113]	0.6216903104153797	0.3783096895846203	[0.1654586505315928, 0.32675923640056526, -0.5023451785929223]	0.7986860833873646	0.37377499783289875	[0.21256487248022474, 0.2940070307839703, -0.5195824436833515]	[0.0, -0.12578084488203797, 0.125780844882038]	0.5939664906197175	[0.0, 0.0, -0.8835999999999999]	1.5621264539974533
2	[0.05651616896963574, -0.07584795636522534, -0.995516453987685]	0.8106581040653172	0.18934189593468279	[0.04581529038596003, -0.0614867605042625, -0.8070234811554843]	0.9025938230936785	0.18152015468671032	[0.05101114501691184, -0.05101114501691183, -0.8157877860718084]	[0.0, 0.017448751892619425, 0.08275921608559825]	0.14653423665806964	[0.0, 0.0, -0.8835999999999999]	1.5621264539974533
2	[0.5973588228671314, -0.7944560794217789, -0.10955352396235898]	0.8027209277962121	0.19727907220378776	[0.479512428519157, -0.6377265211667915, -0.08794090639840936]	0.907607093901148	0.1576212837035749	[0.5421671052386478, -0.6633269271508241, -0.04170450918483017]	[0.0, 0.05772704632527624, 0.057727046325276254]	0.18269072099544778	[0.6646803743153546, -0.6646803743153545, 0.0]	1.5621264539974533
2	[0.2017951317312817, -0.9505822173789635, 0.235949513270207]	0.792623398515938	0.20737660148406195	[0.15994754311682, -0.7534537077077302, 0.18701910508641287]	0.8843166938154756	0.21520260007319153	[0.17845080372066546, -0.7383979543277029, 0.20865409348248018]	[2.0410175857845322e-17, 0.10221776934464577, 0.0]	0.31761622352753893	[1.7643147080607643e-16, -0.8835999999999999, 0.0]	1.5621264539974533
2	[0.8693840676576888, 0.2901848781877038, 0.39995509669731516]	0.6764839960082576	0.3235160039917424	[0.5881244081549868, 0.19630542597758732, 0.2705632220376688]	0.8070270848024553	0.36194857452943807	[0.5202219494097932, 0.2341870562975782, 0.3227745957395184]	[-0.18139454028569207, 0.0, 0.0]	0.4991572425634482	[0.94, 0.0, 0.0]	1.5621264539974533
2	[-0.8610281677669389, 0.09672338193413532, -0.49927455542930654]	0.6523399097257281	0.3476600902742719	[-0.561683037232394, 0.06309652223928094, -0.32569671841710685]	0.7947671330337346	0.3294035461888889	[-0.6074443234002997, 0.0, -0.31260233600371823]	[0.07687256495711967, -0.07687256495711965, 0.08420467101152408]	0.5146523531454559	[-0.94, 0.0, 0.0]	1.5621264539974533
2	[0.19112905340289493, 0.955407186083941, -0.22509285578284977]	0.7106033055147088	0.289396694485291	[0.13581693712799456, 0.6789155045437552, -0.1599517273670387]	0.8556585249388566	0.26045141324432974	[0.16354120390768115, 0.7273178146280697, -0.10241813202092898]	[0.0, -0.09018448893249899, 0.090184488932499]	0.3038969903642666	[1.7643147080607643e-16, 0.8835999999999999, 0.0]	1.5621264539974533
2	[0.7128643642357262, 0.3641446114649132, -0.5993522337856607]	0.6261212064362729	0.37387879356372716	[0.44633949576069953, 0.2279986634476793, -0.37526714369815295]	0.7755945935055542	0.389353546250856	[0.5528937468040034, 0.2824285919063674, -0.2539132700248565]	[0.0, 0.0, 0.210941082104779]	0.6594842752285821	[0.6247995518564334, 0.6247995518564333, 0.0]	1.5621264539974533
2	[0.07227587025157346, 0.95646664736232, 0.2827503334442972]	0.805182836915986	0.19481716308401384	[0.058195290249733723, 0.770130528538715, 0.2276657156216202]	0.8920789855188055	0.20106402776271057	[0.06447578501151255, 0.757884788065968, 0.2522356306140926]	[1.9040663315801018e-17, -0.09535900839558344, 0.0]	0.30080076592540156	[1.7643147080607643e-16, 0.8835999999999999, 0.0]	1.5621264539974533
2	[0.34368895639038327, 0.8521586299346748, -0.3945929176799136]	0.6497301518821862	0.35026984811781375	[0.22330507783575385, 0.553673156055172, -0.2563789163358053]	0.8174591368992891	0.3335401004684745	[0.2809516776527002, 0.5825534086668692, -0.2085121364523836]	[0.0, -0.11405144946081075, 0.11405144946081078]	0.5242272686339795	[1.7643147080607643e-16, 0.8835999999999999, 0.0]	1.5621264539974533
2	[-0.3435991741891739, 0.9190390325182507, -0.19314984909244817]	0.7043374434902211	0.29566255650977885	[-0.24200976393375384, 0.647313602631631, -0.13604267092029695]	0.8518786679658611	0.2637449615126226	[-0.29270480682244326, 0.6903636049549732, -0.07199409428737391]	[0.0, -0.09254614187530795, 0.09254614187530796]	0.39575646770930667	[1.7643147080607643e-16, 0.8835999999999999, 0.0]	1.5621264539974533
2	[0.3173518584167609, 0.4803910367019424, -0.8176259840635334]	0.6299997377239156	0.3700002622760844	[0.19993158756875662, 0.3026462271271437, -0.5151041555162844]	0.8043314494424808	0.36094085327452896	[0.2552560802636183, 0.2641399961489135, -0.5353886701629207]	[0.0, -0.12225362270073581, 0.12225362270073582]	0.5795173172243638	[0.0, 0.0, -0.8835999999999999]	1.5621264539974533
2	[0.7312398246119238, -0.5217161373985356, -0.4394321231765779]	0.6643941998236376	0.33560580017636243	[0.48583149815221627, -0.346625175641979, -0.29195615385470464]	0.803371607675683	0.32367520352883283	[0.5874573134949659, -0.4191319320522091, -0.1681966024758483]	[0.0, 0.0, 0.18483068878485792]	0.4637416445393243	[0.6247995518564334, -0.6247995518564333, 0.0]	1.5621264539974533
2	[-0.7929808338988992, -0.00991516019342563, 0.6091658942089136]	0.6680175055898127	0.33198249441018746	[-0.5297250786416721, -0.0066235005799355935, 0.4069334811398262]	0.8012773650290068	0.36207204764869555	[-0.4518891574227428, 0.0, 0.48811084257725706]	[0.18350843568227176, 0.007944793433628587, 0.0]	0.6267344192479536	[-0.94, 0.0, 0.0]	1.5621264539974533
2	[-0.3229166087420399, -0.915894291117339, -0.2384586154811929]	0.6859666092150565	0.31403339078494347	[-0.22151001115800215, -0.6282729012771889, -0.16357464789975087]	0.8406005443266538	0.286175402006725	[-0.27144387708067574, -0.6703085311880437, -0.10085573350200486]	[0.0, 0.09959270847086611, 0.09959270847086614]	0.40271648679615624	[1.7643147080607643e-16, -0.8835999999999999, 0.0]	1.5621264539974533
2	[0.773680262255319, -0.4033464444766593, -0.488600550065775]	0.6435977281218508	0.3564022718781491	[0.49793885908024116, -0.2595928553112042, -0.31446220398141944]	0.7884449253644785	0.354136435862831	[0.6100042766298653, -0.31801645731142747, -0.18637285407226312]	[0.0, 0.0, 0.19886177015739012]	0.5567202549051117	[0.6247995518564334, -0.6247995518564333, 0.0]	1.5621264539974533
2	[-0.5425391588143534, 0.6413296677530546, -0.542538034070212]	0.627291832147376	0.37270816785262395	[-0.340330382944352, 0.40230086229528156, -0.3403296774015388]	0.7929928739509027	0.3667457308508712	[-0.3759767187108108, 0.37597671871081073, -0.35188862526263714]	[0.05425296806828857, -0.1325931376706615, 0.07834016960237296]	0.5489877370285822	[-0.6247995518564334, 0.6247995518564333, 0.0]	1.5621264539974533
2	[-0.5233582104380237, 0.36780142117461495, -0.7686470569442408]	0.6157404626680245	0.3842595373319755	[-0.322252826636218, 0.22647021724401437, -0.47328709447126227]	0.7678250493834887	0.4066889150842872	[-0.2475254106923981, 0.12808501129428435, -0.590186464456685]	[0.1543221330824317, -0.15432213308243167, 0.0]	0.6499199035020683	[0.0, 0.0, -0.8835999999999999]	1.5621264539974533
2	[-0.9131033657298079, 0.32277505933446543, -0.24911544425131257]	0.7009933835162099	0.2990066164837902	[-0.6400794178429772, 0.22626318095751227, -0.17462827815187135]	0.828721905695614	0.3216440389061309	[-0.6428635735104257, 0.1536455744484132, -0.20644742569815724]	[0.11384518783425988, -0.11384518783425987, 0.0]	0.4086143321372379	[-0.94, 0.0, 0.0]	1.5621264539974533
2	[-0.10531262668904444, 0.1430812267902794, 0.984091973953676]	0.8092380010163874	0.19076199898361262	[-0.08522297950362737, 0.11578676595073809, 0.7963646218185435]	0.8974889186374839	0.1525248127949403	[-0.02637981151451459, 0.060276711577823536, 0.8832116415435116]	[0.06813710393150893, -0.06813710393150892, 0.0]	0.1830494167351785	[0.0, 0.0, 0.94]	1.5621264539974533
2	[0.20277089217358854, -0.8400177881465345, 0.5032435602017488]	0.7922866864679083	0.2077133135320917	[0.16065267827235405, -0.6655349099447192, 0.3987131727985569]	0.8841070934129204	0.20941782145230667	[0.17927118410833603, -0.6402627128330395, 0.44492120128873813]	[2.044715596514968e-17, 0.10240297226034355, 0.0]	0.31970421181437175	[0.0, -0.6247995518564333, 0.6247995518564334]	1.5621264539974533
2	[0.6544874205137956, 0.7551186024487893, -0.03797515799816128]	0.8760169978037498	0.1239830021962502	[0.5733421052188156, 0.6614967311029516, -0.0332668839006723]	0.9446226361019289	0.09219621320494432	[0.6182436324612932, 0.6787023726682743, -0.0012724417081049118]	[0.0, -0.03459975214650543, 0.03459975214650544]	0.09861583057552784	[0.6646803743153546, 0.6646803743153545, 0.0]	1.5621264539974533
2	[0.44412791507195065, 0.14775282305008647, 0.8836964967309602]	0.6767333707324487	0.3232666292675513	[0.30055618100301584, 0.09998926597792006, 0.598026908937199]	0.80720451151614	0.3178823146109725	[0.17727429756150742, 0.11926674535527572, 0.713323798972239]	[-0.18122775917482833, 0.0, 0.0]	0.4680603710816021	[0.0, 0.0, 0.8835999999999999]	1.5621264539974533
2	[-0.9103263181417157, -0.3426501571735635, -0.23215698199166843]	0.7066803923420525	0.2933196076579475	[-0.6433097596636838, -0.24214414750747978, -0.16406078711881905]	0.8325598382778354	0.3154484546335156	[-0.6466069428432123, -0.17398257007338508, -0.19328457938205382]	[0.11129418936891187, 0.11129418936891185, 0.0]	0.4149536382459784	[-0.94, 0.0, 0.0]	1.5621264539974533
2	[0.9321178315257292, -0.3469511665556093, 0.10383273172499087]	0.7968381179201502	0.2031618820798496	[0.7427470185527739, -0.2764639145683723, 0.0827378785262496]	0.8869336752967982	0.21559769290168507	[0.7204443489037871, -0.3077226733016782, 0.09209274636495261]	[-0.10628234522100978, 0.0, 0.0]	0.36224090979847773	[0.94, 0.0, 0.0]	1.5621264539974533
2	[-0.12823029057876226, 0.7068368935540821, 0.6956569546039927]	0.7962902378628384	0.2037097621371616	[-0.10210852858618351, 0.5628473180984098, 0.5539448418525511]	0.889714765289109	0.1908191302886681	[-0.0407839517961459, 0.5555787897570612, 0.6189362640872277]	[0.07330443108909179, -0.07330443108909178, 0.0]	0.16791040580875385	[0.0, 0.6247995518564333, 0.6247995518564334]	1.5621264539974533
2	[0.07615057952748802, 0.3647990422109022, -0.9279669972793408]	0.6704875190789691	0.3295124809210309	[0.051058013143811226, 0.24459320477437194, -0.6221902897929857]	0.8308642031257276	0.3116961306841363	[0.0632707905766687, 0.19742249541766382, -0.6653385896315477]	[0.0, -0.10567597008992612, 0.10567597008992614]	0.3752941278623327	[0.0, 0.0, -0.8835999999999999]	1.5621264539974533
2	[-0.2397304049013131, -0.9271160155267727, -0.28807156527434874]	0.6722013139213963	0.32779868607860385	[-0.16114709316157086, -0.6232086037946661, -0.19364208468081048]	0.831952937409476	0.30523778462819723	[-0.19944441454401035, -0.6663211630395185, -0.1346662555167906]	[0.0, 0.10499572939734943, 0.10499572939734944]	0.37729237649479125	[1.7643147080607643e-16, -0.8835999999999999, 0.0]	1.5621264539974533
2	[0.5619623156357962, 0.7192070340136566, 0.40858242501425923]	0.7328609756182319	0.26713902438176806	[0.41184025089753046, 0.5270787686187433, 0.2994341146164131]	0.8418256177714136	0.2502354631526118	[0.4730742735243583, 0.6054469057140925, 0.20419226821099218]	[0.0, 0.0, -0.13976288413717883]	0.42402934918900054	[0.6247995518564334, 0.6247995518564333, 0.0]	1.5621264539974533
2	[-0.7609264231653305, 0.10779343393573584, 0.6398215017715165]	0.6459913571203297	0.35400864287967027	[-0.49155189276929023, 0.06963362667680661, 0.41331916024414944]	0.7881286273544006	0.36843341011001024	[-0.43573835805698347, 0.0, 0.5042616419430165]	[0.16396953935000227, -0.08495509112558874, 0.0]	0.6730960737139824	[-0.94, 0.0, 0.0]	1.5621264539974533
2	[-0.803524882586472, -0.5945025423763795, -0.030240538560309515]	0.8277476474828305	0.1722523525171694	[-0.66511583125487, -0.4920980808746099, -0.025031534651910024]	0.9084047931860071	0.1528108563303365	[-0.6884690014587138, -0.4985921057289095, 0.0]	[0.04145685332706102, 0.04145685332706101, 0.027470650176711436]	0.1837801480041131	[-0.6247995518564334, -0.6247995518564333, 0.0]	1.5621264539974533
2	[-0.962433976043306, 0.09758660131552688, 0.2533726445399293]	0.7430610619374616	0.25693893806253837	[-0.7151472122834325, 0.07251280360438309, 0.18827134631774284]	0.8560130054388106	0.2610176369192083	[-0.7231097210513956, 0.0, 0.21689027894860435]	[0.10074627931785912, -0.08353539988266315, 0.0]	0.27244104874006153	[-0.94, 0.0, 0.0]	1.5621264539974533
2	[-0.5010744317203609, -0.853498243722666, -0.14305649876339802]	0.7338220914849395	0.2661779085150608	[-0.36769948747466263, -0.6263158662872892, -0.1049780191230694]	0.8693785601199743	0.22722285127400244	[-0.4356233679619817, -0.6604008570926562, -0.04275803581084572]	[0.0, 0.08161221709988212, 0.08161221709988213]	0.29677627744220686	[-0.6247995518564334, -0.6247995518564333, 0.0]	1.5621264539974533
