2	[-0.5443705237841608, -0.47920061531305314, -0.6884965527281526]	0.5809217552695937	0.4190782447304062	[-0.31623668019372086, -0.27837806257393044, -0.3999626259079029]	0.7442111222294906	0.4213261666346501	[-0.31059167167862867, -0.2620914992236738, -0.41331149007002593]	[0.0945349267354374, 0.09453492847151596, 0.0990753020869284]	0.6978788980720929	[-0.5855551255005801, -0.58555512550058, 0.0]	1.3458506870276024
2	[0.9594294997721994, -0.10872397539467572, 0.2601425227471381]	0.7195911631577189	0.2804088368422814	[0.6903969897089052, -0.07823681191738557, 0.18719626053039615]	0.8369328454909692	0.3082901603458299	[0.6545869523840844, -0.0909946660556294, 0.21772182192380432]	[-0.14839110890823978, 4.452649877334653e-11, 1.2784280657206214e-10]	0.28624868631069245	[0.91, 0.0, 0.0]	1.3458506870276024
2	[0.6546620075265115, -0.33805347936521724, 0.6761194428430739]	0.6187076296803198	0.3812923703196803	[0.40504437891848755, -0.20915626692323847, 0.41832025786221677]	0.7644464245908001	0.4093203339350343	[0.2861002773912644, -0.25842377362133384, 0.5168570906830487]	[-0.21435375357781275, -1.135721210867409e-13, 5.337013432935505e-12]	0.7057204152595193	[0.0, -0.58555512550058, 0.5855551255005801]	1.3458506870276024
2	[0.056057202245361565, 0.4011216630813606, 0.9143079358089735]	0.7680761234156425	0.23192387658435754	[0.043056198590141904, 0.3080919719975671, 0.7022580949443145]	0.8634898165978557	0.22152228614413533	[0.025201491739354237, 0.3231611396708163, 0.7092659762561844]	[-0.02320333154648122, -0.023203331616734702, -0.08022961554947032]	0.3810990977018779	[0.0, 0.58555512550058, 0.5855551255005801]	1.3458506870276024
2	[-0.23769481941201118, -0.11551148820200527, 0.9644471312197728]	0.7187172476487113	0.28128275235128875	[-0.17083536638815805, -0.08302009887235179, 0.6931647876529706]	0.8425971264412803	0.23681672659862524	[-0.09735961775283217, -5.249365800568856e-11, 0.8126403814434509]	[0.10292135405370709, 0.09732964797747261, 7.313438701111058e-11]	0.2698262796319398	[0.0, 0.0, 0.91]	1.3458506870276024
2	[-0.9705434889992891, -0.09632939327280118, 0.2208302152169867]	0.731071685307045	0.26892831469295486	[-0.7095368641664899, -0.0704236918845519, 0.16144271760540002]	0.849961028102632	0.268329155265714	[-0.7223029228096035, -1.9388818759747534e-11, 0.18769707683763281]	[0.1026212189185475, 0.08187623012326437, 7.567752244069287e-11]	0.24841668627790223	[-0.91, 0.0, 0.0]	1.3458506870276024
2	[0.8849441313699953, 0.3652531521974345, 0.28890140041827816]	0.686720753324254	0.3132792466757462	[0.6077095005442805, 0.2508269198310807, 0.19839458733167178]	0.8142672716078561	0.3444177107994688	[0.5515642612258037, 0.2974136876753016, 0.23524295515251628]	[-0.16901678215022656, -1.067242409978536e-11, 7.023630318402406e-11]	0.4663707547720039	[0.91, 0.0, 0.0]	1.3458506870276024
2	[-0.8665279513224694, 0.3243358013141649, 0.3793884520683025]	0.6383166816437259	0.36168331835627404	[-0.5531192464396948, 0.20702895243311661, 0.24216997777818855]	0.7874260327710559	0.3896929864957249	[-0.5455422977623322, 0.11860608408994293, 0.2987403437000927]	[0.1367843692327504, -0.13678436922449133, 8.797497674510595e-12]	0.5010180920816191	[-0.91, 0.0, 0.0]	1.3458506870276024
2	[-0.0946035957855353, 0.7127331833516167, -0.6950263081451793]	0.5723090135501817	0.42769098644981834	[-0.054142490582319534, 0.4079036250884446, -0.3977698208059921]	0.7636239926879257	0.4316300438146526	[-0.07224157510731295, 0.4058489769454959, -0.3923275823250809]	[4.290720841360003e-10, -0.13841118224664106, 0.13841118212388948]	0.7108592770253845	[1.6534959367871425e-16, 0.8281000000000001, 0.0]	1.3458506870276024
2	[0.4700823827733239, -0.48173766045396643, -0.7395616133267688]	0.6106112362701209	0.3893887637298791	[0.2870375848940239, -0.2941544284076718, -0.45158463101138346]	0.7687358377893805	0.4099688466523093	[0.36136917431935217, -0.3613691742762765, -0.3630415991597139]	[-3.1927212721649847e-11, 0.008959829727499553, 0.20548591725790563]	0.6788870789816267	[0.0, 0.0, -0.8281000000000001]	1.3458506870276024
2	[-0.5743041548288251, 0.15661431879424942, -0.8035214327539509]	0.5893508573073892	0.41064914269261077	[-0.33846664600356363, 0.09230078304800375, -0.4735560452584027]	0.7507649936358125	0.41597467425221696	[-0.38297417148160273, 0.06938726206208225, -0.44460750481936534]	[0.04819328366348072, -0.04819328599075956, 0.1586482585283933]	0.5957830251634453	[0.0, 0.0, -0.8281000000000001]	1.3458506870276024
2	[-0.5578337547883747, -0.6983624372220631, 0.4484544662459758]	0.65315498732328	0.3468450126767199	[-0.36435189903729853, -0.45613890883083186, 0.29291027121595836]	0.7980821072793942	0.374759936094154	[-0.31526960351040884, -0.4274230305488865, 0.3579034854247752]	[0.12992753502267423, 0.12992753499407148, -1.5669151012692757e-11]	0.4632551913016782	[-0.5855551255005801, -0.58555512550058, 0.0]	1.3458506870276024
2	[0.6508980740440835, 0.5825619344962585, -0.48677848112019056]	0.6376458234278263	0.3623541765721737	[0.41504243839142585, 0.3714681844195742, -0.3103922654208304]	0.7869394298871885	0.3510031003302987	[0.5122173582802503, 0.4584409564453257, -0.18918006324067208]	[-1.0226696312356792e-09, -1.6113771076323775e-10, 0.19388511717340218]	0.4906301619575047	[0.6434671708797584, 0.6434671708797582, 0.0]	1.3458506870276024
2	[-0.3998260039937436, -0.6053196966017631, 0.6882784548686267]	0.6392691793797631	0.36073082062023704	[-0.2555964414677703, -0.38696222570901634, 0.43999520302863804]	0.7881161966068991	0.374360757524189	[-0.1787690782893699, -0.34072198577567697, 0.5424433980482224]	[0.13634027128271417, 0.13634027124134673, -9.31300447650357e-12]	0.4132838662915297	[0.0, -0.58555512550058, 0.5855551255005801]	1.3458506870276024
2	[-0.16509556563678984, -0.6493980067248306, 0.7423110419957967]	0.7181041798663036	0.2818958201336963	[-0.11855581576117043, -0.46633542302594705, 0.5330566620180928]	0.8424393219571492	0.2672175077623	[-0.037697872999798876, -0.44569329534581564, 0.6253520110171764]	[0.10138512337339037, 0.10138512111977478, 1.1693235847880304e-10]	0.23644212110408896	[0.0, -0.58555512550058, 0.5855551255005801]	1.3458506870276024
2	[-0.7667129585341538, -0.21717061744090388, 0.6041425015144536]	0.6102526991615833	0.3897473008384166	[-0.46788865242763056, -0.1325289554718991, 0.3686795922274263]	0.7667032302942228	0.4103831133454512	[-0.4377224898785916, -0.016386602027847655, 0.4631980074484965]	[0.15011881213798484, 0.15011881188908413, -2.0667455978176697e-11]	0.6577859951898034	[-0.91, 0.0, 0.0]	1.3458506870276024
2	[-0.4822535042821636, 0.2076785807285885, 0.8510588491485958]	0.6282868221653806	0.3717131778346195	[-0.30299352168355936, 0.13048171551778123, 0.5347090598072971]	0.7801066813085213	0.36239041150482265	[-0.23471505048931665, 0.0205173182581923, 0.6639166944239888]	[0.14149413028564714, -0.14149413013284942, 1.6427694532869688e-11]	0.5255720160359526	[0.0, 0.0, 0.8281000000000001]	1.3458506870276024
2	[-0.27321334538383074, 0.9284012335025322, -0.25184443121727373]	0.6402434051175894	0.3597565948824109	[-0.17492304257211186, 0.5944027670530311, -0.16124173620244983]	0.8111950920851755	0.3307023145226159	[-0.22162932485920397, 0.6425588426305325, -0.09373928507171343]	[8.331432098098116e-12, -0.11055568147254469, 0.11055568150072155]	0.3848785354798395	[1.6534959367871425e-16, 0.8281000000000001, 0.0]	1.3458506870276024
2	[0.42956351779516044, -0.4598919234815048, 0.7771580295512159]	0.649324252231023	0.3506757477689768	[0.27892600997807043, -0.29861897932171494, 0.5046275564036787]	0.7795719145212476	0.34833772732050844	[0.262272332963394, -0.285915508815127, 0.5259906771898208]	[-0.07260332101266279, 0.07260331844620736, -0.07985989579298092]	0.4868549363032865	[0.0, -0.58555512550058, 0.5855551255005801]	1.3458506870276024
2	[-0.4441015089686827, -0.5054954125191813, -0.7397622845575473]	0.5794107733039235	0.4205892266960764	[-0.2573171987369859, -0.2928894878693229, -0.42862623735656563]	0.751827385757331	0.41461357281515254	[-0.26888814030479274, -0.2688881403901902, -0.4478347439251583]	[0.06499953619401763, 0.11115715411642973, 0.10833880055561308]	0.6786422579797032	[0.0, 0.0, -0.8281000000000001]	1.3458506870276024
2	[0.42091944114580687, -0.7688266056295766, -0.4813859932960296]	0.604016586107775	0.39598341389222497	[0.25424232386728274, -0.46438402164120557, -0.2907651242707681]	0.786440723514976	0.3790232803823888	[0.3310281898504857, -0.47958582339719485, -0.2535308202013898]	[1.4257934081656104e-11, 0.1250507285916925, 0.12505072865631506]	0.5407641061805442	[0.5855551255005801, -0.58555512550058, 0.0]	1.3458506870276024
2	[-0.7172335228967242, 0.3236780153508262, 0.6170969259457582]	0.6011861594695779	0.3988138405304221	[-0.4311908670731171, 0.1945907429534983, 0.37099013092981287]	0.7598438864662225	0.42742963256067523	[-0.3904529326488809, 0.09141218626295636, 0.46889732653216504]	[0.15453257489282632, -0.15453257488488903, -4.8186809801710335e-12]	0.6831745290721162	[-0.5855551255005801, 0.58555512550058, 0.0]	1.3458506870276024
2	[-0.8400077372572654, 0.5216390497379884, 0.14926387083409495]	0.7118819596045519	0.288118040395448	[-0.5979863540816879, 0.3713454289337355, 0.10625825686753523]	0.838343713476659	0.305887271302542	[-0.6001946925473743, 0.3332923048502398, 0.1251344277805126]	[0.10402051325400732, -0.10402051320154078, 1.7557066773188923e-11]	0.3018461520494591	[-0.5855551255005801, 0.58555512550058, 0.0]	1.3458506870276024
2	[-0.5627379067032513, -0.09880880506420255, -0.8207087597930384]	0.59893492370362	0.4010650762963799	[-0.3370433852164467, -0.05918004412237391, -0.49155113842953607]	0.7581279261266598	0.411551749000927	[-0.3922798368407764, -0.04056222910000122, -0.450673322418551]	[0.03434748532101725, 0.03434748536637607, 0.17152890759732817]	0.5713945764800098	[0.0, 0.0, -0.8281000000000001]	1.3458506870276024
2	[0.898295633071446, 0.35603163766722934, -0.2575003467662926]	0.6848613092571894	0.31513869074281076	[0.6152079233653261, 0.24383229350975993, -0.1763520246205434]	0.8201873683867951	0.27250665879150515	[0.736770731307104, 0.2920126519587961, -0.0475690373705931]	[-1.5115230280934826e-11, -1.929701785735906e-12, 0.1636294944023395]	0.439547435221693	[0.91, 0.0, 0.0]	1.3458506870276024
2	[0.046814467694287085, -0.31486946972487456, -0.9479797585653803]	0.6488378421697741	0.351162157830226	[0.03037499820108752, -0.2042992273014287, -0.6150851409681847]	0.8168736849892516	0.3257736997400037	[0.03824150673670095, -0.1499780318035423, -0.6671491664231687]	[4.584386447664755e-13, 0.10723055222122761, 0.10723055225135443]	0.3401551614543237	[0.0, 0.0, -0.8281000000000001]	1.3458506870276024
2	[0.5903105937608876, -0.7751860602889039, 0.22498883267272618]	0.7829640548945598	0.2170359451054403	[0.4621919761382385, -0.6069428210615401, 0.1761581687354301]	0.8732634813639205	0.22032436902110572	[0.44923967610157983, -0.6106846697295428, 0.1852255797959087]	[-0.06625700809205554, 0.0662570079831277, -0.011248951491880559]	0.26607416700162606	[0.6434671708797584, -0.6434671708797582, 0.0]	1.3458506870276024
2	[-0.3470600964699847, -0.9352897083220022, 0.06915526693744163]	0.7475906495976536	0.2524093504023464	[-0.25945888296942027, -0.6992138406064455, 0.051699830932861075]	0.8614298958755319	0.2584397454076216	[-0.20980262995412313, -0.716521203209137, 0.059572414403580694]	[0.08916531281056786, 0.089165312844142, 6.415710263893695e-12]	0.36976045634586174	[1.6534959367871425e-16, -0.8281000000000001, 0.0]	1.3458506870276024
2	[-0.5005802197939991, -0.3153195029069573, -0.8062214674873777]	0.5828661542901769	0.4171338457098232	[-0.2917712676250594, -0.1837890660320688, -0.4699192062605506]	0.74572951592296	0.41381872550974486	[-0.2648536182844805, -0.1266992343589145, -0.5231997347244212]	[0.10844382670310733, 0.10844382590495914, 0.07802340995163944]	0.5920182560930068	[0.0, 0.0, -0.8281000000000001]	1.3458506870276024
2	[-0.5823232659116057, -0.7904095113060299, 0.1901378931591604]	0.7457851566876221	0.2542148433123779	[-0.4342880481107347, -0.5894756812367542, 0.14180201844195894]	0.8602865193628397	0.2648931099092567	[-0.4110638174970519, -0.5900776092519865, 0.16357306630955465]	[0.08990103807804455, 0.08990103810076082, 4.677063423341075e-12]	0.2795141905434056	[-0.5855551255005801, -0.58555512550058, 0.0]	1.3458506870276024
2	[-0.6503901416184334, 0.6509630825253956, 0.3914584637922513]	0.6488252668477414	0.3511747331522587	[-0.4219895571907204, 0.42236129572756803, 0.25398814222981436]	0.794993695595666	0.3836881341039197	[-0.3851412355566556, 0.3855967199656394, 0.3112070108024041]	[0.13191482670757138, -0.13191482670757138, 0.0]	0.4021461289528369	[-0.5855551255005801, 0.58555512550058, 0.0]	1.3458506870276024
2	[-0.06889079567394185, 0.3975793607448141, 0.9149779834406706]	0.7557135989923291	0.24428640100767085	[-0.052061711136199784, 0.300456129593533, 0.6914613048646929]	0.8630706681066419	0.2097967666474309	[0.0, 0.28368145945473117, 0.7528175392847597]	[0.05945762504870715, -0.059457625048707136, -0.036873120186247756]	0.38548702857232553	[0.0, 0.58555512550058, 0.5855551255005801]	1.3458506870276024
2	[0.6325661785202784, 0.28148587773129363, 0.7215439906409687]	0.6187506871869342	0.3812493128130659	[0.3914007576506351, 0.17416958027965526, 0.4464558400447022]	0.764479288978341	0.406528835914105	[0.269259895357219, 0.21519012366546356, 0.5516054369318025]	[-0.21432384702970975, 0.0, 0.0]	0.7005201301179199	[0.0, 0.0, 0.8281000000000001]	1.3458506870276024
2	[0.5083228987278984, -0.8547325921274783, -0.10507153079644761]	0.748964812822259	0.25103518717774104	[0.3807159646990085, -0.640164635875841, -0.0786948793959096]	0.8780906901142793	0.2043494623210048	[0.44635360494487125, -0.679148110434562, -0.020877711738594137]	[0.0, 0.07138462124982228, 0.0713846212498223]	0.27191373465557317	[0.6434671708797584, -0.6434671708797582, 0.0]	1.3458506870276024
2	[0.221476007748747, -0.4106734513418808, 0.8844748127304841]	0.6986457747605191	0.3013542252394809	[0.1547332770244901, -0.2869152715863247, 0.6179345907962541]	0.8157719867412513	0.32700429772567874	[0.18067392285671613, -0.33501589730305276, 0.5689705574241735]	[0.0, 0.0, -0.1525592177795698]	0.41108174537249415	[0.0, -0.58555512550058, 0.5855551255005801]	1.3458506870276024
2	[-0.04834958995474442, -0.2654909294318255, -0.9629002458929136]	0.6633193743023919	0.33668062569760815	[-0.03207121975655825, -0.17610527719367897, -0.6387103886213067]	0.82628093270741	0.3070619583608766	[-0.03995034428382703, -0.11764800254592966, -0.6939040230302348]	[0.0, 0.10172209025035626, 0.10172209025035628]	0.3016524867329232	[0.0, 0.0, -0.8281000000000001]	1.3458506870276024
2	[0.023793693056283344, 0.04289796032026491, 0.9987960878833599]	0.8724574913306083	0.1275425086693916	[0.020758985753375484, 0.037426646844218314, 0.8714071291855421]	0.9009091368270664	0.1065156010955783	[0.007195149918995749, 0.007195149918995747, 0.8998245214012486]	[-0.01424080555426864, -0.03145201448477585, 0.0]	0.10144515785529158	[0.0, 0.0, 0.91]	1.3458506870276024
2	[0.9860011347815463, -0.14997046261515515, -0.07287401836388196]	0.8065929502233654	0.1934070497766347	[0.7953015642270335, -0.12096511788712092, -0.058779669466755266]	0.8961125174467641	0.15129336371859575	[0.8543336700235331, -0.1343904087967225, 0.0]	[-0.029234289070924548, 0.0, 0.06530332005251999]	0.18324282986678037	[0.91, 0.0, 0.0]	1.3458506870276024
2	[0.0436332048721218, -0.06677529962391429, -0.9968135245835722]	0.7695319333145794	0.2304680666854206	[0.03357714450195502, -0.05138572541725107, -0.7670798387269163]	0.8796991160028323	0.22001401396028097	[0.03838409175437602, -0.038384091754376015, -0.7787021941440453]	[0.0, 0.020358080295605655, 0.09819378225179087]	0.1866200701550819	[0.0, 0.0, -0.8281000000000001]	1.3458506870276024
2	[-0.9284253285745718, -0.13808181841230865, -0.3449055242891136]	0.6575377887740724	0.3424622112259274	[-0.6104747375927657, -0.09079401354873244, -0.22678841577702588]	0.8011910051244637	0.3389248561141962	[-0.6332161113005004, 0.0, -0.25187333871654466]	[0.11062991088317128, 0.11062991088317127, 0.02446186496163034]	0.37197567392812	[-0.91, 0.0, 0.0]	1.3458506870276024
2	[-0.9242757874514296, -0.2829221709872863, 0.2562602464193005]	0.680476711003976	0.31952328899602417	[-0.6289481479055586, -0.19252194838353306, 0.17437912964447402]	0.8171829923854477	0.3361887219333103	[-0.637665711100536, -0.11356244362113874, 0.2094115149983562]	[0.1176367426784392, 0.11763674267843917, 0.0]	0.38199223400273236	[-0.91, 0.0, 0.0]	1.3458506870276024
2	[0.4627939954675316, 0.4749993593769372, -0.7484633099562714]	0.6105787724377749	0.3894212275622251	[0.2825721896441386, 0.2900245257570998, -0.45699580900781406]	0.7687947263071461	0.41076679723059	[0.3557935830820515, 0.35579358308205145, -0.3702170193540402]	[0.0, -0.009383419406210663, 0.20519762617473195]	0.6679406231473148	[0.0, 0.0, -0.8281000000000001]	1.3458506870276024
2	[-0.14906694810830792, -0.8342125868124517, -0.5309128035613311]	0.5803608270624917	0.41963917293750824	[-0.08651261729181907, -0.48414430682841514, -0.3081209937729203]	0.7695245278914784	0.4176926475674851	[-0.11471067286726909, -0.50699095303267, -0.2735943305167637]	[0.0, 0.1349560939953108, 0.13495609399531083]	0.5514768569225886	[1.6534959367871425e-16, -0.8281000000000001, 0.0]	1.3458506870276024
2	[-0.2943098771635715, -0.7679763716068763, 0.5688532225956892]	0.7061466858048294	0.29385331419517063	[-0.20782594435868246, -0.5423039695866138, 0.4016938178453428]	0.8345406897366876	0.29576020196749814	[-0.13914593361355698, -0.5344398965914315, 0.47473116074394395]	[0.10646763427084978, 0.10646763427084976, 0.0]	0.3466623261729703	[0.0, -0.58555512550058, 0.5855551255005801]	1.3458506870276024
2	[-0.6557911630374385, -0.3963743825863497, 0.6425148241957486]	0.5995008580067211	0.4004991419932788	[-0.39314736491416985, -0.237626782452401, 0.3851881883873889]	0.7585597800221582	0.4306963273140072	[-0.3420979450884261, -0.14531480917539177, 0.4873859037029027]	[0.15535885528572843, 0.1553588552857284, 0.0]	0.6734595413012966	[-0.5855551255005801, -0.58555512550058, 0.0]	1.3458506870276024
2	[0.05651616896963574, -0.07584795636522534, -0.995516453987685]	0.7614146640609071	0.23858533593909298	[0.04303223981002465, -0.057751746215534396, -0.7580008263801385]	0.8738735962669808	0.23259545639108667	[0.04938798782472792, -0.04938798782472791, -0.7645409023979568]	[0.0, 0.016893538573652597, 0.10541464139121375]	0.19228951844964448	[0.0, 0.0, -0.8281000000000001]	1.3458506870276024
2	[-0.9193028320914569, 0.3682507660334217, -0.13882966622600743]	0.7132200281853183	0.28677997181468157	[-0.655665191815112, 0.26264382172962214, -0.09901609845867135]	0.8392271104225396	0.23288003722701314	[-0.7504365250810652, 0.28797869199081005, 0.0]	[0.021067334298305172, -0.021067334298305165, 0.11650961962777785]	0.39366082557647053	[-0.91, 0.0, 0.0]	1.3458506870276024
2	[0.5973588228671314, -0.7944560794217789, -0.10955352396235898]	0.7700302020949483	0.22996979790505173	[0.4599843350955776, -0.6117551753927126, -0.08435952219694905]	0.8899132542159274	0.18237372224199988	[0.5315975339922846, -0.6425351367263193, -0.0330312747766223]	[0.0, 0.06446185824354313, 0.06446185824354314]	0.19216036238448178	[0.6434671708797584, -0.6434671708797582, 0.0]	1.3458506870276024
2	[-0.28552847098575684, 0.9469432564362485, -0.1475532491897388]	0.6828191218465869	0.3171808781534132	[-0.19496429982069305, 0.6465909627983465, -0.10075218003734805]	0.8386383408528822	0.27796978694224805	[-0.23945512317375536, 0.6996567748866486, -0.029257665515062044]	[0.0, -0.09448614657287237, 0.09448614657287238]	0.34266921176301407	[1.6534959367871425e-16, 0.8281000000000001, 0.0]	1.3458506870276024
2	[-0.006529993679506635, -0.13584444630828008, 0.9907086582793866]	0.8484789494192139	0.1515210505807862	[-0.0055405621769018965, -0.11526115308808428, 0.8405954415574128]	0.91533723478051	0.14747819650243033	[0.0, -0.1183663334863767, 0.8444154827777937]	[0.0059771463577338105, 0.00597714635773381, -0.06241704096476933]	0.15814626752319	[0.0, 0.0, 0.91]	1.3458506870276024
2	[0.2810337746450933, -0.8702618085745263, 0.4045545723945357]	0.7403850701201261	0.259614929879874	[0.20807321094673115, -0.6443288501643183, 0.2995261654497459]	0.8508290295423215	0.2637871391504447	[0.23911169374990024, -0.6169155294012063, 0.34420677422735163]	[2.466535935383662e-17, 0.12352848063600355, 0.0]	0.43908891821922763	[0.0, -0.58555512550058, 0.5855551255005801]	1.3458506870276024
2	[0.26614320307009814, 0.525598084651251, -0.8080312177574113]	0.5873070775135274	0.4126929224864726	[0.15630778679518864, 0.30868747504323385, -0.4745624530408019]	0.7745559025990811	0.40627356773041	[0.2061427888745704, 0.2750951521144379, -0.49385540245136633]	[0.0, -0.13200994674696007, 0.13200994674696007]	0.5894813882983716	[0.0, 0.0, -0.8281000000000001]	1.3458506870276024
2	[-0.5624812591332691, 0.74274176037644, -0.3632485519816412]	0.6184569118023987	0.38154308819760135	[-0.3478704224702864, 0.4593537753890903, -0.2246535776752589]	0.7964702062931119	0.351405031348179	[-0.44799956449788414, 0.4723937692123883, -0.1701387352353479]	[0.0, -0.119177913897144, 0.11917791389714401]	0.39647137602794547	[-0.5855551255005801, 0.58555512550058, 0.0]	1.3458506870276024
2	[-0.02326142392409699, 0.5206543965570728, -0.8534505876164207]	0.5984504975034093	0.40154950249659066	[-0.013920810720013492, 0.31158588264691767, -0.510747928753624]	0.7825155733631712	0.39477934887715227	[-0.018202426479208493, 0.28007105291216383, -0.5404892551720489]	[0.0, -0.1273491207337499, 0.12734912073374993]	0.5217899450829654	[0.0, 0.0, -0.8281000000000001]	1.3458506870276024
2	[-0.2408160895132035, -0.029964541649743767, -0.9701081059733959]	0.6875855209439816	0.31241447905601843	[-0.16558165635962854, -0.020603184980086703, -0.6670322874176967]	0.8220457232405366	0.3086992051040973	[-0.17332961315980436, 0.0, -0.6703700520245781]	[0.0246322233120348, 0.024632223312034796, 0.12710316757182932]	0.28116999286350186	[0.0, 0.0, -0.8281000000000001]	1.3458506870276024
2	[-0.049678028172980324, -0.3072325353012995, 0.9503369206598155]	0.7776138744630592	0.2223861255369408	[-0.038630323963276245, -0.2389082821367521, 0.738995174919572]	0.8755839143992546	0.19096206785665956	[0.0, -0.2255105835225845, 0.7850489069552113]	[0.043497282367334564, 0.04349728236733456, -0.04705081403424373]	0.3138260734851964	[0.0, 0.0, 0.91]	1.3458506870276024
2	[-0.14151953167809056, -0.9882797815310014, 0.0572301980657959]	0.7734881657648769	0.22651183423512317	[-0.10946368297759054, -0.7644227154789275, 0.04426688092827308]	0.8775603099886891	0.2218179256732683	[-0.045406003153906256, -0.7884891905009266, 0.050222950355333924]	[0.07878592093497286, 0.07878592093497284, 0.0]	0.22127050374678423	[1.6534959367871425e-16, -0.8281000000000001, 0.0]	1.3458506870276024
2	[0.6197702497589663, 0.19415633083075332, -0.7603868467510783]	0.5925318676717044	0.4074681323282956	[0.36723362361703904, 0.11504381332743158, -0.4505534384584145]	0.7532192105893051	0.44228212951742785	[0.466822858270185, 0.14624227823925598, -0.3481674620886057]	[0.0, 0.0, 0.22457051836373237]	0.6529907460376941	[0.0, 0.0, -0.8281000000000001]	1.3458506870276024
2	[-0.3193872625986172, -0.1853516585086434, -0.9293204717307465]	0.630491532557028	0.36950846744297206	[-0.2013709646749961, -0.11686265123510148, -0.5859286884581385]	0.7817237561734818	0.3435799714462153	[-0.10921901350724726, -0.004440197617051258, -0.7264718898502711]	[0.14045359708531, 0.14045359708530997, 0.0]	0.3828956055108725	[0.0, 0.0, -0.8281000000000001]	1.3458506870276024
2	[-0.4190967468538468, -0.005998420409635007, -0.9079217674057122]	0.6407834358202593	0.3592165641797406	[-0.26855025339010147, -0.003843688439580288, -0.5817812295742346]	0.7892116553136495	0.38788205999547876	[-0.3260220140203347, 0.0, -0.5314199672414954]	[0.004734023300755224, 0.004734023300755223, 0.18512247370806084]	0.42667268347371345	[0.0, 0.0, -0.8281000000000001]	1.3458506870276024
2	[0.34368895639038327, 0.8521586299346748, -0.3945929176799136]	0.6155194543176097	0.38448054568239026	[0.2115472388923975, 0.524520214889433, -0.2428796173679339]	0.7944477481329473	0.3645776822994195	[0.27304291746250275, 0.556633329964721, -0.19312128024107786]	[0.0, -0.12036217463893893, 0.12036217463893896]	0.5238363170897865	[1.6534959367871425e-16, 0.8281000000000001, 0.0]	1.3458506870276024
2	[0.8693840676576888, 0.2901848781877038, 0.39995509669731516]	0.6548940812420366	0.34510591875796337	[0.5693544802351468, 0.19004035919106857, 0.2619282255896581]	0.7914634400656305	0.3851088756254493	[0.4983174353863291, 0.229670721945466, 0.31654983670383896]	[-0.18976826954027629, 0.0, 0.0]	0.49580338528796514	[0.91, 0.0, 0.0]	1.3458506870276024
2	[0.3173518584167609, 0.4803910367019424, -0.8176259840635334]	0.5961516146159185	0.4038483853840816	[0.1891898227965144, 0.28638589217687793, -0.4874290505514046]	0.7806864878488832	0.3924984631752408	[0.2477523077596971, 0.24775230775969706, -0.5092590468938731]	[0.0, -0.12728248347722623, 0.1290505109786736]	0.5758449923321173	[0.0, 0.0, -0.8281000000000001]	1.3458506870276024
2	[-0.3435991741891739, 0.9190390325182507, -0.19314984909244817]	0.6600971445838074	0.3399028554161926	[-0.22680883376362787, 0.6066550411263623, -0.12749766386271835]	0.8242050000887499	0.3038887683487703	[-0.2831961573930824, 0.654538902642863, -0.056257408152976696]	[0.0, -0.10293766323540655, 0.10293766323540657]	0.4045209071769633	[1.6534959367871425e-16, 0.8281000000000001, 0.0]	1.3458506870276024
2	[-0.8610281677669389, 0.09672338193413532, -0.49927455542930654]	0.6218930556626451	0.3781069443373548	[-0.5354674382641904, 0.060151599545044496, -0.31049537889054013]	0.7753907702139451	0.35452638482798005	[-0.5926348765651019, 0.0, -0.28880226232575734]	[0.07499841761560679, -0.07499841761560677, 0.09833061975679769]	0.5109097128301353	[-0.91, 0.0, 0.0]	1.3458506870276024
2	[0.7128643642357262, 0.3641446114649132, -0.5993522337856607]	0.5977691402937249	0.4022308597062752	[0.4261283181552228, 0.21767441133797363, -0.358274269523178]	0.7572373166747498	0.41475640801299335	[0.5398074983269128, 0.2757438884672602, -0.2329378354288933]	[0.0, 0.0, 0.2209140418259777]	0.6515008504497304	[0.5855551255005801, 0.58555512550058, 0.0]	1.3458506870276024
2	[0.19112905340289493, 0.955407186083941, -0.22509285578284977]	0.670340937483332	0.32965906251666804	[0.1281216288383985, 0.6404485487978212, -0.15088895596627597]	0.8307709574558437	0.2964284866790643	[0.15878446669315222, 0.6946316094978627, -0.08790767406990184]	[0.0, -0.0990929332452864, 0.09909293324528641]	0.3215652786103882	[1.6534959367871425e-16, 0.8281000000000001, 0.0]	1.3458506870276024
2	[-0.3229166087420399, -0.915894291117339, -0.2384586154811929]	0.6428802049467955	0.3571197950532046	[-0.2075966956088067, -0.5888103095831148, -0.1533003235918784]	0.8129449903059076	0.3260140831501048	[-0.26251343936341415, -0.6350406559366848, -0.08432271717378201]	[0.0, 0.1095310196769365, 0.10953101967693653]	0.4109081223965563	[1.6534959367871425e-16, -0.8281000000000001, 0.0]	1.3458506870276024
2	[0.07227587025157346, 0.95646664736232, 0.2827503334442972]	0.7567228030354456	0.24327719696455438	[0.054692799128596946, 0.7237801224019299, 0.21396362488317547]	0.8615164574944919	0.25041599069444587	[0.06226685170146719, 0.7093335361984081, 0.24359406562431726]	[2.2898197484474722e-17, -0.11467822154881128, 0.0]	0.31882526348852236	[1.6534959367871425e-16, 0.8281000000000001, 0.0]	1.3458506870276024
2	[0.2017951317312817, -0.9505822173789635, 0.235949513270207]	0.7485868564694867	0.25141314353051336	[0.15106118331356624, -0.7115933539235125, 0.1766287044244497]	0.8562192420694885	0.25960705339687384	[0.17278087474427065, -0.6948419400466932, 0.20202451341888136]	[2.377408990262765e-17, 0.11906484564225658, 0.0]	0.3337594067243057	[1.6534959367871425e-16, -0.8281000000000001, 0.0]	1.3458506870276024
2	[0.773680262255319, -0.4033464444766593, -0.488600550065775]	0.6158320910452068	0.38416790895479325	[0.476457133705097, -0.24839368431771053, -0.3008958984328445]	0.7708838349903966	0.37768415149842177	[0.596417607623756, -0.31093325394790816, -0.16815855565438276]	[0.0, 0.0, 0.2084957101587391]	0.5543659152978689	[0.5855551255005801, -0.58555512550058, 0.0]	1.3458506870276024
2	[-0.5425391588143534, 0.6413296677530546, -0.542538034070212]	0.5878908626089204	0.4121091373910795	[-0.31895381407448836, 0.37703185159203567, -0.3189531528476848]	0.7641537717414646	0.4092102302408321	[-0.3457813359880694, 0.34578133598806937, -0.33909134503018434]	[0.06880200853736022, -0.14429314855512756, 0.07549114001776736]	0.5470911179741398	[-0.5855551255005801, 0.58555512550058, 0.0]	1.3458506870276024
2	[0.7312398246119238, -0.5217161373985356, -0.4394321231765779]	0.6362594466623543	0.3637405533376457	[0.4652582461850597, -0.331946820896013, -0.279592839537993]	0.785932493895679	0.34701831435368985	[0.5747051389930882, -0.4100336649712518, -0.15056255391110895]	[0.0, 0.0, 0.19480143055493213]	0.4643575602662323	[0.6434671708797584, -0.6434671708797582, 0.0]	1.3458506870276024
2	[-0.5233582104380237, 0.36780142117461495, -0.7686470569442408]	0.5789477943058005	0.4210522056941996	[-0.3029970815649247, 0.21293782153158203, -0.44500651821751325]	0.7426655866330336	0.44385255160781595	[-0.22309388543492542, 0.10756721128186485, -0.5708477174592496]	[0.16558624693924406, -0.16558624693924404, 0.0]	0.6424300384391661	[0.0, 0.0, -0.8281000000000001]	1.3458506870276024
2	[-0.7929808338988992, -0.00991516019342563, 0.6091658942089136]	0.6464718666852263	0.3535281333147736	[-0.5126397999362289, -0.006409872118726917, 0.3938086127502115]	0.7857515706358444	0.38459196904949283	[-0.4313469418475575, 0.0, 0.4786530581524425]	[0.19173899387262427, 0.007790852695090192, 0.0]	0.6203828513942046	[-0.91, 0.0, 0.0]	1.3458506870276024
2	[-0.12823029057876226, 0.7068368935540821, 0.6956569546039927]	0.7486433779882375	0.2513566220117624	[-0.09599875789929786, 0.5291687596770404, 0.5207989724157431]	0.8620954154062128	0.2349554448998686	[-0.02180967272424492, 0.520623772473031, 0.59972267125955]	[0.08873707289991249, -0.08873707289991248, 0.0]	0.20802568941362592	[0.0, 0.58555512550058, 0.5855551255005801]	1.3458506870276024
2	[0.20277089217358854, -0.8400177881465345, 0.5032435602017488]	0.7482943827984156	0.25170561720158424	[0.15173231960851954, -0.6285805923208014, 0.3765743292784449]	0.8558081425791146	0.252026431101697	[0.1701925153620007, -0.6008724518831601, 0.4306799365211595]	[-0.0033404652381880113, 0.1180216111239419, 0.0]	0.3356225188745322	[0.0, -0.58555512550058, 0.5855551255005801]	1.3458506870276024
2	[0.9321178315257292, -0.3469511665556093, 0.10383273172499087]	0.7714071141567413	0.22859288584325854	[0.7190423264713025, -0.2676405981459775, 0.08009730793498633]	0.870954065829143	0.24226821427248008	[0.6944000151036981, -0.3021785291557721, 0.09043353986202744]	[-0.11743180009547995, 0.0, 0.0]	0.36282991417904426	[0.91, 0.0, 0.0]	1.3458506870276024
2	[0.5619623156357962, 0.7192070340136566, 0.40858242501425923]	0.7051839489927235	0.29481605100727654	[0.39628680492514606, 0.5071732563890944, 0.28812576796057865]	0.8204221675669884	0.27601549940647085	[0.461046341084884, 0.5900533937749088, 0.18650167572219817]	[0.0, 0.0, -0.1487084030377769]	0.4234609383714319	[0.6434671708797584, 0.6434671708797582, 0.0]	1.3458506870276024
2	[0.44412791507195065, 0.14775282305008647, 0.8836964967309602]	0.6551354971984343	0.3448645028015657	[0.2909639624603664, 0.09679811919139068, 0.5789409437583521]	0.7916397156696231	0.33831530685683464	[0.16198143766785844, 0.11696700282875458, 0.6995692434103393]	[-0.18960785874064312, 0.0, 0.0]	0.46879886513264124	[0.0, 0.0, 0.91]	1.3458506870276024
2	[-0.803524882586472, -0.5945025423763795, -0.030240538560309515]	0.7803397529859091	0.2196602470140908	[-0.6270224083955593, -0.46391396706747895, -0.023597894390312787]	0.8817451790802858	0.20090824428371537	[-0.6512657091985453, -0.4669612683982168, 0.0]	[0.057238482293129216, 0.05723848229312921, 0.0266644490883444]	0.2202393276534635	[-0.5855551255005801, -0.58555512550058, 0.0]	1.3458506870276024
2	[-0.10531262668904444, 0.1430812267902794, 0.984091973953676]	0.7786541519261951	0.2213458480738049	[-0.08200211402167787, 0.11141079130294462, 0.7662673013962749]	0.8807187833474346	0.17480972934793088	[-0.015997261430176043, 0.0492607769600715, 0.8667082860024568]	[0.07675354701852174, -0.07675354701852173, 0.0]	0.19249053847997202	[0.0, 0.0, 0.91]	1.3458506870276024
2	[0.07615057952748802, 0.3647990422109022, -0.9279669972793408]	0.6299176632591433	0.37008233674085667	[0.047968595111784855, 0.22979336022866506, -0.5845428025078062]	0.8042760317554891	0.35010642416182386	[0.06124608591824887, 0.1787919532687015, -0.631734441382999]	[0.0, -0.11460717278888606, 0.11460717278888609]	0.38581170161875045	[0.0, 0.0, -0.8281000000000001]	1.3458506870276024
2	[0.6544874205137956, 0.7551186024487893, -0.03797515799816128]	0.8442344364609634	0.15576556353903656	[0.5525408186282538, 0.6374971277995439, -0.032059936112093734]	0.9269378305079745	0.1181035859427893	[0.6066691496658181, 0.6540257868748328, 0.0]	[2.1408193244433457e-18, -0.04592221225526154, 0.03520061056801318]	0.11844661539442917	[0.6434671708797584, 0.6434671708797582, 0.0]	1.3458506870276024
2	[-0.9131033657298079, 0.32277505933446543, -0.24911544425131257]	0.6663249242538535	0.3336750757461464	[-0.608423531005853, 0.21507306696207076, -0.1659918295212209]	0.8073719990992834	0.3561584111011046	[-0.6132642950017515, 0.1366497501424496, -0.2011288342316883]	[0.1239497947718076, -0.12394979477180758, 0.0]	0.40773995925313655	[-0.91, 0.0, 0.0]	1.3458506870276024
2	[-0.7609264231653305, 0.10779343393573584, 0.6398215017715165]	0.6230852960656021	0.3769147039343978	[-0.47412206566210974, 0.06716450369777589, 0.3986633698604436]	0.7726933803088665	0.38988654094035863	[-0.41561416100187154, 0.0, 0.4943858389981285]	[0.17234864908008274, -0.08329127284290418, 0.0]	0.6657431260171589	[-0.91, 0.0, 0.0]	1.3458506870276024
2	[-0.962433976043306, 0.09758660131552688, 0.2533726445399293]	0.7166045620534485	0.2833954379465516	[-0.6896845779078724, 0.06993100369799761, 0.1815679929768601]	0.840169980209464	0.2855740652034908	[-0.697123910251268, 0.0, 0.21287608974873196]	[0.11148422435395233, -0.08198933289597508, 0.0]	0.27653239159487797	[-0.91, 0.0, 0.0]	1.3458506870276024
2	[-0.2397304049013131, -0.9271160155267727, -0.28807156527434874]	0.6299795247377864	0.37002047526221343	[-0.15102524654492624, -0.5840641068383466, -0.18147918778200445]	0.8043178020173466	0.34502651869246437	[-0.1928194323469526, -0.631113201825612, -0.11711837420719877]	[0.0, 0.11458271399796197, 0.114582713997962]	0.387633931802363	[1.6534959367871425e-16, -0.8281000000000001, 0.0]	1.3458506870276024
2	[-0.5010744317203609, -0.853498243722666, -0.14305649876339802]	0.6877298256662272	0.3122701743337728	[-0.34460383157284763, -0.5869761983618202, -0.09838422095497257]	0.8416958970327465	0.26738050761163423	[-0.42175229328704283, -0.6256901909857762, -0.02771428917277541]	[0.0, 0.09269577888024685, 0.09269577888024688]	0.3152707789545426	[-0.5855551255005801, -0.58555512550058, 0.0]	1.3458506870276024
2	[-0.9103263181417157, -0.3426501571735635, -0.23215698199166843]	0.6714381734664614	0.3285618265335387	[-0.6112278403115223, -0.23006839567061338, -0.155879059945972]	0.8109371158721046	0.35068991252823023	[-0.6165616397681704, -0.1562119710433085, -0.18826471340589573]	[0.12165575916814445, 0.12165575916814442, 0.0]	0.4138914120661085	[-0.91, 0.0, 0.0]	1.3458506870276024
