2	[-0.23769481941201118, -0.11551148820200527, 0.9644471312197728]	0.7277367462467643	0.2722632537532359	[-0.17297925447860923, -0.08406195457824879, 0.7018636172009034]	0.8479308093527004	0.23066746355326742	[-0.10221556330198284, -9.456859509242403e-12, 0.8177844365714265]	[0.09933319730098489, 0.09794574967121124, 1.8357427465568426e-11]	0.26798745969843124	[0.0, 0.0, 0.92]	1.4150144903989583
2	[0.056057202245361565, 0.4011216630813606, 0.9143079358089735]	0.7803557269371185	0.21964427306288153	[0.04374455880823782, 0.3130175869840811, 0.7134854338925879]	0.872145766806688	0.21108810448409232	[0.02888071519531509, 0.3298272239879388, 0.7174914493027357]	[-0.020009336442002396, -0.020009336442928644, -0.07991834647082169]	0.37661175224851573	[0.0, 0.5984951795962938, 0.598495179596294]	1.4150144903989583
2	[0.6546620075265115, -0.33805347936521724, 0.6761194428430739]	0.6255066146235325	0.3744933853764676	[0.4094954160505537, -0.21145468743944326, 0.4229171837739202]	0.7696143581273447	0.40241573517912843	[0.29188249024518853, -0.26017081153461163, 0.5203512310266822]	[-0.21195479046768642, -2.3444712157041026e-13, 5.5919576165708456e-12]	0.7088284345047831	[0.0, -0.5984951795962938, 0.598495179596294]	1.4150144903989583
2	[0.9594294997721994, -0.10872397539467572, 0.2601425227471381]	0.7274987583733594	0.2725012416266407	[0.6979837698310484, -0.07909655710504195, 0.18925336229865608]	0.8422567648688675	0.2997847926433317	[0.6629622120996849, -0.09157350372683243, 0.21910679975023703]	[-0.1451237744982033, 5.276929983735989e-11, 1.3640679726258107e-10]	0.2846923258873572	[0.92, 0.0, 0.0]	1.4150144903989583
2	[-0.9705434889992891, -0.09632939327280118, 0.2208302152169867]	0.7400729104795767	0.2599270895204233	[-0.7182729446507069, -0.0712907744441337, 0.16343046009746662]	0.8553068771301274	0.2600438049325954	[-0.7311223976541175, -3.570192532993115e-11, 0.18887760184216254]	[0.09899012304084241, 0.0823911925002979, 8.894799270390115e-11]	0.24617063236972017	[-0.92, 0.0, 0.0]	1.4150144903989583
2	[-0.5443705237841608, -0.47920061531305314, -0.6884965527281526]	0.5934880900406966	0.4065119099593036	[-0.32307742243511395, -0.2843998579284717, -0.40861450407823496]	0.7528946811688041	0.408372756390296	[-0.3206404620391388, -0.27157438373771575, -0.41719503117841805]	[0.0892132099030319, 0.08921321074430014, 0.10117036137366511]	0.7008481822426736	[-0.598495179596294, -0.5984951795962938, 0.0]	1.4150144903989583
2	[0.8849441313699953, 0.3652531521974345, 0.28890140041827816]	0.6942671352311027	0.3057328647688973	[0.6143876269258233, 0.25358325961024286, 0.20057474763265157]	0.8195486064074852	0.3363711358520389	[0.5592394482235632, 0.29934271185150574, 0.23676874017271934]	[-0.16601528138919885, -1.7842836121033535e-11, 7.074871728532878e-11]	0.4670147730845446	[0.92, 0.0, 0.0]	1.4150144903989583
2	[-0.0946035957855353, 0.7127331833516167, -0.6950263081451793]	0.5849563447377039	0.41504365526229614	[-0.055338973589749686, 0.4169177977066294, -0.4065600487091451]	0.7728592530535298	0.418917219139351	[-0.07311526403306996, 0.41489979389535697, -0.40121487165071795]	[3.4191684296530847e-10, -0.13594264181623775, 0.1359426417149179]	0.7140575797667743	[1.6900361802881747e-16, 0.8464, 0.0]	1.4150144903989583
2	[0.4700823827733239, -0.48173766045396643, -0.7395616133267688]	0.621060577217505	0.37893942278249515	[0.29194963598498097, -0.29918826946895055, -0.4593125624606321]	0.7756091209212923	0.3999114539342437	[0.36460018362504254, -0.36460018359018614, -0.37202727729184765]	[-3.836166305715246e-11, 0.009039939749194726, 0.20158345548766032]	0.6815152683252561	[0.0, 0.0, -0.8464]	1.4150144903989583
2	[-0.5578337547883747, -0.6983624372220631, 0.4484544662459758]	0.6659714501062597	0.33402854989374026	[-0.3715013545946336, -0.46508944501651917, 0.2986578711924611]	0.8062346800294559	0.36150644228113693	[-0.32369316899339917, -0.4369922663473896, 0.3615595430841786]	[0.1260517498080362, 0.1260517497709315, -1.742609849095949e-11]	0.4612355460164198	[-0.598495179596294, -0.5984951795962938, 0.0]	1.4150144903989583
2	[-0.8665279513224694, 0.3243358013141649, 0.3793884520683025]	0.6478207549748859	0.3521792450251142	[-0.5613547916325632, 0.21011146367272684, 0.245775713447641]	0.7933405944403096	0.3808259513787918	[-0.5530119543642037, 0.12286891178560184, 0.3009842600980231]	[0.134439845637108, -0.1344398456272519, 1.03670717912499e-11]	0.5019846308072153	[-0.92, 0.0, 0.0]	1.4150144903989583
2	[-0.5743041548288251, 0.15661431879424942, -0.8035214327539509]	0.6005894450591585	0.39941055494084154	[-0.344921013643813, 0.09406090681295647, -0.4825864913908353]	0.7583452176855489	0.40572437254310084	[-0.38935568832004785, 0.07260259556161415, -0.4523115787193187]	[0.04616512099133262, -0.046165124117084885, 0.15703505711748048]	0.5968181286071259	[0.0, 0.0, -0.8464]	1.4150144903989583
2	[-0.27321334538383074, 0.9284012335025322, -0.25184443121727373]	0.654392003505382	0.3456079964946179	[-0.17878862847013294, 0.6075383432485901, -0.16480498191594511]	0.8205053425386142	0.3175146155992427	[-0.2241730095332717, 0.6543314849242425, -0.09921301409408666]	[7.009035477217272e-12, -0.1074266871840246, 0.10742668720828491]	0.3805198443273536	[1.6900361802881747e-16, 0.8464, 0.0]	1.4150144903989583
2	[-0.3998260039937436, -0.6053196966017631, 0.6882784548686267]	0.6509701099494967	0.3490298900505034	[-0.2602747777804751, -0.39404502945144576, 0.44804870144169945]	0.7955992312031207	0.36301550182187226	[-0.18513074556906037, -0.34862136949524797, 0.5475938095314017]	[0.13297051582337788, 0.13297051575322122, -1.5749640868738137e-11]	0.409839534477325	[0.0, -0.5984951795962938, 0.598495179596294]	1.4150144903989583
2	[-0.4822535042821636, 0.2076785807285885, 0.8510588491485958]	0.6367333117305201	0.3632666882694799	[-0.30706687087523055, 0.13223587048280824, 0.5418975194959506]	0.7853162449066873	0.35562766805422347	[-0.23906151917856852, 0.023433371270266182, 0.6683503396075329]	[0.13965999189739142, -0.13965999189505923, -4.490551747725041e-13]	0.5250909827460923	[0.0, 0.0, 0.8464]	1.4150144903989583
2	[0.6508980740440835, 0.5825619344962585, -0.48677848112019056]	0.6472900971600097	0.35270990283999026	[0.42131987758925815, 0.37708657118180633, -0.31508689033969]	0.792959125827934	0.3428432077658786	[0.5161355659336211, 0.4619478020985856, -0.19551783739204867]	[-1.8634612006752797e-09, -2.20197681694167e-10, 0.19047760146886702]	0.4898502029473946	[0.598495179596294, 0.5984951795962938, 0.0]	1.4150144903989583
2	[-0.7667129585341538, -0.21717061744090388, 0.6041425015144536]	0.6184803046110927	0.38151969538890734	[-0.47419686414347556, -0.13431574962742926, 0.37365023836516675]	0.7718540050999044	0.40340623419734245	[-0.4433727743341035, -0.019206317465024596, 0.466309809435184]	[0.14841769347248035, 0.14841769339675617, -9.82213285213328e-12]	0.6600364810350691	[-0.92, 0.0, 0.0]	1.4150144903989583
2	[-0.16509556563678984, -0.6493980067248306, 0.7423110419957967]	0.7323348983496984	0.2676651016503017	[-0.12090524427860437, -0.4755768232433257, 0.5436202814838502]	0.8509673218425204	0.25406108991907284	[-0.04353947549980566, -0.45566502901319866, 0.6316824394173455]	[0.09695145583820941, 0.09695145357930147, 3.6051704892257e-11]	0.22479022638967644	[0.0, -0.5984951795962938, 0.598495179596294]	1.4150144903989583
2	[-0.7172335228967242, 0.3236780153508262, 0.6170969259457582]	0.6099960018222803	0.3900039981777198	[-0.43750958133991064, 0.19744229524177467, 0.3764266575637321]	0.765487179110326	0.4195555301408035	[-0.3964735088132509, 0.09521181352753949, 0.47237978507660644]	[0.15255955739232396, -0.15255955738339322, -3.2656574153468525e-12]	0.6858803714536199	[-0.598495179596294, 0.5984951795962938, 0.0]	1.4150144903989583
2	[-0.5627379067032513, -0.09880880506420255, -0.8207087597930384]	0.6101234272372943	0.3898765727627056	[-0.34333958027412853, -0.060285566786992914, -0.500733641288598]	0.7655833245302937	0.40074481529915434	[-0.3972135477554742, -0.042037163727704004, -0.4601881995970341]	[0.03360920969761914, 0.0336092097462139, 0.16813274119645438]	0.5719240958574351	[0.0, 0.0, -0.8464]	1.4150144903989583
2	[-0.8400077372572654, 0.5216390497379884, 0.14926387083409495]	0.7247003611077923	0.27529963889220743	[-0.6087539105236801, 0.37803200771304596, 0.10817158109381453]	0.8460049795454554	0.2929148267022286	[-0.6104710792830439, 0.34112958439317675, 0.12627797800931784]	[0.10017964929331326, -0.1001796492105208, 1.7443866280201577e-11]	0.2941341247477384	[-0.598495179596294, 0.5984951795962938, 0.0]	1.4150144903989583
2	[-0.4441015089686827, -0.5054954125191813, -0.7397622845575473]	0.5922150448913667	0.4077849551086333	[-0.26300359507021276, -0.29936198841742623, -0.4380983545581879]	0.7611179144275952	0.4018972392228391	[-0.28060249830384465, -0.2806024983528624, -0.44956813995028644]	[0.05741111599654679, 0.10413911577645395, 0.113478187244347]	0.6812660014274775	[0.0, 0.0, -0.8464]	1.4150144903989583
2	[0.42091944114580687, -0.7688266056295766, -0.4813859932960296]	0.6146956673592942	0.38530433264070585	[0.25873735677962284, -0.4725943834310534, -0.29590588440651966]	0.7938789512496135	0.36946215554341577	[0.33415908450543047, -0.48699280561371155, -0.2587997536875596]	[8.023911877773645e-12, 0.12336245375629691, 0.1233624538165459]	0.5406277944412149	[0.598495179596294, -0.5984951795962938, 0.0]	1.4150144903989583
2	[0.42956351779516044, -0.4598919234815048, 0.7771580295512159]	0.6566997450246514	0.34330025497534855	[0.2820942526079743, -0.30201090888920057, 0.5103594798501441]	0.7859942594165609	0.3409539194019776	[0.2656812751354508, -0.2895192279685675, 0.5314644595904816]	[-0.07195318390632913, 0.07195318383993554, -0.07937729029626013]	0.4854442216982193	[0.0, -0.5984951795962938, 0.598495179596294]	1.4150144903989583
2	[-0.3470600964699847, -0.9352897083220022, 0.06915526693744163]	0.7641114911526706	0.23588850884732934	[-0.2651926078332697, -0.7146656136856715, 0.052842334140629485]	0.8711383246527621	0.2415884985489711	[-0.21850790376489004, -0.7309372622899194, 0.06024380338967837]	[0.08382944722779831, 0.08382944728267988, 8.880933276485154e-12]	0.3648760635510565	[1.6900361802881747e-16, -0.8464, 0.0]	1.4150144903989583
2	[0.5903105937608876, -0.7751860602889039, 0.22498883267272618]	0.7937007184847651	0.20629928151523494	[0.4685299423971833, -0.6152657330106789, 0.17857379814338994]	0.8807659662426933	0.20881064562863214	[0.4565882247929784, -0.6194202438707154, 0.18681522659428848]	[-0.06333725570412738, 0.06333725553750805, -0.011347280008520547]	0.26416741561041596	[0.6505382386916237, -0.6505382386916236, 0.0]	1.4150144903989583
2	[0.898295633071446, 0.35603163766722934, -0.2575003467662926]	0.6939937008719165	0.3060062991280835	[0.6234115108723339, 0.24708371385216982, -0.17870361862814121]	0.8255719366092706	0.2656923986478423	[0.7416076654195396, 0.2939297285998458, -0.052111241937079465]	[-2.290470761879941e-11, -3.25878155889033e-12, 0.16047381802032729]	0.4399273066638845	[0.92, 0.0, 0.0]	1.4150144903989583
2	[0.046814467694287085, -0.31486946972487456, -0.9479797585653803]	0.6628325302765784	0.33716746972342154	[0.03103015207535507, -0.20870572732458328, -0.6283518220208709]	0.8259679086999521	0.31267766685594756	[0.038667247977789365, -0.15591470985957434, -0.6788434910770784]	[-5.623350135471524e-13, 0.10415736756254323, 0.10415736759505431]	0.3341449157185009	[0.0, 0.0, -0.8464]	1.4150144903989583
2	[-0.5823232659116057, -0.7904095113060299, 0.1901378931591604]	0.7622660990489348	0.2377339009510649	[-0.4438852842918754, -0.6025023748344225, 0.14493567009981653]	0.8699877569699185	0.24778949884387994	[-0.4220361764071771, -0.6030686622655588, 0.16541763919007854]	[0.08457793553465826, 0.08457793556326385, 5.554544083851692e-12]	0.27063824549169674	[-0.598495179596294, -0.5984951795962938, 0.0]	1.4150144903989583
2	[-0.5005802197939991, -0.3153195029069573, -0.8062214674873777]	0.5949709579852013	0.4050290420147987	[-0.2978306929192781, -0.18760594671597008, -0.4796783588591999]	0.7540370546857365	0.4020616395611096	[-0.27118365148915496, -0.13149020719826185, -0.53192679656617]	[0.10627238307825077, 0.10627238205867073, 0.07599406420242431]	0.5929766098568872	[0.0, 0.0, -0.8464]	1.4150144903989583
2	[-0.06889079567394185, 0.3975793607448141, 0.9149779834406706]	0.7683032158561118	0.23169678414388817	[-0.05292901985917585, 0.30546150141825784, 0.7029805271150075]	0.8711872232046822	0.1981413114993928	[0.0, 0.28634927830322465, 0.7661764163986942]	[0.06001678098754253, -0.06001678098754252, -0.030940712288403352]	0.3811488857684719	[0.0, 0.5984951795962938, 0.598495179596294]	1.4150144903989583
2	[0.023793693056283344, 0.04289796032026491, 0.9987960878833599]	0.8823179246627196	0.11768207533728035	[0.020993601877481685, 0.03784963932203984, 0.8812556914224895]	0.9081758249720738	0.09882455803388628	[0.009134079357840205, 0.009134079357840203, 0.9070824610923504]	[-0.012474777462682229, -0.029824811145635663, 0.0]	0.09281809249611751	[0.0, 0.0, 0.92]	1.4150144903989583
2	[0.5083228987278984, -0.8547325921274783, -0.10507153079644761]	0.7605709449988388	0.2394290550011612	[0.3866156274500268, -0.6500847753157032, -0.07991435347032876]	0.8846464006478879	0.1952602626373998	[0.4496860227265362, -0.6870975379806916, -0.02391257836831981]	[0.0, 0.06903857316132128, 0.06903857316132128]	0.2701121313084504	[0.6505382386916237, -0.6505382386916236, 0.0]	1.4150144903989583
2	[-0.6503901416184334, 0.6509630825253956, 0.3914584637922513]	0.6611386906042688	0.33886130939573117	[-0.4299980866115361, 0.43037688001255864, 0.2588083361775676]	0.8028304496647733	0.3709492432880131	[-0.3938866778543648, 0.39434665226033266, 0.3142747745114145]	[0.12826633199869777, -0.12826633199869775, 0.0]	0.3983537332518	[-0.598495179596294, 0.5984951795962938, 0.0]	1.4150144903989583
2	[0.0436332048721218, -0.06677529962391429, -0.9968135245835722]	0.7860868892744649	0.21391311072553512	[0.034299490287001654, -0.05249118756173313, -0.7835820427266156]	0.8894191156007902	0.20290058491273108	[0.038808206488190666, -0.03880820648819066, -0.7959075554087833]	[0.0, 0.020583021447288973, 0.09067744804524415]	0.1702557652032052	[0.0, 0.0, -0.8464]	1.4150144903989583
2	[-0.9242757874514296, -0.2829221709872863, 0.2562602464193005]	0.6904218748801664	0.30957812511983357	[-0.6381402220785583, -0.19533565573820924, 0.1769276797900669]	0.8231445563719506	0.3269222921426148	[-0.6457613542262254, -0.11783461612430196, 0.21093922685458188]	[0.115051228800817, 0.11505122880081699, 0.0]	0.3817493301754041	[-0.92, 0.0, 0.0]	1.4150144903989583
2	[0.221476007748747, -0.4106734513418808, 0.8844748127304841]	0.7080605499213815	0.29193945007861855	[0.15681842384096997, -0.2907816697952439, 0.6262617222935575]	0.8232186789608958	0.3169089039245814	[0.18232318652045665, -0.3380740560979748, 0.5784884767826771]	[0.0, 0.0, -0.1496277101274978]	0.4075695942785276	[0.0, -0.5984951795962938, 0.598495179596294]	1.4150144903989583
2	[0.9860011347815463, -0.14997046261515515, -0.07287401836388196]	0.8160862494195904	0.1839137505804095	[0.8046619680073323, -0.12238883235932287, -0.059471484326714785]	0.9015210927158225	0.14287611488161708	[0.8639976904118568, -0.13520153533191204, 0.0]	[-0.02490313003544359, 0.0, 0.06569746466599978]	0.17932627248106978	[0.92, 0.0, 0.0]	1.4150144903989583
2	[0.4627939954675316, 0.4749993593769372, -0.7484633099562714]	0.6210746894370796	0.3789253105629205	[0.2874296370083423, 0.295010079607843, -0.46485161778613987]	0.7757063817416385	0.40062021864663294	[0.3589922557158752, 0.3589922557158751, -0.3793236205253231]	[0.0, -0.009467778676005068, 0.20126414550722674]	0.6703687559142533	[0.0, 0.0, -0.8464]	1.4150144903989583
2	[-0.04834958995474442, -0.2654909294318255, -0.9629002458929136]	0.6779779234507239	0.322022076549276	[-0.03277995459721157, -0.17999698903119174, -0.652825109200669]	0.8356028383986825	0.29347381551090895	[-0.040401054601596854, -0.12345406544463629, -0.7062112698052064]	[0.0, 0.09839090875770143, 0.09839090875770144]	0.2939309846757837	[0.0, 0.0, -0.8464]	1.4150144903989583
2	[-0.14906694810830792, -0.8342125868124517, -0.5309128035613311]	0.593186093497999	0.40681390650200094	[-0.08842444061803603, -0.4948433055181386, -0.3149300919326165]	0.7787722461846589	0.40493955496590334	[-0.11608920201019887, -0.5172578657760505, -0.28105641230625517]	[0.0, 0.13240374425139725, 0.13240374425139728]	0.5515776400869433	[1.6900361802881747e-16, -0.8464, 0.0]	1.4150144903989583
2	[0.6325661785202784, 0.28148587773129363, 0.7215439906409687]	0.6255501452878894	0.37444985471211056	[0.39570186487756515, 0.17608353171129978, 0.45136194817706154]	0.7696473062996192	0.3996683474030923	[0.2749283771500261, 0.21664484755727415, 0.5553343887734993]	[-0.2119244782043503, 0.0, 0.0]	0.703536276707156	[0.0, 0.0, 0.8464]	1.4150144903989583
2	[-0.2943098771635715, -0.7679763716068763, 0.5688532225956892]	0.7211663050563631	0.2788336949436369	[-0.21224636665564495, -0.5538386822823234, 0.410237776658738]	0.8436922580254071	0.2808548560375298	[-0.1466228016652974, -0.5462515559131482, 0.4799370598567865]	[0.1016841631580164, 0.10168416315801639, 0.0]	0.3409117537665578	[0.0, -0.5984951795962938, 0.598495179596294]	1.4150144903989583
2	[-0.9284253285745718, -0.13808181841230865, -0.3449055242891136]	0.6678772552380491	0.33212274476195097	[-0.6200741601418688, -0.09222170587949141, -0.23035455487865344]	0.807571445353824	0.3325782493338563	[-0.6382588508277536, 0.0, -0.2592018572384667]	[0.11151093367231239, 0.11151093367231237, 0.01933399552221112]	0.3716145791311041	[-0.92, 0.0, 0.0]	1.4150144903989583
2	[-0.6557911630374385, -0.3963743825863497, 0.6425148241957486]	0.6087740988644736	0.39122590113552635	[-0.3992286743214017, -0.24130245757196714, 0.39114638310683253]	0.7645644118957617	0.42216875920295044	[-0.348234732083499, -0.14989389390202043, 0.4912439686955313]	[0.15315985281065772, 0.1531598528106577, 0.0]	0.6759888650071957	[-0.598495179596294, -0.5984951795962938, 0.0]	1.4150144903989583
2	[-0.3193872625986172, -0.1853516585086434, -0.9293204717307465]	0.6437676560411504	0.3562323439588497	[-0.20561118941251114, -0.11932340274144909, -0.5982664617971588]	0.7904204277559777	0.3315800489383195	[-0.11611069092963958, -0.01016621141031161, -0.7345538847878036]	[0.13633952579337022, 0.13633952579337022, 0.0]	0.3784696361059793	[0.0, 0.0, -0.8464]	1.4150144903989583
2	[-0.9193028320914569, 0.3682507660334217, -0.13882966622600743]	0.7255378734035907	0.2744621265964091	[-0.666989021809534, 0.2671798776671321, -0.10072618079894773]	0.8465515983862342	0.22255865113244314	[-0.7615169970325594, 0.2950229897170929, 0.0]	[0.01672028487545537, -0.016720284875455366, 0.11752647584705397]	0.3935515073681198	[-0.92, 0.0, 0.0]	1.4150144903989583
2	[-0.02326142392409699, 0.5206543965570728, -0.8534505876164207]	0.6116755235924234	0.38832447640757667	[-0.014228443658277285, 0.31847155062474464, -0.5220348350405355]	0.7917875682942728	0.38172689516140884	[-0.018418106283922923, 0.2876335418637464, -0.5511374287202236]	[0.0, -0.1246141367079003, 0.12461413670790032]	0.5212214551252884	[0.0, 0.0, -0.8464]	1.4150144903989583
2	[0.2810337746450933, -0.8702618085745263, 0.4045545723945357]	0.7540671485129314	0.24593285148706856	[0.21191833708245136, -0.6562358404514996, 0.3050613128234158]	0.859792795449384	0.25040128065444667	[0.24163081471779702, -0.6295734552354871, 0.347833106710928]	[2.369552484276059e-17, 0.11867137793164141, 0.0]	0.4364058228750483	[0.0, -0.5984951795962938, 0.598495179596294]	1.4150144903989583
2	[-0.28552847098575684, 0.9469432564362485, -0.1475532491897388]	0.6979085916325941	0.302091408367406	[-0.19927277305667748, 0.6608798344554045, -0.10297868033282381]	0.847965447547965	0.26449182952294226	[-0.24211827768712335, 0.711983215471868, -0.03412811021171038]	[0.0, -0.09099194677462288, 0.0909919467746229]	0.33676017505744155	[1.6900361802881747e-16, 0.8464, 0.0]	1.4150144903989583
2	[-0.006529993679506635, -0.13584444630828008, 0.9907086582793866]	0.8596421620821311	0.1403578379178689	[-0.005613457885033734, -0.11677761353129987, 0.8516549329967791]	0.9223679220007234	0.13595361929295524	[0.0, -0.11927550295586276, 0.8559265530221092]	[0.0060230567008443935, 0.006023056700844392, -0.05787133342317347]	0.1532842743595332	[0.0, 0.0, 0.92]	1.4150144903989583
2	[0.5973588228671314, -0.7944560794217789, -0.10955352396235898]	0.7809124525279122	0.21908754747208783	[0.46648494340435825, -0.620400645406971, -0.08555171108052115]	0.8958895913567401	0.17416285889089092	[0.5351675517117775, -0.6494353546252638, -0.03583828409553714]	[0.0, 0.062309577718791455, 0.06230957771879147]	0.18852684095490427	[0.6505382386916237, -0.6505382386916236, 0.0]	1.4150144903989583
2	[0.26614320307009814, 0.525598084651251, -0.8080312177574113]	0.5986877136800296	0.4013122863199704	[0.15933666575751695, 0.31466911561446015, -0.48375836234127473]	0.7826835385308288	0.39553592249727704	[0.2083059039348334, 0.2813141141036446, -0.5023698781215227]	[0.0, -0.1300628546362227, 0.13006285463622272]	0.5903877662860693	[0.0, 0.0, -0.8464]	1.4150144903989583
2	[0.6197702497589663, 0.19415633083075332, -0.7603868467510783]	0.6026069783988718	0.3973930216011282	[0.3734778775087648, 0.11699995985893198, -0.45821442013491326]	0.759884471134177	0.4325754258233222	[0.4709537884627889, 0.1475363807706793, -0.35689987034427023]	[0.0, 0.0, 0.22090628655655725]	0.655141286914338	[0.0, 0.0, -0.8464]	1.4150144903989583
2	[-0.049678028172980324, -0.3072325353012995, 0.9503369206598155]	0.7896610833661346	0.2103389166338654	[-0.039228805546569004, -0.2426095766713484, 0.7504440823310662]	0.8833204876667722	0.17915325438309038	[0.0, -0.22750317283736207, 0.7977878766313754]	[0.04388162007208063, 0.04388162007208062, -0.04166419557359133]	0.3126980428239672	[0.0, 0.0, 0.92]	1.4150144903989583
2	[-0.4190967468538468, -0.005998420409635007, -0.9079217674057122]	0.6528570758829385	0.34714292411706144	[-0.27361027666305454, -0.003916111208550849, -0.5927431501989627]	0.796948181061897	0.3753707589882772	[-0.3292179598594283, 0.0, -0.543519476929326]	[0.004780430234703179, 0.004780430234703178, 0.18004712415115912]	0.42363072614673575	[0.0, 0.0, -0.8464]	1.4150144903989583
2	[-0.14151953167809056, -0.9882797815310014, 0.0572301980657959]	0.7905813108361209	0.20941868916387907	[-0.11188269686297868, -0.7813155251556143, 0.045245125006267754]	0.8873685846967454	0.20511152731298318	[-0.05230894399940928, -0.8036973884888494, 0.050784279859559724]	[0.07327104253272404, 0.07327104253272403, 0.0]	0.2084057240680328	[1.6900361802881747e-16, -0.8464, 0.0]	1.4150144903989583
2	[0.05651616896963574, -0.07584795636522534, -0.995516453987685]	0.7776694929004065	0.22233050709959343	[0.04395090046329032, -0.05898464176407696, -0.7741827759466139]	0.8834504012543927	0.21574208028364122	[0.049929232153585745, -0.04992923215358574, -0.7814382505111623]	[0.0, 0.017078675331598236, 0.09805116021960805]	0.1765862584960871	[0.0, 0.0, -0.8464]	1.4150144903989583
2	[-0.5624812591332691, 0.74274176037644, -0.3632485519816412]	0.6321240552464078	0.3678759447535922	[-0.3555579345234276, 0.46950493357001094, -0.22961814774102057]	0.8057634516066526	0.3386770696934912	[-0.4532268408232789, 0.48222452657848097, -0.17644276912100507]	[0.0, -0.11624963791484066, 0.11624963791484069]	0.39249661024095406	[-0.598495179596294, 0.5984951795962938, 0.0]	1.4150144903989583
2	[-0.2408160895132035, -0.029964541649743767, -0.9701081059733959]	0.7015520896407362	0.2984479103592638	[-0.1689450308170985, -0.02102168680950461, -0.6805813689230527]	0.8306732917896239	0.2938481273044364	[-0.17514874934267752, 0.0, -0.6852631506047367]	[0.02489074444915994, 0.024890744449159938, 0.12057974317598123]	0.272385679154091	[0.0, 0.0, -0.8464]	1.4150144903989583
2	[0.34368895639038327, 0.8521586299346748, -0.3945929176799136]	0.626856997235883	0.37314300276411694	[0.21544382718601005, 0.5341815999294943, -0.2473533315073766]	0.8022045636659987	0.3543102392472807	[0.27570884929796985, 0.5652259267089157, -0.19816462416106292]	[0.0, -0.11837961519204547, 0.1183796151920455]	0.5233152312388607	[1.6900361802881747e-16, 0.8464, 0.0]	1.4150144903989583
2	[-0.8610281677669389, 0.09672338193413532, -0.49927455542930654]	0.6320085083571895	0.3679914916428106	[-0.5441771279639069, 0.061130000339455585, -0.3155457670375749]	0.7818619095911108	0.3461596474057498	[-0.5975807993608607, 0.0, -0.2966256645880081]	[0.0756243281011334, -0.07562432810113338, 0.09373809273020238]	0.511965009848166	[-0.92, 0.0, 0.0]	1.4150144903989583
2	[0.2017951317312817, -0.9505822173789635, 0.235949513270207]	0.7631609147229993	0.23683908527700076	[0.15400215731869313, -0.7254471945343467, 0.18006744637573763]	0.8656735846970557	0.24495844564763125	[0.17468871506023326, -0.7092000377553112, 0.2042552609601456]	[2.2701650183039087e-17, 0.113693877912412, 0.0]	0.3274864614314468	[1.6900361802881747e-16, -0.8464, 0.0]	1.4150144903989583
2	[-0.7929808338988992, -0.00991516019342563, 0.6091658942089136]	0.6536537283962701	0.3463462716037299	[-0.5183348786247989, -0.006481081428078948, 0.3981835579615043]	0.7909713298474714	0.3771004146377289	[-0.4381672425598515, 0.0, 0.48183275744014853]	[0.18905786217271758, 0.007842607443844584, 0.0]	0.6223465799906236	[-0.92, 0.0, 0.0]	1.4150144903989583
2	[0.07227587025157346, 0.95646664736232, 0.2827503334442972]	0.7727237043601234	0.22727629563987659	[0.05584927819664757, 0.7390844508467198, 0.2184878850681374]	0.8717926007979266	0.23414966633354845	[0.0630095689015528, 0.7253258033958355, 0.24649964856988482]	[2.1667514323215312e-17, -0.10851474268463485, 0.0]	0.31190738905172605	[1.6900361802881747e-16, 0.8464, 0.0]	1.4150144903989583
2	[-0.3435991741891739, 0.9190390325182507, -0.19314984909244817]	0.6746844863853817	0.32531551361461825	[-0.23182103236026402, 0.6200613776226942, -0.13031520673035238]	0.8335256481202891	0.29062399520900645	[-0.28639872435962727, 0.6664085081011941, -0.06136125602269461]	[0.0, -0.09963409712642422, 0.09963409712642425]	0.4008037995741874	[1.6900361802881747e-16, 0.8464, 0.0]	1.4150144903989583
2	[0.19112905340289493, 0.955407186083941, -0.22509285578284977]	0.6836587838898894	0.31634121611011046	[0.130667056215449, 0.6531725149578085, -0.15388670804680535]	0.8391626707640233	0.2845248326030811	[0.16038836691417305, 0.705481679694466, -0.09262915578176317]	[0.0, -0.09626036624687416, 0.09626036624687417]	0.31476924150416025	[1.6900361802881747e-16, 0.8464, 0.0]	1.4150144903989583
2	[0.773680262255319, -0.4033464444766593, -0.488600550065775]	0.6250682036410841	0.374931796358916	[0.48360293172049507, -0.2521190374940437, -0.30540866812765954]	0.7767494976355549	0.36991099297117563	[0.6009557550373634, -0.3132991481203323, -0.1741297696327571]	[0.0, 0.0, 0.20539046217528947]	0.5545298364647484	[0.598495179596294, -0.5984951795962938, 0.0]	1.4150144903989583
2	[0.3173518584167609, 0.4803910367019424, -0.8176259840635334]	0.6073634783126358	0.39263652168736424	[0.19274792857698303, 0.2917719710015048, -0.49659616163961934]	0.7887849154286578	0.3819494606730533	[0.2503223588023921, 0.25251399328365504, -0.5185198327178554]	[0.0, -0.12641120997397182, 0.12641120997397182]	0.5764682941647795	[0.0, 0.0, -0.8464]	1.4150144903989583
2	[0.8693840676576888, 0.2901848781877038, 0.39995509669731516]	0.6620907194974437	0.33790928050255625	[0.5756111228750935, 0.19212871478657484, 0.2648065577389951]	0.7966962473596338	0.3774046385613673	[0.5055955717879981, 0.2311892034926561, 0.3186427246511105]	[-0.18703945242913683, 0.0, 0.0]	0.4967225739885924	[0.92, 0.0, 0.0]	1.4150144903989583
2	[0.7128643642357262, 0.3641446114649132, -0.5993522337856607]	0.607193465748725	0.39280653425127504	[0.432846583929052, 0.22110622866910357, -0.3639227600365554]	0.7633685452327409	0.4063733166122771	[0.5441782326748892, 0.27797654230831254, -0.2398257044010751]	[0.0, 0.0, 0.21770093838587842]	0.653623438473905	[0.598495179596294, 0.5984951795962938, 0.0]	1.4150144903989583
2	[-0.5425391588143534, 0.6413296677530546, -0.542538034070212]	0.6008825336459247	0.3991174663540753	[-0.3260023043504974, 0.38536379566175455, -0.326001628511388]	0.7737616949529103	0.3951719175780859	[-0.3557066458752931, 0.35570664587529305, -0.3433548371769169]	[0.0640893732272272, -0.14052968486889725, 0.07644031164167008]	0.5470954103720586	[-0.598495179596294, 0.5984951795962938, 0.0]	1.4150144903989583
2	[-0.3229166087420399, -0.915894291117339, -0.2384586154811929]	0.6570870733811951	0.342912926618805	[-0.21218432938448736, -0.6018222992768365, -0.1566880737690688]	0.8222568918949479	0.3128552506098099	[-0.26552040704548663, -0.6467219997111332, -0.08969584660380153]	[0.0, 0.10637839340733665, 0.10637839340733668]	0.4073906037165912	[1.6900361802881747e-16, -0.8464, 0.0]	1.4150144903989583
2	[0.7312398246119238, -0.5217161373985356, -0.4394321231765779]	0.6456206786016337	0.3543793213983662	[0.47210355178649, -0.3368307266646658, -0.2837064655646189]	0.7917573648952463	0.33931123636712784	[0.5789645166411987, -0.4130725941699908, -0.15634039560023727]	[0.0, 0.0, 0.19158322429637342]	0.46498222614535856	[0.6505382386916237, -0.6505382386916236, 0.0]	1.4150144903989583
2	[-0.5233582104380237, 0.36780142117461495, -0.7686470569442408]	0.5910989901266234	0.4089010098733766	[-0.3093565096643927, 0.2174070486234518, -0.45434649912354197]	0.7510494470967891	0.4316164252093626	[-0.23111604037608208, 0.11428519980764716, -0.5772919471305462]	[0.16195185420696068, -0.16195185420696065, 0.0]	0.6443812706812554	[0.0, 0.0, -0.8464]	1.4150144903989583
2	[-0.7609264231653305, 0.10779343393573584, 0.6398215017715165]	0.6307187445512359	0.36928125544876406	[-0.4799305583146999, 0.06798733932281388, 0.40354741433421726]	0.7778819655570541	0.38273751313259646	[-0.42229439259630663, 0.0, 0.49770560740369346]	[0.16961654909983948, -0.08385056826407467, 0.0]	0.6680534270369339	[-0.92, 0.0, 0.0]	1.4150144903989583
2	[-0.10531262668904444, 0.1430812267902794, 0.984091973953676]	0.7888421959172289	0.2111578040827711	[-0.08307504369519718, 0.11286850913577502, 0.7762932737181382]	0.8863176598633341	0.1674483140464556	[-0.01938573151824601, 0.05286070877628668, 0.8722180954449112]	[0.07395470932284876, -0.07395470932284876, 0.0]	0.18886706416216692	[0.0, 0.0, 0.92]	1.4150144903989583
2	[-0.962433976043306, 0.09758660131552688, 0.2533726445399293]	0.7254210194903474	0.2745789805096525	[-0.6981698360934837, 0.07079137181490758, 0.18380184211312092]	0.8454995222071512	0.27736283737373973	[-0.7057735501011275, 0.0, 0.21422644989887257]	[0.10796391679941654, -0.08250942478609771, 0.0]	0.2748117247868381	[-0.92, 0.0, 0.0]	1.4150144903989583
2	[0.9321178315257292, -0.3469511665556093, 0.10383273172499087]	0.7798841154112109	0.22011588458878903	[0.7269438904984595, -0.2705817036201091, 0.08097749813207408]	0.8763313393928823	0.23338661065517888	[0.7030689000143828, -0.30404418049160015, 0.09099187686538307]	[-0.11377516775854835, 0.0, 0.0]	0.3623578203829166	[0.92, 0.0, 0.0]	1.4150144903989583
2	[0.6544874205137956, 0.7551186024487893, -0.03797515799816128]	0.8548247013303906	0.14517529866960935	[0.5594720137652031, 0.6454940338073083, -0.03246210309375261]	0.9330324373616633	0.1092380807794438	[0.6106579931845345, 0.6625452425260772, 0.0]	[1.312424389511558e-18, -0.04200490761384952, 0.03543205422621868]	0.11133176162098113	[0.6505382386916237, 0.6505382386916236, 0.0]	1.4150144903989583
2	[0.5619623156357962, 0.7192070340136566, 0.40858242501425923]	0.7144037284228083	0.2855962715771917	[0.40146797352332786, 0.5138041866072658, 0.2918928077982193]	0.8276687131586803	0.267421361531828	[0.4651186266259516, 0.5952651603367545, 0.19230968874831197]	[0.0, 0.0, -0.14586120118249296]	0.4236752242304285	[0.6505382386916237, 0.6505382386916236, 0.0]	1.4150144903989583
2	[-0.2397304049013131, -0.9271160155267727, -0.28807156527434874]	0.6439013038740038	0.35609869612599626	[-0.15436272029419826, -0.5969712112401601, -0.18548965648917834]	0.8136208024313236	0.3318890108592703	[-0.19504964440299236, -0.6427738251779462, -0.12283396677428492]	[0.0, 0.1115470513218781, 0.11154705132187812]	0.3833679289093953	[1.6900361802881747e-16, -0.8464, 0.0]	1.4150144903989583
2	[-0.12823029057876226, 0.7068368935540821, 0.6956569546039927]	0.7643786233665152	0.2356213766334847	[-0.09801649298648253, 0.5402910116395334, 0.5317453052955423]	0.87130466778927	0.22039939931883426	[-0.028006415989048246, 0.5321490499751372, 0.6061291517265271]	[0.08372123474420175, -0.08372123474420173, 0.0]	0.19396222551793862	[0.0, 0.5984951795962938, 0.598495179596294]	1.4150144903989583
2	[0.07615057952748802, 0.3647990422109022, -0.9279669972793408]	0.6433110757862069	0.35668892421379306	[0.048988511237571475, 0.2346792642904734, -0.596971447313869]	0.8132302858826932	0.33741909006526594	[0.06192795755927187, 0.18488485579311853, -0.6428700928933966]	[0.0, -0.11178077359378606, 0.11178077359378608]	0.3814845042797045	[0.0, 0.0, -0.8464]	1.4150144903989583
2	[0.20277089217358854, -0.8400177881465345, 0.5032435602017488]	0.7628540259691794	0.23714597403082055	[0.15468459144398444, -0.6408109515733091, 0.38390137594296714]	0.8654761139961984	0.2383152461425891	[0.17549336378993957, -0.6131543138591269, 0.4355452808770215]	[2.2735023445938667e-17, 0.11386101711361767, 0.0]	0.3294268904492606	[0.0, -0.5984951795962938, 0.598495179596294]	1.4150144903989583
2	[0.44412791507195065, 0.14775282305008647, 0.8836964967309602]	0.662334788376439	0.33766521162356095	[0.29416136864124953, 0.09786183478690046, 0.585302932151301]	0.7968729199529356	0.33151405886925733	[0.16703659487269534, 0.11774022353521181, 0.7041938077021801]	[-0.18687691364329934, 0.0, 0.0]	0.46946612871966936	[0.0, 0.0, 0.92]	1.4150144903989583
2	[-0.9131033657298079, 0.32277505933446543, -0.24911544425131257]	0.6778301747982899	0.3221698252017101	[-0.6189290140015424, 0.21878667488920908, -0.16885796512182083]	0.8145007874676103	0.34476775789650294	[-0.6230490794267498, 0.14222620900332278, -0.20290472551303768]	[0.120674330999504, -0.12067433099950398, 0.0]	0.4077864723812614	[-0.92, 0.0, 0.0]	1.4150144903989583
2	[-0.5010744317203609, -0.853498243722666, -0.14305649876339802]	0.7029278160172621	0.29707218398273805	[-0.35221915595128395, -0.5999476564345424, -0.10055839224283152]	0.8510236867856592	0.2541022109901697	[-0.4264262102366906, -0.6371856167051376, -0.03258286366346444]	[0.0, 0.0891616053328106, 0.08916160533281062]	0.3081923533590457	[-0.598495179596294, -0.5984951795962938, 0.0]	1.4150144903989583
2	[-0.9103263181417157, -0.3426501571735635, -0.23215698199166843]	0.6831318060907523	0.31686819390924775	[-0.621872861844095, -0.2340752207272566, -0.1585938184045467]	0.8181567246754473	0.3390593663577032	[-0.6264935947891349, -0.16204552625509955, -0.18994079599684027]	[0.11829600404755046, 0.11829600404755043, 0.0]	0.4140043171504893	[-0.92, 0.0, 0.0]	1.4150144903989583
2	[-0.803524882586472, -0.5945025423763795, -0.030240538560309515]	0.7960164194575303	0.2039835805424697	[-0.639618999981516, -0.4732337851408442, -0.02407196522724496]	0.8906392200149245	0.18499322051418723	[-0.663552202118472, -0.4773887080680609, 0.0]	[0.052098572570927246, 0.05209857257092724, 0.026933409676185315]	0.2072863006390631	[-0.598495179596294, -0.5984951795962938, 0.0]	1.4150144903989583
