2	[0.056057202245361565, 0.4011216630813606, 0.9143079358089735]	0.7926726577811535	0.20732734221884652	[0.044435011491603754, 0.31795817476829863, 0.7247469015080994]	0.8806533127299309	0.199532672199574	[0.031187694125349483, 0.33506985482297114, 0.7276747301172525]	[-0.018179266734398736, -0.018179266577368316, -0.07751358240818487]	0.3729342326984608	[0.0, 0.611576655048245, 0.6115766550482451]	1.4870747087496743
2	[0.9594294997721994, -0.10872397539467572, 0.2601425227471381]	0.7354063535889526	0.2645936464110473	[0.7055705499531462, -0.07995630229269314, 0.1913104640669037]	0.8475321660380415	0.29126699437414777	[0.6713522784766687, -0.09214706630497527, 0.2204791559280257]	[-0.14179508362605814, 6.154078970911031e-11, 1.4554327213503263e-10]	0.28348038807598175	[0.93, 0.0, 0.0]	1.4870747087496743
2	[0.6546620075265115, -0.33805347936521724, 0.6761194428430739]	0.6323055995671343	0.3676944004328658	[0.4139464531828746, -0.21375310795577954, 0.4275141096858866]	0.7747392400359538	0.39549601561489345	[0.29769983949740664, -0.26190329569549303, 0.5238162633283823]	[-0.20949250669409486, -5.746104075590389e-13, 6.606765250157996e-12]	0.712434588710219	[0.0, -0.611576655048245, 0.6115766550482451]	1.4870747087496743
2	[-0.5443705237841608, -0.47920061531305314, -0.6884965527281526]	0.6061831194163172	0.3938168805836827	[-0.3299882222257766, -0.2904833238166858, -0.4173549880401326]	0.7615846091881745	0.39504989006420577	[-0.34139024311843175, -0.29175784375747454, -0.40613396899552334]	[0.07319396949129031, 0.07319396957844972, 0.11821440904135204]	0.7043206536045981	[-0.6115766550482451, -0.611576655048245, 0.0]	1.4870747087496743
2	[-0.9705434889992891, -0.09632939327280118, 0.2208302152169867]	0.7490766171506834	0.2509233828493167	[-0.7270114335372089, -0.07215809604496772, 0.16541875057939778]	0.8606032567295557	0.2517916066794004	[-0.7399527968072944, -5.899796320054073e-11, 0.19004720250427248]	[0.09530009062315933, 0.0829013895103573, 1.0424528023324768e-10]	0.24431354948369552	[-0.93, 0.0, 0.0]	1.4870747087496743
2	[-0.23769481941201118, -0.11551148820200527, 0.9644471312197728]	0.7367596375350665	0.26324036246493376	[-0.17512394899395647, -0.08510420217884555, 0.7105657188192143]	0.8531200703964622	0.22417570581994606	[-0.10619261261704635, -0.0019555615890196184, 0.8227892044419481]	[0.0965896084526039, 0.09658960735747278, -3.793163917997257e-11]	0.2665114180128552	[0.0, 0.0, 0.93]	1.4870747087496743
2	[0.8849441313699953, 0.3652531521974345, 0.28890140041827816]	0.7018135171379586	0.2981864828620416	[0.6210657533073719, 0.2563395993894076, 0.20275490793363335]	0.8247831029753254	0.32831065059586995	[0.566935253140722, 0.30125462821640825, 0.23828099356202453]	[-0.1629517134904265, -2.4510561124928528e-11, 7.112019821051423e-11]	0.4678344411550503	[0.6115766550482451, 0.611576655048245, 0.0]	1.4870747087496743
2	[-0.0946035957855353, 0.7127331833516167, -0.6950263081451793]	0.5977418981251033	0.4022581018748969	[-0.056548532914305616, 0.42603048587334247, -0.41544634467758235]	0.7820134729234695	0.4060614318267108	[-0.07398128621882367, 0.42405148118246516, -0.4102044662895827]	[2.7247081070961677e-10, -0.13331547079813272, 0.1333154707162063]	0.7177507571841172	[1.7269757707127154e-16, 0.8649000000000001, 0.0]	1.4870747087496743
2	[-0.8665279513224694, 0.3243358013141649, 0.3793884520683025]	0.6573436955747889	0.34265630442521106	[-0.5696066858411629, 0.21320009424306363, 0.24938860714097658]	0.799242997078073	0.37186928906052175	[-0.560546723468479, 0.12720344451627252, 0.3032235634998109]	[0.13201967339841403, -0.13201967338577894, 1.1929976168696218e-11]	0.5031481000065556	[-0.93, 0.0, 0.0]	1.4870747087496743
2	[-0.5743041548288251, 0.15661431879424942, -0.8035214327539509]	0.6119031075840947	0.3880968924159053	[-0.3514184970382152, 0.09583278836236739, -0.4916772617125667]	0.7659190715975309	0.39531094557503094	[-0.39563486495894273, 0.07571824946733213, -0.4602957715392457]	[0.04423564012215547, -0.04423564418243918, 0.15513661824437827]	0.59843181367823	[0.0, 0.0, -0.8649000000000001]	1.4870747087496743
2	[0.4700823827733239, -0.48173766045396643, -0.7395616133267688]	0.6315545090353942	0.3684454909646059	[0.2968826484585951, -0.30424359163186404, -0.4670734716060114]	0.7824695614225573	0.3897514245522538	[0.36782515581637437, -0.36782515572893176, -0.3811295085386304]	[-6.473939191343278e-11, 0.009119900167211951, 0.19755494268612522]	0.6846592811518407	[0.0, 0.0, -0.8649000000000001]	1.4870747087496743
2	[-0.5578337547883747, -0.6983624372220631, 0.4484544662459758]	0.6788829436197878	0.3211170563802121	[-0.3787038215012108, -0.4741063470948035, 0.3044480881245088]	0.8143812368064853	0.348106827775484	[-0.3322247172051699, -0.44666863946674645, 0.36521290285246244]	[0.1220646259517924, 0.12206462589734882, -2.0327558235793606e-11]	0.4599255152867982	[-0.6115766550482451, -0.611576655048245, 0.0]	1.4870747087496743
2	[0.6508980740440835, 0.5825619344962585, -0.48677848112019056]	0.6569555683006392	0.3430444316993608	[0.42761111413942243, 0.3827173067473093, -0.3197918337008367]	0.798966443536348	0.33460511954836325	[0.5200457192107806, 0.46544743671378086, -0.20195846484374994]	[-1.1287922065599448e-10, -2.3034983287049708e-10, 0.18696120700687408]	0.48922522183779105	[0.6115766550482451, 0.611576655048245, 0.0]	1.4870747087496743
2	[-0.4822535042821636, 0.2076785807285885, 0.8510588491485958]	0.6451871467786219	0.3548128532213781	[-0.31114376245180125, 0.1339915509473117, 0.5490922306228799]	0.7905163497491302	0.3487957203981349	[-0.24347088191127836, 0.026414915613917594, 0.6727759348496267]	[0.1377583979475842, -0.13775839794472622, -1.0166998194254487e-12]	0.5252527132178938	[0.0, 0.0, 0.8649000000000001]	1.4870747087496743
2	[-0.7667129585341538, -0.21717061744090388, 0.6041425015144536]	0.6267152712480475	0.37328472875195257	[-0.4805107197771251, -0.13610414241658197, 0.37862533170910473]	0.7769953153850349	0.3963541743095356	[-0.44908242137230864, -0.02209059678611727, 0.46941589354038077]	[0.14664995565372935, 0.14664995560474034, 3.865397071272445e-11]	0.6624302960511951	[-0.93, 0.0, 0.0]	1.4870747087496743
2	[-0.27321334538383074, 0.9284012335025322, -0.25184443121727373]	0.6686952313822667	0.33130476861773334	[-0.18269646120816388, 0.6208174776525576, -0.16840717020517018]	0.8297227025176857	0.3042047358241221	[-0.22669131528982567, 0.6661779605221672, -0.10482342210217703]	[5.944238846180931e-12, -0.10413761996030681, 0.1041376199814487]	0.3769662535125919	[1.7269757707127154e-16, 0.8649000000000001, 0.0]	1.4870747087496743
2	[-0.16509556563678984, -0.6493980067248306, 0.7423110419957967]	0.7466748831441221	0.25332511685587783	[-0.12327271217946273, -0.4848891807852889, 0.554265010538803]	0.859488346720796	0.24076896551130852	[-0.049495944077379964, -0.4657482503161268, 0.6380076900854642]	[0.09240177068271913, 0.09240176884757813, -1.520942509896699e-10]	0.21395906236036766	[0.0, -0.611576655048245, 0.6115766550482451]	1.4870747087496743
2	[-0.3998260039937436, -0.6053196966017631, 0.6882784548686267]	0.6627377199194457	0.3372622800805542	[-0.26497977425131686, -0.4011681955481834, 0.45614809384931265]	0.8030724607148639	0.3515521354917112	[-0.19158787074147188, -0.3566141962556549, 0.5527374724095063]	[0.12950138214357482, 0.12950138201349778, 1.1338214300610255e-12]	0.40716476897478737	[0.0, -0.611576655048245, 0.6115766550482451]	1.4870747087496743
2	[0.42091944114580687, -0.7688266056295766, -0.4813859932960296]	0.6254274361125116	0.3745725638874884	[0.2632545668857332, -0.48084525277399115, -0.30107200756761054]	0.8012337717446163	0.35983021371173224	[0.33725487143217064, -0.49444905631821245, -0.26414193029693883]	[2.2797389382321832e-12, 0.12156078472798405, 0.1215607847766676]	0.541119390442143	[0.6115766550482451, -0.611576655048245, 0.0]	1.4870747087496743
2	[-0.8400077372572654, 0.5216390497379884, 0.14926387083409495]	0.7375870859725988	0.26241291402740097	[-0.619578859118023, 0.3847542266257585, 0.11009510352951057]	0.8536544134306341	0.27981349609315775	[-0.6208380925812067, 0.3490612575316298, 0.1274197621174477]	[0.09623821964433837, -0.09623821949496596, 1.4182448871189924e-11]	0.287313827207298	[-0.6115766550482451, 0.611576655048245, 0.0]	1.4870747087496743
2	[-0.4441015089686827, -0.5054954125191813, -0.7397622845575473]	0.6051592535896728	0.39484074641032724	[-0.2687521376855358, -0.30590522653311114, -0.4476739919566364]	0.7704154292979537	0.38950868181472115	[-0.2938371581500489, -0.2938371581108137, -0.44935150407083924]	[0.04830549653392722, 0.09560430713329784, 0.1205727739649982]	0.684405735052209	[0.0, 0.0, -0.8649000000000001]	1.4870747087496743
2	[-0.7172335228967242, 0.3236780153508262, 0.6170969259457582]	0.6188215320247931	0.38117846797520694	[-0.44383954745849036, 0.2002989253421428, 0.3818728651215443]	0.7711189004544939	0.4115996392581402	[-0.4025579844723767, 0.099079894236874, 0.47585510300771816]	[0.15051434107284856, -0.1505143410617479, -1.4231604500595994e-12]	0.6890991339966113	[-0.6115766550482451, 0.611576655048245, 0.0]	1.4870747087496743
2	[0.42956351779516044, -0.4598919234815048, 0.7771580295512159]	0.6640754096879831	0.3359245903120168	[0.2852625690668325, -0.3054029174981749, 0.5160915368665294]	0.7923302179306727	0.3335755908583776	[0.26918123931125115, -0.29321135171784374, 0.5368087284052285]	[-0.07117491635845488, 0.07117491623881318, -0.07895706251565866]	0.4847166854909373	[0.0, -0.611576655048245, 0.6115766550482451]	1.4870747087496743
2	[-0.5627379067032513, -0.09880880506420255, -0.8207087597930384]	0.6213810352816092	0.3786189647183906	[-0.3496746630594719, -0.06139791758573282, -0.5099728588248839]	0.7730308485638299	0.3897664512343706	[-0.40207016588088207, -0.043438658719653626, -0.4699411580099572]	[0.03294359565696554, 0.03294359570470489, 0.16449203099662382]	0.5730532238021195	[0.0, 0.0, -0.8649000000000001]	1.4870747087496743
2	[-0.3470600964699847, -0.9352897083220022, 0.06915526693744163]	0.7808128883528228	0.2191871116471773	[-0.27098899635673807, -0.7302862586015716, 0.05399732372223424]	0.8808496152398909	0.2245430122765858	[-0.22735335065313986, -0.7454951778400508, 0.060915390280604345]	[0.07835440178756553, 0.0783544018732145, 6.946970028211214e-12]	0.3608155658291373	[1.7269757707127154e-16, -0.8649000000000001, 0.0]	1.4870747087496743
2	[0.046814467694287085, -0.31486946972487456, -0.9479797585653803]	0.6769692570153346	0.32303074298466533	[0.031691955412569424, -0.21315695097646084, -0.6417531528215819]	0.8349677173620073	0.2994647178739549	[0.03908856922739225, -0.1619759512225295, -0.6906026038989653]	[-2.8239728224608735e-12, 0.10092989118063468, 0.10092989121575707]	0.32899334892001236	[0.0, 0.0, -0.8649000000000001]	1.4870747087496743
2	[0.898295633071446, 0.35603163766722934, -0.2575003467662926]	0.7031334031518885	0.2968665968481113	[0.6316216655180061, 0.2503377370226992, -0.1810570951345747]	0.8309471015653667	0.25881389455351234	[0.7464361525839859, 0.2958434573770682, -0.05674997154025625]	[-6.555849012285625e-11, -8.086931895875082e-12, 0.15721919525727132]	0.4405339061719433	[0.93, 0.0, 0.0]	1.4870747087496743
2	[0.5903105937608876, -0.7751860602889039, 0.22498883267272618]	0.804448656364247	0.1955513436357529	[0.4748745639885252, -0.6235973846317048, 0.18099196414053326]	0.8881373056819998	0.19731990985429307	[0.4639336537635768, -0.6281284527566157, 0.18840911248924289]	[-0.06034320649475907, 0.06034320623061591, -0.011411863169250105]	0.2626278442872409	[0.6576093065034893, -0.6576093065034891, 0.0]	1.4870747087496743
2	[-0.5823232659116057, -0.7904095113060299, 0.1901378931591604]	0.7789271609991071	0.22107283900089286	[-0.4535874083002553, -0.6156714366682974, 0.1481035693168165]	0.8796919230273847	0.2304879111319856	[-0.43314936265991466, -0.6162011519887387, 0.167262768883677]	[0.07911571095345275, 0.0791157109911978, 1.0119657424360681e-11]	0.26265827546129494	[-0.6115766550482451, -0.611576655048245, 0.0]	1.4870747087496743
2	[-0.5005802197939991, -0.3153195029069573, -0.8062214674873777]	0.6071846807561764	0.3928153192438235	[-0.30394464094847584, -0.19145717170875742, -0.4895253243550995]	0.7623458965257771	0.39016901093590467	[-0.27785620768223934, -0.13662346166925496, -0.5403387934194419]	[0.10375906875968756, 0.10375906746641175, 0.07428083401055077]	0.5945167075367471	[0.0, 0.0, -0.8649000000000001]	1.4870747087496743
2	[0.9860011347815463, -0.14997046261515515, -0.07287401836388196]	0.8255805007562392	0.1744194992437608	[0.8140233105991691, -0.12381268962446464, -0.060163368572973046]	0.9068769269943492	0.13462939390302886	[0.8736649870599417, -0.13600475227635284, 0.0]	[-0.020516692063688138, 0.0, 0.06608776583156704]	0.1758916976617258	[0.93, 0.0, 0.0]	1.4870747087496743
2	[0.023793693056283344, 0.04289796032026491, 0.9987960878833599]	0.8921785233880001	0.10782147661199992	[0.021228221936902183, 0.038272638894890965, 0.8911044188534872]	0.9154006140757805	0.09116930568999018	[0.011102600224493376, 0.011102600224493374, 0.914298552184915]	[-0.010678161010359039, -0.028166218995275594, 0.0]	0.08449423966727333	[0.0, 0.0, 0.93]	1.4870747087496743
2	[-0.2943098771635715, -0.7679763716068763, 0.5688532225956892]	0.7363318511924285	0.26366814880757145	[-0.21670973667606885, -0.5654854633773356, 0.4188647464506624]	0.8528436108236376	0.26578084256500006	[-0.15422888730741627, -0.5581923307546188, 0.48514283638716993]	[0.09677141103382528, 0.09677141103382526, 0.0]	0.33601259919262677	[0.0, -0.611576655048245, 0.6115766550482451]	1.4870747087496743
2	[-0.9242757874514296, -0.2829221709872863, 0.2562602464193005]	0.70038441812132	0.2996155818786799	[-0.6473483595777945, -0.19815428010055106, 0.17948068357600788]	0.8290939927724224	0.3175647572811169	[-0.6539221221507727, -0.1221796914974835, 0.21246383089262272]	[0.11238938089020768, 0.11238938089020765, 0.0]	0.38176830059650196	[-0.93, 0.0, 0.0]	1.4870747087496743
2	[0.5083228987278984, -0.8547325921274783, -0.10507153079644761]	0.7722066586442498	0.22779334135575025	[0.39253032713902986, -0.6600301990010984, -0.0811369357149612]	0.8911155593907019	0.18612678378240127	[0.4529744442510143, -0.6950743299885086, -0.02703969396707985]	[0.0, 0.0665911819746339, 0.06659118197463391]	0.26867089136273337	[0.6576093065034893, -0.6576093065034891, 0.0]	1.4870747087496743
2	[-0.04834958995474442, -0.2654909294318255, -0.9629002458929136]	0.6927966753219886	0.30720332467801137	[-0.033496435173828325, -0.1839312332385134, -0.6670940890213358]	0.8448281893491061	0.27976417754485733	[-0.04084709653723844, -0.12939476428484709, -0.7185858143458658]	[0.0, 0.09489945691565337, 0.0948994569156534]	0.28710131426804364	[0.0, 0.0, -0.8649000000000001]	1.4870747087496743
2	[-0.06889079567394185, 0.3975793607448141, 0.9149779834406706]	0.780940125075128	0.21905987492487203	[-0.05379958659013323, 0.31048567570734453, 0.7145430208291457]	0.8791550711211475	0.1867730608121346	[0.0, 0.2889682188015906, 0.7795458810338428]	[0.06056569237031679, -0.06056569237031678, -0.02486165307222401]	0.377615081489162	[0.0, 0.611576655048245, 0.6115766550482451]	1.4870747087496743
2	[0.221476007748747, -0.4106734513418808, 0.8844748127304841]	0.7174837082018376	0.2825162917981624	[0.15890542731730994, -0.29465151072881957, 0.6345962684489936]	0.8305505335411896	0.3067932330136247	[0.18394701640229447, -0.3410850541232009, 0.588044184076822]	[0.0, 0.0, -0.14655684354022516]	0.40482974660240084	[0.0, -0.611576655048245, 0.6115766550482451]	1.4870747087496743
2	[-0.6503901416184334, 0.6509630825253956, 0.3914584637922513]	0.6735328987628894	0.32646710123711065	[-0.4380591574110697, 0.4384450519609556, 0.2636601538632626]	0.8106590738582611	0.3580728764070319	[-0.40273231471814513, 0.40319677446315855, 0.31733935571180405]	[0.12451235513279733, -0.1245123551327973, 0.0]	0.3953447941781153	[-0.6115766550482451, 0.611576655048245, 0.0]	1.4870747087496743
2	[-0.14906694810830792, -0.8342125868124517, -0.5309128035613311]	0.606151526779796	0.39384847322020394	[-0.0903571581882554, -0.5056592331552907, -0.3218136064656428]	0.7879374343306178	0.3920468306287489	[-0.1174554286359554, -0.5276148107662814, -0.28863355771836086]	[0.0, 0.1296925145730296, 0.12969251457302963]	0.5522961862368967	[1.7269757707127154e-16, -0.8649000000000001, 0.0]	1.4870747087496743
2	[0.6325661785202784, 0.28148587773129363, 0.7215439906409687]	0.6323496033888448	0.3676503966111552	[0.40000297210449526, 0.17799748314294442, 0.45626805630942097]	0.7747722694648906	0.3927930999292088	[0.28063294432123764, 0.21808745231219104, 0.5590322751476572]	[-0.2094617893976517, 0.0, 0.0]	0.7070538982208161	[0.0, 0.0, 0.8649000000000001]	1.4870747087496743
2	[0.4627939954675316, 0.4749993593769372, -0.7484633099562714]	0.6316163295296572	0.36838367047034276	[0.29230824474556716, 0.3000173518985996, -0.4727416486221983]	0.7826052509000804	0.39036984004255065	[0.3621850109379182, 0.36218501093791816, -0.388547532262314]	[0.0, -0.009551981884647209, 0.1972037842155184]	0.6733202629043936	[0.0, 0.0, -0.8649000000000001]	1.4870747087496743
2	[-0.6557911630374385, -0.3963743825863497, 0.6425148241957486]	0.6180707243768864	0.3819292756231135	[-0.40532531917851045, -0.24498740176958628, 0.39711960281355413]	0.7705568481230308	0.4135535529463894	[-0.35444041962927675, -0.15454504293466154, 0.4950941978045993]	[0.15088395198778848, 0.15088395198778845, 0.0]	0.6790377309846515	[-0.6115766550482451, -0.611576655048245, 0.0]	1.4870747087496743
2	[0.0436332048721218, -0.06677529962391429, -0.9968135245835722]	0.8028085228898991	0.1971914771101009	[0.03502910875234045, -0.053607779656605056, -0.8002503932676117]	0.8991359316094427	0.18562004462898318	[0.03923218231180091, -0.0392321823118009, -0.8133011035946364]	[0.0, 0.02080788892404695, 0.08296975347270595]	0.1541556848622092	[0.0, 0.0, -0.8649000000000001]	1.4870747087496743
2	[-0.9284253285745718, -0.13808181841230865, -0.3449055242891136]	0.6782453958970048	0.32175460410299533	[-0.6297002045398671, -0.0936533575952346, -0.23393058386853385]	0.8139389781067037	0.32633357106362487	[-0.6432913890147376, 0.0, -0.2666390082162941]	[0.11239017417362994, 0.11239017417362991, 0.014093041766943835]	0.3715223934721784	[-0.93, 0.0, 0.0]	1.4870747087496743
2	[-0.28552847098575684, 0.9469432564362485, -0.1475532491897388]	0.7131629736566997	0.28683702634330027	[-0.20362833343185296, 0.6753248686442338, -0.10522951396486213]	0.8571930397510172	0.2509012640543888	[-0.24475301797974097, 0.7243757653896344, -0.03914421513141098]	[0.0, -0.08733740306668054, 0.08733740306668056]	0.3317070469805811	[1.7269757707127154e-16, 0.8649000000000001, 0.0]	1.4870747087496743
2	[0.2810337746450933, -0.8702618085745263, 0.4045545723945357]	0.7678302298517532	0.23216977014824666	[0.21578622778184792, -0.6682133245089811, 0.3106292303092741]	0.868669645858632	0.2368840982556039	[0.24412550949526785, -0.6423823937618571, 0.35142427713245156]	[2.2680433956126284e-17, 0.11358762329686918, 0.0]	0.434460739138146	[0.0, -0.611576655048245, 0.6115766550482451]	1.4870747087496743
2	[-0.2408160895132035, -0.029964541649743767, -0.9701081059733959]	0.7156354093830468	0.2843645906169532	[-0.17233652080480585, -0.021443687030489742, -0.6942437115640834]	0.8392966827488765	0.2788544988954275	[-0.17696700467426768, 0.0, -0.7003206856529312]	[0.025149140406720498, 0.025149140406720494, 0.11388782959833553]	0.26449765270644604	[0.0, 0.0, -0.8649000000000001]	1.4870747087496743
2	[0.5973588228671314, -0.7944560794217789, -0.10955352396235898]	0.7918094744612468	0.20819052553875303	[0.4729943755992125, -0.6290578507295014, -0.08674551823401308]	0.9017870866150413	0.16591281461265986	[0.538690472537141, -0.6563655082548578, -0.03872922815191077]	[0.0, 0.06006472505051603, 0.060064725050516035]	0.18536217156997312	[0.6576093065034893, -0.6576093065034891, 0.0]	1.4870747087496743
2	[-0.5624812591332691, 0.74274176037644, -0.3632485519816412]	0.6459405663783295	0.35405943362167047	[-0.36332946310173975, 0.47976703337039517, -0.2346369754031294]	0.8149674311785698	0.3258279963584397	[-0.4584039068419277, 0.4921487449682419, -0.18287413977301886]	[0.0, -0.11316159951479442, 0.11316159951479444]	0.3893124108894601	[-0.6115766550482451, 0.611576655048245, 0.0]	1.4870747087496743
2	[0.05651616896963574, -0.07584795636522534, -0.995516453987685]	0.7940840900567595	0.2059159099432405	[0.044878590609747256, -0.060229655412944776, -0.7905237775013427]	0.8930237923894628	0.19871579626929695	[0.05047028354458779, -0.05047028354458778, -0.7985205436784184]	[0.0, 0.01726374609367626, 0.09049933544777422]	0.1612688683289572	[0.0, 0.0, -0.8649000000000001]	1.4870747087496743
2	[-0.006529993679506635, -0.13584444630828008, 0.9907086582793866]	0.8708131087272573	0.12918689127274274	[-0.005686404096020514, -0.11829512459304636, 0.8627220865592826]	0.9292653231370861	0.12443928775840336	[0.0, -0.12016743660837255, 0.8674336531598031]	[0.006068096686669864, 0.006068096686669863, -0.05319754831090003]	0.14893587747866835	[0.0, 0.0, 0.93]	1.4870747087496743
2	[-0.9193028320914569, 0.3682507660334217, -0.13882966622600743]	0.7379105304000905	0.2620894695999096	[-0.6783632404269122, 0.2717361180839618, -0.10244387264010066]	0.8538631405669895	0.21246315527421367	[-0.7726793676701184, 0.3021563199298763, 0.0]	[0.01227943567162085, -0.012279435671620846, 0.11854153480760561]	0.3936962437081285	[-0.93, 0.0, 0.0]	1.4870747087496743
2	[-0.049678028172980324, -0.3072325353012995, 0.9503369206598155]	0.8017389547850802	0.1982610452149198	[-0.039828810383189014, -0.24632029172843414, 0.7619221294634722]	0.8909139647861521	0.1675190235421359	[0.0, -0.22945890709423417, 0.8105299840620042]	[0.04425884904234806, 0.04425884904234805, -0.03613844980569482]	0.31188672234121045	[0.0, 0.0, 0.93]	1.4870747087496743
2	[0.26614320307009814, 0.525598084651251, -0.8080312177574113]	0.610149004903713	0.3898509950962869	[0.16238701051510726, 0.3206931483292584, -0.49301944344582]	0.7907268389360342	0.38470333518617905	[0.21044657366792976, 0.287617932192245, -0.5109453907440793]	[0.0, -0.12798657983487283, 0.12798657983487285]	0.5918780360202853	[0.0, 0.0, -0.8649000000000001]	1.4870747087496743
2	[-0.14151953167809056, -0.9882797815310014, 0.0572301980657959]	0.8078612662360126	0.19213873376398743	[-0.1143281480585896, -0.7983929557030847, 0.046234060276371676]	0.8971787760782964	0.18821713856428793	[-0.05935212646513135, -0.8190474510599185, 0.051345719055389254]	[0.0676161937569915, 0.06761619375699149, 0.0]	0.1962795045532619	[1.7269757707127154e-16, -0.8649000000000001, 0.0]	1.4870747087496743
2	[-0.02326142392409699, 0.5206543965570728, -0.8534505876164207]	0.6250450854856887	0.3749549145143113	[-0.01453943870515599, 0.32543247180451523, -0.5334450954945169]	0.8009737708399538	0.3685368781990162	[-0.018631790435590625, 0.29531071981815277, -0.5618717398921323]	[0.0, -0.1217197954965665, 0.12171979549656652]	0.5212995142344902	[0.0, 0.0, -0.8649000000000001]	1.4870747087496743
2	[0.6197702497589663, 0.19415633083075332, -0.7603868467510783]	0.6127238226911477	0.38727617730885244	[0.37974799662256115, 0.1189642092263063, -0.46590713546538853]	0.7665383527500386	0.4227667192242386	[0.475077666333718, 0.14882827401099716, -0.3657463490189034]	[0.0, 0.0, 0.21711933194246413]	0.6578258451064272	[0.0, 0.0, -0.8649000000000001]	1.4870747087496743
2	[-0.4190967468538468, -0.005998420409635007, -0.9079217674057122]	0.6650077950238147	0.33499220497618537	[-0.2787026035269305, -0.003988996330237224, -0.6037750525965974]	0.8046763460342833	0.36272526355147594	[-0.3324104518760059, 0.0, -0.5557582797553147]	[0.004826787017202567, 0.0048267870172025665, 0.17482489052570227]	0.4213418288534848	[0.0, 0.0, -0.8649000000000001]	1.4870747087496743
2	[-0.3193872625986172, -0.1853516585086434, -0.9293204717307465]	0.65716870201126	0.34283129798874007	[-0.2098913128008627, -0.12180730883775949, -0.6107203281597865]	0.7991183251499964	0.3194424172941793	[-0.12312655547467874, -0.016016248023830865, -0.7426370188970787]	[0.13210165888737033, 0.1321016588873703, 0.0]	0.3748512478305958	[0.0, 0.0, -0.8649000000000001]	1.4870747087496743
2	[0.7312398246119238, -0.5217161373985356, -0.4394321231765779]	0.654999051756164	0.34500094824383604	[0.4789613917271538, -0.3417235752819293, -0.2878276239918564]	0.7975703004293487	0.3315303953239004	[0.5832151666016364, -0.4161052964437894, -0.1622183898995441]	[0.0, 0.0, 0.18825962060070572]	0.4642141506479252	[0.6115766550482451, -0.611576655048245, 0.0]	1.4870747087496743
2	[-0.8610281677669389, 0.09672338193413532, -0.49927455542930654]	0.6421576498061481	0.3578423501938519	[-0.5529158246301114, 0.06211165962412678, -0.3206129751224929]	0.7883206014859154	0.3377831815275681	[-0.6025172084862795, 0.0, -0.30455899610776016]	[0.07624903462406951, -0.0762490346240695, 0.08902942173488382]	0.5132130239515496	[-0.93, 0.0, 0.0]	1.4870747087496743
2	[0.19112905340289493, 0.955407186083941, -0.22509285578284977]	0.6970797974952537	0.3029202025047462	[0.13323220184154963, 0.6659950478009038, -0.15690768232673727]	0.8474583558898643	0.27253282173975907	[0.1619739133596035, 0.7163768946636218, -0.09746591302385159]	[0.0, -0.09329090846043658, 0.0932909084604366]	0.3088505455912269	[1.7269757707127154e-16, 0.8649000000000001, 0.0]	1.4870747087496743
2	[0.07227587025157346, 0.95646664736232, 0.2827503334442972]	0.7888771911085997	0.21112280889140045	[0.057016785508990954, 0.7545347221602464, 0.2230552888325571]	0.8819802667613176	0.2176991633542497	[0.06374589132488923, 0.7415094415107857, 0.24938021451805273]	[2.038172197691827e-17, -0.10207526727813647, 0.0]	0.30586925865908615	[1.7269757707127154e-16, 0.8649000000000001, 0.0]	1.4870747087496743
2	[0.7128643642357262, 0.3641446114649132, -0.5993522337856607]	0.616644316804518	0.38335568319548197	[0.4395837588584265, 0.2245477051548281, -0.3695871487280205]	0.7694875405430018	0.39790584786470923	[0.5485402463764995, 0.280204741478123, -0.24681748899967396]	[0.0, 0.0, 0.2143765872950083]	0.6562811260185172	[0.6115766550482451, 0.611576655048245, 0.0]	1.4870747087496743
2	[0.8693840676576888, 0.2901848781877038, 0.39995509669731516]	0.6692873577528506	0.3307126422471493	[0.5818677655150402, 0.19421707038208108, 0.26768488988833194]	0.8018839352546551	0.3696844900643493	[0.5128971772078762, 0.23269459207254867, 0.3207175668647992]	[-0.18424794021317065, 0.0, 0.0]	0.49784097275806743	[0.93, 0.0, 0.0]	1.4870747087496743
2	[-0.3435991741891739, 0.9190390325182507, -0.19314984909244817]	0.6894312526875198	0.31056874731248035	[-0.2368880090836394, 0.6336142314577837, -0.13316354241621195]	0.842750242440537	0.2772429408876236	[-0.2895682873502946, 0.6783500867317085, -0.06660680141464997]	[0.0, -0.09617028073536385, 0.09617028073536388]	0.3978671782767838	[1.7269757707127154e-16, 0.8649000000000001, 0.0]	1.4870747087496743
2	[0.2017951317312817, -0.9505822173789635, 0.235949513270207]	0.7778400310184834	0.2221599689815167	[0.1569643315252392, -0.7394009014516716, 0.18353097672089388]	0.8750393932494329	0.23015725885554122	[0.17657868963083018, -0.7237184579504233, 0.20646511892946098]	[2.1580394015178913e-17, 0.10807842877856547, 0.0]	0.32207901263179006	[1.7269757707127154e-16, -0.8649000000000001, 0.0]	1.4870747087496743
2	[0.34368895639038327, 0.8521586299346748, -0.3945929176799136]	0.638260799904913	0.3617392000950869	[0.2193631882242109, 0.5438994487879804, -0.2518531912751952]	0.8098748290034467	0.34396477286871235	[0.2783450347870348, 0.5738657085836084, -0.20329475561344343]	[0.0, -0.11627611611854767, 0.11627611611854768]	0.5234386420001864	[1.7269757707127154e-16, 0.8649000000000001, 0.0]	1.4870747087496743
2	[-0.3229166087420399, -0.915894291117339, -0.2384586154811929]	0.6714492081372821	0.3285507918627179	[-0.21682210123421916, -0.6149764965081946, -0.16011284853835964]	0.8314754752875224	0.29957587065477836	[-0.2684972407320225, -0.6584779759026655, -0.09520682552637706]	[0.0, 0.10306566511725235, 0.10306566511725236]	0.4046456044802997	[1.7269757707127154e-16, -0.8649000000000001, 0.0]	1.4870747087496743
2	[0.773680262255319, -0.4033464444766593, -0.488600550065775]	0.6343235477795053	0.3656764522204946	[0.4907636088007722, -0.2558521476446838, -0.3099308343647402]	0.7826030931722605	0.36206193719668683	[0.6054845663673383, -0.315660175067467, -0.18020117845734582]	[0.0, 0.0, 0.20217912334979765]	0.5553088308219222	[0.6115766550482451, -0.611576655048245, 0.0]	1.4870747087496743
2	[-0.5425391588143534, 0.6413296677530546, -0.542538034070212]	0.6140161901587433	0.38598380984125674	[-0.33312782730711865, 0.3937867992295032, -0.333127136696006]	0.7833747661209494	0.38101400621188725	[-0.36577176180897436, 0.3657717618089743, -0.3476206137166474]	[0.059239724838676344, -0.13662971667350093, 0.07738999183482462]	0.5477215862680853	[-0.6115766550482451, 0.611576655048245, 0.0]	1.4870747087496743
2	[0.3173518584167609, 0.4803910367019424, -0.8176259840635334]	0.6186464134390205	0.38135358656097956	[0.196328589007737, 0.2971921919039095, -0.5058213825754546]	0.7966003716376192	0.37148846123644236	[0.2528026083546809, 0.25828521401622745, -0.5269266984136637]	[0.0, -0.12439446435192102, 0.12439446435192104]	0.5776872707329633	[0.0, 0.0, -0.8649000000000001]	1.4870747087496743
2	[-0.5233582104380237, 0.36780142117461495, -0.7686470569442408]	0.603363335568694	0.3966366644313061	[-0.3157751555471484, 0.22191789230682177, -0.463773452152937]	0.7594359475249176	0.4192286582353866	[-0.23925987872113788, 0.12112446107294716, -0.5837382060026889]	[0.1581971597178079, -0.15819715971780787, 0.0]	0.6468742775051829	[0.0, 0.0, -0.8649000000000001]	1.4870747087496743
2	[-0.7929808338988992, -0.00991516019342563, 0.6091658942089136]	0.6608356082217967	0.3391643917782033	[-0.5240299716778066, -0.006552290917038973, 0.4025585142075221]	0.7961464041932157	0.3695937393671469	[-0.4450147637684286, 0.0, 0.4849852362315714]	[0.18631407573431763, 0.007893919134995526, 0.0]	0.6244642895699063	[-0.93, 0.0, 0.0]	1.4870747087496743
2	[0.5619623156357962, 0.7192070340136566, 0.40858242501425923]	0.7236294555679835	0.2763705444320165	[0.4066524845132546, 0.5204393944639665, 0.29566227776771487]	0.834802983070549	0.2588283480089235	[0.46912781746599613, 0.6003961774399225, 0.19820692728982042]	[0.0, 0.0, -0.14287889994228214]	0.42412524674557417	[0.6576093065034893, 0.6576093065034891, 0.0]	1.4870747087496743
2	[0.6544874205137956, 0.7551186024487893, -0.03797515799816128]	0.8654189247701437	0.13458107522985624	[0.5664057997366339, 0.6534939290051649, -0.03286442040274506]	0.9390598857707219	0.10040405114893919	[0.6146028823460593, 0.671165731876784, 0.0]	[4.542389852058508e-19, -0.03793585668212322, 0.03566094753187844]	0.10468964415292507	[0.6576093065034893, 0.6576093065034891, 0.0]	1.4870747087496743
2	[-0.2397304049013131, -0.9271160155267727, -0.28807156527434874]	0.6579752336018737	0.3420247663981261	[-0.15773666916641316, -0.6100193768922668, -0.18954395545544703]	0.8228325997750804	0.3186262341078628	[-0.19725799231008004, -0.6545098353358582, -0.12868322896281906]	[0.0, 0.10835144601315004, 0.10835144601315005]	0.3799035750579199	[1.7269757707127154e-16, -0.8649000000000001, 0.0]	1.4870747087496743
2	[-0.12823029057876226, 0.7068368935540821, 0.6956569546039927]	0.7802610652608049	0.2197389347391951	[-0.10005310312568759, 0.5515173075301463, 0.5427940364553987]	0.8805111023934301	0.2056874228322445	[-0.03433118342781295, 0.5438007212657295, 0.6125336719860179]	[0.07857701108992288, -0.07857701108992286, 0.0]	0.1805187448313527	[0.0, 0.611576655048245, 0.6115766550482451]	1.4870747087496743
2	[0.44412791507195065, 0.14775282305008647, 0.8836964967309602]	0.6695340795544439	0.3304659204455561	[0.29735877482213274, 0.09892555038241026, 0.59166492054425]	0.8020609914511305	0.3247031171900886	[0.17213439794328353, 0.1185067757452558, 0.7087784883099246]	[-0.1840832779504487, 0.0, 0.0]	0.46843762653611093	[0.0, 0.0, 0.8649000000000001]	1.4870747087496743
2	[0.07615057952748802, 0.3647990422109022, -0.9279669972793408]	0.6568344672770304	0.3431655327229696	[0.05001832533677476, 0.23961258455376885, -0.6095207083086414]	0.8220930149804868	0.3246158082488036	[0.06260285951626399, 0.19109498566520236, -0.6540714277878104]	[0.0, -0.10880375880795211, 0.10880375880795212]	0.3779612388938795	[0.0, 0.0, -0.8649000000000001]	1.4870747087496743
2	[-0.9103263181417157, -0.3426501571735635, -0.23215698199166843]	0.6948794576353687	0.3051205423646312	[-0.6325670582215176, -0.2381005553754397, -0.16132111773263463]	0.8253642120554245	0.3273122865069267	[-0.6365086448854302, -0.167969057585303, -0.1916140645147188]	[0.11484211940092263, 0.11484211940092262, 0.0]	0.41435859862733465	[-0.93, 0.0, 0.0]	1.4870747087496743
2	[0.20277089217358854, -0.8400177881465345, 0.5032435602017488]	0.7775183964743352	0.22248160352566484	[0.1576580989344789, -0.6531292836496113, 0.39128112596409925]	0.8748358363171084	0.2239394592373945	[0.1773912430354475, -0.626623179045088, 0.4402555008602959]	[2.1615547804187435e-17, 0.10825448516933303, 0.0]	0.32409480934307394	[0.0, -0.611576655048245, 0.6115766550482451]	1.4870747087496743
2	[-0.9131033657298079, 0.32277505933446543, -0.24911544425131257]	0.6893865673992478	0.3106134326007523	[-0.629481194981172, 0.22251679019667567, -0.17173684099855105]	0.8216173345301804	0.3332630445622641	[-0.6329154525696091, 0.14789148297135224, -0.20467756729606518]	[0.11730610093185204, -0.11730610093185202, 0.0]	0.4080781049536438	[-0.93, 0.0, 0.0]	1.4870747087496743
2	[-0.10531262668904444, 0.1430812267902794, 0.984091973953676]	0.7990368697402331	0.20096313025976684	[-0.0841486715737358, 0.11432717557309724, 0.7863257704044323]	0.8919076195467932	0.16002025425577285	[-0.022846578830301018, 0.05653268104020828, 0.8777191299041279]	[0.0710825553481447, -0.07108255534814469, 0.0]	0.18571195019751033	[0.0, 0.0, 0.93]	1.4870747087496743
2	[0.9321178315257292, -0.3469511665556093, 0.10383273172499087]	0.7883611166656807	0.21163888333431938	[0.7348454545256167, -0.2735228090942407, 0.08185768832916185]	0.881657635383557	0.22449640663252554	[0.7117504041485311, -0.3058921450989851, 0.09154492072807069]	[-0.11005839909329207, 0.0, 0.0]	0.36216133609503853	[0.93, 0.0, 0.0]	1.4870747087496743
2	[-0.7609264231653305, 0.10779343393573584, 0.6398215017715165]	0.6383541164172142	0.36164588358278593	[-0.48574051451821576, 0.06881038227562399, 0.40843268942809147]	0.7830268647661076	0.37558619449489855	[-0.4290025754579068, 0.0, 0.5009974245420932]	[0.16682325599093056, -0.08440515461707179, 0.0]	0.6705049238540202	[-0.93, 0.0, 0.0]	1.4870747087496743
2	[-0.803524882586472, -0.5945025423763795, -0.030240538560309515]	0.8118192980925905	0.18818070190740951	[-0.652317006181281, -0.48262863666625283, -0.024549852787972386]	0.8995257125893963	0.16895625425915392	[-0.6759532851956547, -0.4879323156710679, 0.0]	[0.04683800739625266, 0.04683800739625265, 0.02720214199754953]	0.1950644446100213	[-0.6115766550482451, -0.611576655048245, 0.0]	1.4870747087496743
2	[-0.962433976043306, 0.09758660131552688, 0.2533726445399293]	0.734239875338821	0.26576012466117904	[-0.7066574025918828, 0.07165197398465166, 0.18603629894126508]	0.8507803086200468	0.26917619968075235	[-0.7144355432824416, 0.0, 0.21556445671755847]	[0.10438433188210106, -0.0830247587844054, 0.0]	0.2734461639143082	[-0.93, 0.0, 0.0]	1.4870747087496743
2	[-0.5010744317203609, -0.853498243722666, -0.14305649876339802]	0.7182919046234996	0.2817080953765006	[-0.3599177079185556, -0.6130608790763655, -0.10275632496553047]	0.8602512359953053	0.24071663718615402	[-0.4310498992130856, -0.6487558374451281, -0.03759744824125623]	[0.0, 0.08546708163711778, 0.08546708163711779]	0.30199661962612007	[-0.6115766550482451, -0.611576655048245, 0.0]	1.4870747087496743
