3	[0.056057202245361565, 0.4011216630813606, 0.9143079358089735]	0.8274693558251547	0.17253064417484562	[0.0463856170313298, 0.33191588415744816, 0.7565617986696779]	0.9029538823028386	0.17340277353318115	[0.05061706832968699, 0.3219140425442285, 0.7601486686181071]	[-6.879770665261318e-11, -0.040280320410856996, -0.06542923164090043]	0.3701206725235197	[0.0, 0.6247995518564333, 0.6247995518564334]	1.858971042577574
3	[-0.23769481941201118, -0.11551148820200527, 0.9644471312197728]	0.8059603863159965	0.19403961368400338	[-0.19157260847861562, -0.09309768365522388, 0.7773061824592428]	0.8895998471860892	0.2061002593739001	[-0.21145327502206274, -0.10275900225191341, 0.7604224455464161]	[3.787529813661702e-12, 8.281705514988713e-13, -0.09754957500575608]	0.2654042074022705	[0.0, 0.0, 0.94]	1.858971042577574
3	[0.6546620075265115, -0.33805347936521724, 0.6761194428430739]	0.7467954121580442	0.25320458784195554	[0.4888985837349741, -0.2524567874540082, 0.5049228979860608]	0.8550462266149833	0.25580807555945717	[0.4235097322869852, -0.2890513519244594, 0.5781133783403966]	[-0.1362565469567485, 8.35729817576058e-13, -3.5988114786380475e-12]	0.2667407473535784	[0.41529199999999983, -0.41529199999999994, 0.5873115787450474]	1.858971042577574
3	[-0.9705434889992891, -0.09632939327280118, 0.2208302152169867]	0.8049084719491242	0.19509152805087537	[-0.7811986766905898, -0.07753634474299666, 0.17774811109050098]	0.8919105697788887	0.20814504468743603	[-0.7640339320609504, -0.08591720404072432, 0.1969608030654233]	[0.10160406420759627, -3.2561162497504846e-13, -1.315397419499287e-11]	0.24285436105068478	[-0.94, 0.0, 0.0]	1.858971042577574
3	[0.9594294997721994, -0.10872397539467572, 0.2601425227471381]	0.7886947960631926	0.21130520393680738	[0.7566970536598457, -0.0857500336010833, 0.20517305392541843]	0.8818662611021783	0.22684530918169832	[0.7350427912621761, -0.09588000566307282, 0.2294109138840829]	[-0.11104571449306648, 1.0395169927529693e-11, -4.624154721735318e-12]	0.2826173038373008	[0.94, 0.0, 0.0]	1.858971042577574
3	[-0.5443705237841608, -0.47920061531305314, -0.6884965527281526]	0.6190066671360425	0.3809933328639576	[-0.33696898361473476, -0.29662837577447415, -0.42618395643890833]	0.7702808187401382	0.3824417747498086	[-0.3396280858815562, -0.28942895327476365, -0.4270984626763952]	[0.07969008687690506, 0.0796900890293529, 0.10323722565880887]	0.5641503758211965	[0.0, -0.5873115787450472, -0.5873115787450474]	1.858971042577574
3	[0.8849441313699953, 0.3652531521974345, 0.28890140041827816]	0.777035410970373	0.22296458902962718	[0.6876329268049038, 0.2838146332259577, 0.22448661840393305]	0.8745300248034042	0.23631346238577178	[0.6559684365448297, 0.31942484822635114, 0.25265294887592665]	[-0.11794177661179918, -2.4392721067070573e-11, 2.3915603033426774e-12]	0.4674436383029284	[0.6247995518564334, 0.6247995518564333, 0.0]	1.858971042577574
3	[-0.5578337547883747, -0.6983624372220631, 0.4484544662459758]	0.7730690557141098	0.2269309442858901	[-0.4312440140597048, -0.5398823898894654, 0.34668627075155106]	0.8754778242634343	0.23473463632067748	[-0.40560363562578555, -0.5286333807413333, 0.39261194038525005]	[0.08276744631704275, 0.08276744634514742, -4.99671488122386e-12]	0.3460178058696099	[-0.41529199999999983, -0.41529199999999994, 0.5873115787450474]	1.858971042577574
3	[-0.5743041548288251, 0.15661431879424942, -0.8035214327539509]	0.6232911812853434	0.3767088187146564	[-0.35795871508033916, 0.09761632376746718, -0.500827823009302]	0.7939881988447678	0.37086666790833545	[-0.3704356685689804, 0.03879486798057723, -0.516993418965568]	[0.08555505291262497, -0.0855550529121691, 0.12099311615990868]	0.5958906692095328	[0.0, 0.0, -0.8305839999999999]	1.858971042577574
3	[-0.8665279513224694, 0.3243358013141649, 0.3793884520683025]	0.7618978305309855	0.23810216946901452	[-0.6602057662070488, 0.24711074338479078, 0.28905523855934856]	0.8668787533246836	0.24398879513545765	[-0.6461730755565327, 0.23255595700595783, 0.32888378835699567]	[0.10500159460688155, -0.048603858095827845, 2.2440818328668686e-12]	0.5045071372277676	[-0.94, 0.0, 0.0]	1.858971042577574
3	[0.4700823827733239, -0.48173766045396643, -0.7395616133267688]	0.6447985078261939	0.35520149217380603	[0.3031084189676211, -0.310623724624399, -0.47686822471863327]	0.8060549973872537	0.35493220309354256	[0.29836844607545243, -0.30776324084991397, -0.4822211888692262]	[-0.08054380774269315, 0.08054380778864967, 0.1139061454285956]	0.5052755405195397	[0.0, -0.5873115787450472, -0.5873115787450474]	1.858971042577574
3	[-0.0946035957855353, 0.7127331833516167, -0.6950263081451793]	0.7746449720857204	0.22535502791427917	[-0.07328419981649463, 0.5521151769219805, -0.5383986350719636]	0.8889757825101611	0.1978856730126959	[-0.037992836279826435, 0.5874950700798947, -0.5526557477191779]	[0.04610746931189464, -0.04610746931106744, 0.06520580842933127]	0.19048066087501705	[0.0, 0.5873115787450472, -0.5873115787450474]	1.858971042577574
3	[-0.27321334538383074, 0.9284012335025322, -0.25184443121727373]	0.756104833050324	0.2438951669496761	[-0.20657793089856186, 0.7019686596611469, -0.19042079162019054]	0.8648306092506587	0.24318023785742618	[-0.173648697874619, 0.7146979557246737, -0.1922254902860545]	[0.06263456606909001, -0.08821184867438454, 0.0255772825999659]	0.37427035703395617	[1.7643147080607643e-16, 0.8835999999999999, 0.0]	1.858971042577574
3	[0.6508980740440835, 0.5825619344962585, -0.48677848112019056]	0.6666418087798975	0.3333581912201023	[0.43391586941209964, 0.3883601417389021, -0.32450688712909503]	0.8207386613301694	0.32495997897667767	[0.4597714141061369, 0.40368530241275397, -0.2942356591507651]	[-0.07444579984718955, -0.07444579984761875, 0.10528225980815324]	0.4893040351993058	[0.6247995518564334, 0.6247995518564333, 0.0]	1.858971042577574
3	[-0.3998260039937436, -0.6053196966017631, 0.6882784548686267]	0.8035592359033014	0.1964407640966983	[-0.3212838782634829, -0.4864102328785311, 0.5530725092829389]	0.8925388222995936	0.188006636685012	[-0.30469524165668793, -0.4710861305273077, 0.5972950320174526]	[0.052164989072640486, 0.06918519859237705, -0.01702020950517562]	0.2157406604754688	[-0.41529199999999983, -0.41529199999999994, 0.5873115787450474]	1.858971042577574
3	[-0.4822535042821636, 0.2076785807285885, 0.8510588491485958]	0.7456680253809979	0.2543319746190023	[-0.35960101827114743, 0.15485927720581472, 0.6346073715276578]	0.8504745739649578	0.27099767019897764	[-0.41014434312316195, 0.17662535246283048, 0.5916832467020786]	[4.743192164131688e-10, -3.962796001445036e-12, -0.13212066544668064]	0.3422715260763296	[-0.41529199999999983, 0.41529199999999994, 0.5873115787450474]	1.858971042577574
3	[-0.16509556563678984, -0.6493980067248306, 0.7423110419957967]	0.8341902738645469	0.16580972613545347	[-0.13772111511237636, -0.5417215010768776, 0.61922865141515]	0.907064562229601	0.16722621436164747	[-0.14975233694535578, -0.5423317766450441, 0.6147727556675249]	[2.5027299667415406e-11, 0.046714142037590396, -0.058551284678590984]	0.20413373089623826	[0.0, -0.6247995518564333, 0.6247995518564334]	1.858971042577574
3	[-0.7667129585341538, -0.21717061744090388, 0.6041425015144536]	0.7195027571657885	0.2804972428342112	[-0.5516520876200628, -0.15625485802412697, 0.4346821955606861]	0.836873048554264	0.29745609665946104	[-0.48830207663385644, -0.18174423667118067, 0.5055905770028547]	[0.15333933434067998, 3.000383105558329e-12, -7.453901610330532e-13]	0.40377227775747676	[-0.41529199999999983, -0.41529199999999994, 0.5873115787450474]	1.858971042577574
3	[-0.5627379067032513, -0.09880880506420255, -0.8207087597930384]	0.6327070591397026	0.3672929408602975	[-0.35604824601664653, -0.06251702846927966, -0.5192682258188457]	0.7997384588553187	0.35725817857531345	[-0.3668761304328749, -1.079679205433189e-11, -0.5387364370394007]	[0.08316701581345125, 0.07902120147258493, 0.11761592168654367]	0.5714321061754563	[0.0, 0.0, -0.8305839999999999]	1.858971042577574
3	[-0.7172335228967242, 0.3236780153508262, 0.6170969259457582]	0.7410023698538863	0.25899763014611393	[-0.531471740205124, 0.23984617644456493, 0.45727028455535473]	0.8512364855401852	0.2674434944797339	[-0.47069764104690787, 0.27552653619554485, 0.5252954185767427]	[0.1398377022953058, -3.8314320365169816e-11, 9.70234482160068e-11]	0.31693685860177107	[-0.41529199999999983, 0.41529199999999994, 0.5873115787450474]	1.858971042577574
3	[0.42091944114580687, -0.7688266056295766, -0.4813859932960296]	0.7263742236907158	0.2736257763092838	[0.3057450322986154, -0.5584558288169523, -0.34966637717598764]	0.8587114421607513	0.25445676802294626	[0.3027723325991487, -0.6015241955464993, -0.3303912545958302]	[-0.05867600774066454, 0.05867600774522974, 0.08298040594338905]	0.47046903253254296	[0.0, -0.5873115787450472, -0.5873115787450474]	1.858971042577574
3	[0.42956351779516044, -0.4598919234815048, 0.7771580295512159]	0.812258715158272	0.1877412848417281	[0.34891671104316463, -0.37355122287875325, 0.631253382558205]	0.8935419237719193	0.18631485971036282	[0.38383301196409025, -0.3931651263316677, 0.6093203629580131]	[-1.0883134923314778e-10, 0.017767587703163886, -0.08510291784197424]	0.1955364525566337	[0.41529199999999983, -0.41529199999999994, 0.5873115787450474]	1.858971042577574
3	[-0.8400077372572654, 0.5216390497379884, 0.14926387083409495]	0.7944067163352858	0.20559328366471433	[-0.6673077882507774, 0.41439356461461446, 0.11857622149680754]	0.8885741815842633	0.21414986464274063	[-0.6723466334173874, 0.38945243775603655, 0.1326320219161092]	[0.07406255424043605, -0.07406255394728942, 4.960421326344261e-11]	0.2814895298181194	[-0.6247995518564334, 0.6247995518564333, 0.0]	1.858971042577574
3	[-0.4441015089686827, -0.5054954125191813, -0.7397622845575473]	0.6316893530514582	0.3683106469485416	[-0.2805341948896036, -0.31931607010472185, -0.4672999589440258]	0.7998032106332594	0.36628527228989005	[-0.2720536880014316, -0.32115672919441124, -0.47408635823566597]	[0.08314012471879668, 0.08314012469881354, 0.11757789205885505]	0.4766143651075667	[0.0, -0.5873115787450472, -0.5873115787450474]	1.858971042577574
3	[-0.3470600964699847, -0.9352897083220022, 0.06915526693744163]	0.7976948411978125	0.20230515880218747	[-0.276848048539722, -0.7460757753538679, 0.055164799677654815]	0.8905637254846043	0.20730319939014533	[-0.236338988835838, -0.7601949432848135, 0.06158717218184149]	[0.07274014364351777, 0.0727401437658375, 2.1151187912273053e-11]	0.3576380676792638	[1.7643147080607643e-16, -0.8835999999999999, 0.0]	1.858971042577574
3	[0.5903105937608876, -0.7751860602889039, 0.22498883267272618]	0.8266964815293286	0.17330351847067155	[0.48800769087161444, -0.6408435885714188, 0.18599747635393354]	0.9024792998705584	0.16657065986795316	[0.5110385609365593, -0.6410120648828748, 0.16617498653487497]	[-0.021704530426940035, 0.05857730807607159, -0.03687277765430105]	0.2614619393327455	[0.6646803743153546, -0.6646803743153545, 0.0]	1.858971042577574
3	[0.898295633071446, 0.35603163766722934, -0.2575003467662926]	0.7122802312060689	0.287719768793931	[0.6398382212155317, 0.2535942971942895, -0.18341240653033786]	0.8363131278819578	0.251870466406173	[0.7512564304953581, 0.2977539325001942, -0.06148526103584316]	[-1.613262832571008e-10, -2.2222237577433648e-11, 0.15386565939896374]	0.4413662989237869	[0.94, 0.0, 0.0]	1.858971042577574
3	[-0.5823232659116057, -0.7904095113060299, 0.1901378931591604]	0.7957683425380722	0.20423165746192776	[-0.46339442013583565, -0.6289828667383269, 0.1513057160929463]	0.8893989747409513	0.2129883163508026	[-0.4444033849700305, -0.6294750782352979, 0.16910844725078236]	[0.0735143306995542, 0.07351433074578136, 1.5620348096850617e-11]	0.25570160725261015	[-0.6247995518564334, -0.6247995518564333, 0.0]	1.858971042577574
3	[0.046814467694287085, -0.31486946972487456, -0.9479797585653803]	0.771405182824042	0.2285948171759578	[0.03611292301052176, -0.24289194085882612, -0.7312764989696185]	0.8839698888865268	0.20490757815090202	[8.284631244113782e-12, -0.2328214763125102, -0.7661456364211885]	[-0.041382579797716354, 0.04551365385394681, 0.07183992542452705]	0.324775508102535	[0.0, 0.0, -0.8835999999999999]	1.858971042577574
3	[-0.5005802197939991, -0.3153195029069573, -0.8062214674873777]	0.6195068982464352	0.38049310175356477	[-0.310112899288099, -0.19534260720249713, -0.49945976062279457]	0.7706560218643808	0.3781364380972629	[-0.28491274842638675, -0.14214046296986999, -0.5483770808173283]	[0.10086241238405397, 0.1008624107566598, 0.07294234805815746]	0.5921152576592903	[0.0, 0.0, -0.8305839999999999]	1.858971042577574
3	[-0.04834958995474442, -0.2654909294318255, -0.9629002458929136]	0.7745299894975438	0.2254700105024562	[-0.037448207399858754, -0.20563068678452495, -0.7457951173386207]	0.8880424920001582	0.1969712567229801	[0.0, -0.1928307362254794, -0.7863202655739242]	[0.04293649035059705, 0.042936490350597066, 0.06877606833638386]	0.2812679246875531	[0.0, 0.0, -0.8835999999999999]	1.858971042577574
3	[0.5083228987278984, -0.8547325921274783, -0.10507153079644761]	0.8218304412299436	0.17816955877005633	[0.41775523214883276, -0.702445263321739, -0.08635098251515015]	0.9049401228832584	0.16410207626544251	[0.46000178643919853, -0.7140884483300985, -0.03569007536840159]	[0.0, 0.05939336862206778, 0.059393368622067795]	0.26759583750742044	[0.6646803743153546, -0.6646803743153545, 0.0]	1.858971042577574
3	[-0.9284253285745718, -0.13808181841230865, -0.3449055242891136]	0.6886416808850302	0.31135831911496986	[-0.6393523788458295, -0.09508889553111372, -0.23751631999298778]	0.8374492700774456	0.28064502711587963	[-0.7100030960051904, -0.04813050030935681, -0.1933729537446216]	[0.06750601773099743, 0.06750601773099744, 0.09546792581697523]	0.3716993170289727	[-0.94, 0.0, 0.0]	1.858971042577574
3	[-0.06889079567394185, 0.3975793607448141, 0.9149779834406706]	0.8250670064448926	0.17493299355510714	[-0.05683952255830596, 0.32802961299399785, 0.7549181457603789]	0.8869751891691219	0.175749224779401	[0.0, 0.29153860218146416, 0.7929238732875056]	[0.06110442652490591, -0.06110442652490589, -0.018638896660364866]	0.374937967047987	[0.0, 0.6247995518564333, 0.6247995518564334]	1.858971042577574
3	[0.6325661785202784, 0.28148587773129363, 0.7215439906409687]	0.7359859513854383	0.26401404861456157	[0.4655598207124982, 0.20716965152363134, 0.5310462404183393]	0.8461328851154174	0.25904109355025023	[0.4152919999999998, 0.23817445784402508, 0.5873115787450474]	[-0.11994304565779758, 0.0, -0.0232105197936874]	0.2883235810884121	[0.41529199999999983, 0.41529199999999994, 0.5873115787450474]	1.858971042577574
3	[0.4627939954675316, 0.4749993593769372, -0.7484633099562714]	0.6450384246781565	0.3549615753218436	[0.2985199097868864, 0.3063928384956331, -0.48278759438359203]	0.8062187291055137	0.3545693323177955	[0.29263737531118333, 0.3024775682904946, -0.489615154394789]	[-0.08047581155231294, -0.08047581155231297, 0.11380998414026242]	0.5027546094592935	[0.0, 0.5873115787450472, -0.5873115787450474]	1.858971042577574
3	[0.221476007748747, -0.4106734513418808, 0.8844748127304841]	0.8047869305010341	0.19521306949896594	[0.17824099645573732, -0.33050462634369804, 0.7118137696428433]	0.8888624530545208	0.20322657080306836	[0.19686170754027332, -0.36503221136411057, 0.6879753152275305]	[0.0, 0.0, -0.09820113648102542]	0.35481256668377537	[0.41529199999999983, -0.41529199999999994, 0.5873115787450474]	1.858971042577574
3	[0.9860011347815463, -0.14997046261515515, -0.07287401836388196]	0.8350756759386968	0.16492432406130308	[0.823385564104022, -0.12523668543918975, -0.060855320143587736]	0.9121807879842324	0.12658716000683595	[0.8833355122782999, -0.1368001747626521, 0.0]	[-0.016075779800078193, 0.0, 0.06647427949474327]	0.17296781958125346	[0.94, 0.0, 0.0]	1.858971042577574
3	[-0.6557911630374385, -0.3963743825863497, 0.6425148241957486]	0.7643406758102624	0.23565932418973753	[-0.5012478607464337, -0.3029650634599261, 0.49110021494389045]	0.8664320743602918	0.2357951500201069	[-0.4426446476363503, -0.3434314785275709, 0.5566954519351607]	[0.1255538501013257, 0.0, 0.0]	0.24747751812762325	[-0.41529199999999983, -0.41529199999999994, 0.5873115787450474]	1.858971042577574
3	[0.023793693056283344, 0.04289796032026491, 0.9987960878833599]	0.9138273031224939	0.08617269687750607	[0.02174332635694782, 0.03920132738892344, 0.9127271353597483]	0.9225838654753735	0.08355281165329739	[0.01310045732258447, 0.013100457322584469, 0.9214731555811111]	[-0.008851219991215964, -0.02647650873069472, 0.0]	0.07657254585870474	[0.0, 0.0, 0.94]	1.858971042577574
3	[-0.6503901416184334, 0.6509630825253956, 0.3914584637922513]	0.7904843216063572	0.2095156783936429	[-0.5141232098767099, 0.5145761106808704, 0.30944177818788443]	0.8861909725323566	0.2163439833792195	[-0.500723245148637, 0.5012309802081814, 0.3469069567340774]	[0.07564662697765971, -0.0756466269776597, 0.0]	0.38622588982077066	[-0.41529199999999983, 0.41529199999999994, 0.5873115787450474]	1.858971042577574
3	[0.0436332048721218, -0.06677529962391429, -0.9968135245835722]	0.8285102206888132	0.1714897793111868	[0.036150556197961835, -0.05532401822797085, -0.8258701932383291]	0.9170884988899599	0.14246438783991086	[0.005583027238941521, -0.02680637617603211, -0.865471334320499]	[-0.03443248311899075, 0.034432483118990755, 0.04869488461305938]	0.138492235724286	[0.0, 0.0, -0.8835999999999999]	1.858971042577574
3	[-0.9242757874514296, -0.2829221709872863, 0.2562602464193005]	0.7803836602613102	0.21961633973868988	[-0.7212897221022513, -0.22078783936413474, 0.19998130908015904]	0.8800038827833251	0.22411990563169734	[-0.7336072176119045, -0.16921354488633109, 0.22551001185199612]	[0.07975906410796868, 0.07975906410796867, 0.0]	0.382049106256398	[-0.94, 0.0, 0.0]	1.858971042577574
3	[-0.2943098771635715, -0.7679763716068763, 0.5688532225956892]	0.7791181932931477	0.2208818067068523	[-0.22930217976401007, -0.5983443631381764, 0.44320389503773816]	0.8792236048024675	0.2192602780976923	[-0.17848649156037172, -0.5949452542789622, 0.5001491809740823]	[0.08027769956835505, 0.08027769956835504, 0.0]	0.33203598791040556	[0.0, -0.6247995518564333, 0.6247995518564334]	1.858971042577574
3	[-0.14906694810830792, -0.8342125868124517, -0.5309128035613311]	0.7592406592269552	0.24075934077304473	[-0.113177687950702, -0.6333681143469094, -0.40309058696793604]	0.8668147568752149	0.2379037866976268	[-0.040687813129169595, -0.6345821633666157, -0.460203052740954]	[0.08852561725346361, 0.08852561725346358, 0.0]	0.2938739264467824	[0.0, -0.5873115787450472, -0.5873115787450474]	1.858971042577574
3	[0.2810337746450933, -0.8702618085745263, 0.4045545723945357]	0.7816734597287159	0.218326540271284	[0.21967664292745046, -0.6802605587782196, 0.316229572252708]	0.8774598459223122	0.22323424870119896	[0.2465958525990494, -0.6553433123208317, 0.3549803927604762]	[2.1619939616729673e-17, 0.10827648014304489, 0.0]	0.4332892255094509	[0.0, -0.6247995518564333, 0.6247995518564334]	1.858971042577574
3	[-0.3193872625986172, -0.1853516585086434, -0.9293204717307465]	0.6706942891812769	0.32930571081872306	[-0.21421121306213342, -0.12431429885202538, -0.623289933209062]	0.8078174298817785	0.30716643710222724	[-0.1302666149663253, -0.021990317757711094, -0.7507212750100536]	[0.12773998264306632, 0.1277399826430663, 0.0]	0.3720938354198103	[0.0, 0.0, -0.8835999999999999]	1.858971042577574
3	[-0.02326142392409699, 0.5206543965570728, -0.8534505876164207]	0.7769460750286675	0.22305392497133242	[-0.018072872017405102, 0.4045203898514371, -0.663085084279488]	0.8834708432948608	0.2093426610137846	[0.0, 0.4394321889809928, -0.6619141449382088]	[0.020550789810461215, -0.020550789810461222, 0.09208456541376497]	0.2753438683233282	[0.0, 0.5873115787450472, -0.5873115787450474]	1.858971042577574
3	[-0.14151953167809056, -0.9882797815310014, 0.0572301980657959]	0.8253280319645517	0.17467196803544838	[-0.11680003656442337, -0.8156550071213384, 0.04723368673858482]	0.9069908555348773	0.17113457287713987	[-0.0665355681537778, -0.8345393716007962, 0.0519072663061267]	[0.061821352957828576, 0.06182135295782856, 0.0]	0.1850970828468524	[1.7643147080607643e-16, -0.8835999999999999, 0.0]	1.858971042577574
3	[-0.2408160895132035, -0.029964541649743767, -0.9701081059733959]	0.7298348701738718	0.27016512982612817	[-0.17575597942564838, -0.021869167364760318, -0.7080187235777141]	0.8560938272064731	0.24503763265762113	[-0.14639808541248567, 0.0, -0.7459857997122634]	[0.059763082311769355, 0.025652459141416905, 0.08451776153452387]	0.2576313550867106	[0.0, 0.0, -0.8835999999999999]	1.858971042577574
3	[-0.9193028320914569, 0.3682507660334217, -0.13882966622600743]	0.7503372297103488	0.24966277028965123	[-0.6897871402963817, 0.2763122596242315, -0.10416906715763478]	0.8611620214313763	0.20265010273338038	[-0.7839238408878291, 0.3093787297673552, 0.0]	[0.0077448443036390955, -0.007744844303639094, 0.11955483600183184]	0.39409475468224764	[-0.94, 0.0, 0.0]	1.858971042577574
3	[-0.4190967468538468, -0.005998420409635007, -0.9079217674057122]	0.6772348611017648	0.3227651388982352	[-0.28382692714376645, -0.004062339412949156, -0.6148762720402763]	0.8165115480747956	0.3142421771417079	[-0.26599604738982324, 0.0, -0.633563715453566]	[0.07620128617692194, 0.004897779534674532, 0.10776489238167651]	0.4198447482589554	[0.0, 0.0, -0.8835999999999999]	1.858971042577574
3	[-0.049678028172980324, -0.3072325353012995, 0.9503369206598155]	0.8374478651758698	0.16255213482413017	[-0.041602758639609085, -0.2572912308006433, 0.7958576254043724]	0.8983655334865148	0.1560988149222996	[0.0, -0.23137809219818892, 0.823273798557028]	[0.04462902828217758, 0.044629028282177574, -0.03047613616345874]	0.31139458755660315	[0.0, 0.0, 0.94]	1.858971042577574
3	[-0.006529993679506635, -0.13584444630828008, 0.9907086582793866]	0.8855467041232262	0.1144532958767738	[-0.0057826143808326, -0.12029660170174197, 0.8773187870856544]	0.9360309126022134	0.11293720297111845	[0.0, -0.12104232510676646, 0.8789362636310616]	[0.0061122759431152815, 0.006112275943115281, -0.04839766590110706]	0.14514724397918546	[0.0, 0.0, 0.94]	1.858971042577574
3	[-0.28552847098575684, 0.9469432564362485, -0.1475532491897388]	0.7753250398055079	0.22467496019449212	[-0.22137737313263767, 0.7341888179899917, -0.11440172880146628]	0.8768778758066933	0.23106318052608948	[-0.16853673952501474, 0.7485167316179817, -0.12938617971787386]	[0.08183685959530868, -0.08183685959530866, 0.0]	0.32758332867510487	[1.7643147080607643e-16, 0.8835999999999999, 0.0]	1.858971042577574
3	[0.6197702497589663, 0.19415633083075332, -0.7603868467510783]	0.6228817825690193	0.37711821743098073	[0.3860435979531113, 0.12093644144491988, -0.4736311145463473]	0.7908609331565614	0.37755667703444723	[0.4032982967195059, 0.06669687563151827, -0.47853045565644703]	[-0.0868537813475453, -0.08685378134754533, 0.12282979552508597]	0.6532530012270935	[0.0, 0.0, -0.8305839999999999]	1.858971042577574
3	[-0.5624812591332691, 0.74274176037644, -0.3632485519816412]	0.7070748993019527	0.29292510069804717	[-0.39771637966089185, 0.5251740554255265, -0.256843933313999]	0.849004381302176	0.2701364917395382	[-0.4148417809242534, 0.5678837362554319, -0.21971813693308045]	[0.06270727248025666, -0.06270727248025668, 0.08868147520100415]	0.3869669813760159	[-0.6247995518564334, 0.6247995518564333, 0.0]	1.858971042577574
3	[0.26614320307009814, 0.525598084651251, -0.8080312177574113]	0.6835189643513636	0.3164810356486365	[0.18191392653162813, 0.35925625848588344, -0.5523046611251168]	0.8317828585804611	0.30542459631246305	[0.15151412114700324, 0.3673242442212295, -0.5733106412294223]	[-0.06985923309440314, -0.06985923309440316, 0.09879587489908831]	0.35122346012108124	[0.0, 0.5873115787450472, -0.5873115787450474]	1.858971042577574
3	[0.05651616896963574, -0.07584795636522534, -0.995516453987685]	0.8178457123112659	0.18215428768873407	[0.046221506468075595, -0.06203192590087153, -0.8141788634291438]	0.9113429985241253	0.15276725569760535	[0.014687071436965, -0.032304960528892514, -0.8551876667536432]	[-0.036818543456918956, 0.03681854345691897, 0.05206928350359799]	0.14653423665806964	[0.0, 0.0, -0.8835999999999999]	1.858971042577574
3	[0.5973588228671314, -0.7944560794217789, -0.10955352396235898]	0.8443621000609579	0.15563789993904212	[0.5043871501660329, -0.6708086036267683, -0.09250284356193589]	0.9180101247736087	0.13987382721843306	[0.5483814475148713, -0.678091487298925, -0.04934400690385946]	[0.0, 0.051227237298214226, 0.05122723729821424]	0.18269072099544778	[0.6646803743153546, -0.6646803743153545, 0.0]	1.858971042577574
3	[0.2017951317312817, -0.9505822173789635, 0.235949513270207]	0.792623398515938	0.20737660148406195	[0.15994754311682, -0.7534537077077302, 0.18701910508641287]	0.8843166938154756	0.21520260007319153	[0.17845080372066546, -0.7383979543277029, 0.20865409348248018]	[2.0410175857845322e-17, 0.10221776934464577, 0.0]	0.31761622352753893	[1.7643147080607643e-16, -0.8835999999999999, 0.0]	1.858971042577574
3	[0.8693840676576888, 0.2901848781877038, 0.39995509669731516]	0.7643762049952629	0.2356237950047371	[0.6645364943195291, 0.22181041593612966, 0.30571615898200716]	0.866454900979936	0.25048312182164617	[0.6277496931770168, 0.2514321098960017, 0.346543053705293]	[-0.12553239307886005, 0.0, 0.0]	0.4956579346214609	[0.8305839999999999, 0.0, 0.0]	1.858971042577574
3	[-0.8610281677669389, 0.09672338193413532, -0.49927455542930654]	0.6523399097257281	0.3476600902742719	[-0.561683037232394, 0.06309652223928094, -0.32569671841710685]	0.8138062296116952	0.32633465371655396	[-0.623385303507779, 0.0013893074750107942, -0.2969589862557312]	[0.07732478329209981, -0.07732478329209982, 0.10935375723924809]	0.5146523531454559	[-0.94, 0.0, 0.0]	1.858971042577574
3	[0.19112905340289493, 0.955407186083941, -0.22509285578284977]	0.7806253634781921	0.21937463652180786	[0.14920018678387773, 0.7458150819064532, -0.17571319236183142]	0.8801527847330766	0.21625368991445537	[0.168222768595955, 0.7660238089957582, -0.12323561745078074]	[0.0, -0.07488048639001525, 0.07488048639001527]	0.3038969903642666	[1.7643147080607643e-16, 0.8835999999999999, 0.0]	1.858971042577574
3	[0.7128643642357262, 0.3641446114649132, -0.5993522337856607]	0.6261212064362729	0.37387879356372716	[0.44633949576069953, 0.2279986634476793, -0.37526714369815295]	0.7931366332495786	0.3751265800996902	[0.47949014050900923, 0.2029077298487412, -0.35387496232466764]	[-0.08590870130451594, -0.08590870130451596, 0.12149325051070568]	0.6517592326721134	[0.5873115787450474, 0.5873115787450472, 0.0]	1.858971042577574
3	[0.07227587025157346, 0.95646664736232, 0.2827503334442972]	0.805182836915986	0.19481716308401384	[0.058195290249733723, 0.770130528538715, 0.2276657156216202]	0.8920789855188055	0.20106402776271057	[0.06447578501151255, 0.757884788065968, 0.2522356306140926]	[1.9040663315801018e-17, -0.09535900839558344, 0.0]	0.30080076592540156	[1.7643147080607643e-16, 0.8835999999999999, 0.0]	1.858971042577574
3	[0.34368895639038327, 0.8521586299346748, -0.3945929176799136]	0.7588317403981255	0.24116825960187435	[0.26080208893333007, 0.6466450162486116, -0.29942963047182314]	0.8665564348517325	0.24382913157295788	[0.29782587674756306, 0.6550680645815665, -0.2585615522596868]	[0.0, -0.08337547970276228, 0.0833754797027623]	0.47476998809032767	[0.0, 0.5873115787450472, -0.5873115787450474]	1.858971042577574
3	[-0.3435991741891739, 0.9190390325182507, -0.19314984909244817]	0.7625108441811455	0.23748915581885469	[-0.26199809637093135, 0.7007772285209144, -0.14727885448494352]	0.8688761324295149	0.24747703612424418	[-0.2113896601970375, 0.7113756187477936, -0.16782329385879083]	[0.08715546137842707, -0.08715546137842706, 0.0]	0.39575646770930667	[1.7643147080607643e-16, 0.8835999999999999, 0.0]	1.858971042577574
3	[0.3173518584167609, 0.4803910367019424, -0.8176259840635334]	0.6685069003464216	0.3314930996535785	[0.21215190718936527, 0.3211447228998195, -0.5465886122490053]	0.8219718419756619	0.3240339738086697	[0.18692062181498106, 0.32093423550425004, -0.5675075376175189]	[-0.07393366980224338, -0.0739336698022434, 0.10455799855034677]	0.4064344100203267	[0.0, 0.5873115787450472, -0.5873115787450474]	1.858971042577574
3	[0.7312398246119238, -0.5217161373985356, -0.4394321231765779]	0.6643941998236376	0.33560580017636243	[0.48583149815221627, -0.346625175641979, -0.29195615385470464]	0.803371607675683	0.32367520352883283	[0.5874573134949659, -0.4191319320522091, -0.1681966024758483]	[0.0, 0.0, 0.18483068878485792]	0.4637416445393243	[0.6247995518564334, -0.6247995518564333, 0.0]	1.858971042577574
3	[-0.7929808338988992, -0.00991516019342563, 0.6091658942089136]	0.7029542509096518	0.29704574909034814	[-0.5574292480791118, -0.006969904006418726, 0.4282157548433351]	0.825570329366348	0.32041946965830015	[-0.49069755782748264, -0.00818566206660648, 0.5029092879207988]	[0.1639638903956329, 0.0, 0.0]	0.5544879156553996	[-0.41529199999999983, -0.41529199999999994, 0.5873115787450474]	1.858971042577574
3	[-0.3229166087420399, -0.915894291117339, -0.2384586154811929]	0.7552466403758233	0.2447533596241767	[-0.24388168387397982, -0.6917260863057666, -0.18009506821084123]	0.8642863211952911	0.25499825913810786	[-0.1888861889948892, -0.7013886886459464, -0.20609651953156274]	[0.09020621882762764, 0.09020621882762762, 0.0]	0.40271648679615624	[1.7643147080607643e-16, -0.8835999999999999, 0.0]	1.858971042577574
3	[0.773680262255319, -0.4033464444766593, -0.488600550065775]	0.6435977281218508	0.3564022718781491	[0.49793885908024116, -0.2595928553112042, -0.31446220398141944]	0.8052346931882575	0.3506538731324993	[0.5421097148065103, -0.24390407667027506, -0.2790501941954601]	[-0.08088447379646216, 0.08088447379646219, 0.11438791982836805]	0.5543527345872082	[0.5873115787450474, -0.5873115787450472, 0.0]	1.858971042577574
3	[-0.5425391588143534, 0.6413296677530546, -0.542538034070212]	0.649876783312976	0.350123216687024	[-0.35258360335159983, 0.4167852615225347, -0.35258287240649516]	0.8121576636309344	0.3417724088518807	[-0.3626179160955759, 0.4428513850241423, -0.3303044430533095]	[0.07800941955538196, -0.07800941955538199, 0.11032197912807415]	0.5470557941739561	[-0.5873115787450474, 0.5873115787450472, 0.0]	1.858971042577574
3	[-0.5233582104380237, 0.36780142117461495, -0.7686470569442408]	0.6157404626680245	0.3842595373319755	[-0.322252826636218, 0.22647021724401437, -0.47328709447126227]	0.7886990204996337	0.3857573174271052	[-0.32502050156424434, 0.20233301424012592, -0.48213166906111393]	[0.08775160637866608, -0.0877516063786661, 0.124099511860735]	0.5957944959155101	[0.0, 0.5873115787450472, -0.5873115787450474]	1.858971042577574
3	[-0.9131033657298079, 0.32277505933446543, -0.24911544425131257]	0.7009933835162099	0.2990066164837902	[-0.6400794178429772, 0.22626318095751227, -0.17462827815187135]	0.8452245035290266	0.26848027877533714	[-0.7075003134892366, 0.20854036379710214, -0.11965703650531262]	[0.0642770254804235, -0.06427702548042352, 0.09090144118341595]	0.4086143321372379	[-0.94, 0.0, 0.0]	1.858971042577574
3	[-0.10531262668904444, 0.1430812267902794, 0.984091973953676]	0.86034673417623	0.13965326582377	[-0.09060537443943986, 0.12309946619094539, 0.8466603159200847]	0.9227891503639427	0.1448570258553838	[-0.09718134930497839, 0.13203380370283252, 0.8398858897862677]	[0.0, 0.0, -0.06822350673842027]	0.1830494167351785	[0.0, 0.0, 0.94]	1.858971042577574
3	[0.20277089217358854, -0.8400177881465345, 0.5032435602017488]	0.7922866864679083	0.2077133135320917	[0.16065267827235405, -0.6655349099447192, 0.3987131727985569]	0.8841070934129204	0.20941782145230667	[0.17927118410833603, -0.6402627128330395, 0.44492120128873813]	[2.044715596514968e-17, 0.10240297226034355, 0.0]	0.31970421181437175	[0.0, -0.6247995518564333, 0.6247995518564334]	1.858971042577574
3	[0.6544874205137956, 0.7551186024487893, -0.03797515799816128]	0.8926705392692147	0.1073294607307853	[0.5842416386149673, 0.6740721300601764, -0.03389930476905226]	0.9449493561853357	0.09165226614159977	[0.6184574666459123, 0.6791532196427436, -0.0014889835165885325]	[0.0, -0.03439561758481037, 0.03439561758481038]	0.09861583057552784	[0.6646803743153546, 0.6646803743153545, 0.0]	1.858971042577574
3	[0.44412791507195065, 0.14775282305008647, 0.8836964967309602]	0.7455146569331091	0.2544853430668908	[0.33110387023928234, 0.1101518951870836, 0.6588086905933722]	0.8503717248300666	0.273554593624499	[0.377673821184916, 0.12564482298561366, 0.6192589702112409]	[0.0, 0.0, -0.13221154394015314]	0.4003158013501218	[0.41529199999999983, 0.41529199999999994, 0.5873115787450474]	1.858971042577574
3	[-0.9103263181417157, -0.3426501571735635, -0.23215698199166843]	0.7066803923420525	0.2933196076579475	[-0.6433097596636838, -0.24214414750747978, -0.16406078711881905]	0.8487601370454683	0.2620978080936386	[-0.7098399853759458, -0.22801908919517155, -0.10822066917030007]	[0.06280870516611341, 0.06280870516611342, 0.08882492268101068]	0.4149536382459784	[-0.94, 0.0, 0.0]	1.858971042577574
3	[0.9321178315257292, -0.3469511665556093, 0.10383273172499087]	0.8258779922660601	0.17412200773393996	[0.7698156032558628, -0.2865393328493141, 0.0857531680085359]	0.9046365592490434	0.1818413914756933	[0.753586233620216, -0.3138647095403082, 0.09393088516512474]	[-0.0896416343058992, 0.0, 0.0]	0.36224090979847773	[0.94, 0.0, 0.0]	1.858971042577574
3	[-0.12823029057876226, 0.7068368935540821, 0.6956569546039927]	0.8346335701388061	0.16536642986119401	[-0.10702530522568884, 0.5899497999728667, 0.5806186476130197]	0.9109431911255068	0.1524488632630588	[-0.07539612380471282, 0.5867635258366931, 0.6179936228669662]	[0.041414386294055895, -0.05712472958270262, -0.015710343288646737]	0.16791040580875385	[0.0, 0.6247995518564333, 0.6247995518564334]	1.858971042577574
3	[0.07615057952748802, 0.3647990422109022, -0.9279669972793408]	0.7521173363445854	0.24788266365541461	[0.05727417103531081, 0.27437168392871975, -0.697940066209421]	0.8741610295436719	0.2232046725344616	[0.0143079512813468, 0.26663318859687835, -0.737285901317901]	[-0.05225991771874939, -0.0522599177187494, 0.07390668440635743]	0.3752941278623327	[0.0, 0.0, -0.8835999999999999]	1.858971042577574
3	[-0.2397304049013131, -0.9271160155267727, -0.28807156527434874]	0.75409048787246	0.24590951212753998	[-0.18077841798989353, -0.6991293684629553, -0.21723202719991686]	0.8635521874099029	0.2528801645699213	[-0.11632553239429345, -0.709918880044001, -0.2487648303232585]	[0.0906941831468971, 0.09069418314689709, 0.0]	0.37729237649479125	[1.7643147080607643e-16, -0.8835999999999999, 0.0]	1.858971042577574
3	[0.5619623156357962, 0.7192070340136566, 0.40858242501425923]	0.7951019715485486	0.2048980284514515	[0.4468173450980093, 0.5718429306958424, 0.32486469166892445]	0.8827409209712277	0.21563230581449827	[0.4228037120271915, 0.5616100595459252, 0.3606724261497448]	[-0.07326342002827504, -0.07326342002827503, 0.0]	0.3818646877907801	[0.41529199999999983, 0.41529199999999994, 0.5873115787450474]	1.858971042577574
3	[-0.7609264231653305, 0.10779343393573584, 0.6398215017715165]	0.705415949578182	0.29458405042181807	[-0.5367696353563012, 0.07603920755807012, 0.4513402922326928]	0.8272655709038722	0.314459300459238	[-0.4671178685253484, 0.08917379666453534, 0.5293022999395866]	[0.1623703633503601, 0.0, 0.0]	0.4655918970779616	[-0.41529199999999983, 0.41529199999999994, 0.5873115787450474]	1.858971042577574
3	[-0.803524882586472, -0.5945025423763795, -0.030240538560309515]	0.8277476474828305	0.1722523525171694	[-0.66511583125487, -0.4920980808746099, -0.025031534651910024]	0.9084047931860071	0.1528108563303365	[-0.6884690014587138, -0.4985921057289095, 0.0]	[0.04145685332706102, 0.04145685332706101, 0.027470650176711436]	0.1837801480041131	[-0.6247995518564334, -0.6247995518564333, 0.0]	1.858971042577574
3	[-0.962433976043306, 0.09758660131552688, 0.2533726445399293]	0.7907141548678494	0.2092858451321506	[-0.7610101679831868, 0.07716310698563258, 0.2003453364940222]	0.8831271621083514	0.22459590050688336	[-0.7400911183616322, 0.08618137827958036, 0.22376026452843586]	[0.10986046761814969, 0.0, 0.0]	0.27244104874006153	[-0.94, 0.0, 0.0]	1.858971042577574
3	[-0.5010744317203609, -0.853498243722666, -0.14305649876339802]	0.7797253264225331	0.22027467357746705	[-0.39070042483514367, -0.6654941966877144, -0.11154477519515522]	0.8693785601199743	0.22722285127400244	[-0.4356233679619817, -0.6604008570926562, -0.04275803581084572]	[0.0, 0.08161221709988212, 0.08161221709988213]	0.29677627744220686	[-0.6247995518564334, -0.6247995518564333, 0.0]	1.858971042577574
