3	[-0.00018597087446875835, 0.19403551534995808, 0.9809944873431806]	0.9066262789195324	0.09337372108046775	[-0.00016860608190609992, 0.17591769725996625, 0.889395381700522]	0.9502599599513664	0.09585801952598785	[-5.876542142201913e-11, 0.18420746046185008, 0.8856418016997405]	[0.00017672061695176547, -0.0001767205837438051, -0.04655798055550149]	0.19434684086506096	[0.0, 0.0, 0.97]	2.236786985866986
3	[-0.18020416114016563, -0.8291302512017154, -0.5292159170413807]	0.8209373929701449	0.1790626070298552	[-0.14793633424877953, -0.6806640268542172, -0.4344531352542559]	0.9030168617679266	0.17467326967412938	[-0.11638372278889374, -0.6828037789379302, -0.4583197514036091]	[0.04634367328142048, 0.06591481849909529, 0.019571145200734257]	0.2823736222515698	[0.0, -0.6453572673058698, -0.64535726730587]	2.236786985866986
3	[0.036418214177894016, 0.2437036936115434, -0.9691657357728781]	0.8445756408571289	0.15542435914287117	[0.030757936578166913, 0.2058262032112188, -0.8185337723871493]	0.9274124757883518	0.13264956459271568	[0.0006503695717439733, 0.19288950923615383, -0.8519715083334207]	[-0.033124336602764995, -0.03312433661489405, 0.046844886128944226]	0.24802566081475955	[0.0, 0.0, -0.9409]	2.236786985866986
3	[0.3250110656836271, 0.7775034810032938, -0.5383828973982677]	0.7897108348569516	0.21028916514304866	[0.25666476001876476, 0.6140029230872968, -0.42516680737709056]	0.8982668086515903	0.1912504420274353	[0.2455220842873002, 0.6519810021350096, -0.4179572327290414]	[-0.04642456846078378, -0.046424568461321654, 0.06565425434949711]	0.3667946706653475	[0.0, 0.6453572673058698, -0.64535726730587]	2.236786985866986
3	[0.802722930079079, 0.45038130143973615, 0.3908869156657814]	0.8179372334061449	0.18206276659385492	[0.6565769726205564, 0.36838363567747684, 0.31972096237433034]	0.8998520060944339	0.18731108694871612	[0.6251882851992954, 0.40527651752266614, 0.3517403752169368]	[-0.09714355377036647, -8.530226309674333e-11, -9.825501577041984e-13]	0.4298536764954457	[0.45633649999999987, 0.4563365, 0.64535726730587]	2.236786985866986
3	[-0.4341685227764889, 0.8023775275087609, 0.40949724929358083]	0.8155915220202724	0.18440847797972768	[-0.35410416630456976, 0.6544123088957333, 0.33398248481446635]	0.8998224278425476	0.1910525235047227	[-0.32196342126786337, 0.6532861416931972, 0.36847480898883533]	[0.0687111529896889, -0.06871115315603682, -6.535937748172179e-11]	0.4193635177626429	[-0.45633649999999987, 0.4563365, 0.64535726730587]	2.236786985866986
3	[0.42766433980085833, -0.8956209149656915, 0.12233719442064098]	0.8512661449610703	0.14873385503892972	[0.364056173879598, -0.7624117636293507, 0.10414151187981208]	0.9196583077283287	0.15181544913403935	[0.3933050628880628, -0.7480717169864397, 0.11250841720882655]	[-1.2894751478820381e-10, 0.07559349803700545, 1.5708296337863878e-11]	0.3528244122971075	[0.6653167704184226, -0.6653167704184225, 0.0]	2.236786985866986
3	[0.882123631622142, 0.19330541446475094, -0.42952405668643806]	0.6903906424314868	0.3096093575685131	[0.6090099007396069, 0.1334562492778042, -0.2965393894355284]	0.8398182588706844	0.2940057206938165	[0.6677267573187758, 0.0892446415083129, -0.25734769471608604]	[-0.07309677509881624, -0.07309677509775023, 0.10337445071339159]	0.47200758727169806	[0.912673, 0.0, 0.0]	2.236786985866986
3	[-0.9134467427625563, 0.1800589597762001, -0.36495728399470145]	0.7069199263188364	0.2930800736811636	[-0.6457337040898874, 0.12728726657803785, -0.257995576311057]	0.8512090294058721	0.27037578581293403	[-0.70963536458162, 0.0853690616528931, -0.21463160132089254]	[0.0678987507392504, -0.06789875073403707, 0.09602333416284062]	0.41086898038260433	[-0.97, 0.0, 0.0]	2.236786985866986
3	[-0.7960152374791033, 0.3070976989375191, -0.5215848397033485]	0.6579091893762123	0.34209081062378754	[-0.5237057396209901, 0.2020423981672833, -0.3431554590801517]	0.7961630240295129	0.3362833028020361	[-0.5673204043161797, 0.17806233805722188, -0.31150150226194184]	[0.06643749432875379, -0.0664374946013782, 0.10376506100422478]	0.6297860265920002	[-0.97, 0.0, 0.0]	2.236786985866986
3	[-0.8656474513486602, -0.36407437372978313, -0.343663120463682]	0.6995185774646363	0.3004814225353636	[-0.6055364737533028, -0.25467678800278637, -0.2403987371538128]	0.8466611223893437	0.2826962172303062	[-0.662935916172198, -0.23827349136444242, -0.19200784446304908]	[0.06997412658013331, 0.06997412653081318, 0.09895835883255615]	0.4957339727827595	[-0.64535726730587, -0.6453572673058698, 0.0]	2.236786985866986
3	[-0.9120406305482128, -0.4085118380345816, -0.0360550470090689]	0.8536555820038217	0.14634441799617834	[-0.7785685752817672, -0.3487284108528616, -0.030778592138701478]	0.9302028224387983	0.12399624844364814	[-0.812439161880193, -0.3440552584417712, -4.96573891806083e-12]	[0.03594360683461564, 0.035943606297657575, 0.03353850648603424]	0.35794050185588044	[-0.6653167704184226, -0.6653167704184225, 0.0]	2.236786985866986
3	[0.5154939223227782, -0.3537189167428841, -0.7804799446408076]	0.6613812552126319	0.33861874478736825	[0.340938017400322, -0.23394306114786112, -0.5161948054548227]	0.8211834145538557	0.3408628703688112	[0.34171452459011276, -0.2088675731213784, -0.5255166030193472]	[-0.08160053472466616, 0.08160053472183428, 0.11540058291159544]	0.6074907813300406	[0.0, -0.6453572673058698, -0.64535726730587]	2.236786985866986
3	[-0.14958043120067518, 0.9280395187368349, 0.34112804965954363]	0.8316997911529274	0.16830020884707275	[-0.12440601339016645, 0.7718502739150886, 0.28371612765824794]	0.9093904526603641	0.16754597662334314	[-0.07387850953717034, 0.78180177143686, 0.31021859149944125]	[0.06214850650154411, -0.06214850659393682, 4.40171948974723e-12]	0.3727036941606888	[1.8787276016459633e-16, 0.9409, 0.0]	2.236786985866986
3	[0.6546620075265115, -0.33805347936521724, 0.6761194428430739]	0.8132056197421514	0.1867943802578483	[0.5323748235522379, -0.2749069891931821, 0.5498241305369204]	0.8969811370048018	0.18460061140367232	[0.4872911762490027, -0.3032275940828314, 0.6064663863244729]	[-0.09992829561597368, 2.066102566537402e-10, -2.6796076578829947e-10]	0.23295963459346042	[0.45633649999999987, -0.4563365, 0.64535726730587]	2.236786985866986
3	[0.056057202245361565, 0.4011216630813606, 0.9143079358089735]	0.8721369534414196	0.12786304655858022	[0.04888955758471915, 0.3498330251991338, 0.7974017376437512]	0.9307340586326687	0.1285762782376783	[0.052174347341761476, 0.3427155504974396, 0.7998286417157411]	[-1.9656204207945017e-11, -0.030622042987761142, -0.05114889421980186]	0.3673391690345092	[0.0, 0.6653167704184225, 0.6653167704184226]	2.236786985866986
3	[-0.9705434889992891, -0.09632939327280118, 0.2208302152169867]	0.8461931794988881	0.15380682050111164	[-0.8212672807982528, -0.08151327557271047, 0.1868650219438857]	0.9166897468784712	0.1629083879434289	[-0.8088763200890746, -0.08830416712120209, 0.20243279409068216]	[0.0808109451762323, 1.4998664507917522e-11, 3.043933701343843e-13]	0.24092660986569958	[-0.97, 0.0, 0.0]	2.236786985866986
3	[-0.23769481941201118, -0.11551148820200527, 0.9644471312197728]	0.8557219268587265	0.14427807314127367	[-0.20340066887158317, -0.09884571325853875, 0.8252985574807549]	0.9211616893753704	0.1516524000078053	[-0.21895536137368724, -0.10640475761400564, 0.8142327823760126]	[3.1654510720229036e-11, 4.167794221776426e-13, -0.07417896633162305]	0.26433419270620484	[0.0, 0.0, 0.97]	2.236786985866986
3	[0.9594294997721994, -0.10872397539467572, 0.2601425227471381]	0.8315570101678237	0.1684429898321766	[0.7978203262973805, -0.09041018391275658, 0.2163233384331251]	0.90803289868439	0.1793286133193367	[0.7819854615377391, -0.09872494652761811, 0.23621796900418782]	[-0.08920808822372514, 6.4995805211205774e-12, 3.0341307089167636e-12]	0.28214671793578117	[0.97, 0.0, 0.0]	2.236786985866986
3	[-0.5443705237841608, -0.47920061531305314, -0.6884965527281526]	0.6582466625928269	0.34175333740717306	[-0.3583300804948328, -0.3154322057422465, -0.4532005580399728]	0.7964063150183643	0.3430871373106428	[-0.3657938462567447, -0.3138921160206834, -0.4466448335012972]	[0.06774627659481573, 0.06774628017531799, 0.10167816895977788]	0.5707961966527535	[0.0, -0.6453572673058698, -0.64535726730587]	2.236786985866986
3	[0.8849441313699953, 0.3652531521974345, 0.28890140041827816]	0.8209437877061462	0.17905621229385374	[0.7264893871152094, 0.2998523062365715, 0.23717180993299125]	0.9016684569911488	0.18805998486702435	[0.7025446130458044, 0.32933724604991776, 0.2604932799438196]	[-0.09538159640995193, -1.0309617509255878e-10, 6.088665827996772e-12]	0.4665219978835988	[0.912673, 0.0, 0.0]	2.236786985866986
3	[-0.0946035957855353, 0.7127331833516167, -0.6950263081451793]	0.8462169877270977	0.153783012272902	[-0.08005516985378765, 0.6031269274689508, -0.5881430688696991]	0.9288314942330834	0.13251275740258153	[-0.05539401278474076, 0.629532241273402, -0.5996332124168364]	[0.032476786448560356, -0.03247678640858281, 0.04592911190895376]	0.12631851810583222	[0.0, 0.6453572673058698, -0.64535726730587]	2.236786985866986
3	[-0.8665279513224694, 0.3243358013141649, 0.3793884520683025]	0.8122773285188749	0.18772267148112506	[-0.7038610093871491, 0.2634506182344986, 0.30816863831695196]	0.8974330656285064	0.1912197233102281	[-0.6990028795319844, 0.24075270572184693, 0.3404757416045162]	[0.07864795627612842, -0.05031696674460206, 8.058615528192422e-13]	0.5063799185102602	[-0.45633649999999987, 0.4563365, 0.64535726730587]	2.236786985866986
3	[-0.5743041548288251, 0.15661431879424942, -0.8035214327539509]	0.6578953497658587	0.34210465023414144	[-0.37783203281309574, 0.10303583204148446, -0.5286330140460244]	0.8201808049841877	0.3381929331670927	[-0.3889751819399744, 0.046393995989951003, -0.5429852312520455]	[0.08205806207329513, -0.0820580620707667, 0.11604762428613803]	0.6052002740723988	[0.0, 0.0, -0.912673]	2.236786985866986
3	[-0.5578337547883747, -0.6983624372220631, 0.4484544662459758]	0.8336516360506906	0.16634836394930957	[-0.4650390223236285, -0.5821909883465203, 0.3738547994801969]	0.9105382048784358	0.1712471175907082	[-0.4465676750897498, -0.5745244092430051, 0.4083349246498517]	[0.0613612706158544, 0.061361270699701154, -1.547618075824707e-11]	0.3280990095733704	[-0.45633649999999987, -0.4563365, 0.64535726730587]	2.236786985866986
3	[0.4700823827733239, -0.48173766045396643, -0.7395616133267688]	0.6770271961560705	0.32297280384392946	[0.3182585575713884, -0.3261494975399337, -0.5007033254552824]	0.8313287201821918	0.3225211599749721	[0.31382212450257735, -0.3235114915032423, -0.5059655736001972]	[-0.07697086114856556, 0.07697086122551607, 0.10885323590262218]	0.5065799849475328	[0.0, -0.6453572673058698, -0.64535726730587]	2.236786985866986
3	[0.6508980740440835, 0.5825619344962585, -0.48677848112019056]	0.6958210352293882	0.3041789647706118	[0.4529085717101691, 0.40535884834642166, -0.3387107066604402]	0.8432229289320946	0.2969264068449742	[0.47730908056434856, 0.4196864808221158, -0.30928555445830397]	[-0.07154309986736286, -0.07154309986816673, 0.10117722213297937]	0.49084340073353316	[0.64535726730587, 0.6453572673058698, 0.0]	2.236786985866986
3	[-0.4822535042821636, 0.2076785807285885, 0.8510588491485958]	0.8123005950644222	0.18769940493557777	[-0.3917348085003046, 0.16869743470796703, 0.6913156095982466]	0.895018687399737	0.19603177537793212	[-0.43162589838254384, 0.1858762107247355, 0.6629366571006826]	[1.4001695647589373e-11, -5.937332499306214e-15, -0.09877691696422425]	0.3237523632345394	[-0.45633649999999987, 0.4563365, 0.64535726730587]	2.236786985866986
3	[-0.27321334538383074, 0.9284012335025322, -0.25184443121727373]	0.8132923202805998	0.18670767971939964	[-0.22220231559884074, 0.7550615933466459, -0.20482314181444455]	0.8984426463891322	0.1863911079231503	[-0.1952203212541114, 0.7650400646421441, -0.20743878058035312]	[0.05024619980136542, -0.06907519649680524, 0.018828996680860115]	0.371789414581608	[1.8787276016459633e-16, 0.9409, 0.0]	2.236786985866986
3	[-0.7667129585341538, -0.21717061744090388, 0.6041425015144536]	0.7775101635588967	0.22248983644110346	[-0.5961271177926153, -0.16885236228666373, 0.46972693516538383]	0.8748306248601494	0.23176025450572896	[-0.5493296827553728, -0.18998750695446828, 0.5285223621035207]	[0.12141429384743443, 2.62206808709303e-12, -9.423437840312702e-13]	0.3939955866652773	[-0.45633649999999987, -0.4563365, 0.64535726730587]	2.236786985866986
3	[-0.16509556563678984, -0.6493980067248306, 0.7423110419957967]	0.8968616917104516	0.10313830828954867	[-0.14806788829090525, -0.5824201949046264, 0.6657503368996983]	0.9448445218200987	0.10276284570532386	[-0.15598964075361527, -0.5855422527914879, 0.6623127465196894]	[1.509613614838535e-11, 0.02803789634336038, -0.03905577499660824]	0.18286079592464435	[0.0, -0.6653167704184225, 0.6653167704184226]	2.236786985866986
3	[-0.3998260039937436, -0.6053196966017631, 0.6882784548686267]	0.8735139591983286	0.12648604080167125	[-0.34925359573902154, -0.5287552047593375, 0.6012208381432023]	0.9334469595617153	0.12126077124879178	[-0.32756806486857465, -0.5193855273622993, 0.6424714310146545]	[0.04564830291309572, 0.04564830299343639, -1.430052761665791e-11]	0.16502017261641092	[-0.45633649999999987, -0.4563365, 0.64535726730587]	2.236786985866986
3	[-0.8400077372572654, 0.5216390497379884, 0.14926387083409495]	0.8439455490499409	0.15605445095005904	[-0.7089207910257814, 0.44023495423701603, 0.12597057942439968]	0.9165505177563152	0.16286101455967292	[-0.7126720625821595, 0.42087107732915097, 0.13680787809752917]	[0.05723746392029809, -0.057237463790114636, 2.227758931811617e-12]	0.27099801558570846	[-0.6653167704184226, 0.6653167704184225, 0.0]	2.236786985866986
3	[-0.7172335228967242, 0.3236780153508262, 0.6170969259457582]	0.8027119525518494	0.19728804744815043	[-0.5757319216000711, 0.25982021170036923, 0.49535107833966363]	0.8905604145937975	0.19977844810274614	[-0.5325833872678273, 0.28825482758916304, 0.5495620941374714]	[0.10615639624364899, 4.343387775578401e-11, -7.734068934815214e-11]	0.29404791616261966	[-0.45633649999999987, 0.4563365, 0.64535726730587]	2.236786985866986
3	[-0.4441015089686827, -0.5054954125191813, -0.7397622845575473]	0.6740299037372602	0.3259700962627399	[-0.2993376973397331, -0.34071902423993056, -0.49862190144877916]	0.8306319411954296	0.32377509362787366	[-0.2915960713247005, -0.34259180860962657, -0.5051672748577783]	[0.07728882715777582, 0.07728882715656538, 0.10930290758742303]	0.47507872608118673	[0.0, -0.6453572673058698, -0.64535726730587]	2.236786985866986
3	[0.42956351779516044, -0.4598919234815048, 0.7771580295512159]	0.884517463452056	0.11548253654794396	[0.37995643315171745, -0.40678243761994765, 0.6874098490000395]	0.9378451771148277	0.11221420843536131	[0.4028640733757345, -0.41490973274708814, 0.6778817949368771]	[-5.293682394028385e-11, 0.01639768968410224, -0.0509721149337939]	0.13453949063649565	[0.45633649999999987, -0.4563365, 0.64535726730587]	2.236786985866986
3	[0.42091944114580687, -0.7688266056295766, -0.4813859932960296]	0.7724180811430326	0.22758191885696752	[0.32512578704564177, -0.5938555714521085, -0.3718312452308518]	0.8886421701709885	0.20952303387777557	[0.3232301234775809, -0.6323951011332282, -0.3559143091608161]	[-0.05081664216938879, 0.05081664217863384, 0.07186558461168426]	0.468299511147516	[0.0, -0.6453572673058698, -0.64535726730587]	2.236786985866986
3	[-0.5627379067032513, -0.09880880506420255, -0.8207087597930384]	0.6670888746443725	0.3329111253556275	[-0.37539619690240184, -0.06591425457523392, -0.5474856829811166]	0.8261655063290674	0.32503092548388984	[-0.3855876232612664, -0.002305402122948402, -0.5658559143741647]	[0.07932702436078462, 0.07932702434268839, 0.112185353708952]	0.5787007457017975	[0.0, 0.0, -0.912673]	2.236786985866986
3	[0.898295633071446, 0.35603163766722934, -0.2575003467662926]	0.7397617122260484	0.26023828777395164	[0.6645247156061149, 0.26337857388735375, -0.19048889742263378]	0.8523588770302873	0.2306441035626017	[0.7656702569000929, 0.30346672667753116, -0.07627081761541621]	[-1.4589588147213464e-10, -1.9176255208573936e-10, 0.14321188878921054]	0.4396267329048229	[0.912673, 0.0, 0.0]	2.236786985866986
3	[0.046814467694287085, -0.31486946972487456, -0.9479797585653803]	0.8290192127871105	0.17098078721288937	[0.038810093154965475, -0.2610328399220105, -0.7858934331839867]	0.9193555073286461	0.14840870862196492	[0.006238113197692371, -0.252675955579757, -0.8194859024909087]	[-0.0368010254997094, 0.036801025501456905, 0.05204450938225367]	0.3184093282736346	[0.0, 0.0, -0.9409]	2.236786985866986
3	[-0.3470600964699847, -0.9352897083220022, 0.06915526693744163]	0.849424031509532	0.15057596849046784	[-0.29480118631962143, -0.7944575546722497, 0.05874214564211836]	0.9197225676690853	0.15441695226492724	[-0.2641372289414456, -0.8051452776083542, 0.06360365979593328]	[0.055061774119409074, 0.05506177444402761, 1.2038867976120216e-10]	0.35392744578466395	[1.8787276016459633e-16, -0.9409, 0.0]	2.236786985866986
3	[-0.5823232659116057, -0.7904095113060299, 0.1901378931591604]	0.8473726046872064	0.15262739531279354	[-0.4934447826054781, -0.6697713663649324, 0.16111764177601565]	0.9185370278088955	0.15930119467014975	[-0.4790105527339222, -0.6701454740034151, 0.17464869528199697]	[0.05587492916049332, 0.05587492926350684, 2.573619767048469e-11]	0.24225716507071865	[-0.6653167704184226, -0.6653167704184225, 0.0]	2.236786985866986
3	[0.5903105937608876, -0.7751860602889039, 0.22498883267272618]	0.8625721624921725	0.13742783750782797	[0.5091854854023665, -0.6686539163571875, 0.19406910393510224]	0.925176559709517	0.1338643304686362	[0.5210318050774037, -0.6681428305418775, 0.18422297225385678]	[-0.025109719218376295, 0.04904114185098492, -0.023931421931355758]	0.2602483988301779	[0.6858935777509512, -0.6858935777509511, 0.0]	2.236786985866986
3	[-0.5005802197939991, -0.3153195029069573, -0.8062214674873777]	0.6571203077721864	0.3428796922278138	[-0.32894142809570126, -0.20720284879679277, -0.5297844988478492]	0.7955939091344333	0.3411775681164721	[-0.3104123261505482, -0.1630200297280255, -0.5673843353606857]	[0.08784624775073334, 0.087846246216047, 0.07404055358569668]	0.6011146929969231	[0.0, 0.0, -0.912673]	2.236786985866986
3	[-0.2943098771635715, -0.7679763716068763, 0.5688532225956892]	0.8328954746556984	0.16710452534430167	[-0.24512936483601316, -0.6396440445538701, 0.4737952748432602]	0.9100938507736133	0.16573316792985396	[-0.2061835590738066, -0.6372645229841521, 0.5177098198770901]	[0.0616660503546973, 0.061666050354697285, 0.0]	0.326285938358915	[0.0, -0.6653167704184225, 0.6653167704184226]	2.236786985866986
3	[0.9860011347815463, -0.14997046261515515, -0.07287401836388196]	0.8635664779460045	0.13643352205399534	[0.8514775272140638, -0.12950946419650244, -0.06293155937227]	0.9277879879528808	0.10416351531164829	[0.9123659961443897, -0.13914079376207752, 0.0]	[-0.002434012813838376, 0.0, 0.06761163887186733]	0.16750462239532454	[0.97, 0.0, 0.0]	2.236786985866986
3	[-0.04834958995474442, -0.2654909294318255, -0.9629002458929136]	0.8321267025704397	0.16787329742956028	[-0.040232984859674324, -0.22092209167046628, -0.8012550065191357]	0.9216095069786303	0.14373993221839027	[-0.008786998542164711, -0.20890652136231677, -0.836828146527939]	[0.035772443218646234, 0.03577244321864624, 0.05058987435903098]	0.2707528896959645	[0.0, 0.0, -0.9409]	2.236786985866986
3	[0.023793693056283344, 0.04289796032026491, 0.9987960878833599]	0.9468291784918768	0.05317082150812323	[0.02252856284976863, 0.04061704052901355, 0.945689279371502]	0.9722841180539804	0.05377757710973104	[0.023134229868475572, 0.04170900551630341, 0.9450357001004288]	[0.0, 0.0, -0.02607787332300982]	0.05688224245124167	[0.0, 0.0, 0.97]	2.236786985866986
3	[-0.6503901416184334, 0.6509630825253956, 0.3914584637922513]	0.8556688174917777	0.1443311825082224	[-0.5565185633869547, 0.5570088110553076, 0.3349588008102636]	0.9233150910550586	0.1480253077469119	[-0.5479173462739846, 0.5484463512596656, 0.36143950714061585]	[0.052597686555751776, -0.05259768655575177, 0.0]	0.3741669745936127	[-0.45633649999999987, 0.4563365, 0.64535726730587]	2.236786985866986
3	[-0.06889079567394185, 0.3975793607448141, 0.9149779834406706]	0.8703366458261164	0.12966335417388367	[-0.05995818403515087, 0.34602788728033296, 0.7963388691124971]	0.9296922851352604	0.13353096157581715	[-0.06404724125489332, 0.36962646441346225, 0.784495443357176]	[0.0, 0.0, -0.0661525289162335]	0.37250501144959475	[0.0, 0.6653167704184225, 0.6653167704184226]	2.236786985866986
3	[0.221476007748747, -0.4106734513418808, 0.8844748127304841]	0.8594120464665795	0.14058795353342052	[0.1903391490625987, -0.35293771124721907, 0.76012830885685]	0.9233280554531077	0.14445485778468042	[0.204495011564168, -0.37918631925371526, 0.7445197763115186]	[0.0, 0.0, -0.07214063262417093]	0.33826286429808844	[0.45633649999999987, -0.4563365, 0.64535726730587]	2.236786985866986
3	[0.0436332048721218, -0.06677529962391429, -0.9968135245835722]	0.881597603886787	0.11840239611321303	[0.03846692886516386, -0.05886894414726511, -0.8787884147948201]	0.9459651744257257	0.09696715542760317	[0.016617429076935284, -0.03850904477539133, -0.9080791122806583]	[-0.02465806318067484, 0.024658063180674848, 0.03487176737196303]	0.09741211135497382	[0.0, 0.0, -0.9409]	2.236786985866986
3	[0.5083228987278984, -0.8547325921274783, -0.10507153079644761]	0.8617576843695315	0.13824231563046852	[0.4380511641197616, -0.736572379346943, -0.09054619907230861]	0.9267943313104167	0.1301834823599005	[0.4711107810162952, -0.7434563621011306, -0.04867474005538084]	[0.0, 0.04870495906887466, 0.048704959068874676]	0.2666045487388654	[0.6858935777509512, -0.6858935777509511, 0.0]	2.236786985866986
3	[0.4627939954675316, 0.4749993593769372, -0.7484633099562714]	0.6774388535775328	0.32256114642246725	[0.3135146337320905, 0.3217830214663748, -0.5070381266416221]	0.8315926279850417	0.32195874346950015	[0.3080056441870381, 0.3181555348359745, -0.5137336494791821]	[-0.076850430719504, -0.07685043071950401, 0.10868292139773651]	0.5038163902313528	[0.0, 0.6453572673058698, -0.64535726730587]	2.236786985866986
3	[0.6325661785202784, 0.28148587773129363, 0.7215439906409687]	0.8037323116538078	0.19626768834619213	[0.5084138769361187, 0.22623929520687375, 0.5799282195577793]	0.8911880177129842	0.19367549804697032	[0.45818777588935933, 0.250856841389551, 0.643031358712041]	[-0.1055476228184053, 0.0, 0.0]	0.2596806818222207	[0.45633649999999987, 0.4563365, 0.64535726730587]	2.236786985866986
3	[-0.9242757874514296, -0.2829221709872863, 0.2562602464193005]	0.8256548456645904	0.17434515433540965	[-0.7631327826397278, -0.2335960614215987, 0.21158251420729743]	0.9058199853308914	0.17861752273665688	[-0.7726300130169201, -0.1916790895594556, 0.23212565265242138]	[0.064597467214032, 0.06459746721403199, 0.0]	0.3844541225480964	[-0.97, 0.0, 0.0]	2.236786985866986
3	[-0.14906694810830792, -0.8342125868124517, -0.5309128035613311]	0.826009666552907	0.17399033344709303	[-0.1231307401010029, -0.6890676606671912, -0.4385391078383641]	0.9060302254566353	0.17043926326689227	[-0.07060589574070411, -0.6913685532464499, -0.4810230471084871]	[0.06445326486199866, 0.06445326486199865, 0.0]	0.26642976936902746	[0.0, -0.6453572673058698, -0.64535726730587]	2.236786985866986
3	[-0.6557911630374385, -0.3963743825863497, 0.6425148241957486]	0.8310541755412603	0.16894582445873968	[-0.5449979843253225, -0.329408585725975, 0.5339646274950357]	0.9077330279379641	0.1653905704951874	[-0.5057843352187583, -0.3598021185021483, 0.5832319268622356]	[0.08949896290017488, 0.0, 0.0]	0.20829233690882829	[-0.45633649999999987, -0.4563365, 0.64535726730587]	2.236786985866986
3	[-0.9284253285745718, -0.13808181841230865, -0.3449055242891136]	0.7199942954376152	0.28000570456238477	[-0.6684609403134852, -0.09941812156051488, -0.2483300099530816]	0.8591293086488654	0.2540175859528436	[-0.7333529724266105, -0.05434569894578784, -0.20540652021782366]	[0.06428443824375704, 0.06428443824375707, 0.09091192441385693]	0.37383801647950465	[-0.97, 0.0, 0.0]	2.236786985866986
3	[-0.28552847098575684, 0.9469432564362485, -0.1475532491897388]	0.8306074964069464	0.1693925035930536	[-0.23716208843838282, 0.7865381674679535, -0.12255883489619923]	0.9087470596378507	0.17389824791334152	[-0.19688335270590906, 0.7979420941850435, -0.13408858134118623]	[0.06258980574528877, -0.06258980574528876, 0.0]	0.3214576022405874	[1.8787276016459633e-16, 0.9409, 0.0]	2.236786985866986
3	[-0.049678028172980324, -0.3072325353012995, 0.9503369206598155]	0.8789209049155822	0.12107909508441783	[-0.043663057476217654, -0.2700330979465267, 0.8352709862810128]	0.9198817440493345	0.12370700788687347	[0.0, -0.236919689204965, 0.861502124599934]	[0.045697911196693114, 0.04569791119669311, -0.012695459411091046]	0.3113660108334873	[0.0, 0.0, 0.9409]	2.236786985866986
3	[0.26614320307009814, 0.525598084651251, -0.8080312177574113]	0.7282840541426456	0.2717159458573545	[0.19382785091440052, 0.38278470393942254, -0.5884762511421863]	0.8630508815714599	0.25978892354139616	[0.16720024465213476, 0.3911230089287675, -0.6089909459938034]	[-0.06249488138176551, -0.062494881381765524, 0.08838110882899065]	0.3341216552784695	[0.0, 0.6453572673058698, -0.64535726730587]	2.236786985866986
3	[-0.9193028320914569, 0.3682507660334217, -0.13882966622600743]	0.7879340999276976	0.21206590007230247	[-0.7243500495649653, 0.29015733588222936, -0.10938862810105184]	0.8980882528721513	0.18194249380000388	[-0.7791090243402297, 0.2842156370925796, -0.05891180575494366]	[0.04650604999320751, -0.04650604999320752, 0.06576948663279526]	0.39680285500809287	[-0.97, 0.0, 0.0]	2.236786985866986
3	[0.05651616896963574, -0.07584795636522534, -0.995516453987685]	0.8696756177744872	0.13032438222551276	[0.04915073416291527, -0.0659631183088597, -0.8657763871264068]	0.9400839033602298	0.10782741406653296	[0.025788038893687013, -0.04396154104746298, -0.897201705529001]	[-0.02734190183425445, 0.027341901834254456, 0.038667288395076466]	0.10922429622558553	[0.0, 0.0, -0.9409]	2.236786985866986
3	[0.5973588228671314, -0.7944560794217789, -0.10955352396235898]	0.882052387628383	0.11794761237161705	[0.5269017759808335, -0.7007518817198642, -0.09663194738410202]	0.9382257301333828	0.10855759453140504	[0.5604574177361324, -0.7042796774517894, -0.06168647728565549]	[0.0, 0.0410994577226138, 0.04109945772261381]	0.17783755003917961	[0.6858935777509512, -0.6858935777509511, 0.0]	2.236786985866986
3	[-0.006529993679506635, -0.13584444630828008, 0.9907086582793866]	0.9198026923812392	0.08019730761876076	[-0.006006305767642679, -0.1249500874593947, 0.9112564912507849]	0.9555521254653484	0.07853725560748141	[0.0, -0.12356670006281259, 0.913412366983928]	[0.006239749339727857, 0.006239749339727856, -0.033261397151863416]	0.13756890251066914	[0.0, 0.0, 0.97]	2.236786985866986
3	[0.6197702497589663, 0.19415633083075332, -0.7603868467510783]	0.6535963562680779	0.3464036437319222	[0.405079576965817, 0.1268998703773598, -0.49698607239067805]	0.8160505801043468	0.34694163497614583	[0.42182103739500765, 0.074498551953155, -0.5018010324485737]	[-0.0839428344522127, -0.08394283445221273, 0.11871309494635875]	0.6670853886567345	[0.0, 0.0, -0.912673]	2.236786985866986
3	[-0.2408160895132035, -0.029964541649743767, -0.9701081059733959]	0.7731240622775603	0.2268759377224397	[-0.18618071338624448, -0.02316630816453505, -0.7500139197385418]	0.8853255990679069	0.20397956570260942	[-0.1608705339525195, 0.0, -0.7848555820660561]	[0.05233011476094808, 0.02652837578685465, 0.0740059580154733]	0.24442458178191406	[0.0, 0.0, -0.9409]	2.236786985866986
3	[-0.5624812591332691, 0.74274176037644, -0.3632485519816412]	0.7580152782231627	0.24198472177683722	[-0.42636938813721986, 0.5630096021397089, -0.2753479521945248]	0.881370479500129	0.2217154953769309	[-0.4416193968905365, 0.6004956813061635, -0.24359812726618424]	[0.054134980181589354, -0.05413498018158937, 0.07655842317160241]	0.3850995750945409	[-0.6453572673058697, 0.64535726730587, 0.0]	2.236786985866986
3	[-0.14151953167809056, -0.9882797815310014, 0.0572301980657959]	0.8788491911220536	0.12115080887794641	[-0.12437432594326159, -0.8685488866008004, 0.05029671327787964]	0.9364381447789756	0.1187560042107471	[-0.08892761940858403, -0.8818662168534258, 0.05359254050206723]	[0.04359666828603641, 0.0435966682860364, 0.0]	0.15983715811713428	[1.8787276016459633e-16, -0.9409, 0.0]	2.236786985866986
3	[-0.3193872625986172, -0.1853516585086434, -0.9293204717307465]	0.7120145082342361	0.28798549176576393	[-0.22740836471543327, -0.13197306998343178, -0.6616896586713757]	0.8339218088516692	0.26950219782205426	[-0.15243203903728697, -0.04065682562404986, -0.7749806087885907]	[0.11391196471313494, 0.11391196471313493, 0.0]	0.3694557433537626	[0.0, 0.0, -0.9409]	2.236786985866986
3	[0.2810337746450933, -0.8702618085745263, 0.4045545723945357]	0.8236756748718841	0.17632432512811586	[0.23148068399259034, -0.7168134824928494, 0.3332217604395757]	0.9033137703388499	0.18147548093154306	[0.253861678567218, -0.6951474019971858, 0.36543971609752923]	[1.8164708836348325e-17, 0.0909720734881761, 0.0]	0.43306809285734155	[0.0, -0.6453572673058698, 0.64535726730587]	2.236786985866986
3	[-0.02326142392409699, 0.5206543965570728, -0.8534505876164207]	0.8445159228735062	0.15548407712649376	[-0.019644642892610625, 0.43970092820654477, -0.7207526106278177]	0.9241306637505765	0.13929627894618643	[0.0, 0.45965609794418427, -0.7303995126450491]	[0.02149659513075929, -0.021496595130759296, 0.05830034536723332]	0.24371033989930996	[0.0, 0.6453572673058698, -0.64535726730587]	2.236786985866986
3	[-0.4190967468538468, -0.005998420409635007, -0.9079217674057122]	0.7143669573240403	0.2856330426759596	[-0.29938886787438623, -0.004285073336781384, -0.6485893104698837]	0.8445146732891053	0.27729392158677096	[-0.28297972245319714, 0.0, -0.6664096692203987]	[0.07095362979260617, 0.005065754052493612, 0.10034358555230335]	0.4191665999123178	[0.0, 0.0, -0.912673]	2.236786985866986
3	[0.34368895639038327, 0.8521586299346748, -0.3945929176799136]	0.8106717207683908	0.18932827923160916	[0.27861891768608443, 0.6908209028967772, -0.31988531957859556]	0.8968656441764497	0.1941629152350165	[0.3082428172693928, 0.695654782041174, -0.28527981476675157]	[0.0, -0.0686170165357089, 0.06861701653570891]	0.47304509443938864	[0.0, 0.6453572673058698, -0.64535726730587]	2.236786985866986
3	[-0.3435991741891739, 0.9190390325182507, -0.19314984909244817]	0.8183049453349712	0.18169505466502878	[-0.2811689034520131, 0.752054185265552, -0.15805547670305375]	0.9014462251056039	0.1888782742056952	[-0.24213877725905447, 0.7608668653251043, -0.17411420234410444]	[0.06759740126317916, -0.06759740126317915, 0.0]	0.39421793855422294	[-1.8223657735965844e-16, 0.912673, 0.0]	2.236786985866986
3	[-0.7929808338988992, -0.00991516019342563, 0.6091658942089136]	0.7590944838409355	0.24090551615906464	[-0.6019473768042394, -0.00752654340922862, 0.46241447003801717]	0.8630514060660041	0.25544796297983935	[-0.5515430875638612, -0.008557292946305667, 0.5257414815244577]	[0.13284013611597612, 0.0, 0.0]	0.5602956680785366	[-0.45633649999999987, -0.4563365, 0.64535726730587]	2.236786985866986
3	[0.07227587025157346, 0.95646664736232, 0.2827503334442972]	0.8550084888039102	0.14499151119608972	[0.06179648260078542, 0.8177871027525998, 0.24175393530701025]	0.921837817955443	0.15004638667864914	[0.06662663052354129, 0.8081643300659156, 0.26064995040846484]	[1.468454488119857e-17, -0.07354279708572366, 0.0]	0.29225651916353607	[1.8787276016459633e-16, 0.9409, 0.0]	2.236786985866986
3	[0.2017951317312817, -0.9505822173789635, 0.235949513270207]	0.8375910628053376	0.16240893719466248	[0.16902179885574742, -0.7961991697383004, 0.19762920358839478]	0.9116185638459066	0.16940898781654842	[0.18396018817996665, -0.7834103025470817, 0.2150959564275268]	[1.6604464357580575e-17, 0.08315809327738649, 0.0]	0.31062387760162025	[1.8787276016459633e-16, -0.9409, 0.0]	2.236786985866986
3	[0.8693840676576888, 0.2901848781877038, 0.39995509669731516]	0.8145939199547645	0.18540608004523548	[0.708194975619495, 0.2363828374345175, 0.3258009900245528]	0.8978250296078049	0.19460255405784832	[0.6814450550048888, 0.26053524685061236, 0.3590896965340594]	[-0.09910972128042934, 0.0, 0.0]	0.496029509773671	[0.912673, 0.0, 0.0]	2.236786985866986
3	[0.19112905340289493, 0.955407186083941, -0.22509285578284977]	0.8329878670043382	0.16701213299566176	[0.1592081825166358, 0.7958425940566789, -0.18749961781647112]	0.9101481646268881	0.16703999359662577	[0.17395575716151945, 0.8097821639590321, -0.14508791663477888]	[0.0, -0.059779932926606626, 0.05977993292660664]	0.2956477079688586	[1.8787276016459633e-16, 0.9409, 0.0]	2.236786985866986
3	[0.3173518584167609, 0.4803910367019424, -0.8176259840635334]	0.7087068520463948	0.29129314795360517	[0.2249094365696158, 0.3404564193723377, -0.5794571373170025]	0.8511997560564519	0.28296987378039223	[0.20222684194806365, 0.34100575073205447, -0.599933719374441]	[-0.06790298252034495, -0.06790298252034496, 0.09602931880585507]	0.39699190174809873	[0.0, 0.6453572673058698, -0.64535726730587]	2.236786985866986
3	[0.7128643642357262, 0.3641446114649132, -0.5993522337856607]	0.6547034121555294	0.3452965878444707	[0.46671473166921196, 0.2384067196441282, -0.39239795254251064]	0.8167839923046587	0.3471216524509037	[0.4986480496965137, 0.21381933783287546, -0.3713015282552104]	[-0.0836081516956651, -0.08360815169566513, 0.11823978205295672]	0.6654779230634797	[0.64535726730587, 0.6453572673058698, 0.0]	2.236786985866986
3	[0.7312398246119238, -0.5217161373985356, -0.4394321231765779]	0.6926767837603792	0.30732321623962083	[0.5065128498696911, -0.3613806560891057, -0.3043844297629468]	0.8412547365932104	0.2988331626579802	[0.5427177081457368, -0.3664549138489997, -0.267226945643551]	[-0.07244125789463245, 0.07244125789463246, 0.10244740938995629]	0.46450353446843123	[0.64535726730587, -0.6453572673058698, 0.0]	2.236786985866986
3	[-0.5233582104380237, 0.36780142117461495, -0.7686470569442408]	0.6535448781245968	0.34645512187540317	[-0.34203807785622525, 0.24037473497561723, -0.502345347151454]	0.8173210377859443	0.34845327373894563	[-0.34438859744860567, 0.21724876101318705, -0.5103382144240435]	[0.08336307824039442, -0.08336307824039445, 0.1178931958487353]	0.6050962207645997	[0.0, 0.6453572673058698, -0.64535726730587]	2.236786985866986
3	[-0.3229166087420399, -0.915894291117339, -0.2384586154811929]	0.8119232618469687	0.18807673815303144	[-0.2621835062743983, -0.7436358803510069, -0.1936100968970022]	0.8976193644728861	0.19533744687517648	[-0.2196339807226612, -0.7519022311229823, -0.2140450708813127]	[0.07022222039410829, 0.07022222039410828, 0.0]	0.4014324653227858	[-1.8223657735965844e-16, -0.912673, 0.0]	2.236786985866986
3	[-0.8610281677669389, 0.09672338193413532, -0.49927455542930654]	0.6830798873317551	0.316920112668245	[-0.5881510238277081, 0.06606979683391546, -0.3410444070702628]	0.8363895028548738	0.29952372205738387	[-0.6454934795521661, 0.006236979699866665, -0.3120007738634724]	[0.07466144163046685, -0.07466144163046687, 0.10558722334013347]	0.5201012925691867	[-0.97, 0.0, 0.0]	2.236786985866986
3	[0.773680262255319, -0.4033464444766593, -0.488600550065775]	0.671529492250077	0.328470507749923	[0.5195491136762208, -0.2708590330602849, -0.3281096792987782]	0.8277894697321075	0.323914060554067	[0.5618584233889345, -0.2552999887460706, -0.29332107303478216]	[-0.07858595064559404, 0.07858595064559405, 0.11113731721498181]	0.5601486650201407	[0.64535726730587, -0.6453572673058698, 0.0]	2.236786985866986
3	[-0.5425391588143534, 0.6413296677530546, -0.542538034070212]	0.6943677792316783	0.3056322207683218	[-0.37672171085214534, 0.4453186571530785, -0.37672092986605366]	0.8434682004285937	0.29756356855479804	[-0.38618335439206875, 0.4695100071860198, -0.35659464484339587]	[0.07143117355511701, -0.07143117355511702, 0.10101893441787288]	0.5522094742076611	[-0.64535726730587, 0.6453572673058698, 0.0]	2.236786985866986
3	[-0.10531262668904444, 0.1430812267902794, 0.984091973953676]	0.9012284059259359	0.09877159407406413	[-0.0949107306748407, 0.12894886593813082, 0.886891640970779]	0.9472990933736027	0.10187995938805304	[-0.09976255578332446, 0.1355407164172145, 0.8826431516777791]	[0.0, 0.0, -0.049586283044777246]	0.17821776154432106	[0.0, 0.0, 0.97]	2.236786985866986
3	[0.9321178315257292, -0.3469511665556093, 0.10383273172499087]	0.8598817512762805	0.1401182487237194	[0.8015111133681931, -0.29833697670518583, 0.08928387119548535]	0.9246628186831941	0.14587442905548328	[0.7888176355661458, -0.32081284361273205, 0.09601026638840597]	[-0.07307706587730176, 0.0, 0.0]	0.3626767839617475	[0.912673, 0.0, 0.0]	2.236786985866986
3	[0.6544874205137956, 0.7551186024487893, -0.03797515799816128]	0.9262290658643182	0.07377093413568178	[0.6062052721224401, 0.6994127977629115, -0.03517369511868681]	0.96226310027634	0.06471201609058978	[0.6297890943554696, 0.7015157752189596, -0.011435101019045152]	[0.0, -0.025106992249749355, 0.025106992249749358]	0.08497389823826232	[0.6858935777509512, 0.6858935777509511, 0.0]	2.236786985866986
3	[0.5619623156357962, 0.7192070340136566, 0.40858242501425923]	0.8431675487950874	0.15683245120491246	[0.47382838818984563, 0.60641203194548, 0.3445034417800256]	0.9137274757837305	0.16346445900986137	[0.4560818509640624, 0.5997606705677884, 0.37333298785787444]	[-0.05739855718741362, -0.057398557187413615, 0.0]	0.3692154608403735	[0.45633649999999987, 0.4563365, 0.64535726730587]	2.236786985866986
3	[0.07615057952748802, 0.3647990422109022, -0.9279669972793408]	0.8079053924009836	0.19209460759901648	[0.06152246383471752, 0.2947231133449019, -0.7497095410721283]	0.9081612143635663	0.17016602647402534	[0.027247612776592458, 0.28938695117133845, -0.7834748074075002]	[-0.04190939000158039, -0.0419093900015804, 0.0592688277310184]	0.3728867314879097	[0.0, 0.0, -0.9409]	2.236786985866986
3	[-0.9131033657298079, 0.32277505933446543, -0.24911544425131257]	0.736109386668833	0.26389061333116703	[-0.6721439585126159, 0.23759775095868954, -0.18337621687756755]	0.8686971190501169	0.23788885470321136	[-0.7332919660718632, 0.22047546701249437, -0.13166860029280075]	[0.05991829713258627, -0.05991829713258629, 0.08473726843920447]	0.41167884386275244	[-0.97, 0.0, 0.0]	2.236786985866986
3	[-0.962433976043306, 0.09758660131552688, 0.2533726445399293]	0.8332599224230934	0.1667400775769066	[-0.8019576602151945, 0.08131500384170927, 0.21112527013347548]	0.9090472248165882	0.17748664267388978	[-0.7866737430634525, 0.08871082910516254, 0.2303276993634626]	[0.08822419192790944, 0.0, 0.0]	0.2716212187513822	[-0.97, 0.0, 0.0]	2.236786985866986
3	[-0.12823029057876226, 0.7068368935540821, 0.6956569546039927]	0.8933541055425658	0.10664589445743423	[-0.11455505654345344, 0.6314556408054928, 0.6214679964447152]	0.9444837042427907	0.09753242192720586	[-0.08303314912156658, 0.6295176567990344, 0.657036657366638]	[0.03807827072039222, -0.038078270720392215, 0.0]	0.1381573553001376	[0.0, 0.6653167704184225, 0.6653167704184226]	2.236786985866986
3	[0.20277089217358854, -0.8400177881465345, 0.5032435602017488]	0.8372071185966538	0.16279288140334625	[0.16976123437192286, -0.7032688719840945, 0.42131909098882775]	0.9113911111297592	0.16496581931903143	[0.18480358872285943, -0.6822126417696232, 0.4586517075011676]	[1.6647196527170103e-17, 0.08337210353800949, 0.0]	0.31289647773352985	[0.0, -0.6653167704184225, 0.6653167704184226]	2.236786985866986
3	[-0.2397304049013131, -0.9271160155267727, -0.28807156527434874]	0.8122840860912052	0.18771591390879486	[-0.19472919285353762, -0.7530815853726841, -0.23399594812773733]	0.8978364684325565	0.19226202023934352	[-0.14516538993003558, -0.7623252590253549, -0.2586411568217599]	[0.07007331018246611, 0.0700733101824661, 0.0]	0.3750278549410952	[1.8787276016459633e-16, -0.9409, 0.0]	2.236786985866986
3	[-0.5010744317203609, -0.853498243722666, -0.14305649876339802]	0.8351951192214406	0.16480488077855937	[-0.4184949197395024, -0.7128375674212423, -0.11948008954009808]	0.9114440690355132	0.1726065137833688	[-0.395961374616565, -0.7171759678529528, -0.13038799733488535]	[0.06073994432029812, 0.06073994432029811, 0.0]	0.2878419263318091	[-0.6653167704184226, -0.6653167704184225, 0.0]	2.236786985866986
3	[-0.803524882586472, -0.5945025423763795, -0.030240538560309515]	0.8762781926984566	0.12372180730154325	[-0.7041113319011134, -0.5209496133882114, -0.02649912447585601]	0.9349988785237754	0.1039923057716528	[-0.7267043643766472, -0.5312687106937957, 0.0]	[0.024590499707652345, 0.02459049970765234, 0.028274869639844383]	0.1582107054995463	[-0.6653167704184226, -0.6653167704184225, 0.0]	2.236786985866986
3	[-0.9103263181417157, -0.3426501571735635, -0.23215698199166843]	0.7423957355848749	0.2576042644151252	[-0.6758223765790897, -0.2543820154831407, -0.17235235341686925]	0.8723726099166677	0.23100833287600453	[-0.7359027095383567, -0.2406775754070954, -0.12016212859288897]	[0.058241036494762574, 0.05824103649476259, 0.08236526369755966]	0.4181709492600739	[-0.97, 0.0, 0.0]	2.236786985866986
3	[-0.7609264231653305, 0.10779343393573584, 0.6398215017715165]	0.7636690033060135	0.23633099669398658	[-0.5810959231678778, 0.082318504256636, 0.4886118485516107]	0.8660003684075742	0.24770357493759804	[-0.5289829201475811, 0.09334915350026479, 0.5540856562492208]	[0.12997964264465298, 0.0, 0.0]	0.4629124484126468	[-0.45633649999999987, 0.4563365, 0.64535726730587]	2.236786985866986
3	[0.44412791507195065, 0.14775282305008647, 0.8836964967309602]	0.808566530814714	0.19143346918528603	[0.35910696752769905, 0.11946798755168872, 0.7145274106548687]	0.8927128587041607	0.20209414495026828	[0.39647870069419977, 0.13190084504665267, 0.6879407545782922]	[0.0, 0.0, -0.1009464712452552]	0.39010065817532247	[0.45633649999999987, 0.4563365, 0.64535726730587]	2.236786985866986
3	[0.6948111802242122, 0.33907938251097447, -0.6342417490132716]	0.6513914553830336	0.3486085446169664	[0.4525940659026529, 0.22087341246420403, -0.4131396559544357]	0.8145863810223327	0.3515630485006155	[0.48137272285609456, 0.19159844514229965, -0.39698666455727644]	[-0.08461100193660223, -0.08461100193660225, 0.11965802646471912]	0.7060555420140713	[0.64535726730587, 0.6453572673058698, 0.0]	2.236786985866986
3	[0.591116268130519, 0.6924416741982583, -0.41364971338677553]	0.740319586190185	0.25968041380981494	[0.4376149510126723, 0.5126281337032935, -0.3062329846421863]	0.8701810500272569	0.24419577289129424	[0.45513704962577184, 0.5433084978722353, -0.27617053913945133]	[-0.05924112526423665, -0.059241125264236666, 0.0837796027989269]	0.41983938922986963	[0.64535726730587, 0.6453572673058698, 0.0]	2.236786985866986
3	[0.7289919636923541, -0.6821459459181708, 0.05698794029765985]	0.9325008985139618	0.06749910148603817	[0.6797856611525777, -0.6361017074863506, 0.053141305532027824]	0.965071632547264	0.06397847677047656	[0.6696489480852621, -0.6583197016627468, 0.05499744457856861]	[-0.03388051642915387, 0.0, 0.0]	0.0715481722651098	[0.6858935777509512, -0.6858935777509511, 0.0]	2.236786985866986
3	[-0.44022353477072934, -0.7492615479290251, 0.49478315677573903]	0.8219777212416899	0.17802227875831014	[-0.36185393794780596, -0.6158762997807212, 0.40670073171529175]	0.9036362961723057	0.18214066526308725	[-0.33170671886439185, -0.6109646844512026, 0.44710401919727005]	[0.06609524558371024, 0.06609524558371023, 0.0]	0.32975335345473206	[-0.45633649999999987, -0.4563365, 0.64535726730587]	2.236786985866986
3	[-0.613298059809126, 0.5768430418467008, -0.5395531437285924]	0.676568791892734	0.323431208107266	[-0.41493832739521813, 0.3902739999339521, -0.36504481861438043]	0.8322546534684248	0.3189628578057105	[-0.4338718399117952, 0.4035319815702918, -0.34078993622074527]	[0.07654832432750616, -0.07654832432750619, 0.1082556784408936]	0.5448298695767296	[-0.64535726730587, 0.6453572673058698, 0.0]	2.236786985866986
3	[-0.22113979653785154, 0.9626339272238313, 0.15631094825642014]	0.840855707038185	0.15914429296181504	[-0.18594665997211543, 0.8094362314947394, 0.13143495291396132]	0.9147530288730479	0.16095173551447878	[-0.14381794866867195, 0.8221019506052598, 0.14298591336357858]	[0.058470350018697194, -0.05847035001869719, 0.0]	0.2716768038500794	[1.8787276016459633e-16, 0.9409, 0.0]	2.236786985866986
3	[-0.6066581071144435, 0.7945865036677933, -0.02445872566820194]	0.8900989847445154	0.10990101525548454	[-0.5399857652295956, 0.707260640206397, -0.021770686885411165]	0.9426890796284897	0.10103304039804098	[-0.5563508562920542, 0.7104519298859464, 0.0]	[0.015539116352822313, -0.03859608994186531, 0.023056973589043]	0.14404767258198037	[-0.6653167704184226, 0.6653167704184225, 0.0]	2.236786985866986
3	[-0.15944504690285147, 0.9398884288335697, 0.30197188339796]	0.8319086678031087	0.16809133219689126	[-0.13264371655675525, 0.781901330714492, 0.25121302723159256]	0.9095133981292328	0.16804586297710541	[-0.0829532273278208, 0.792776939675099, 0.274647473808763]	[0.062064179095666444, -0.06206417909566643, 0.0]	0.3414831835112653	[1.8787276016459633e-16, 0.9409, 0.0]	2.236786985866986
3	[-0.2641374861835351, 0.909451129797771, -0.32113864747519977]	0.8069976376349314	0.1930023623650687	[-0.2131583273609421, 0.7339249132912204, -0.25915812986576325]	0.8946468540367425	0.1985232871038916	[-0.1640487248352163, 0.7413765459616801, -0.2873056806733019]	[0.07226104621205688, -0.07226104621205687, 0.0]	0.41582330737605094	[-1.8223657735965844e-16, 0.912673, 0.0]	2.236786985866986
3	[0.6376693614897745, -0.7553821390143266, -0.15091590199632382]	0.8715512280672175	0.12844877193278245	[0.5557615151072515, -0.658354230917978, -0.13153093971976787]	0.9394488648575124	0.10859730429145747	[0.5770012322396564, -0.6794580401312336, -0.10245680789157725]	[-0.022056525566326937, 0.03018485289941525, 0.03932096492781678]	0.17300244118457592	[0.6858935777509512, -0.6858935777509511, 0.0]	2.236786985866986
3	[-0.9924673931361903, 0.10604832309750324, 0.06133699315798273]	0.9065500208947084	0.09344997910529168	[-0.89972133598493, 0.09613810951989035, 0.055605052428987826]	0.9516951433626512	0.08969406434837233	[-0.9113944070517652, 0.06779368311190914, 0.05837411849692032]	[0.03313199094173798, -0.03313199094173797, 0.0]	0.12455222726146245	[-0.97, 0.0, 0.0]	2.236786985866986
3	[-0.8868057231454599, 0.400954733224076, -0.22980624730774385]	0.7419660455450231	0.25803395445497695	[-0.6579797355689314, 0.29749479785282734, -0.1705084325564683]	0.8721223798295905	0.23247330001773317	[-0.7150478920992254, 0.2913263705264257, -0.11789241979898353]	[0.05835522561689407, -0.05835522561689408, 0.08252675150275349]	0.41332900550843604	[-0.64535726730587, 0.6453572673058698, 0.0]	2.236786985866986
3	[-0.8786866946585518, 0.135314876185378, -0.457820463624077]	0.6866603814852691	0.31333961851473086	[-0.6033593409602713, 0.09291536450208362, -0.3143671742038715]	0.8386470746860167	0.295295223294782	[-0.6632767968383753, 0.03985019587182331, -0.2798195095972878]	[0.07363122920254449, -0.0736312292025445, 0.10413028295244035]	0.4860533019766552	[-0.97, 0.0, 0.0]	2.236786985866986
3	[0.8093359817034141, -0.3425904395121471, -0.4770818163324238]	0.6721740999106826	0.32782590008931745	[0.544014685026821, -0.23028042031708262, -0.32068204047700055]	0.8282058741386944	0.32140107983469185	[0.5919008840824668, -0.20533948431160962, -0.2842533751262182]	[-0.0783959301161077, 0.07839593011610772, 0.11086858760505292]	0.5883568902144256	[0.64535726730587, -0.6453572673058698, 0.0]	2.236786985866986
3	[-0.6657555092997294, 0.09732453223248418, -0.7397956050577662]	0.6585194159055995	0.3414805840944006	[-0.4384129291199927, 0.06409009411902118, -0.48716976973216974]	0.7966028753870447	0.33394572272243234	[-0.45281375079083475, 0.0, -0.5016706617328902]	[0.07752900222209602, -0.07752900222209601, 0.08765264445482474]	0.694686300728053	[0.0, 0.0, -0.912673]	2.236786985866986
3	[-0.30498993107257155, 0.5849120837535815, 0.7515710187489878]	0.8844432844862798	0.11555671551372011	[-0.2697462963730693, 0.5173215644907316, 0.6647219403470542]	0.9378028449238742	0.11732022637771995	[-0.2860204250329939, 0.5083928301403321, 0.6646860535110072]	[0.0, -0.040139386034127957, -0.04013938603412796]	0.22520840494817126	[-0.45633649999999987, 0.4563365, 0.64535726730587]	2.236786985866986
3	[0.9333327359455623, 0.0076175893800653465, 0.35893171543401975]	0.7957213865267194	0.20427861347328063	[0.7426728187373793, 0.006061478783496804, 0.28560964227357205]	0.8862414765419729	0.22033841122408226	[0.7168124142550684, 0.0067510236598795625, 0.31810017346398894]	[-0.11034576775428621, 0.0, 0.0]	0.35960649146214224	[0.912673, 0.0, 0.0]	2.236786985866986
3	[-0.0944092052144279, 0.8361755244825448, 0.5402752948517275]	0.8560870671066934	0.1439129328933067	[-0.0808224995998935, 0.7158390523406628, 0.46252269259981943]	0.9235548252758359	0.13712193648418156	[-0.034758822632888, 0.7198206860200537, 0.49897385553763796]	[0.05243325439335345, -0.052433254393353446, 0.0]	0.231821445257898	[0.0, 0.6653167704184225, 0.6653167704184226]	2.236786985866986
3	[0.7167984462644281, 0.17175503083258364, 0.675795972773292]	0.7730998073240686	0.2269001926759314	[0.5541567406972211, 0.13278378124360984, 0.5224577363414136]	0.8720319117182889	0.2335720502746375	[0.5009420737794086, 0.14977586788417155, 0.5893156540690143]	[-0.12412904563325985, 0.0, 0.0]	0.3869800419089743	[0.45633649999999987, 0.4563365, 0.64535726730587]	2.236786985866986
3	[0.25793719630420137, 0.8048166856442277, 0.5345451386659203]	0.8384944480927948	0.16150555190720509	[0.2162789070576942, 0.6748343226451291, 0.4482131310263674]	0.9111004311106474	0.1603300883408569	[0.18380666405340387, 0.6708309703400246, 0.48702430628662086]	[-0.0512000266988257, -0.06243785891547364, 0.0]	0.3210810540291828	[0.0, 0.6653167704184225, 0.6653167704184226]	2.236786985866986
3	[-0.22631558260738288, -0.8439481474434798, 0.4863463595996165]	0.8259722479330722	0.1740277520669277	[-0.1869303905085029, -0.697077748482843, 0.40170859591256153]	0.9060080579200517	0.17354369493424868	[-0.14057527204218406, -0.7001553526175167, 0.44063372073733564]	[0.06446846943297589, 0.06446846943297588, 0.0]	0.33934984858909184	[0.0, -0.6653167704184225, 0.6653167704184226]	2.236786985866986
3	[0.5109749349446353, 0.46263670952312524, -0.7244804282104115]	0.6691997953795513	0.3308002046204487	[0.3419443219090295, 0.3095963913479443, -0.48482215431489706]	0.8262813532335244	0.33219159367361384	[0.3429349014643155, 0.30299392715012297, -0.4865140774556155]	[-0.0792741592501498, -0.07927415925014981, 0.11211059115728644]	0.548400092058378	[0.0, 0.6453572673058698, -0.64535726730587]	2.236786985866986
3	[0.6108412428660861, 0.5627208847354543, 0.5569723349470446]	0.8629055372511867	0.13709446274881343	[0.5270982908505425, 0.4855749673651103, 0.4806145119215274]	0.9260185704742484	0.13070970702868345	[0.5024325581228886, 0.5024325581228887, 0.5157667254013665]	[-0.06321777638267745, -0.018657431135840976, 0.0]	0.2073674254836828	[0.45633649999999987, 0.4563365, 0.64535726730587]	2.236786985866986
3	[0.4732267562466389, 0.6436198970217282, 0.6015063302493369]	0.8549740216729498	0.1450259783270503	[0.4045965829514335, 0.5502782917853968, 0.5142722862350129]	0.9207215808554242	0.147041155532794	[0.43571008711448983, 0.5414318251203781, 0.5026569553462416]	[0.0, -0.0511629039354728, -0.05116290393547281]	0.19308872633277022	[0.45633649999999987, 0.4563365, 0.64535726730587]	2.236786985866986
3	[-0.6056136601508405, 0.49226818207101697, 0.6252232653694184]	0.8612831754591085	0.13871682454089146	[-0.5216048563161293, 0.4239823030316081, 0.5384942793682855]	0.9264422641382208	0.13525172009500952	[-0.5089670226584233, 0.4095797643099702, 0.5792332575607356]	[0.05209906784475653, -0.046478284851108755, 0.0]	0.154855204475437	[-0.45633649999999987, 0.4563365, 0.64535726730587]	2.236786985866986
3	[-0.18693257288013515, -0.8013266046304215, 0.5682709616968765]	0.8445062411038365	0.15549375889616346	[-0.15786572446287192, -0.6767253187729374, 0.47990837379109147]	0.9168760389396494	0.15092393574093252	[-0.11437980592262101, -0.6777029721019846, 0.5210340284050573]	[0.057014191048514636, 0.05701419104851463, 0.0]	0.25071966575516447	[0.0, -0.6653167704184225, 0.6653167704184226]	2.236786985866986
3	[0.002819458647443705, -0.6973179621469923, -0.7167563814296327]	0.9058690083374457	0.09413099166255437	[0.0025540602090082646, -0.6316787308659844, -0.6492873924651973]	0.9522080927287547	0.08834985372424219	[0.0, -0.6453572673058698, -0.64535726730587]	[-0.0026847113412099646, 0.01863453945561974, 0.03714395960640452]	0.08834985372424219	[0.0, -0.6453572673058698, -0.64535726730587]	2.236786985866986
3	[-0.8555866756498043, -0.37234580260102185, -0.35962486529148335]	0.6944193326830381	0.3055806673169618	[-0.5941359283572362, -0.2585641237695318, -0.24973045897193935]	0.8435002723227856	0.28932757221340105	[-0.6502710559271836, -0.2426572479130349, -0.20234543521953138]	[0.07141653797917315, 0.07141653797917316, 0.10099823658787993]	0.49805793611671795	[-0.64535726730587, -0.6453572673058698, 0.0]	2.236786985866986
3	[0.670897516479804, -0.3308724047014078, -0.6636414500227807]	0.6500835939082293	0.3499164060917706	[0.4361394686572965, -0.2150947219733493, -0.4314224188972779]	0.8137156804515172	0.3536377104601205	[0.46091149474796045, -0.18422772954659966, -0.41979551467537635]	[-0.08500833438763616, 0.08500833438763619, 0.12021993940574227]	0.7348285564154083	[0.64535726730587, -0.6453572673058698, 0.0]	2.236786985866986
3	[-0.542816183435004, -0.3304546552852426, -0.7721077073837352]	0.6509473298876202	0.34905267011238	[-0.35334474522680437, -0.21510857550686263, -0.5026014505070944]	0.8156049512874105	0.3511529259176488	[-0.358577375701692, -0.18537426187978573, -0.5107341843274561]	[0.08414619114683254, 0.08414619114683257, 0.11900068474188949]	0.6402177271181189	[0.0, -0.6453572673058698, -0.64535726730587]	2.236786985866986
3	[0.26912825269004914, 0.03529700841057871, 0.9624573262234875]	0.8406142643274587	0.1593857356725413	[0.22623304814478007, 0.02967116875801873, 0.8090553572299298]	0.9122033153998982	0.16879914440683697	[0.24549968437164438, 0.03219804809582798, 0.7953488633717507]	[0.0, 0.0, -0.08260790054023584]	0.27153781896162144	[0.0, 0.0, 0.97]	2.236786985866986
3	[-0.25997242779030083, 0.9582914325026617, 0.11870917058430358]	0.8437456527010522	0.15625434729894766	[-0.2193506057702044, 0.8085542301947848, 0.10016034661625377]	0.9164344147955562	0.1588207579178296	[-0.18093058151225633, 0.8208941499364442, 0.10878916927529211]	[0.057317098212727915, -0.0573170982127279, 0.0]	0.2863214842034932	[1.8787276016459633e-16, 0.9409, 0.0]	2.236786985866986
3	[-0.2721718199665877, -0.694133976820097, -0.6664086753937051]	0.7560124515388769	0.24398754846112317	[-0.20576528485273776, -0.5247739295121915, -0.5038132564111706]	0.8802273009072776	0.22646343030713384	[-0.18491641217268487, -0.5563390225848628, -0.5092949278586676]	[0.05465665429952609, 0.054656654299526104, 0.07729618178432757]	0.2773081837188374	[0.0, -0.6453572673058698, -0.64535726730587]	2.236786985866986
3	[0.7696664563693288, 0.5162155319953196, 0.3756794783677559]	0.8273111451386997	0.1726888548613003	[0.6367536373937545, 0.4270708629134309, 0.3108038194535375]	0.9054956484445934	0.17512788332478552	[0.6052604059874533, 0.4674309178812726, 0.3401761328719377]	[-0.0916692210087444, 0.0, 0.0]	0.41625164594425834	[0.64535726730587, 0.6453572673058698, 0.0]	2.236786985866986
3	[-0.06314638359111156, -0.20009060559607456, 0.9777403969313943]	0.8936984267067696	0.10630157329323038	[-0.05643382366759858, -0.17882065942001657, 0.8738050544652395]	0.9430594640656914	0.10989972886023194	[-0.05955079466712023, -0.1886973392780137, 0.8684919844649062]	[0.0, 0.0, -0.05357535026059095]	0.20996102008014536	[0.0, 0.0, 0.97]	2.236786985866986
3	[-0.26577590768446113, -0.9471085310317797, 0.17985715815981654]	0.8314071746961721	0.1685928253038278	[-0.22096799651024843, -0.787432827915774, 0.14953453171453565]	0.9092181696388019	0.17235927569005763	[-0.17938160989773475, -0.798861610612787, 0.1635293961385049]	[0.0622666744212221, 0.06226667442122209, 0.0]	0.3209734822448688	[1.8787276016459633e-16, -0.9409, 0.0]	2.236786985866986
3	[-0.3291920728580172, 0.7155988871664101, 0.6160769528667969]	0.8422041357081907	0.15779586429180925	[-0.27724692520337413, 0.6026803422797294, 0.5188625576189165]	0.9155382192617941	0.15514621752618366	[-0.24345613120578347, 0.5972263378883123, 0.5640419963558996]	[0.05793179297374438, -0.05793179297374437, 0.0]	0.2902413264270604	[-0.45633649999999987, 0.4563365, 0.64535726730587]	2.236786985866986
3	[0.3827587229385273, -0.8321056707083291, 0.4013675532345752]	0.8248716328526938	0.17512836714730623	[0.31572681277891484, -0.6863803633031653, 0.3310767090106945]	0.9033464880194032	0.1768604245760501	[0.31210598020518376, -0.6746799498245781, 0.3625739696193944]	[-0.033657767920126626, 0.07699978547082104, 0.0]	0.4540342933135396	[0.45633649999999987, -0.4563365, 0.64535726730587]	2.236786985866986
3	[0.47552094709255976, -0.1984297990429953, -0.8570329303637938]	0.6730257822227529	0.32697421777724717	[0.32003785738027424, -0.13354837071721556, -0.5768052583487504]	0.8287554623112162	0.3228426683128782	[0.315945449373344, -0.0863046468691816, -0.5997568155356917]	[-0.07814513297301767, 0.07814513297301769, 0.11051390688389058]	0.518257053614488	[0.0, 0.0, -0.912673]	2.236786985866986
3	[-0.2691052909429353, -0.8396755536097938, -0.4717280011368885]	0.8061369177877679	0.19386308221223214	[-0.21693570980111834, -0.6768934627287368, -0.38027735687067593]	0.8941257355429086	0.19699190300145217	[-0.16799548816261567, -0.6781570439485313, -0.42178414599270647]	[0.07261847804022475, 0.07261847804022474, 0.0]	0.37459895365037343	[0.0, -0.6453572673058698, -0.64535726730587]	2.236786985866986
3	[-0.7925675299183911, -0.48918774518014896, 0.3640495302628776]	0.8161784692568727	0.18382153074312732	[-0.6468765533514931, -0.39926450504035504, 0.297129388343639]	0.9001740935243627	0.19199808632469118	[-0.6449788096563243, -0.37188418693596087, 0.3277079559023559]	[0.06846994814480668, 0.06846994814480667, 0.0]	0.42260127962897287	[-0.64535726730587, -0.6453572673058698, 0.0]	2.236786985866986
3	[0.800988583967639, -0.29950906587560844, 0.5183740037963296]	0.7992871012476219	0.20071289875237802	[0.6402198434119316, -0.23939373306109812, 0.41432965485649204]	0.8884486535732935	0.20853890527851535	[0.6034324229197223, -0.26609842631017916, 0.46054868572024643]	[-0.10820480603390535, 0.0, 0.0]	0.3993803353807123	[0.45633649999999987, -0.4563365, 0.64535726730587]	2.236786985866986
3	[-0.37652641502640966, -0.9216461821438335, 0.09378791887581]	0.8427554344633365	0.1572445655366635	[-0.3173196824825043, -0.7767223286541018, 0.07904027831959541]	0.9158589042565916	0.1623229052239432	[-0.2871332326944184, -0.7863860252951907, 0.08589650061410545]	[0.057711837195331746, 0.05771183719533174, 0.0]	0.3881350704812461	[-1.8223657735965844e-16, -0.912673, 0.0]	2.236786985866986
3	[0.8661068170909243, -0.3186680382648219, -0.3851099359625488]	0.6952787027426958	0.30472129725730435	[0.602185624223583, -0.22156310025032508, -0.26775873668936356]	0.8428840629823069	0.29019066953905703	[0.6583298961733974, -0.19690247404237976, -0.2232071157550295]	[-0.0716977367928745, 0.07169773679287451, 0.10139591176393961]	0.5020232970484038	[0.912673, 0.0, 0.0]	2.236786985866986
3	[0.8188195228428631, -0.15935434817193742, -0.5514896016518198]	0.6674133273391557	0.33258667266084424	[0.5464910622308151, -0.10635521573939505, -0.3680715100313866]	0.8251215109060662	0.32423530803970413	[0.5958221642090734, -0.05168326289466641, -0.34218682953169366]	[-0.0798034376384139, 0.07980343763841392, 0.1128591038322405]	0.5816726434910543	[0.912673, 0.0, 0.0]	2.236786985866986
