3	[0.3250110656836271, 0.7775034810032938, -0.5383828973982677]	0.7720374866564566	0.2279625133435429	[0.250920726285924, 0.6002618333404296, -0.4156517789661796]	0.8875475230346852	0.20832014307820435	[0.23871738899332084, 0.6403259114008665, -0.40748981976097004]	[-0.04974537731304579, -0.049745377314452305, 0.07035058726909948]	0.36920633507729733	[0.0, 0.6256028251598611, -0.6256028251598612]	2.104154730956567
3	[-0.4341685227764889, 0.8023775275087609, 0.40949724929358083]	0.7984279105405524	0.20157208945944743	[-0.34665226646291025, 0.6406406127535148, 0.32695403312557736]	0.8899532903993822	0.20881027731783303	[-0.3116875219554594, 0.6393763372156513, 0.3644334243953457]	[0.0747021834773161, -0.07470218353329132, -2.2972786296120786e-11]	0.4199710838192516	[-0.4423679999999998, 0.44236799999999993, 0.6256028251598612]	2.104154730956567
3	[-0.00018597087446875835, 0.19403551534995808, 0.9809944873431806]	0.8948104862422859	0.10518951375771397	[-0.0001664086886090134, 0.1736250138385684, 0.8778041542205536]	0.9433636973006465	0.10809603437661452	[-6.988773249064457e-11, 0.18287062308885427, 0.8734767527892568]	[0.0001754381018315097, -0.0001754380793185487, -0.05195783382235852]	0.1951680924257163	[0.0, 0.0, 0.96]	2.104154730956567
3	[-0.9134467427625563, 0.1800589597762001, -0.36495728399470145]	0.6962558376237835	0.30374416237621665	[-0.6359926270068602, 0.12536710186064545, -0.25410363946463177]	0.8438548726544806	0.27962005649079924	[-0.7017428771089512, 0.08287002289503327, -0.21028614962520556]	[0.06907360768159557, -0.06907360767721024, 0.09768483278446839]	0.4096123214649335	[-0.96, 0.0, 0.0]	2.104154730956567
3	[0.036418214177894016, 0.2437036936115434, -0.9691657357728781]	0.8253009073763263	0.17469909262367336	[0.03005598520604118, 0.20112887946856894, -0.7998533611314016]	0.9157229021428831	0.15180915473660012	[5.368495950284336e-12, 0.18678719087774684, -0.8332236714407562]	[-0.03334899277247386, -0.03637786269915579, 0.054263588778626706]	0.25095871338415654	[0.0, 0.0, -0.9216]	2.104154730956567
3	[0.42766433980085833, -0.8956209149656915, 0.12233719442064098]	0.8383923571091446	0.16160764289085527	[0.3585505138971678, -0.750881729974335, 0.10256656879244093]	0.9120929533509131	0.16446266729941006	[0.3900696306119842, -0.7358743914455506, 0.11158289298031122]	[-1.1984919648768866e-10, 0.08101513396835384, 1.6523949018792593e-11]	0.35306796715145045	[0.6516696095415222, -0.6516696095415221, 0.0]	2.104154730956567
3	[-0.8656474513486602, -0.36407437372978313, -0.343663120463682]	0.6877344072396068	0.3122655927603931	[-0.5953355368317473, -0.2503864736081834, -0.2363489524422039]	0.8385138731651128	0.29338657093878995	[-0.6544211023670498, -0.23384511840946848, -0.18714011716436862]	[0.07143629485882351, 0.07143629482685478, 0.10102617703964212]	0.49408794139947404	[-0.6256028251598612, -0.6256028251598611, 0.0]	2.104154730956567
3	[-0.9120406305482128, -0.4085118380345816, -0.0360550470090689]	0.8399825344313315	0.16001746556866855	[-0.7660982003522374, -0.3431428090574895, -0.03028560976571808]	0.9221799130995323	0.13734674132416652	[-0.8008064941628895, -0.3364623561468834, -1.8458979778800907e-12]	[0.04025905525930369, 0.04025905515197688, 0.03324924011577687]	0.35807643993861726	[-0.6516696095415222, -0.6516696095415221, 0.0]	2.104154730956567
3	[0.802722930079079, 0.45038130143973615, 0.3908869156657814]	0.8011925630665522	0.19880743693344796	[0.6431356417823499, 0.36084214925775165, 0.31317568983144656]	0.8896245515252433	0.20539408996771907	[0.6081615961739302, 0.40067026329373784, 0.34774259704601684]	[-0.1059604304966997, -1.4942565240588883e-11, -2.3960777307030855e-13]	0.43012956978321687	[0.4423679999999998, 0.44236799999999993, 0.6256028251598612]	2.104154730956567
3	[-0.14958043120067518, 0.9280395187368349, 0.34112804965954363]	0.8146397359008355	0.18536026409916453	[-0.12185416296925122, 0.7560178684493136, 0.2778964642830177]	0.8997284632519567	0.1844730688780976	[-0.06651519537821067, 0.7669169938053997, 0.3069226158985058]	[0.06806657611853785, -0.06806657622477838, 6.187433290092721e-12]	0.37253740626179555	[1.8401906235273885e-16, 0.9216, 0.0]	2.104154730956567
3	[0.882123631622142, 0.19330541446475094, -0.42952405668643806]	0.6810373838516328	0.31896261614836696	[0.6007591703136453, 0.13164821375142957, -0.2925219398670722]	0.8326634856757464	0.30267338584731107	[0.660487819432049, 0.08693404181101239, -0.2529628029106661]	[-0.07402431847139167, -0.07402431839720192, 0.10468619531145044]	0.471025182981022	[0.8847359999999999, 0.0, 0.0]	2.104154730956567
3	[0.5154939223227782, -0.3537189167428841, -0.7804799446408076]	0.6508434691772468	0.3491565308227531	[0.3355058527443432, -0.2302156468865562, -0.5079702747932889]	0.812879226713748	0.3514844745790228	[0.3362580587345294, -0.20475451729957891, -0.5173726494694996]	[-0.08277624221884762, 0.08277624221640112, 0.11706328439570887]	0.6030271683320155	[0.0, -0.6256028251598611, -0.6256028251598612]	2.104154730956567
3	[-0.18020416114016563, -0.8291302512017154, -0.5292159170413807]	0.798498645029826	0.20150135497017344	[-0.1438927784991586, -0.6620593821378095, -0.4225781926857596]	0.8899963317653286	0.19776669453641385	[-0.12255313164343742, -0.6647237184509237, -0.43562897214686314]	[0.0378279107401582, 0.07319916367426796, 0.035371252731790224]	0.28842224064744665	[0.0, -0.6256028251598611, -0.6256028251598612]	2.104154730956567
3	[-0.7960152374791033, 0.3070976989375191, -0.5215848397033485]	0.6466245755593792	0.35337542444062064	[-0.5147230150737238, 0.19857691923073534, -0.3372695755913846]	0.7888489864485196	0.34600145101002083	[-0.5659952732930109, 0.18031316829359034, -0.29634385105726]	[0.0619405399899573, -0.06194054025394423, 0.11510782108963998]	0.6270970770463865	[-0.96, 0.0, 0.0]	2.104154730956567
3	[0.056057202245361565, 0.4011216630813606, 0.9143079358089735]	0.8571838083196675	0.1428161916803327	[0.048051326104424925, 0.3438349947595992, 0.7837299583936298]	0.9216542488786069	0.14360665311227314	[0.051665358590348244, 0.33538357533945884, 0.7867066570244069]	[-3.933663786474349e-11, -0.034311909756730374, -0.055969136797361776]	0.367281327899404	[0.0, 0.6516696095415221, 0.6516696095415222]	2.104154730956567
3	[-0.23769481941201118, -0.11551148820200527, 0.9644471312197728]	0.8390679364213652	0.16093206357863474	[-0.19944210162208525, -0.09692198603861739, 0.8092366641800804]	0.9108659103961254	0.16975342241060573	[-0.2165081080244428, -0.10521547686143175, 0.7963360375014574]	[5.5721264488881186e-11, 8.990801736669996e-13, -0.08214597670597203]	0.2643132763559872	[0.0, 0.0, 0.96]	2.104154730956567
3	[0.9594294997721994, -0.10872397539467572, 0.2601425227471381]	0.8172474322200108	0.1827525677799891	[0.7840912950849596, -0.08885438971205123, 0.2126008087263337]	0.899434406551197	0.19509996336724414	[0.7664009330989557, -0.09779008428077701, 0.23398113556903635]	[-0.09654296965636398, 6.2200865230202915e-12, 3.232913851540784e-12]	0.28194921606093754	[0.96, 0.0, 0.0]	2.104154730956567
3	[-0.9705434889992891, -0.09632939327280118, 0.2208302152169867]	0.8324219241387277	0.16757807586127227	[-0.8079016785731024, -0.08018669889926146, 0.18382391265889336]	0.9085483130341984	0.17792097836928344	[-0.7939920303827565, -0.08751990773897539, 0.2006349195051853]	[0.08779361927387261, 1.463600171207552e-11, 2.81319945581125e-12]	0.24115659045807725	[-0.96, 0.0, 0.0]	2.104154730956567
3	[0.6546620075265115, -0.33805347936521724, 0.6761194428430739]	0.7907142977956252	0.2092857022043749	[0.5176506095747997, -0.26730371955363574, 0.5346173104736305]	0.8831272518129946	0.20836647852713858	[0.46595202133311436, -0.29854424019758774, 0.5970995054533024]	[-0.11219783824015177, 3.765552304581433e-14, -2.034907188858926e-12]	0.24187226692839955	[0.4423679999999998, -0.44236799999999993, 0.6256028251598612]	2.104154730956567
3	[-0.5443705237841608, -0.47920061531305314, -0.6884965527281526]	0.6450386141632277	0.3549613858367721	[-0.3511400082530454, -0.30910290080769814, -0.4441068622279272]	0.7876917552057575	0.3563731805973855	[-0.3551081191880311, -0.30377431764933843, -0.44271779013140306]	[0.07368805417379211, 0.07368805612227945, 0.0996052679401487]	0.5672111557264233	[0.0, -0.6256028251598611, -0.6256028251598612]	2.104154730956567
3	[0.8849441313699953, 0.3652531521974345, 0.28890140041827816]	0.8062751753176424	0.19372482468235785	[0.7135084846666615, 0.2944945493233079, 0.23293402727175955]	0.892748996805081	0.20407847392715986	[0.6870720225755068, 0.32607938515024304, 0.2579164354030815]	[-0.10296096293360028, -5.391048281763569e-11, 4.08078914046813e-12]	0.4656972489423485	[0.8847359999999999, 0.0, 0.0]	2.104154730956567
3	[-0.0946035957855353, 0.7127331833516167, -0.6950263081451793]	0.8219197943674945	0.17808020563250546	[-0.0777565679944726, 0.5858095114992505, -0.5712558802706847]	0.9158361527499959	0.15442766809103098	[-0.04941000074193141, 0.6155154241526789, -0.5838770799184133]	[0.037231392458608625, -0.03723139242532386, 0.052653140193300356]	0.14615457448875604	[0.0, 0.6256028251598611, -0.6256028251598612]	2.104154730956567
3	[-0.8665279513224694, 0.3243358013141649, 0.3793884520683025]	0.7953823120608354	0.20461768793916488	[-0.6892210053882046, 0.25797095953336374, 0.3017588641752678]	0.8873840639005816	0.20863101375034948	[-0.6814403884955014, 0.23805687866023503, 0.3366632663934706]	[0.08750270643247718, -0.049753542778380205, 1.4909284793667041e-13]	0.5044450235153098	[-0.4423679999999998, 0.44236799999999993, 0.6256028251598612]	2.104154730956567
3	[-0.5578337547883747, -0.6983624372220631, 0.4484544662459758]	0.8131821853553709	0.1868178146446287	[-0.45362047178380227, -0.5678958928703413, 0.36467518289427886]	0.8988569238557127	0.19262561439526157	[-0.4327545361183197, -0.5590697152772561, 0.403096402009864]	[0.06865819673364082, 0.06865819678054591, -9.349590736200776e-12]	0.33203468716893536	[-0.4423679999999998, -0.44236799999999993, 0.6256028251598612]	2.104154730956567
3	[0.4700823827733239, -0.48173766045396643, -0.7395616133267688]	0.6662419819030742	0.33375801809692585	[0.3131886183566187, -0.32095385365820084, -0.4927269950022615]	0.8230742350194913	0.33336358575924574	[0.3086464011489266, -0.31823955985684554, -0.49802885105969463]	[-0.07826629644836676, 0.07826629650138224, 0.1106852580790163]	0.5046397106948384	[0.0, -0.6256028251598611, -0.6256028251598612]	2.104154730956567
3	[-0.5743041548288251, 0.15661431879424942, -0.8035214327539509]	0.64628794670581	0.3537120532941899	[-0.37116585300893695, 0.10121794651826464, -0.5193062169086616]	0.8115977020271168	0.34916991004869374	[-0.3827607845891208, 0.043764673505208726, -0.5342711384945646]	[0.08334314773457889, -0.08334314773274638, 0.11786500985807832]	0.6007904069124281	[0.0, 0.0, -0.8847359999999999]	2.104154730956567
3	[-0.27321334538383074, 0.9284012335025322, -0.25184443121727373]	0.7939849016348636	0.2060150983651367	[-0.21692727115991287, 0.7371365620601937, -0.19996067594733524]	0.887242761345547	0.20374187090110313	[-0.19870835581137, 0.7484888801015048, -0.19191696188314358]	[0.043698207183434486, -0.07522839394789328, 0.03153018669956913]	0.37164150253723355	[1.8401906235273885e-16, 0.9216, 0.0]	2.104154730956567
3	[-0.3998260039937436, -0.6053196966017631, 0.6882784548686267]	0.8498115827715044	0.15018841722849582	[-0.33977676928712913, -0.5144076894519108, 0.584907003119433]	0.9203173942280759	0.14435816257078612	[-0.3141783011460875, -0.5030195622374223, 0.6331564755248936]	[0.05378852499405905, 0.054066683614042314, -0.0002781585631252151]	0.17969783362350167	[-0.4423679999999998, -0.44236799999999993, 0.6256028251598612]	2.104154730956567
3	[0.6508980740440835, 0.5825619344962585, -0.48677848112019056]	0.6860749424192216	0.3139250575807782	[0.446564858670577, 0.3996811456651509, -0.33396651840545094]	0.835883407783314	0.30629205174935276	[0.4714749716046412, 0.41435392640388524, -0.30421825190958274]	[-0.0725999286469232, -0.07259992864768709, 0.10267180372474784]	0.4893318481019917	[0.6256028251598612, 0.6256028251598611, 0.0]	2.104154730956567
3	[-0.4822535042821636, 0.2076785807285885, 0.8510588491485958]	0.7897292502005855	0.21027074979941426	[-0.3808496983433581, 0.16400984984151007, 0.6721060668146939]	0.8804015949659121	0.22111213351373193	[-0.424576754323426, 0.18284055371239907, 0.6390516782436126]	[2.4491293038492957e-11, -1.3071953232635658e-12, -0.1102218899566649]	0.3278725296858578	[-0.4423679999999998, 0.44236799999999993, 0.6256028251598612]	2.104154730956567
3	[-0.7667129585341538, -0.21717061744090388, 0.6041425015144536]	0.7579415668112391	0.24205843318876086	[-0.581123621085857, -0.16460263804852293, 0.4579047141751265]	0.8623057557008679	0.25365988865721195	[-0.5289545238852439, -0.1872674733385101, 0.5209555563867433]	[0.13218647322919774, 4.98925573765231e-11, 6.730965787190187e-11]	0.3954415996439367	[-0.4423679999999998, -0.44236799999999993, 0.6256028251598612]	2.104154730956567
3	[-0.16509556563678984, -0.6493980067248306, 0.7423110419957967]	0.8757099425546853	0.1242900574453146	[-0.1445758282998268, -0.5686842911641299, 0.6500491599438466]	0.932476067749983	0.12432244742583776	[-0.15394766383692987, -0.5714887996364004, 0.6460720131651659]	[1.1023147696899401e-11, 0.03405930007904717, -0.04611526832246679]	0.18835491830491496	[0.0, -0.6516696095415221, 0.6516696095415222]	2.104154730956567
3	[-0.8400077372572654, 0.5216390497379884, 0.14926387083409495]	0.8273146424790605	0.1726853575209395	[-0.6949507008286392, 0.4315596239371006, 0.12348818593414987]	0.907247476815026	0.18009838842570844	[-0.6991323995571439, 0.41029321113343087, 0.13541927019478747]	[0.06296250057460949, -0.06296250054954651, 9.108681882111402e-13]	0.2732378084575217	[-0.6516696095415222, 0.6516696095415221, 0.0]	2.104154730956567
3	[0.42091944114580687, -0.7688266056295766, -0.4813859932960296]	0.7569897924814124	0.24301020751858726	[0.31863172040435656, -0.5819938926497222, -0.36440428316862006]	0.8789288727575411	0.22447781406328798	[0.316400257591885, -0.6221859094872247, -0.34736160928050763]	[-0.053557992336133294, 0.05355799234478573, 0.07574243916844091]	0.46742349301182573	[0.0, -0.6256028251598611, -0.6256028251598612]	2.104154730956567
3	[-0.5627379067032513, -0.09880880506420255, -0.8207087597930384]	0.6555616450110341	0.3444383549889659	[-0.3689093878284491, -0.0647752627894631, -0.5380251846448899]	0.8177594129115705	0.33578427400212973	[-0.3795668161914502, -0.00018442640494221684, -0.5571320874528448]	[0.0806174040172869, 0.08061740401485294, 0.11401022612689361]	0.5749231418959344	[0.0, 0.0, -0.8847359999999999]	2.104154730956567
3	[-0.7172335228967242, 0.3236780153508262, 0.6170969259457582]	0.7818687046795058	0.21813129532049422	[-0.5607824454999804, 0.253073710595584, 0.4824887741509147]	0.8775828468204653	0.2223376033535218	[-0.5119113698213339, 0.2840542741643796, 0.5415536770358557]	[0.11752046703744452, -3.9656158018611515e-13, 2.1906288803353809e-13]	0.29951747604230256	[-0.4423679999999998, 0.44236799999999993, 0.6256028251598612]	2.104154730956567
3	[0.42956351779516044, -0.4598919234815048, 0.7771580295512159]	0.8600412510453804	0.13995874895461988	[0.3694423452480047, -0.3955260252166993, 0.6683879639951902]	0.9233371424957576	0.1368743854679821	[0.39663195102613313, -0.4065494618570285, 0.6554835001902354]	[-1.5275757682748982e-11, 0.018085832627261933, -0.06209537408321796]	0.1531013475996374	[0.4423679999999998, -0.44236799999999993, 0.6256028251598612]	2.104154730956567
3	[-0.4441015089686827, -0.5054954125191813, -0.7397622845575473]	0.6597633391482591	0.34023666085174065	[-0.2930018944779588, -0.33350734128778176, -0.48806803503563223]	0.820524196252791	0.33808664212913164	[-0.28500168181286806, -0.3353768652263512, -0.49471228465524464]	[0.07939435188831234, 0.07939435184042257, 0.11228056929946525]	0.474008779464549	[0.0, -0.6256028251598611, -0.6256028251598612]	2.104154730956567
3	[0.046814467694287085, -0.31486946972487456, -0.9479797585653803]	0.8095825213189041	0.190417478681096	[0.03790017479014327, -0.25491281918621034, -0.7674678430986465]	0.90832722453478	0.16625080159226063	[0.001969753275028422, -0.24545140927985254, -0.80372507578948]	[-0.0405531022337955, 0.04055310224608081, 0.05735074722336313]	0.319421772915202	[0.0, 0.0, -0.9216]	2.104154730956567
3	[0.5903105937608876, -0.7751860602889039, 0.22498883267272618]	0.8506008818129445	0.14939911818705576	[0.5021187115965335, -0.6593739464508439, 0.19137569946948582]	0.9177578863336417	0.14595896596104024	[0.5130502220595126, -0.6588337427765812, 0.18259787941034802]	[-0.028711980750836547, 0.05259937742946656, -0.02388739611204635]	0.26026960631044554	[0.6788225099390857, -0.6788225099390855, 0.0]	2.104154730956567
3	[-0.5005802197939991, -0.3153195029069573, -0.8062214674873777]	0.6444751307046139	0.355524869295386	[-0.32261150257988175, -0.20321557784967542, -0.5195896856357934]	0.7872800466632313	0.3536552738568535	[-0.30026626077673757, -0.15441419743095744, -0.5632073666222795]	[0.09383055802137265, 0.09383055553145875, 0.07151470792208187]	0.5968010365089649	[0.0, 0.0, -0.8847359999999999]	2.104154730956567
3	[-0.3470600964699847, -0.9352897083220022, 0.06915526693744163]	0.8320004114722549	0.16799958852774521	[-0.2887541430686277, -0.7781614221696711, 0.05753721054742365]	0.9100002415651057	0.17224025260199732	[-0.25473091049712726, -0.7900199991932375, 0.06293130970482418]	[0.06109386112816751, 0.06109386131314167, 8.625310559345401e-11]	0.35414766640609885	[1.8401906235273885e-16, -0.9216, 0.0]	2.104154730956567
3	[-0.5823232659116057, -0.7904095113060299, 0.1901378931591604]	0.8299910643821625	0.17000893561783748	[-0.48332310728847083, -0.6560328315866765, 0.15781275232255357]	0.9088215679325314	0.17739498702566106	[-0.467333971723488, -0.6564472394521685, 0.17280141820878087]	[0.0618939718458904, 0.06189397192176311, 2.448418324599158e-11]	0.24537745236974817	[-0.6516696095415222, -0.6516696095415221, 0.0]	2.104154730956567
3	[0.898295633071446, 0.35603163766722934, -0.2575003467662926]	0.7305945557002601	0.26940544429974006	[0.6562898989313168, 0.2601147761367254, -0.18812835143838244]	0.8470187746775386	0.23778620702997952	[0.76087326597393, 0.3015654814170512, -0.07124565260168632]	[-4.484300512796485e-10, -6.62828800364831e-11, 0.1468619755953401]	0.43960074983307573	[0.8847359999999999, 0.0, 0.0]	2.104154730956567
3	[-0.9284253285745718, -0.13808181841230865, -0.3449055242891136]	0.7095166288656867	0.29048337113431344	[-0.6587332092837476, -0.09797134630754512, -0.2447162048707641]	0.8520411777364255	0.2629292299341519	[-0.7256043621119133, -0.05219914689691784, -0.20131025190767776]	[0.06545224828709287, 0.06545224828709288, 0.09256345721541794]	0.372858376782421	[-0.96, 0.0, 0.0]	2.104154730956567
3	[0.9860011347815463, -0.14997046261515515, -0.07287401836388196]	0.8540686901591993	0.14593130984080033	[0.8421126976783597, -0.12808507656829474, -0.06223941741067811]	0.9226355871234231	0.11129527847302216	[0.9026860622512228, -0.13836808582610502, 0.0]	[-0.007033673642310484, 0.0, 0.06723616271920335]	0.16875372949784306	[0.96, 0.0, 0.0]	2.104154730956567
3	[-0.04834958995474442, -0.2654909294318255, -0.9629002458929136]	0.8126876946517665	0.1873123053482335	[-0.03929311679767945, -0.2157612113909051, -0.782537181014331]	0.9109453628274052	0.16092076893350007	[-0.004648913027114533, -0.20245280930189288, -0.821436681252756]	[0.0393949217367664, 0.039394921736766404, 0.0557128326087617]	0.272999682729086	[0.0, 0.0, -0.9216]	2.104154730956567
3	[0.5083228987278984, -0.8547325921274783, -0.10507153079644761]	0.8484272261072802	0.15157277389271992	[0.4312749869345227, -0.7251784022022016, -0.08914554741647569]	0.9195378941234879	0.14167494052798876	[0.46742216783099866, -0.7335242986841762, -0.04418254504146136]	[0.0, 0.05243470911943526, 0.05243470911943527]	0.2665605016175539	[0.6788225099390857, -0.6788225099390855, 0.0]	2.104154730956567
3	[-0.9242757874514296, -0.2829221709872863, 0.2562602464193005]	0.8105123219436703	0.18948767805632974	[-0.7491369146035725, -0.22931190573624952, 0.2077020873471644]	0.8972567608372374	0.19387042932737134	[-0.7595682756812184, -0.18410940722135333, 0.22993123863353382]	[0.06974442348773822, 0.06974442348773821, 0.0]	0.38339338556273417	[-0.96, 0.0, 0.0]	2.104154730956567
3	[-0.06889079567394185, 0.3975793607448141, 0.9149779834406706]	0.8551807506306704	0.14481924936932955	[-0.05891408235598574, 0.34000221615701226, 0.7824715586893298]	0.9204715237587971	0.14954386262230512	[-0.0634120156669492, 0.3659604799998275, 0.768917734919493]	[0.0, 0.0, -0.07329344370389261]	0.3723427131388172	[0.0, 0.6516696095415221, 0.6516696095415222]	2.104154730956567
3	[0.4627939954675316, 0.4749993593769372, -0.7484633099562714]	0.666595248603182	0.33340475139681813	[0.30849627846073907, 0.31663231605022163, -0.4989220861706611]	0.8233055276054173	0.3328681343432342	[0.3028568742467685, 0.3129056178198178, -0.5056734191766631]	[-0.07816398036424671, -0.07816398036424672, 0.11054056112018203]	0.5019505801082801	[0.0, 0.6256028251598611, -0.6256028251598612]	2.104154730956567
3	[0.6325661785202784, 0.28148587773129363, 0.7215439906409687]	0.7807536674854686	0.2192463325145314	[0.49387836380697503, 0.21977113138407373, 0.563348116945037]	0.8762306763841125	0.21585604539605938	[0.4423679999999998, 0.246646561037067, 0.6256028251598612]	[-0.11190589046253695, 0.0, -0.006636153800366461]	0.2669515154704839	[0.4423679999999998, 0.44236799999999993, 0.6256028251598612]	2.104154730956567
3	[0.023793693056283344, 0.04289796032026491, 0.9987960878833599]	0.9358354928152395	0.0641645071847605	[0.02226698246722146, 0.0401454338370837, 0.9347088291262574]	0.9662007811233086	0.06492906050475741	[0.02298948481678921, 0.04144804277003665, 0.9338882001790484]	[0.0, 0.0, -0.031149360116758798]	0.06254207594850877	[0.0, 0.0, 0.96]	2.104154730956567
3	[-0.2943098771635715, -0.7679763716068763, 0.5688532225956892]	0.8147682647895212	0.18523173521047878	[-0.2397943479269803, -0.6257227756934871, 0.4634835530942169]	0.8998052481949532	0.1837640483294651	[-0.19680711916436808, -0.6230147167585594, 0.5118571151442131]	[0.06801445290302557, 0.06801445290302556, 0.0]	0.32711484320483747	[0.0, -0.6516696095415221, 0.6516696095415222]	2.104154730956567
3	[0.221476007748747, -0.4106734513418808, 0.8844748127304841]	0.8410643725255289	0.15893562747447113	[0.18627557948665907, -0.34540280866575235, 0.7439002533837993]	0.9120650045919775	0.1640314272583679	[0.20200051602437377, -0.3745608832839358, 0.7256576323664838]	[0.0, 0.0, -0.08104089176803358]	0.3417784700710888	[0.4423679999999998, -0.44236799999999993, 0.6256028251598612]	2.104154730956567
3	[-0.6503901416184334, 0.6509630825253956, 0.3914584637922513]	0.8336167117954772	0.16638328820452283	[-0.5421760912401532, 0.5426537043550681, 0.3263263173910054]	0.9109464382072754	0.17102865157922986	[-0.5320190206172847, 0.532540939095785, 0.35659769329764307]	[0.060451562335152725, -0.06045156233515272, 0.0]	0.3763093166765104	[-0.4423679999999998, 0.44236799999999993, 0.6256028251598612]	2.104154730956567
3	[0.0436332048721218, -0.06677529962391429, -0.9968135245835722]	0.8637289847348099	0.13627101526519014	[0.037687263744923725, -0.05767576174952623, -0.8609767335584962]	0.9365940855959726	0.11213455410434699	[0.012817854075745892, -0.03449260314857633, -0.8939427323840454]	[-0.028048747543080756, 0.028048747543080763, 0.03966691918300384]	0.10963517449960895	[0.0, 0.0, -0.9216]	2.104154730956567
3	[-0.14906694810830792, -0.8342125868124517, -0.5309128035613311]	0.8033796626829025	0.1966203373170976	[-0.11975735448842212, -0.6701894265992189, -0.42652454903913617]	0.892958091885198	0.19316674200626363	[-0.060448080810785614, -0.6722544230115032, -0.47408288402554716]	[0.07266245673515884, 0.07266245673515882, 0.0]	0.27332249791300706	[0.0, -0.6256028251598611, -0.6256028251598612]	2.104154730956567
3	[-0.6557911630374385, -0.3963743825863497, 0.6425148241957486]	0.8084779876472418	0.1915220123527581	[-0.5301927198093526, -0.32045996318833, 0.5194590920993002]	0.8940976812209251	0.18887223655801144	[-0.48467513220903546, -0.3543974163658311, 0.5744710144634892]	[0.10166622602791191, 0.0, 0.0]	0.21897688251294517	[-0.4423679999999998, -0.44236799999999993, 0.6256028251598612]	2.104154730956567
3	[-0.28552847098575684, 0.9469432564362485, -0.1475532491897388]	0.8119636091608158	0.18803639083918416	[-0.23183872781976428, 0.7688834641664724, -0.11980786875550554]	0.8981271769508252	0.19315203046495083	[-0.1872873141487022, 0.7813219081988881, -0.13252158314470175]	[0.06915356543682116, -0.06915356543682116, 0.0]	0.3223984332106887	[1.8401906235273885e-16, 0.9216, 0.0]	2.104154730956567
3	[-0.3193872625986172, -0.1853516585086434, -0.9293204717307465]	0.6981175697193213	0.30188243028067874	[-0.22296985956465334, -0.12939724938149968, -0.6487749492150819]	0.8252191893012093	0.2821969359246433	[-0.14491934930702208, -0.03431059676239602, -0.7668930862826641]	[0.1186451486077413, 0.11864514860774128, 0.0]	0.36935493296541755	[0.0, 0.0, -0.9216]	2.104154730956567
3	[0.2810337746450933, -0.8702618085745263, 0.4045545723945357]	0.8095970071272041	0.19040299287279588	[0.22752410285432875, -0.7045613556390443, 0.3275261710302419]	0.8947815496362547	0.19553124653718496	[0.2514638363770626, -0.6817248858103366, 0.36198796719961507]	[1.9362200578144602e-17, 0.09696932385522765, 0.0]	0.4332439621129991	[0.0, -0.6256028251598611, 0.6256028251598612]	2.104154730956567
3	[-0.049678028172980324, -0.3072325353012995, 0.9503369206598155]	0.8650605438150313	0.13493945618496875	[-0.042974502066976804, -0.265774744065413, 0.8220989733934821]	0.9128480615411281	0.13411739074318718	[0.0, -0.23510813257326682, 0.8487611432927193]	[0.04534849171889063, 0.045348491718890625, -0.018752072542558108]	0.3113729473367177	[0.0, 0.0, 0.96]	2.104154730956567
3	[-0.14151953167809056, -0.9882797815310014, 0.0572301980657959]	0.860821994407572	0.139178005592428	[-0.12182312550675935, -0.8507329725701962, 0.049265013239338795]	0.9266205670960149	0.13640418308555177	[-0.08132329787692467, -0.8659487607899924, 0.053030678586745046]	[0.04981161082178988, 0.04981161082178987, 0.0]	0.16658111142040816	[1.8401906235273885e-16, -0.9216, 0.0]	2.104154730956567
3	[-0.9193028320914569, 0.3682507660334217, -0.13882966622600743]	0.7753497487597386	0.2246502512402613	[-0.7127812198962273, 0.28552313892459497, -0.10764154682873323]	0.8905559733369125	0.1925595189763627	[-0.7702760932376911, 0.2795333841900608, -0.055167096256642026]	[0.04841453518689665, -0.048414535186896666, 0.06846849227729869]	0.39564954490609827	[-0.96, 0.0, 0.0]	2.104154730956567
3	[0.26614320307009814, 0.525598084651251, -0.8080312177574113]	0.7132478452088414	0.2867521547911586	[0.1898260661067266, 0.37488170132339904, -0.5763265249269497]	0.8528699461627914	0.2750290504509496	[0.1618999116181292, 0.3831811825039204, -0.597100563840138]	[-0.06508562765585828, -0.06508562765585829, 0.09204497734648019]	0.3378065586845995	[0.0, 0.6256028251598611, -0.6256028251598612]	2.104154730956567
3	[-0.2408160895132035, -0.029964541649743767, -0.9701081059733959]	0.7585797960864299	0.24142020391357014	[-0.1826782200772574, -0.02273049589448596, -0.7359044092110913]	0.875779192764501	0.2176957139126158	[-0.15595041042342397, 0.0, -0.7718876059935129]	[0.054951310055153205, 0.026242322097570867, 0.0777128879501667]	0.24747383512168852	[0.0, 0.0, -0.9216]	2.104154730956567
3	[0.5973588228671314, -0.7944560794217789, -0.10955352396235898]	0.8694892927570647	0.1305107072429353	[0.5193971004169348, -0.6907710546229929, -0.09525561606907565]	0.931516254591245	0.11916127876401426	[0.5564494533242252, -0.695419975909756, -0.057422112688224516]	[0.0, 0.04462877563046433, 0.04462877563046434]	0.17891179199604848	[0.6788225099390857, -0.6788225099390855, 0.0]	2.104154730956567
3	[0.6197702497589663, 0.19415633083075332, -0.7603868467510783]	0.6433186375729902	0.3566813624270097	[0.39870975268321013, 0.12490438622621099, -0.4891710302803258]	0.8078153325519	0.35718792377876557	[0.4156435634451324, 0.07182611398742064, -0.4940208825683732]	[-0.08501634696968105, -0.08501634696968108, 0.12023127090793977]	0.6612673855572163	[0.0, 0.0, -0.8847359999999999]	2.104154730956567
3	[-0.006529993679506635, -0.13584444630828008, 0.9907086582793866]	0.9083781649851067	0.09162183501489328	[-0.005931703675954582, -0.1233981288609333, 0.8999381130426863]	0.949172748220765	0.0899814910213937	[0.0, -0.12274175438631683, 0.9019260734252786]	[0.0061980920466415375, 0.006198092046641537, -0.038427586439873575]	0.13942516309324413	[0.0, 0.0, 0.96]	2.104154730956567
3	[-0.02326142392409699, 0.5206543965570728, -0.8534505876164207]	0.8216222989066922	0.1783777010933077	[-0.019112104600359697, 0.4277812622350988, -0.7012140338006709]	0.9105820769143564	0.1627492717248357	[0.0, 0.45291712606274076, -0.7073071861575606]	[0.021181435708789536, -0.021181435708789543, 0.06982962245797769]	0.25193227138584656	[0.0, 0.6256028251598611, -0.6256028251598612]	2.104154730956567
3	[-0.5624812591332691, 0.74274176037644, -0.3632485519816412]	0.7408327532545183	0.2591672467454818	[-0.41670453985776784, 0.5502474232967857, -0.26910642488027625]	0.8707903029021693	0.23797164958590575	[-0.43264499073167983, 0.5896140872105176, -0.23547936506641493]	[0.057158235285773136, -0.05715823528577315, 0.08083395154245279]	0.3849652049510481	[-0.6516696095415222, 0.6516696095415221, 0.0]	2.104154730956567
3	[0.05651616896963574, -0.07584795636522534, -0.995516453987685]	0.8522349174559285	0.14776508254407147	[0.04816505259676282, -0.06464027683211868, -0.8484138829902134]	0.9307532464101834	0.12281221488698055	[0.021970059851134968, -0.039963183728491454, -0.8832592067248537]	[-0.030632547892019968, 0.030632547892019975, 0.04332096467893801]	0.12004429186720665	[0.0, 0.0, -0.9216]	2.104154730956567
3	[-0.4190967468538468, -0.005998420409635007, -0.9079217674057122]	0.7019151515746272	0.29808484842537275	[-0.2941703565923511, -0.004210382171037294, -0.6372840449864839]	0.835352856784316	0.28966418628097673	[-0.27725903730333856, 0.0, -0.6554313241887949]	[0.07283462745003563, 0.005010797625381952, 0.10300371795023214]	0.419362800350474	[0.0, 0.0, -0.9216]	2.104154730956567
3	[-0.3435991741891739, 0.9190390325182507, -0.19314984909244817]	0.7994800454117619	0.20051995458823824	[-0.2747006833842046, 0.7347533674528727, -0.15441945012370542]	0.8905931573894837	0.2086149085918673	[-0.23173924591217446, 0.7442220462292243, -0.17201793395254572]	[0.07426782750538113, -0.07426782750538113, 0.0]	0.3941748536656803	[1.8401906235273885e-16, 0.9216, 0.0]	2.104154730956567
3	[0.2017951317312817, -0.9505822173789635, 0.235949513270207]	0.8224997008562414	0.17750029914375867	[0.16597643548322508, -0.7818535894334601, 0.194068404081921]	0.9026061298883253	0.18482933608313132	[0.18214152288227708, -0.7682431456741698, 0.2129694770218556]	[1.79223286568548e-17, 0.08975819069491932, 0.0]	0.31182273317879555	[1.8401906235273885e-16, -0.9216, 0.0]	2.104154730956567
3	[0.773680262255319, -0.4033464444766593, -0.488600550065775]	0.6622010695106374	0.3377989304893626	[0.5123318971247427, -0.2670964469157568, -0.32355180681704193]	0.8204203306296232	0.33285058820332253	[0.5553027173810876, -0.25147332415578894, -0.2885122763313973]	[-0.0794402991800348, 0.07944029918003483, 0.11234554849938151]	0.5568261161760766	[0.6256028251598612, -0.6256028251598611, 0.0]	2.104154730956567
3	[0.07227587025157346, 0.95646664736232, 0.2827503334442972]	0.8382489081756965	0.16175109182430372	[0.06058516932582986, 0.8017571228579334, 0.23701515829599623]	0.9120080577200899	0.16723807634723603	[0.06591617604816685, 0.7912119153297905, 0.25787058242424127]	[1.6192194712945377e-17, -0.08109337400516516, 0.0]	0.2939170556156479	[1.8401906235273885e-16, 0.9216, 0.0]	2.104154730956567
3	[-0.7929808338988992, -0.00991516019342563, 0.6091658942089136]	0.7401623739809013	0.25983762601909866	[-0.5869345765399641, -0.007338828507166856, 0.4508816744058681]	0.8506819651405988	0.2771096212983483	[-0.5312291806349212, -0.008434647958027175, 0.5182064399822688]	[0.14334531346502516, 0.0, 0.0]	0.5569694701242376	[-0.4423679999999998, -0.44236799999999993, 0.6256028251598612]	2.104154730956567
3	[0.8693840676576888, 0.2901848781877038, 0.39995509669731516]	0.7977619136083757	0.2022380863916243	[0.6935614974752314, 0.23149844372323597, 0.3190689432986731]	0.8875056341661491	0.21317066149951516	[0.6635886670999868, 0.2575407143414048, 0.35496240173233423]	[-0.1079945912004968, 0.0, 0.0]	0.4943753884748047	[0.8847359999999999, 0.0, 0.0]	2.104154730956567
3	[0.19112905340289493, 0.955407186083941, -0.22509285578284977]	0.815384884738244	0.18461511526175586	[0.15584374117904923, 0.7790245783031444, -0.18353731226790113]	0.9001734710175726	0.18374424003885687	[0.17204930341398703, 0.7949782877684494, -0.1375687021274419]	[0.0, -0.06505391516386387, 0.06505391516386387]	0.2972205151231651	[1.8401906235273885e-16, 0.9216, 0.0]	2.104154730956567
3	[-0.5425391588143534, 0.6413296677530546, -0.542538034070212]	0.6793725022366613	0.3206274977633386	[-0.36858618588508074, 0.4357017411399994, -0.3685854217648389]	0.8332103679771136	0.312435573034191	[-0.3782668562190009, 0.4605801325244624, -0.3477042500083297]	[0.07378239593870017, -0.07378239593870019, 0.10434406500089137]	0.5490850796165193	[-0.6256028251598612, 0.6256028251598611, 0.0]	2.104154730956567
3	[0.7128643642357262, 0.3641446114649132, -0.5993522337856607]	0.6451512122211235	0.3548487877788765	[0.4599053087359193, 0.2349283375103788, -0.3866728201742572]	0.8090536037544083	0.3564892666839676	[0.4922769074586395, 0.21014393477906695, -0.36545147971720693]	[-0.08446857541436988, -0.0844685754143699, 0.11945660494533648]	0.65969544022549	[0.6256028251598612, 0.6256028251598611, 0.0]	2.104154730956567
3	[0.3173518584167609, 0.4803910367019424, -0.8176259840635334]	0.6952232384139753	0.3047767615860247	[0.22063038672519386, 0.3339790122409712, -0.5684325844520631]	0.841673508131935	0.29669083038120797	[0.1970680784311322, 0.3342938355813688, -0.5891246297362684]	[-0.07003857355469212, -0.07003857355469215, 0.09904950061031122]	0.39833598770769396	[0.0, 0.6256028251598611, -0.6256028251598612]	2.104154730956567
3	[0.34368895639038327, 0.8521586299346748, -0.3945929176799136]	0.7932691782626662	0.2067308217373337	[0.2726378560137526, 0.6759911761177191, -0.313018399556213]	0.8868048378831948	0.2109894284789674	[0.30478502925401824, 0.6819325485713369, -0.276161061294345]	[0.0, -0.07376584709864772, 0.07376584709864774]	0.4720330589860929	[0.0, 0.6256028251598611, -0.6256028251598612]	2.104154730956567
3	[-0.3229166087420399, -0.915894291117339, -0.2384586154811929]	0.7927913579138158	0.20720864208618406	[-0.25600549673752615, -0.7261130787604271, -0.18904792957358338]	0.8865122791114779	0.2154314256818687	[-0.20923151923804215, -0.7349135159028105, -0.21139649068399988]	[0.07703801954081302, 0.077038019540813, 0.0]	0.401460088442825	[1.8401906235273885e-16, -0.9216, 0.0]	2.104154730956567
3	[0.7312398246119238, -0.5217161373985356, -0.4394321231765779]	0.6832334069402669	0.3167665930597331	[0.49960747666000793, -0.35645389401051786, -0.30023470663692836]	0.814940514200246	0.3077394957211926	[0.5959169586729389, -0.42516761727812885, -0.18045393404986243]	[0.0, 0.0, 0.17765710636776383]	0.4637372213082851	[0.6256028251598612, -0.6256028251598611, 0.0]	2.104154730956567
3	[-0.5233582104380237, 0.36780142117461495, -0.7686470569442408]	0.6408315979427488	0.3591684020572513	[-0.33538447829145596, 0.23569877245694243, -0.4925733217555689]	0.8079335776887016	0.36100999798973793	[-0.3378746322669443, 0.21219507898359116, -0.5008584702805563]	[0.08496403910500445, -0.08496403910500447, 0.12015729641629533]	0.6006887984442844	[0.0, 0.6256028251598611, -0.6256028251598612]	2.104154730956567
3	[-0.8610281677669389, 0.09672338193413532, -0.49927455542930654]	0.6728015674818666	0.32719843251813335	[-0.5793011009196362, 0.0650756429774335, -0.33591270349664953]	0.8289986211887811	0.3085051703969364	[-0.6381456259415336, 0.004538012318152772, -0.3069189723550066]	[0.07564553794196126, -0.07564553794196127, 0.10697894569053018]	0.5180983669994313	[-0.96, 0.0, 0.0]	2.104154730956567
3	[-0.9131033657298079, 0.32277505933446543, -0.24911544425131257]	0.7243554788143195	0.2756445211856805	[-0.6614114256901816, 0.23380388265353705, -0.18044813690070144]	0.8610254744065964	0.2481338909430636	[-0.7247273757220649, 0.21643966565237266, -0.12755188773201173]	[0.061477882937702726, -0.06147788293770274, 0.0869428558364847]	0.4104162981641551	[-0.96, 0.0, 0.0]	2.104154730956567
3	[0.9321178315257292, -0.3469511665556093, 0.10383273172499087]	0.8485584953503162	0.15144150464968373	[0.7909565046086724, -0.29440835985246483, 0.0881081466006713]	0.9180758926316884	0.15782390084290845	[0.7771077671423187, -0.3185275019351466, 0.09532632786280763]	[-0.07864714307357903, 0.0, 0.0]	0.3632268760301194	[0.96, 0.0, 0.0]	2.104154730956567
3	[-0.12823029057876226, 0.7068368935540821, 0.6956569546039927]	0.8735549805563732	0.1264450194436268	[-0.11201620899326875, 0.6174608888051634, 0.6076945974529967]	0.9336542766051722	0.1156151991597407	[-0.07727585442814348, 0.6151073792027391, 0.6471160861508451]	[0.04244690476104183, -0.044833909326344665, -0.0023870045653028448]	0.14636025134195796	[0.0, 0.6516696095415221, 0.6516696095415222]	2.104154730956567
3	[0.07615057952748802, 0.3647990422109022, -0.9279669972793408]	0.7890928908426109	0.21090710915738908	[0.06008988093868566, 0.28786033079481643, -0.7322521604896923]	0.8971125546523002	0.18786355388922366	[0.022801527514586733, 0.28175168726896355, -0.768124167079292]	[-0.045514113423571194, -0.04551411342357121, 0.06436667648300173]	0.3727167699671146	[0.0, 0.0, -0.9216]	2.104154730956567
3	[0.5619623156357962, 0.7192070340136566, 0.40858242501425923]	0.8270706513307189	0.17292934866928114	[0.4647825384162171, 0.5948350300633094, 0.33792653237882797]	0.9036061748955666	0.18082887647139878	[0.44497569209909704, 0.587062990595046, 0.36919760219668946]	[-0.06281692636801989, -0.06281692636801987, 0.0]	0.3715380265401729	[0.4423679999999998, 0.44236799999999993, 0.6256028251598612]	2.104154730956567
3	[-0.10531262668904444, 0.1430812267902794, 0.984091973953676]	0.8875983716734844	0.11240162832651555	[-0.09347531596585339, 0.12699866391609654, 0.8734784336582279]	0.93931107070311	0.11615589781558476	[-0.09892131613384325, 0.13439778033389185, 0.8684375684847506]	[0.0, 0.0, -0.05593091724001381]	0.17928583326337305	[0.0, 0.0, 0.96]	2.104154730956567
3	[0.6544874205137956, 0.7551186024487893, -0.03797515799816128]	0.9150479800367157	0.08495201996328429	[0.5988873921005892, 0.6909697518589124, -0.03474909161779261]	0.9565056787703342	0.07385095936065908	[0.6260209344051932, 0.6939313040543755, -0.007979526944432085]	[0.0, -0.028343927333009847, 0.028343927333009854]	0.08863071101244445	[0.6788225099390857, 0.6788225099390855, 0.0]	2.104154730956567
3	[0.20277089217358854, -0.8400177881465345, 0.5032435602017488]	0.8221318348676248	0.17786816513237513	[0.1667044056404177, -0.6906053654903542, 0.4137325515339797]	0.9023845795739049	0.17993218645729098	[0.1829773262838893, -0.6680567271265229, 0.45411922849593017]	[1.7963098137978395e-17, 0.08996237146468916, 0.0]	0.3140403846948853	[0.0, -0.6516696095415221, 0.6516696095415222]	2.104154730956567
3	[-0.803524882586472, -0.5945025423763795, -0.030240538560309515]	0.859977821817588	0.140022178182412	[-0.6910135783029474, -0.5112590014578571, -0.026006192481685755]	0.9261412477428596	0.12028704501869075	[-0.7138445005357458, -0.5202602895674382, 0.0]	[0.030333036815324087, 0.03033303681532408, 0.028007010114661113]	0.1650532874323858	[-0.6516696095415222, -0.6516696095415221, 0.0]	2.104154730956567
3	[-0.5010744317203609, -0.853498243722666, -0.14305649876339802]	0.8164887521332513	0.18351124786674874	[-0.4091216374812355, -0.6968717159650412, -0.11680402215987885]	0.9008320217392153	0.19230992385111081	[-0.3840664374599105, -0.7015410925349883, -0.1288698750039654]	[0.06731745590857056, 0.06731745590857055, 0.0]	0.2896184852471529	[-0.6516696095415222, -0.6516696095415221, 0.0]	2.104154730956567
3	[-0.7609264231653305, 0.10779343393573584, 0.6398215017715165]	0.7439996757038881	0.2560003242961118	[-0.5661290120695256, 0.08019827989119596, 0.47602698982638303]	0.853210795929312	0.26997159515305014	[-0.5083130032446757, 0.09197052156426289, 0.5459026127791633]	[0.14091763590786052, 0.0, 0.0]	0.46219236254103047	[-0.4423679999999998, 0.44236799999999993, 0.6256028251598612]	2.104154730956567
3	[-0.962433976043306, 0.09758660131552688, 0.2533726445399293]	0.8190582344973802	0.18094176550261976	[-0.7882894732383242, 0.07992910938409517, 0.20752695090680678]	0.9005299764069317	0.19312235684839593	[-0.7712094230901622, 0.08787965978030407, 0.22816966160970442]	[0.0954912226493456, 0.0, 0.0]	0.27152673164322577	[-0.96, 0.0, 0.0]	2.104154730956567
3	[0.44412791507195065, 0.14775282305008647, 0.8836964967309602]	0.7872569112145298	0.21274308878547024	[0.3496427706036928, 0.11631943109763805, 0.6956961744675165]	0.8788317965651341	0.22597710578756958	[0.39031373350740967, 0.12984987892867786, 0.6649519635548126]	[0.0, 0.0, -0.11166861628557236]	0.39168040938415544	[0.4423679999999998, 0.44236799999999993, 0.6256028251598612]	2.104154730956567
3	[-0.2397304049013131, -0.9271160155267727, -0.28807156527434874]	0.7926286024402057	0.2073713975597943	[-0.19001717579935237, -0.7348586716869179, -0.22833376218616955]	0.8864125911329841	0.21267746912622776	[-0.13539435939734734, -0.7447016196193894, -0.25535026260657007]	[0.07710568998458492, 0.0771056899845849, 0.0]	0.3748150479650631	[1.8401906235273885e-16, -0.9216, 0.0]	2.104154730956567
3	[-0.9103263181417157, -0.3426501571735635, -0.23215698199166843]	0.7304392344161232	0.2695607655838767	[-0.6649380588922831, -0.25028511847842205, -0.169576568190352]	0.8646563975917835	0.24142003283938687	[-0.7272477961672897, -0.2364029718258339, -0.11606467969080331]	[0.059871678710117913, 0.05987167871011793, 0.08467134003389327]	0.4168614508057871	[-0.96, 0.0, 0.0]	2.104154730956567
3	[-0.542816183435004, -0.3304546552852426, -0.7721077073837352]	0.6385330458597335	0.3614669541402666	[-0.3466060709507089, -0.21100621755781424, -0.49301628612751225]	0.8063813166681807	0.36333501443726596	[-0.3520661189989851, -0.1808217503199135, -0.501484834393628]	[0.0856507097081302, 0.08565070970813021, 0.12112839529611867]	0.6350004186571153	[0.0, -0.6256028251598611, -0.6256028251598612]	2.104154730956567
3	[0.25793719630420137, 0.8048166856442277, 0.5345451386659203]	0.8239735641498774	0.17602643585012248	[0.21253343096559946, 0.6631476729575658, 0.4404510631055489]	0.9019390577719554	0.1752212205155977	[0.17660674045479455, 0.6587338791597139, 0.4821271387049194]	[-0.05603689134415669, -0.06716172396938874, 0.0]	0.3220306908261536	[0.0, 0.6516696095415221, 0.6516696095415222]	2.104154730956567
3	[-0.18693257288013515, -0.8013266046304215, 0.5682709616968765]	0.8271834964409561	0.1728165035590438	[-0.15462753923369404, -0.6628441426093518, 0.470064361022287]	0.9071702241280387	0.1676934675465973	[-0.10656472258201562, -0.6639246940678523, 0.5155184956880116]	[0.0630149414544875, 0.06301494145448748, 0.0]	0.2535672247056806	[0.0, -0.6516696095415221, 0.6516696095415222]	2.104154730956567
3	[0.670897516479804, -0.3308724047014078, -0.6636414500227807]	0.6403233500459634	0.3596766499540366	[0.42959134528986503, -0.21186532661616922, -0.42494511650794775]	0.8057843960198856	0.36331358347998155	[0.454683981806445, -0.18069705248049583, -0.41325009444027916]	[-0.0859147683014752, 0.08591476830147522, 0.12150183054008833]	0.7275559112492487	[0.6256028251598612, -0.6256028251598611, 0.0]	2.104154730956567
3	[-0.0944092052144279, 0.8361755244825448, 0.5402752948517275]	0.8385267733505456	0.1614732266494543	[-0.07916464622304373, 0.7011555644990486, 0.45303529971303375]	0.9138104031141588	0.15381894265752535	[-0.02776467538599899, 0.7055984546129029, 0.49370918498107824]	[0.058507438488684685, -0.05850743848868468, 0.0]	0.2352960348638559	[0.0, 0.6516696095415221, 0.6516696095415222]	2.104154730956567
3	[0.4732267562466389, 0.6436198970217282, 0.6015063302493369]	0.8342783498534297	0.16572165014657037	[0.39480283730793714, 0.5369581456201217, 0.5018237086268088]	0.9079787960827859	0.1681916723402367	[0.42967986041098516, 0.5268244940874944, 0.4885862684307466]	[-4.521866281009272e-18, -0.05756872514522088, -0.057568725145220885]	0.20502494960103446	[0.4423679999999998, 0.44236799999999993, 0.6256028251598612]	2.104154730956567
3	[0.9333327359455623, 0.0076175893800653465, 0.35893171543401975]	0.780286354715013	0.21971364528498716	[0.7282667982671525, 0.005943901049086986, 0.28006951982761763]	0.8765852219767427	0.23782891846642815	[0.6996674966146744, 0.006677466277652255, 0.3146342374482233]	[-0.11847818690232693, 0.0, 0.0]	0.36000159303053164	[0.96, 0.0, 0.0]	2.104154730956567
3	[0.6108412428660861, 0.5627208847354543, 0.5569723349470446]	0.8408950561759758	0.15910494382402407	[0.5136533812344805, 0.47318920998101477, 0.4683552828837595]	0.912814981630885	0.15350465634291463	[0.48666149495245725, 0.48666149495245725, 0.5084126916935977]	[-0.0709235429337361, -0.026998559110651778, 0.0]	0.2181242641542027	[0.4423679999999998, 0.44236799999999993, 0.6256028251598612]	2.104154730956567
3	[-0.22631558260738288, -0.8439481474434798, 0.4863463595996165]	0.8090296776438723	0.19097032235612774	[-0.1830960228426361, -0.6827790976743416, 0.3934686385301485]	0.8963660633969367	0.19037749413138985	[-0.13251255890740446, -0.6861374296752899, 0.43594437180173917]	[0.07034904895975955, 0.07034904895975953, 0.0]	0.3398846216585675	[0.0, -0.6516696095415221, 0.6516696095415222]	2.104154730956567
3	[0.7167984462644281, 0.17175503083258364, 0.675795972773292]	0.7523741422916183	0.2476258577083818	[0.5393006162041637, 0.12922404400693555, 0.5084514153794353]	0.8586912168285271	0.25661663417426717	[0.47985209819898555, 0.14748453642205242, 0.5803000661885164]	[-0.13565643184461393, 0.0, 0.0]	0.38866798296983757	[0.4423679999999998, 0.44236799999999993, 0.6256028251598612]	2.104154730956567
3	[-0.30498993107257155, 0.5849120837535815, 0.7515710187489878]	0.86132431363141	0.13867568636858996	[-0.26269524304557373, 0.5037989990737715, 0.6473463918692315]	0.9240911588847077	0.14109599614335808	[-0.2818384988530198, 0.4930232998651784, 0.6470313482435746]	[0.0, -0.04748878545633789, -0.0474887854563379]	0.23464768362693245	[-0.4423679999999998, 0.44236799999999993, 0.6256028251598612]	2.104154730956567
3	[-0.6056136601508405, 0.49226818207101697, 0.6252232653694184]	0.8372080941096663	0.16279190589033363	[-0.5070246581816644, 0.41213090650250633, 0.5234419783929529]	0.9126724093184613	0.15725336048808872	[-0.4878581827081191, 0.40349211685478237, 0.5706240239666629]	[0.06486869561792044, -0.04578747090679165, 0.0]	0.17070242468822447	[-0.4423679999999998, 0.44236799999999993, 0.6256028251598612]	2.104154730956567
3	[0.5109749349446353, 0.46263670952312524, -0.7244804282104115]	0.6587649425778768	0.3412350574221232	[0.33661237367753705, 0.30476884538341953, -0.47726230768882727]	0.818151660083853	0.3426584953581508	[0.33761110485416607, 0.2980631054800501, -0.47897002983643655]	[-0.08044388643202609, -0.08044388643202612, 0.11376483520217233]	0.5453715425032942	[0.0, 0.6256028251598611, -0.6256028251598612]	2.104154730956567
3	[0.002819458647443705, -0.6973179621469923, -0.7167563814296327]	0.8784014287028392	0.12159857129716092	[0.0024766165040831247, -0.6125250942100703, -0.6295998294796664]	0.93729353912801	0.11601715838949872	[0.0, -0.6256028251598611, -0.6256028251598612]	[-0.0026426603740875823, 0.027988795478424942, 0.046208300282905]	0.11601715838949872	[0.0, -0.6256028251598611, -0.6256028251598612]	2.104154730956567
3	[-0.8555866756498043, -0.37234580260102185, -0.35962486529148335]	0.6826097383547417	0.31739026164525835	[-0.5840317968051161, -0.25416687089096984, -0.24548343520247867]	0.8352709864005943	0.30011069895710324	[-0.6417758822332754, -0.23813880153273453, -0.19732927967261268]	[0.07287084428794191, 0.07287084428794192, 0.10305493629358546]	0.4963484005186946	[-0.6256028251598612, -0.6256028251598611, 0.0]	2.104154730956567
3	[-0.2691052909429353, -0.8396755536097938, -0.4717280011368885]	0.7847841861335875	0.21521581386641256	[-0.21118957673689373, -0.6589640959559315, -0.37020467544863706]	0.8815858242218517	0.21920798163613991	[-0.15685720170429804, -0.659863856993939, -0.41586871869079045]	[0.08038220801409074, 0.08038220801409073, 0.0]	0.3767256988149087	[0.0, -0.6256028251598611, -0.6256028251598612]	2.104154730956567
3	[0.26912825269004914, 0.03529700841057871, 0.9624573262234875]	0.8233995124604564	0.17660048753954363	[0.22160007205432097, 0.029063539516583137, 0.792486893176414]	0.9013660516469609	0.18775064442420306	[0.24258307051387518, 0.03181552510599289, 0.776625313214595]	[0.0, 0.0, -0.09090104680216085]	0.27144416304445385	[0.0, 0.0, 0.96]	2.104154730956567
3	[-0.37652641502640966, -0.9216461821438335, 0.09378791887581]	0.8254686028285799	0.17453139717142013	[-0.3108107337399043, -0.7607899862765651, 0.07741898235661508]	0.9061590100105225	0.18011744773833835	[-0.2774914271233167, -0.7714566156316081, 0.08498676771945118]	[0.06370137635982576, 0.06370137635982574, 0.0]	0.38803133516829047	[1.8401906235273885e-16, -0.9216, 0.0]	2.104154730956567
3	[-0.3291920728580172, 0.7155988871664101, 0.6160769528667969]	0.8223610972764938	0.17763890272350633	[-0.2707147542502425, 0.5884806860600068, 0.5066377189662977]	0.9043216624986112	0.17485998848119635	[-0.23274691339883447, 0.5821829661149923, 0.5571317342435803]	[0.06494860920949166, -0.06494860920949165, 0.0]	0.29589635082091614	[-0.4423679999999998, 0.44236799999999993, 0.6256028251598612]	2.104154730956567
3	[-0.26577590768446113, -0.9471085310317797, 0.17985715815981654]	0.8143531216919888	0.1856468783080113	[-0.21643544009336269, -0.7712807888268436, 0.14646723820609636]	0.8995571958045518	0.18973500864592632	[-0.1708977937797689, -0.7837954578482418, 0.16179180083962033]	[0.06818283644927428, 0.06818283644927427, 0.0]	0.3219256367582797	[1.8401906235273885e-16, -0.9216, 0.0]	2.104154730956567
3	[0.7696664563693288, 0.5162155319953196, 0.3756794783677559]	0.8106067232990308	0.18939327670096914	[0.6238968042307181, 0.418447780906792, 0.30452831097037575]	0.8953978938309233	0.1928585882161582	[0.5887397020630937, 0.46221830011141873, 0.33638261368598854]	[-0.10041802192231356, 0.0, 0.0]	0.4164206208293084	[0.6516696095415222, 0.6516696095415221, 0.0]	2.104154730956567
3	[-0.25997242779030083, 0.9582914325026617, 0.11870917058430358]	0.8264385094370175	0.17356149056298242	[-0.21485122571773882, 0.7919689430837641, 0.0981058299941965]	0.9067311692732308	0.1763636857071116	[-0.17241212165607073, 0.8055997293246284, 0.10763730504736099]	[0.06331298177302919, -0.06331298177302917, 0.0]	0.28813849380305634	[1.8401906235273885e-16, 0.9216, 0.0]	2.104154730956567
3	[-0.06314638359111156, -0.20009060559607456, 0.9777403969313943]	0.8805174368016057	0.11948256319839437	[-0.05560149182293653, -0.17618326716753657, 0.8609174681634157]	0.9352502171321202	0.12373000174735259	[-0.05905766896469524, -0.18713478232982617, 0.8547585186378939]	[0.0, 0.0, -0.059673399891038065]	0.2105669439672882	[0.0, 0.0, 0.96]	2.104154730956567
3	[0.3827587229385273, -0.8321056707083291, 0.4013675532345752]	0.8118040638901158	0.188195936109884	[0.31072508677088745, -0.6755067650670322, 0.32583181082946056]	0.8950826601296064	0.1902405137879834	[0.30459632531521585, -0.6638534625541307, 0.359257137238915]	[-0.03800437060041213, 0.08094989469241066, 0.0]	0.4535748836260143	[0.4423679999999998, -0.44236799999999993, 0.6256028251598612]	2.104154730956567
3	[-0.2721718199665877, -0.694133976820097, -0.6664086753937051]	0.7367115173202544	0.2632884826797457	[-0.2005121144593999, -0.511376495286676, -0.4909509464046773]	0.8683684428465642	0.24525533003211317	[-0.17811583081625013, -0.5445344519033097, -0.4963391897156921]	[0.05822958867485106, 0.05822958867485108, 0.08234907403538118]	0.2836179397448437	[0.0, -0.6256028251598611, -0.6256028251598612]	2.104154730956567
3	[0.47552094709255976, -0.1984297990429953, -0.8570329303637938]	0.6618608687776026	0.3381391312223974	[0.31472870716463, -0.13133291918596196, -0.5672365598615952]	0.8201962082656264	0.33403609114587457	[0.31048103401424576, -0.0832119250400236, -0.5904493997596829]	[-0.07953944374195132, 0.07953944374195135, 0.1124857600834794]	0.5160058297532277	[0.0, 0.0, -0.8847359999999999]	2.104154730956567
3	[0.800988583967639, -0.29950906587560844, 0.5183740037963296]	0.7805525032664672	0.2194474967335327	[0.6252136443038036, -0.2337825511202074, 0.40461812629148625]	0.8767531446947221	0.22923577418450836	[0.5839522787651331, -0.2625955153710184, 0.4544860379564258]	[-0.11831698109306685, 0.0, 0.0]	0.40064375501866983	[0.4423679999999998, -0.44236799999999993, 0.6256028251598612]	2.104154730956567
3	[0.8188195228428631, -0.15935434817193742, -0.5514896016518198]	0.6578520927105257	0.3421479072894743	[0.5386621366544115, -0.10483159142743076, -0.36279858855474384]	0.8175470998511212	0.3333554959170714	[0.5887122016686023, -0.04956836066357398, -0.33672567463674663]	[-0.08071132453305922, 0.08071132453305924, 0.11414304979174869]	0.5778231312194012	[0.8847359999999999, 0.0, 0.0]	2.104154730956567
3	[-0.7925675299183911, -0.48918774518014896, 0.3640495302628776]	0.7977103122626581	0.20228968773734185	[-0.6322392917804434, -0.3902301089627223, 0.29040606446507417]	0.88951643574426	0.21141856872572887	[-0.6300031139045418, -0.36014180910731974, 0.32382804059380704]	[0.07499873039509765, 0.07499873039509763, 0.0]	0.42282932809526824	[-0.6516696095415222, -0.6516696095415221, 0.0]	2.104154730956567
3	[0.8661068170909243, -0.3186680382648219, -0.3851099359625488]	0.6860771108662229	0.313922889133777	[0.5942160627712816, -0.21863084701813595, -0.2642151122310616]	0.8169186780017634	0.2986533433521071	[0.707538836026233, -0.26032587254071365, -0.138845430653562]	[0.0, 0.0, 0.17575806911830716]	0.5002059854144972	[0.8847359999999999, 0.0, 0.0]	2.104154730956567
