3	[-0.18020416114016563, -0.8291302512017154, -0.5292159170413807]	0.8437471955767454	0.15625280442325462	[-0.15204675559327469, -0.6995763242192896, -0.4465244458582407]	0.9160367464424766	0.15217854389534427	[-0.12550916446611204, -0.701702593436769, -0.46653451152529324]	[0.03956446900012107, 0.05781118425108407, 0.01824671528686458]	0.27896322301166915	[0.0, -0.6655232455985289, -0.665523245598529]	2.3765130244114787
3	[0.802722930079079, 0.45038130143973615, 0.3908869156657814]	0.8347664639960592	0.16523353600394086	[0.6700861819106687, 0.3759632064527916, 0.32629928841265016]	0.9099430145105145	0.16929125033454503	[0.6421762776540582, 0.4098213189298491, 0.35568481837384724]	[-0.08825584515881149, -1.813932738287681e-10, 2.089189465719629e-13]	0.4314418216174284	[0.47059599999999985, 0.47059599999999996, 0.665523245598529]	2.3765130244114787
3	[-0.14958043120067518, 0.9280395187368349, 0.34112804965954363]	0.848936634541159	0.15106336545884086	[-0.12698430785671663, 0.7878467457576456, 0.2895960984255625]	0.919055643611664	0.15043253373885832	[-0.08138116265718136, 0.7968283802068039, 0.31351565927265057]	[0.05609157681166531, -0.056091576982936965, 3.880699399820257e-11]	0.3727138841337706	[0.0, 0.9411919999999999, 1.8793106481542857e-16]	2.3765130244114787
3	[0.3250110656836271, 0.7775034810032938, -0.5383828973982677]	0.8075247727788152	0.19247522722118499	[0.26245448696677154, 0.6278533218319224, -0.43475752688953634]	0.9086921221001412	0.1742075087918687	[0.2523658729102789, 0.6635421660208334, -0.42845678233064366]	[-0.042969122071804575, -0.04296912207229654, 0.06076751520861093]	0.3665193502103227	[0.0, 0.6655232455985289, -0.665523245598529]	2.3765130244114787
3	[0.882123631622142, 0.19330541446475094, -0.42952405668643806]	0.69975847844379	0.3002415215562101	[0.6172734902632203, 0.1352671027008003, -0.30056310036190614]	0.8468247418549772	0.28532336865682867	[0.6749204528677081, 0.09161214393978867, -0.26178990349849757]	[-0.0720836637648877, -0.07208366376349347, 0.10194169492549794]	0.47470724733943753	[0.9411919999999999, 0.0, 0.0]	2.3765130244114787
3	[-0.9134467427625563, 0.1800589597762001, -0.36495728399470145]	0.717616579549759	0.28238342045024106	[-0.6555045271421343, 0.12921329483188443, -0.2618993978220476]	0.8584236154277413	0.26108529088826715	[-0.7174989751631891, 0.08794158298759197, -0.2190655762638608]	[0.06662528025973857, -0.06662528025365193, 0.09422237493955986]	0.4123643827798295	[-0.98, 0.0, 0.0]	2.3765130244114787
3	[-0.9120406305482128, -0.4085118380345816, -0.0360550470090689]	0.8673848998804934	0.13261510011950653	[-0.7910902710150037, -0.3543369997336219, -0.03127360334014736]	0.9381989108580887	0.1106671518775099	[-0.8241519737806425, -0.3517418099259306, 1.3852260593321346e-10]	[0.03152355245801504, 0.03152355159074938, 0.033826805973369345]	0.35794643609799803	[-0.665523245598529, -0.6655232455985289, 0.0]	2.3765130244114787
3	[-0.4341685227764889, 0.8023775275087609, 0.40949724929358083]	0.8329380158825596	0.16706198411744008	[-0.36163546792011053, 0.6683307457519017, 0.34108582633596096]	0.9096931372330678	0.17310121045076723	[-0.3323806631392824, 0.667337867347214, 0.37251683726976637]	[0.06257946243310814, -0.0625794628975432, -1.284225558985627e-10]	0.42066049716708304	[-0.47059599999999985, 0.47059599999999996, 0.665523245598529]	2.3765130244114787
3	[0.5154939223227782, -0.3537189167428841, -0.7804799446408076]	0.6719613536998497	0.3280386463001502	[0.34639199386805913, -0.23768544212379292, -0.5244523601364209]	0.8293223743169305	0.33019807284417674	[0.34719043569693875, -0.21302680396710752, -0.5336795534290385]	[-0.08032020790973493, 0.0803202079069137, 0.1135899273672223]	0.6133277803096308	[0.0, -0.6655232455985289, -0.665523245598529]	2.3765130244114787
3	[0.036418214177894016, 0.2437036936115434, -0.9691657357728781]	0.864071702822527	0.13592829717747298	[0.03146794833844831, 0.21057746552306564, -0.8374286876265181]	0.9378063878819014	0.11534350770895713	[0.0048851689437940955, 0.19927881568076508, -0.8674985235080289]	[-0.02926806494748546, -0.02926806493855392, 0.04139129441603919]	0.2465656397948747	[0.0, 0.0, -0.9603999999999999]	2.3765130244114787
3	[0.42766433980085833, -0.8956209149656915, 0.12233719442064098]	0.8641797733355484	0.13582022666445157	[0.3695788722328027, -0.7739774792896278, 0.10572132894493647]	0.9271420984018426	0.1390551184606806	[0.39650561335878504, -0.7603951258389018, 0.11342396315140081]	[-5.582136616299357e-11, 0.06997272863496778, 3.653550411571553e-12]	0.3528288333656689	[0.665523245598529, -0.6655232455985289, 0.0]	2.3765130244114787
3	[-0.7960152374791033, 0.3070976989375191, -0.5215848397033485]	0.6692562794850347	0.3307437205149652	[-0.5327381962486611, 0.20552706342933927, -0.3490739292556612]	0.8034696906913946	0.3252287224383423	[-0.5769450905883485, 0.1841146678567459, -0.31504872492841385]	[0.06262902605462328, -0.06262902532062149, 0.10402888489735605]	0.6326216361625309	[-0.98, 0.0, 0.0]	2.3765130244114787
3	[-0.8656474513486602, -0.36407437372978313, -0.343663120463682]	0.7113633273079616	0.2886366726920384	[-0.6157898512670398, -0.2589891578839807, -0.24446934084608166]	0.8546569415773699	0.27193831110103595	[-0.6714337416139353, -0.24276082921412487, -0.1969848878843138]	[0.0683978616399556, 0.06839786154446804, 0.09672918358411182]	0.4990245088619351	[-0.665523245598529, -0.6655232455985289, 0.0]	2.3765130244114787
3	[-0.00018597087446875835, 0.19403551534995808, 0.9809944873431806]	0.9184555241106627	0.08154447588933722	[-0.00017080597697885014, 0.17821299094682833, 0.9009998060224519]	0.9570208046891888	0.08362799645177911	[-7.061435381028466e-11, 0.18551804713234207, 0.8978015793488041]	[0.00017797792531363535, -0.00017797790615627386, -0.041030554324024957]	0.19403815296834206	[0.0, 0.0, 0.98]	2.3765130244114787
3	[0.056057202245361565, 0.4011216630813606, 0.9143079358089735]	0.8871526157586507	0.11284738424134942	[0.04973129360408418, 0.35585613264008936, 0.8111306768618232]	0.9396347453026344	0.11344447611272968	[0.05267329493998882, 0.3504839152587148, 0.8128485014162544]	[-1.4209714276955826e-11, -0.026423936466108675, -0.04626700297578802]	0.36734783086914663	[0.0, 0.6655232455985289, 0.665523245598529]	2.3765130244114787
3	[0.6546620075265115, -0.33805347936521724, 0.6761194428430739]	0.8360515405304373	0.16394845946956277	[0.5473311799192886, -0.2826301322049644, 0.5652707017715328]	0.9107059594397691	0.16081699239419708	[0.5086964335719883, -0.3078673179566227, 0.6157460056189423]	[-0.08750815810120885, 3.1062982686410046e-10, -2.713414706391625e-10]	0.22706847931629995	[0.47059599999999985, -0.47059599999999996, 0.665523245598529]	2.3765130244114787
3	[-0.23769481941201118, -0.11551148820200527, 0.9644471312197728]	0.8724393990080378	0.12756060099196204	[-0.20737432539513917, -0.10077677334548149, 0.8414216755364049]	0.9312338296350735	0.1336061072922592	[-0.2213494569402903, -0.10756820552373549, 0.832082765577989]	[2.5174071501158034e-11, 1.464482158195232e-12, -0.06604302990836058]	0.26430684885765005	[0.0, 0.0, 0.9603999999999999]	2.3765130244114787
3	[0.9594294997721994, -0.10872397539467572, 0.2601425227471381]	0.8458867848000462	0.15411321519995388	[0.8115687348046223, -0.09196817397728156, 0.22005112215634948]	0.9165099311931063	0.16362523793766745	[0.7975063974425567, -0.09964660320122846, 0.23842320562702637]	[-0.08182026737829824, 6.786774016067929e-12, 3.645620272770647e-12]	0.28253785828594424	[0.9411919999999999, 0.0, 0.0]	2.3765130244114787
3	[-0.5443705237841608, -0.47920061531305314, -0.6884965527281526]	0.6715825275225827	0.32841747247741726	[-0.36558973227175895, -0.3218227604223173, -0.4623822550717578]	0.805126829292744	0.32987911102153905	[-0.37747916589492564, -0.3250091176350245, -0.44934705012767756]	[0.060808147879846175, 0.06080815436710591, 0.1049799963493248]	0.5758325820601086	[0.0, -0.6655232455985289, -0.665523245598529]	2.3765130244114787
3	[-0.9705434889992891, -0.09632939327280118, 0.2208302152169867]	0.8599726792052008	0.14002732079479926	[-0.8346408845198819, -0.08284064641902227, 0.18990795182961298]	0.9247153877708503	0.14796184958557554	[-0.8236975794441506, -0.0890772722422874, 0.20420509806650242]	[0.07377891933430049, 1.1701596344435073e-11, -2.939374901369682e-11]	0.241111512710184	[-0.98, 0.0, 0.0]	2.3765130244114787
3	[-0.8665279513224694, 0.3243358013141649, 0.3793884520683025]	0.829270765009472	0.170729234990528	[-0.7185862970952748, 0.26896219807575733, 0.3146157518824408]	0.9073473436966892	0.174035243472991	[-0.7165144507701994, 0.24341239081424734, 0.34423710421620485]	[0.06972738410117776, -0.050872836973897176, 2.8317090075355436e-12]	0.5099286968451802	[-0.47059599999999985, 0.47059599999999996, 0.665523245598529]	2.3765130244114787
3	[0.8849441313699953, 0.3652531521974345, 0.28890140041827816]	0.8356425475015551	0.16435745249844483	[0.7394969683345737, 0.30522107458523756, 0.24141830222229685]	0.910463258462986	0.17210840118044443	[0.7179631111954035, 0.3325495749329069, 0.26303411040860697]	[-0.0877460062094189, -1.806463617323613e-10, 9.26167617313329e-12]	0.469081770141649	[0.9411919999999999, 0.0, 0.0]	2.3765130244114787
3	[-0.5578337547883747, -0.6983624372220631, 0.4484544662459758]	0.8543968106030321	0.1456031893969675	[-0.4766113809379012, -0.5966786390074914, 0.38315806566124705]	0.9222135989480429	0.1496534161312254	[-0.4605386491915898, -0.5901361108499766, 0.4135708072254716]	[0.05390322542649725, 0.05390322575070924, -5.555349414160385e-11]	0.3265070148633198	[-0.47059599999999985, -0.47059599999999996, 0.665523245598529]	2.3765130244114787
3	[0.4700823827733239, -0.48173766045396643, -0.7395616133267688]	0.687853903471637	0.3121460965283631	[0.3233480019438791, -0.33136513019255465, -0.5087103425845994]	0.8394131531603567	0.3116410545226911	[0.3190218074091462, -0.32880540079680165, -0.5139234663063414]	[-0.0755715277597434, 0.07557152776095598, 0.10687427949264229]	0.5101335783857373	[0.0, -0.6655232455985289, -0.665523245598529]	2.3765130244114787
3	[-0.0946035957855353, 0.7127331833516167, -0.6950263081451793]	0.8709580098998582	0.12904199010014167	[-0.08239575951474036, 0.6207606749615151, -0.6053387301701709]	0.9415328719456191	0.11048297231466575	[-0.06155799914907876, 0.6435473250120894, -0.615478883798148]	[0.027514396087258478, -0.02751439603990204, 0.038911232187543415]	0.10976816140318163	[0.0, 0.6655232455985289, -0.665523245598529]	2.3765130244114787
3	[-0.5743041548288251, 0.15661431879424942, -0.8035214327539509]	0.6695745864617416	0.33042541353825844	[-0.38453946697277047, 0.10486496774064696, -0.5380175310493729]	0.8286160157876468	0.3271280494832953	[-0.39522500320725895, 0.0491205154398832, -0.5517507028156631]	[0.08065261741729421, -0.0806526174147041, 0.11406002539289727]	0.6109881277004381	[0.0, 0.0, -0.9411919999999999]	2.3765130244114787
3	[-0.16509556563678984, -0.6493980067248306, 0.7423110419957967]	0.9182746508339706	0.08172534916602946	[-0.1516030728893601, -0.5963257278775199, 0.6816454128988914]	0.9569846017244535	0.07939882655909915	[-0.15799391412386532, -0.6074254060481371, 0.675288351829065]	[3.5314271978667836e-12, 0.014038486778078561, -0.03509188505094647]	0.17925967577908333	[0.0, -0.6791053526515601, 0.6791053526515602]	2.3765130244114787
3	[-0.4822535042821636, 0.2076785807285885, 0.8510588491485958]	0.835232667312892	0.16476733268710775	[-0.402793880702581, 0.1734599349256947, 0.710832152614622]	0.909395218767815	0.17088268294810116	[-0.4385590309924555, 0.18886190835526853, 0.6869320165578479]	[3.576794688664103e-11, 2.0446428792783794e-13, -0.08701683174792421]	0.3220014393556578	[-0.47059599999999985, 0.47059599999999996, 0.665523245598529]	2.3765130244114787
3	[-0.27321334538383074, 0.9284012335025322, -0.25184443121727373]	0.8328448947810965	0.1671551052189038	[-0.22754433988898792, 0.7732142276310563, -0.20974734881835544]	0.9096381588173958	0.16847829737664718	[-0.19651201552694744, 0.7821037133029456, -0.21869509836469464]	[0.05201326893234166, -0.06240547538409675, 0.010392206356200482]	0.37179934553273375	[-1.8793106481542857e-16, 0.9411919999999999, 0.0]	2.3765130244114787
3	[-0.3998260039937436, -0.6053196966017631, 0.6882784548686267]	0.8976026290184577	0.10239737098154236	[-0.35888487233472843, -0.5433365510663973, 0.6178005505868416]	0.94655449410526	0.09787185340726838	[-0.3414212552914079, -0.5359322331818832, 0.6514930645819154]	[0.03703584564901784, 0.03703584600694815, -6.980767668699828e-11]	0.15387224021796586	[-0.47059599999999985, -0.47059599999999996, 0.665523245598529]	2.3765130244114787
3	[0.6508980740440835, 0.5825619344962585, -0.48677848112019056]	0.70558629598489	0.2944137040151099	[0.4592647611284636, 0.4110477175430072, -0.34346422545874605]	0.8504081898650102	0.2875390356087818	[0.4831317454769527, 0.42501813274191375, -0.31440358002748064]	[-0.07039730745749789, -0.0703973074573077, 0.09955682696717984]	0.49401393144777245	[0.665523245598529, 0.6655232455985289, 0.0]	2.3765130244114787
3	[-0.7667129585341538, -0.21717061744090388, 0.6041425015144536]	0.7973086854762436	0.20269131452375627	[-0.611306901106468, -0.17315201951587122, 0.48168806372281847]	0.8872250969644323	0.20986913738775873	[-0.5697275740691004, -0.19267922211349406, 0.5360103894823613]	[0.11051940491025121, 3.3375095096920947e-12, -4.134394844721239e-12]	0.3945595942326796	[-0.47059599999999985, -0.47059599999999996, 0.665523245598529]	2.3765130244114787
3	[0.42956351779516044, -0.4598919234815048, 0.7771580295512159]	0.9093840523155134	0.09061594768448646	[0.39063821253947034, -0.4182183810027869, 0.7067351182028243]	0.9520853840894311	0.08750727965863067	[0.4089811468280696, -0.42653076215309643, 0.698921702225307]	[-2.7429347121576545e-12, 0.011325616454419606, -0.040999098838148056]	0.119417615275835	[0.47059599999999985, -0.47059599999999996, 0.665523245598529]	2.3765130244114787
3	[-0.8400077372572654, 0.5216390497379884, 0.14926387083409495]	0.8606926834294274	0.13930731657057227	[-0.7229885134814374, 0.4489709135005659, 0.12847032152726062]	0.9258316335308304	0.14548245891841807	[-0.7263096797273015, 0.4315538783162133, 0.1381932133661925]	[0.05139605583612915, -0.05139605521617844, 4.727528804840378e-12]	0.270120190029269	[-0.6791053526515602, 0.6791053526515601, 0.0]	2.3765130244114787
3	[-0.7172335228967242, 0.3236780153508262, 0.6170969259457582]	0.8238263284089231	0.17617367159107683	[-0.5908758597798056, 0.26665447097315853, 0.5083806947743269]	0.9034043608800735	0.17722543045576508	[-0.5532881660441574, 0.29241213058670057, 0.557488053983338]	[0.09466372631012075, -2.2428023767922914e-12, -1.747868909302027e-12]	0.291135828006653	[-0.47059599999999985, 0.47059599999999996, 0.665523245598529]	2.3765130244114787
3	[0.42091944114580687, -0.7688266056295766, -0.4813859932960296]	0.7879238187391451	0.2120761812608549	[0.3316524534491509, -0.6057767950559108, -0.3792954901253442]	0.8980935351267681	0.1945951635779198	[0.3300682543188915, -0.642521429560785, -0.3645085273828356]	[-0.04795677458332999, 0.04795677458859483, 0.06782112109690647]	0.4709047545031978	[0.0, -0.6655232455985289, -0.665523245598529]	2.3765130244114787
3	[-0.4441015089686827, -0.5054954125191813, -0.7397622845575473]	0.6884495168091295	0.3115504831908704	[-0.3057414692636948, -0.3480080724980619, -0.5092889873572614]	0.8405691985054945	0.3093226021723615	[-0.29827055200260216, -0.3498763763055085, -0.515716486174793]	[0.07502749744628416, 0.07502749744394407, 0.10610490444033817]	0.4778561420907878	[0.0, -0.6655232455985289, -0.665523245598529]	2.3765130244114787
3	[-0.5627379067032513, -0.09880880506420255, -0.8207087597930384]	0.6786818550491731	0.32131814495082683	[-0.3819200064278511, -0.06705974311616496, -0.5570001435514456]	0.8344237315076548	0.3141975536198706	[-0.391642334337469, -0.004528882193986064, -0.574624010242964]	[0.07791952963466432, 0.07791952963349828, 0.11019485558456284]	0.5839121019209493	[0.0, 0.0, -0.9411919999999999]	2.3765130244114787
3	[-0.3470600964699847, -0.9352897083220022, 0.06915526693744163]	0.8670282071748315	0.13297179282516838	[-0.300910893224295, -0.8109225589954968, 0.059959567109466]	0.9294475539473908	0.13639899230351388	[-0.27368380896013916, -0.8204123816711488, 0.06427619384517758]	[0.048890348776633265, 0.0488903499609042, 1.4759379332450315e-10]	0.3539321948537544	[-1.8793106481542857e-16, -0.9411919999999999, 0.0]	2.3765130244114787
3	[0.898295633071446, 0.35603163766722934, -0.2575003467662926]	0.7489353142509062	0.2510646857490938	[0.6727653222445802, 0.26664466643957113, -0.19285110312513062]	0.8576908044278478	0.22343453048988762	[0.7704599031401593, 0.30536506065388347, -0.08139267077821315]	[-1.0029117729555042e-09, -1.0586865495617344e-09, 0.13946300878021786]	0.44148052493902756	[0.9411919999999999, 0.0, 0.0]	2.3765130244114787
3	[0.046814467694287085, -0.31486946972487456, -0.9479797585653803]	0.8486874508697274	0.1513125491302726	[0.03973085125128771, -0.2672257676175065, -0.8045385247729523]	0.9300921949859337	0.13056228300248687	[0.010643437617435313, -0.2599593028329389, -0.8351833051729942]	[-0.03289833339744222, 0.032898333397526805, 0.04652526927331633]	0.31840296954749814	[0.0, 0.0, -0.9411919999999999]	2.3765130244114787
3	[-0.5823232659116057, -0.7904095113060299, 0.1901378931591604]	0.8649342645808774	0.13506573541912278	[-0.5036713457495892, -0.6836522693792115, 0.16445677878857598]	0.9282552101338145	0.14100927956018	[-0.49082800296400264, -0.6839851442663448, 0.17649648998967765]	[0.04971660260058418, 0.049716602742799224, 2.0820176236238922e-11]	0.24064040903913822	[-0.6791053526515602, -0.6791053526515601, 0.0]	2.3765130244114787
3	[-0.5005802197939991, -0.3153195029069573, -0.8062214674873777]	0.6698723037420016	0.33012769625799837	[-0.3353248250410835, -0.21122380182706638, -0.540065431752027]	0.8039089803615922	0.3291623318142527	[-0.3275503657453331, -0.1786176116019767, -0.5618424520074581]	[0.07487056833844238, 0.07487056846807942, 0.08628622586594632]	0.6068146257377454	[0.0, 0.0, -0.9411919999999999]	2.3765130244114787
3	[0.5903105937608876, -0.7751860602889039, 0.22498883267272618]	0.8745556829492419	0.12544431705075745	[0.5162594844787258, -0.6779433743686951, 0.19676526221404886]	0.932450212402983	0.12276139895862237	[0.5250989164697254, -0.6773597262637626, 0.18966452672975176]	[-0.02533632206634508, 0.04546268030445731, -0.020126358084230935]	0.2602613809499623	[0.6791053526515602, -0.6791053526515601, 0.0]	2.3765130244114787
3	[0.221476007748747, -0.4106734513418808, 0.8844748127304841]	0.8778960503143748	0.12210394968562524	[0.19443291244202088, -0.3605286009020098, 0.7764769446986383]	0.9343646470703477	0.12490163433654523	[0.2069393518147076, -0.3837187544242181, 0.7633858032858927]	[0.0, 0.0, -0.06303619295363799]	0.3370330415945712	[0.47059599999999985, -0.47059599999999996, 0.665523245598529]	2.3765130244114787
3	[-0.06889079567394185, 0.3975793607448141, 0.9149779834406706]	0.8855570196628286	0.11444298033717139	[-0.06100672769921683, 0.35207919378063013, 0.8102651760728252]	0.9387299661030251	0.11753403422639676	[-0.06466985428780987, 0.37321965983524175, 0.8000735108256204]	[0.0, 0.0, -0.05884374055465466]	0.3725151451833619	[0.0, 0.6655232455985289, 0.665523245598529]	2.3765130244114787
3	[0.5083228987278984, -0.8547325921274783, -0.10507153079644761]	0.8751085408129928	0.12489145918700724	[0.4448377101676019, -0.7479837914819845, -0.09194899399626671]	0.9340234669235965	0.11850061975110887	[0.474785516186484, -0.7535352822299213, -0.053334258707889125]	[0.0, 0.044805016761578303, 0.04480501676157831]	0.2665550607248492	[0.6791053526515602, -0.6791053526515601, 0.0]	2.3765130244114787
3	[-0.6557911630374385, -0.3963743825863497, 0.6425148241957486]	0.8539679252397435	0.14603207476025656	[-0.5600246188896396, -0.3384910091154494, 0.5486870513542219]	0.921232685435282	0.14190693420850253	[-0.5269442859362826, -0.36515303690777484, 0.5919056569258275]	[0.07719196827342358, 0.0, 0.0]	0.20083695964490617	[-0.47059599999999985, -0.47059599999999996, 0.665523245598529]	2.3765130244114787
3	[-0.04834958995474442, -0.2654909294318255, -0.9629002458929136]	0.8518059777935876	0.14819402220641245	[-0.04118446974732009, -0.22614676074000445, -0.8202041854704991]	0.9320380143559395	0.12646941367817502	[-0.013081017220191546, -0.21546500010099914, -0.8522293519417211]	[0.03198263859615232, 0.03198263859615233, 0.045230281263155835]	0.2698691677255694	[0.0, 0.0, -0.9603999999999999]	2.3765130244114787
3	[0.023793693056283344, 0.04289796032026491, 0.9987960878833599]	0.9578161193984616	0.042183880601538465	[0.022789982749327434, 0.04108835788406532, 0.9566629929668046]	0.9782406997521753	0.042644096714070025	[0.02327595894506709, 0.041964530721636986, 0.9561653519627422]	[0.0, 0.0, -0.020897631958010882]	0.05253253990256553	[0.0, 0.0, 0.98]	2.3765130244114787
3	[0.6325661785202784, 0.28148587773129363, 0.7215439906409687]	0.8271092590552404	0.17289074094475962	[0.5232013432193124, 0.23281957576484424, 0.5967957154748129]	0.905374711398399	0.1692769375528167	[0.4799766384886161, 0.254850195313695, 0.6532676822878163]	[-0.09273278282956901, 0.0, 0.0]	0.2552161847326419	[0.47059599999999985, 0.47059599999999996, 0.665523245598529]	2.3765130244114787
3	[-0.2943098771635715, -0.7679763716068763, 0.5688532225956892]	0.8512241478476568	0.14877585215234337	[-0.2505236743917097, -0.6537200324881984, 0.4842215996544089]	0.9203809455654766	0.1475135813888668	[-0.215704013196801, -0.6516576292352144, 0.5235616669005889]	[0.05517318983626619, 0.055173189836266186, 0.0]	0.32628214810542183	[0.0, -0.6655232455985289, 0.665523245598529]	2.3765130244114787
3	[0.0436332048721218, -0.06677529962391429, -0.9968135245835722]	0.899638634768184	0.10036136523181603	[0.03925411686171613, -0.06007363938989467, -0.8967719583748265]	0.9550828681471156	0.08180053628391204	[0.02053550387427682, -0.04263812210475111, -0.9221461246934048]	[-0.021137822581439966, 0.021137822581439973, 0.02989339537370868]	0.08768547188602285	[0.0, 0.0, -0.9603999999999999]	2.3765130244114787
3	[0.9860011347815463, -0.14997046261515515, -0.07287401836388196]	0.8730650869774405	0.12693491302255952	[0.8608431664979057, -0.13093397498714743, -0.0636237611812582]	0.9328700240286689	0.09735543311875432	[0.9198109022959559, -0.13990294906339037, -0.002194610810275731]	[0.0, 0.0, 0.0657873764519045]	0.16684656372898227	[0.98, 0.0, 0.0]	2.3765130244114787
3	[0.4627939954675316, 0.4749993593769372, -0.7484633099562714]	0.68832508523097	0.31167491476903	[0.31855271637456983, 0.32695397452778646, -0.5151860716179044]	0.8397088694594054	0.31101128438898795	[0.31317985785876057, 0.32342881018846814, -0.5218138063971911]	[-0.07543236486788162, -0.07543236486788164, 0.106677473438034]	0.5073033488332658	[0.0, 0.6655232455985289, -0.665523245598529]	2.3765130244114787
3	[-0.6503901416184334, 0.6509630825253956, 0.3914584637922513]	0.8780459235155128	0.12195407648448725	[-0.5710724125427425, 0.5715754809705159, 0.3437185083584312]	0.9356770500436989	0.12479288129967214	[-0.5639815988690164, 0.5645176865266922, 0.36627870061577184]	[0.04457353021802294, -0.04457353021802293, 0.0]	0.3741252764055843	[-0.47059599999999985, 0.47059599999999996, 0.665523245598529]	2.3765130244114787
3	[-0.14906694810830792, -0.8342125868124517, -0.5309128035613311]	0.8490156331599005	0.15098436684009953	[-0.12656016933138906, -0.7082595275825321, -0.4507532700683214]	0.9191014681226828	0.14747418296358344	[-0.0809478283859963, -0.7106661907968281, -0.4879627371983489]	[0.056059822468917275, 0.05605982246891726, 0.0]	0.2622918602682174	[0.0, -0.6655232455985289, -0.665523245598529]	2.3765130244114787
3	[-0.9242757874514296, -0.2829221709872863, 0.2562602464193005]	0.8408471421455287	0.15915285785447145	[-0.7771746544328425, -0.2378942989242683, 0.2154756958471778]	0.9143421778317972	0.16327852685655794	[-0.7857464940370681, -0.19932983159894402, 0.23430955180273622]	[0.05935784237847141, 0.0593578423784714, 0.0]	0.38577124905207505	[-0.98, 0.0, 0.0]	2.3765130244114787
3	[-0.9284253285745718, -0.13808181841230865, -0.3449055242891136]	0.7304981127500852	0.26950188724991464	[-0.6782129503531026, -0.10086850775529145, -0.2519528345702762]	0.8660806108481468	0.2450657371812685	[-0.7410692468414511, -0.056568056780249676, -0.20958952064430209]	[0.06302192885730548, 0.0630219288573055, 0.08912646651691378]	0.37508179907033473	[-0.98, 0.0, 0.0]	2.3765130244114787
3	[0.26614320307009814, 0.525598084651251, -0.8080312177574113]	0.7434329188892708	0.25656708111072923	[0.19785961830094298, 0.3907469182348896, -0.6007170067710442]	0.872989234559633	0.2445262392568673	[0.172569392958239, 0.3990707114325298, -0.620873937448504]	[-0.05977075817317494, -0.059770758173174954, 0.08452861684182654]	0.3327458149028623	[0.0, 0.6655232455985289, -0.665523245598529]	2.3765130244114787
3	[-0.9193028320914569, 0.3682507660334217, -0.13882966622600743]	0.8005695556297736	0.19943044437022636	[-0.7359658597766501, 0.29481035212370016, -0.11114280419878456]	0.905462268859107	0.1712794702555996	[-0.7879049499901536, 0.28894809599774646, -0.06278796690554493]	[0.04448907812397969, -0.0444890781239797, 0.06291705766040827]	0.39820402948833206	[-0.98, 0.0, 0.0]	2.3765130244114787
3	[-0.28552847098575684, 0.9469432564362485, -0.1475532491897388]	0.8494678365163543	0.15053216348364581	[-0.24254725251209344, 0.8043978393486513, -0.12534173936016593]	0.9193636984103086	0.15444575184347295	[-0.20662640493630902, 0.814707148271334, -0.13565510088753616]	[0.055878106150596824, -0.05587810615059682, 0.0]	0.32145224534992556	[-1.8793106481542857e-16, 0.9411919999999999, 0.0]	2.3765130244114787
3	[-0.006529993679506635, -0.13584444630828008, 0.9907086582793866]	0.9312328715653417	0.0687671284346583	[-0.0060809447654704965, -0.12650281382186354, 0.92258046873416]	0.9618059457919842	0.06712648557343809	[0.0, -0.12437540941519017, 0.9248923575573653]	[0.006280586746933559, 0.006280586746933558, -0.027977120523347696]	0.1364222480844025	[0.0, 0.0, 0.98]	2.3765130244114787
3	[0.05651616896963574, -0.07584795636522534, -0.995516453987685]	0.8872798849636693	0.11272011503633067	[0.05014565990196569, -0.06729836599846654, -0.8833017247736331]	0.9491658694442884	0.0928401739216723	[0.02972088015472897, -0.04806995294597591, -0.9110789450406994]	[-0.02392233850299565, 0.023922338502995653, 0.03383129555461654]	0.10089675505413812	[0.0, 0.0, -0.9603999999999999]	2.3765130244114787
3	[-0.4190967468538468, -0.005998420409635007, -0.9079217674057122]	0.7268922724368654	0.2731077275631347	[-0.30463818669149034, -0.004360205442591264, -0.6599613167044333]	0.8535025774486907	0.26487118600541426	[-0.2887590525771637, 0.0, -0.6774161284743795]	[0.06894110106295594, 0.005119667280244308, 0.09749744012816651]	0.420458050996489	[0.0, 0.0, -0.9411919999999999]	2.3765130244114787
3	[0.2810337746450933, -0.8702618085745263, 0.4045545723945357]	0.8378311911959345	0.16216880880406548	[0.23545886217718845, -0.7291324877303237, 0.3389484392930758]	0.9117607702051584	0.1672818234063891	[0.2562355708240732, -0.7087256205710784, 0.36885698851646037]	[1.692131878963047e-17, 0.0847449562949658, 0.0]	0.4347441892131489	[0.0, -0.6655232455985289, 0.665523245598529]	2.3765130244114787
3	[-0.02326142392409699, 0.5206543965570728, -0.8534505876164207]	0.8677819517886577	0.1322180482113423	[-0.020185843854236264, 0.4518144884516424, -0.7406090166769543]	0.9376732833271337	0.1158664820642528	[0.0, 0.4663921017526055, -0.7537532898319654]	[0.021811615745772363, -0.02181161574577237, 0.046504524815795284]	0.23842139824999428	[0.0, 0.6655232455985289, -0.665523245598529]	2.3765130244114787
3	[-0.14151953167809056, -0.9882797815310014, 0.0572301980657959]	0.8970631981651824	0.10293680183481753	[-0.12695196368998662, -0.886549421502188, 0.05133910450852971]	0.9462575016671102	0.1009189386835507	[-0.09667226717389797, -0.8979255057107316, 0.05415450424165391]	[0.0372416513089113, 0.03724165130891129, 0.0]	0.15517846382553455	[1.9176639266880466e-16, -0.9603999999999999, 0.0]	2.3765130244114787
3	[0.6197702497589663, 0.19415633083075332, -0.7603868467510783]	0.6639128371189995	0.3360871628810005	[0.4114734248794263, 0.1289028804464605, -0.5048305887344783]	0.8241242203086759	0.3366546262071805	[0.4280012354335031, 0.07724249634426957, -0.5096037974893632]	[-0.08276643841961831, -0.08276643841961834, 0.11704941972234185]	0.6741678920931481	[0.0, 0.0, -0.9411919999999999]	2.3765130244114787
3	[0.5973588228671314, -0.7944560794217789, -0.10955352396235898]	0.8946147036177993	0.10538529638220065	[0.5344059862727562, -0.7107320900292736, -0.09800819336987124]	0.944907297347427	0.09778300851037013	[0.5644487108620215, -0.7132735976042628, -0.06610417497875613]	[0.0, 0.03741374926340309, 0.037413749263403094]	0.17732162612788688	[0.6929646455628166, -0.6929646455628165, 0.0]	2.3765130244114787
3	[-0.049678028172980324, -0.3072325353012995, 0.9503369206598155]	0.8928161902805162	0.10718380971948376	[-0.04435334785404845, -0.2743021816979305, 0.8484761889864136]	0.9428340778722912	0.11066849060083622	[-0.04683813788298561, -0.2896693041131669, 0.8411078826468384]	[0.0, 0.0, -0.05490215161145146]	0.3113572976576814	[0.0, 0.0, 0.9411919999999999]	2.3765130244114787
3	[-0.5624812591332691, 0.74274176037644, -0.3632485519816412]	0.775400266498467	0.22459973350153287	[-0.43614811823233013, 0.5759221589354322, -0.2816630240117469]	0.8917409009642772	0.2053446694870233	[-0.4506412458252075, 0.611386907612065, -0.25187464406225096]	[0.050946298969814986, -0.050946298969815, 0.07204894695582682]	0.38539571937940914	[-0.6655232455985288, 0.6655232455985292, 0.0]	2.3765130244114787
3	[-0.2408160895132035, -0.029964541649743767, -0.9701081059733959]	0.7877820715835198	0.2122179284164802	[-0.18971059786735378, -0.023605528694885806, -0.7642337733836866]	0.894673236966818	0.19024043857271725	[-0.1658853569421055, 0.0, -0.7978323501967366]	[0.04956635337636331, 0.026808473472003297, 0.07009740918223047]	0.24286726837163783	[0.0, 0.0, -0.9603999999999999]	2.3765130244114787
3	[-0.3193872625986172, -0.1853516585086434, -0.9293204717307465]	0.7260344782272379	0.2739655217727622	[-0.23188616455321287, -0.13457169467387609, -0.6747187037989231]	0.8426255654479538	0.2566666764234078	[-0.1600689534840265, -0.04712712679755423, -0.7830691879744794]	[0.10905491926000746, 0.10905491926000745, 0.0]	0.3694650105295365	[0.0, 0.0, -0.9411919999999999]	2.3765130244114787
3	[0.34368895639038327, 0.8521586299346748, -0.3945929176799136]	0.8281933809020523	0.17180661909794756	[0.28464091877164954, 0.7057521367904593, -0.32679924257333287]	0.9068846902691382	0.17705918280559013	[0.3116862527650161, 0.7095745099164446, -0.2946151706805078]	[0.0, -0.06323510525203616, 0.06323510525203617]	0.4757710668137567	[0.0, 0.6655232455985289, -0.665523245598529]	2.3765130244114787
3	[0.8693840676576888, 0.2901848781877038, 0.39995509669731516]	0.8315150362827859	0.16848496371721405	[0.7229059245620592, 0.2412930895149643, 0.3325686767417532]	0.9080078730561949	0.17609688316372996	[0.699255293737872, 0.26349015403628784, 0.36316237667011386]	[-0.09015228440492906, 0.0, 0.0]	0.4993272694839018	[0.9411919999999999, 0.0, 0.0]	2.3765130244114787
3	[0.07227587025157346, 0.95646664736232, 0.2827503334442972]	0.8719185388281835	0.12808146117181643	[0.0630186711822874, 0.8339610016060456, 0.24653525758993325]	0.9315774385930302	0.13266831703116908	[0.0673305700810431, 0.8253097214741993, 0.26340383139136353]	[1.312114777817437e-17, -0.06571302797525379, 0.0]	0.29186816158405465	[1.9176639266880466e-16, 0.9603999999999999, 0.0]	2.3765130244114787
3	[0.19112905340289493, 0.955407186083941, -0.22509285578284977]	0.8507377608291857	0.14926223917081433	[0.16260070292138076, 0.8128009701691651, -0.19149499210734844]	0.9200994279371035	0.15002885022329546	[0.17585773269816385, 0.8248086991949973, -0.1528469016706943]	[0.0, -0.05426090616783468, 0.05426090616783469]	0.2953337721459667	[1.9176639266880466e-16, 0.9603999999999999, 0.0]	2.3765130244114787
3	[0.2017951317312817, -0.9505822173789635, 0.235949513270207]	0.852783529963779	0.1472164700362211	[0.17208756476730827, -0.8106408588572287, 0.20121385881980264]	0.9205430814472433	0.15383168233639777	[0.1857611123849665, -0.7987414589769168, 0.21720169201173356]	[1.523716664344118e-17, 0.07631042457806755, 0.0]	0.3106149130117822	[0.0, -0.9411919999999999, 1.8793106481542857e-16]	2.3765130244114787
3	[0.3173518584167609, 0.4803910367019424, -0.8176259840635334]	0.7222726270132297	0.2777273729867703	[0.22921456046620442, 0.34697329607232075, -0.5905488674238454]	0.8605092048824247	0.26921975728886627	[0.20744038513501628, 0.34773709880588166, -0.610740318739953]	[-0.06564381021915047, -0.06564381021915049, 0.0928343666977682]	0.397644791063651	[0.0, 0.6655232455985289, -0.665523245598529]	2.3765130244114787
3	[0.7312398246119238, -0.5217161373985356, -0.4394321231765779]	0.7021355703524678	0.29786442964753224	[0.5134294913183316, -0.36631545769440726, -0.3085409244377824]	0.8482899089906966	0.2898424800310612	[0.5489092022818076, -0.37117237272416737, -0.271799243618488]	[-0.07139416198861415, 0.07139416198861417, 0.10096659215855987]	0.4670115030762556	[0.665523245598529, -0.6655232455985289, 0.0]	2.3765130244114787
3	[-0.5233582104380237, 0.36780142117461495, -0.7686470569442408]	0.6663694839595422	0.33363051604045785	[-0.3487499406155753, 0.24509164322771443, -0.5122029426829546]	0.8265539864362325	0.3357737279858421	[-0.3509608149726263, 0.2223847306897349, -0.519895935196655]	[0.08162300019905473, -0.08162300019905476, 0.11543235388308508]	0.6108818393418325	[0.0, 0.6655232455985289, -0.665523245598529]	2.3765130244114787
3	[0.773680262255319, -0.4033464444766593, -0.488600550065775]	0.680875273895236	0.31912472610476394	[0.5267797604704284, -0.2746286208577151, -0.33267603335139756]	0.8350101758978329	0.3149534546494036	[0.568387340611312, -0.2591548342870373, -0.29818186802699603]	[-0.07764355126318342, 0.07764355126318344, 0.1098045632272047]	0.5649470000125423	[0.665523245598529, -0.6655232455985289, 0.0]	2.3765130244114787
3	[-0.7929808338988992, -0.00991516019342563, 0.6091658942089136]	0.7782423402982003	0.22175765970179973	[-0.6171312599850978, -0.0077163974733631124, 0.4740786911389908]	0.8752939041679705	0.23379125222443625	[-0.5718793161183515, -0.008678679276154372, 0.5331991938280931]	[0.12221197391538892, 0.0, 0.0]	0.5650973087429847	[-0.47059599999999985, -0.47059599999999996, 0.665523245598529]	2.3765130244114787
3	[-0.3435991741891739, 0.9190390325182507, -0.19314984909244817]	0.8373568193598093	0.16264318064019084	[-0.2877151116337037, 0.7695636011369986, -0.16173534329587952]	0.912295529788402	0.16893819081128958	[-0.2526878935373152, 0.7776591039530034, -0.17620974390634486]	[0.06077609711445457, -0.06077609711445456, 0.0]	0.3947885645205103	[-1.8793106481542857e-16, 0.9411919999999999, 0.0]	2.3765130244114787
3	[0.7128643642357262, 0.3641446114649132, -0.5993522337856607]	0.6642798175502455	0.3357201824497545	[0.47354140981257997, 0.24189391606581762, -0.39813759250747077]	0.8243625423499906	0.33772120523431	[0.5050043946318091, 0.21753289267000164, -0.3771927203427848]	[-0.08265428502026378, -0.0826542850202638, 0.11689081086390843]	0.6725275925714321	[0.665523245598529, 0.6655232455985289, 0.0]	2.3765130244114787
3	[-0.3229166087420399, -0.915894291117339, -0.2384586154811929]	0.8312950589832502	0.16870494101674982	[-0.2684389813108851, -0.7613783987568105, -0.19822946882150244]	0.9087223026549737	0.17503683875000206	[-0.2301893070731154, -0.7690413520242069, -0.21669266214798658]	[0.0632522171884862, 0.0632522171884862, 0.0]	0.4022158892602067	[-1.8793106481542857e-16, -0.9411919999999999, 0.0]	2.3765130244114787
3	[-0.5425391588143534, 0.6413296677530546, -0.542538034070212]	0.7095280087665641	0.2904719912334359	[-0.38494672903143484, 0.4550413621237469, -0.3849459309939638]	0.8535451817727774	0.28255661326853715	[-0.39416063329058904, 0.47848279620009787, -0.3656116389489806]	[0.06892105163845803, -0.06892105163845805, 0.09746908596012381]	0.5568284594234324	[-0.665523245598529, 0.6655232455985289, 0.0]	2.3765130244114787
3	[-0.8610281677669389, 0.09672338193413532, -0.49927455542930654]	0.6933891689999581	0.30661083100004194	[-0.5970276057334742, 0.06706694542217564, -0.34619156909195037]	0.8436447470379231	0.2904939272057272	[-0.6528217341653242, 0.008020016461534506, -0.31715230059992844]	[0.0735801566229415, -0.07358015662294151, 0.10405805541770041]	0.5222880346866084	[-0.98, 0.0, 0.0]	2.3765130244114787
3	[0.6544874205137956, 0.7551186024487893, -0.03797515799816128]	0.9374051569254306	0.06259484307456956	[0.6135198831324548, 0.707852072025819, -0.03559810894253439]	0.9680073113439197	0.05540886701456243	[0.6335486082399766, 0.7092339219901717, -0.01503382447960166]	[0.0, -0.021726406112058984, 0.021726406112058987]	0.08237550503057134	[0.6929646455628166, 0.6929646455628165, 0.0]	2.3765130244114787
3	[-0.12823029057876226, 0.7068368935540821, 0.6956569546039927]	0.9133788779134648	0.08662112208653534	[-0.1171228389233474, 0.6456098887022665, 0.6353983686088929]	0.9551654977062207	0.07916488477840318	[-0.09141242433068271, 0.6440774882377096, 0.6644675212771165]	[0.03106872499099404, -0.031068724990994032, 0.0]	0.13223464489283365	[0.0, 0.6791053526515601, 0.6791053526515602]	2.3765130244114787
3	[0.9321178315257292, -0.3469511665556093, 0.10383273172499087]	0.8711937146233363	0.12880628537666367	[0.8120551961135493, -0.30226167558448114, 0.09045842325098313]	0.9311635752247106	0.1339633751946431	[0.8004944762544189, -0.32306828867830517, 0.09668525769839073]	[-0.06745969627978357, 0.0, 0.0]	0.36226880722092475	[0.9411919999999999, 0.0, 0.0]	2.3765130244114787
3	[0.5619623156357962, 0.7192070340136566, 0.40858242501425923]	0.8593369312171076	0.14066306878289248	[0.4829149717781247, 0.6180411655190535, 0.3511099672609975]	0.9236419107690054	0.14613083237986632	[0.4671967598790078, 0.6124345720198688, 0.3773838517468043]	[-0.05185518711501396, -0.051855187115013954, 0.0]	0.36901739139059214	[0.47059599999999985, 0.47059599999999996, 0.665523245598529]	2.3765130244114787
3	[-0.803524882586472, -0.5945025423763795, -0.030240538560309515]	0.8927011260961379	0.10729887390386215	[-0.7173075675312105, -0.5307130890464109, -0.026995762826541987]	0.9438496111523207	0.0877846788703967	[-0.7396790235153798, -0.5423933689859356, 0.0]	[0.018727624465076073, 0.018727624465076073, 0.028542520561184895]	0.15346773311709597	[-0.6791053526515602, -0.6791053526515601, 0.0]	2.3765130244114787
3	[-0.10531262668904444, 0.1430812267902794, 0.984091973953676]	0.9148604020766593	0.0851395979233407	[-0.09634635199648832, 0.1308993486709767, 0.9003067789716733]	0.955108483497353	0.08765477581584674	[-0.10058498317009609, 0.1366580935366046, 0.8968007804156699]	[0.0, 0.0, -0.043113812449142114]	0.17770686832757748	[0.0, 0.0, 0.98]	2.3765130244114787
3	[-0.2397304049013131, -0.9271160155267727, -0.28807156527434874]	0.8321975335569407	0.16780246644305927	[-0.19950305167747942, -0.7715436614425186, -0.23973244610920028]	0.9092557990676511	0.1716377237662905	[-0.15509373783338876, -0.7801030904902464, -0.2619307412721969]	[0.06288252303596614, 0.06288252303596613, 0.0]	0.3750387007931999	[-1.8793106481542857e-16, -0.9411919999999999, 0.0]	2.3765130244114787
3	[-0.7609264231653305, 0.10779343393573584, 0.6398215017715165]	0.7835876289220713	0.21641237107792866	[-0.5962525317122741, 0.0844656013110712, 0.5013562135065015]	0.8786645704597539	0.22542985797067983	[-0.5496903678126008, 0.09471427132752516, 0.5621884850249842]	[0.11890872094944119, 0.0, 0.0]	0.46537945398773684	[-0.47059599999999985, 0.47059599999999996, 0.665523245598529]	2.3765130244114787
3	[0.07615057952748802, 0.3647990422109022, -0.9279669972793408]	0.8269335444992868	0.1730664555007132	[0.06297146864434049, 0.30166456500540634, -0.7673670382385653]	0.9189236449815902	0.1524586445591529	[0.03182235974061615, 0.2970682571879916, -0.7987726166294025]	[-0.038154208366243586, -0.0381542083662436, 0.05395819893315071]	0.37289697324773946	[0.0, 0.0, -0.9411919999999999]	2.3765130244114787
3	[0.20277089217358854, -0.8400177881465345, 0.5032435602017488]	0.852383172252709	0.14761682774729082	[0.17283849631143544, -0.7160170270090473, 0.42895634226051377]	0.9203097771786752	0.1498488628495718	[0.18661203459459647, -0.6965420934376604, 0.4631399687558747]	[1.5281906561418716e-17, 0.07653448999760036, 0.0]	0.31288828099561156	[0.0, -0.6655232455985289, 0.665523245598529]	2.3765130244114787
3	[-0.962433976043306, 0.09758660131552688, 0.2533726445399293]	0.8474794956292471	0.1525205043707529	[-0.8156430605936319, 0.08270264366305513, 0.2147281210009478]	0.9174440069664727	0.1619186034645901	[-0.802074410248988, 0.08953024253715662, 0.2324552142624045]	[0.08090487317285688, 0.0, 0.0]	0.2720834558644096	[-0.98, 0.0, 0.0]	2.3765130244114787
3	[0.44412791507195065, 0.14775282305008647, 0.8836964967309602]	0.8301666299638486	0.16983337003615143	[0.3687001745281516, 0.12265946317913516, 0.7336153426020003]	0.9063537675895021	0.1781685071311156	[0.40253700911713297, 0.1339163278434309, 0.7110038076107079]	[0.0, 0.0, -0.08993784160704207]	0.39054813267069455	[0.47059599999999985, 0.47059599999999996, 0.665523245598529]	2.3765130244114787
3	[-0.5010744317203609, -0.853498243722666, -0.14305649876339802]	0.8541179701260225	0.1458820298739775	[-0.42797667650304494, -0.7289881874345288, -0.12218712633712936]	0.9220527841692348	0.15269980834354074	[-0.40800241005300136, -0.7329557671172617, -0.13190564297829385]	[0.054014664790774575, 0.05401466479077457, 0.0]	0.28735526983542803	[-0.6791053526515602, -0.6791053526515601, 0.0]	2.3765130244114787
3	[-0.9131033657298079, 0.32277505933446543, -0.24911544425131257]	0.747910974790007	0.25208902520999293	[-0.6829200283470169, 0.2414070092647424, -0.18631617474524484]	0.876217715536739	0.2275920173674607	[-0.741825897229407, 0.22456977718300788, -0.1358993777632151]	[0.058251447939272775, -0.05825144793927279, 0.08237998770358987]	0.4131796257919506	[-0.98, 0.0, 0.0]	2.3765130244114787
3	[-0.9103263181417157, -0.3426501571735635, -0.23215698199166843]	0.7544027069438325	0.24559729305616756	[-0.6867526386083227, -0.258496206106466, -0.17513985565042522]	0.8799357453644482	0.22054419728570182	[-0.7445269093044324, -0.24500836347729277, -0.12437767456497886]	[0.056501757974472114, 0.05650175797447213, 0.07990555242542068]	0.4197146845682636	[-0.98, 0.0, 0.0]	2.3765130244114787
3	[-0.6066581071144435, 0.7945865036677933, -0.02445872566820194]	0.90885899640495	0.09114100359505012	[-0.5513666783929596, 0.7221670922804286, -0.022229532864146005]	0.9527131545058961	0.08306068275941156	[-0.5689807505697546, 0.7247204563847843, 0.0]	[0.008990408365822712, -0.03229255805236971, 0.023302149686547004]	0.13850172882408973	[-0.6791053526515602, 0.6791053526515601, 0.0]	2.3765130244114787
3	[0.6376693614897745, -0.7553821390143266, -0.15091590199632382]	0.8836658633703574	0.11633413662964268	[0.5634866468656861, -0.6675054100466422, -0.13335923083389772]	0.9465428611585937	0.09772601620743603	[0.5813583023904074, -0.688545034373189, -0.10718673198278178]	[-0.022223079507297395, 0.02645653675753034, 0.03566163768714853]	0.1724213484602523	[0.6929646455628166, -0.6929646455628165, 0.0]	2.3765130244114787
3	[-0.8786866946585518, 0.135314876185378, -0.457820463624077]	0.6971094454298383	0.30289055457016184	[-0.6125407944200005, 0.0943292782959961, -0.3191509695034118]	0.8459469433471997	0.28612396882962693	[-0.670825571257675, 0.041972453649844116, -0.2847659315466401]	[0.07249675224858117, -0.07249675224858118, 0.10252589025794569]	0.4880308171306793	[-0.98, 0.0, 0.0]	2.3765130244114787
3	[-0.2641374861835351, 0.909451129797771, -0.32113864747519977]	0.8271117762929298	0.17288822370707022	[-0.21847122538281283, 0.7522177394186462, -0.26561755714952145]	0.9062424021271696	0.17756884204992	[-0.17440188939203183, 0.7592124759064334, -0.2910294593037953]	[0.06497070057876701, -0.064970700578767, 0.0]	0.41702053348816354	[-1.8793106481542857e-16, 0.9411919999999999, 0.0]	2.3765130244114787
3	[-0.22113979653785154, 0.9626339272238313, 0.15631094825642014]	0.8582823052816162	0.1417176947183838	[-0.18980037436201475, 0.8262116661999656, 0.1341589210102757]	0.9244493947284447	0.143367633770645	[-0.1520786526557286, 0.8375524529630772, 0.14450156150507681]	[0.05235389840405955, -0.05235389840405954, 0.0]	0.27081527392018545	[1.9176639266880466e-16, 0.9603999999999999, 0.0]	2.3765130244114787
3	[-0.15944504690285147, 0.9398884288335697, 0.30197188339796]	0.849149840108519	0.15085015989148096	[-0.13539273608365157, 0.7981061090638729, 0.2564193765046461]	0.9191793075383694	0.15085563753912062	[-0.09055270529677055, 0.8079201126727514, 0.2775663066777941]	[0.056005882505815216, -0.05600588250581521, 0.0]	0.3414841733412392	[0.0, 0.9411919999999999, 1.8793106481542857e-16]	2.3765130244114787
3	[-0.9924673931361903, 0.10604832309750324, 0.06133699315798273]	0.9183026575485361	0.08169734245146391	[-0.9113854446472313, 0.09738445692900305, 0.056325923823011916]	0.9578236930322648	0.07871126219703113	[-0.9213820940987651, 0.07234890686008423, 0.058750025306073775]	[0.029226689609045158, -0.029226689609045155, 0.0]	0.12314182657840993	[-0.98, 0.0, 0.0]	2.3765130244114787
3	[-0.6657555092997294, 0.09732453223248418, -0.7397956050577662]	0.669503605229259	0.330496394770741	[-0.4457257136774103, 0.0651591252068994, -0.4952958247189355]	0.8036460994395279	0.3235598933327359	[-0.45681733752069137, 0.0, -0.5127190092297224]	[0.07821448070841253, -0.07821448070841251, 0.08181484315745687]	0.7023268260809508	[0.0, 0.0, -0.9411919999999999]	2.3765130244114787
3	[0.6948111802242122, 0.33907938251097447, -0.6342417490132716]	0.6610687556203916	0.3389312443796085	[0.45931796230195554, 0.22415478545306058, -0.41927740378270417]	0.8222729683529426	0.3420096709066435	[0.48768682142279574, 0.19517818017960317, -0.4032383746821626]	[-0.0836376301849786, -0.08363763018497862, 0.11828147093234213]	0.713922947560574	[0.665523245598529, 0.6655232455985289, 0.0]	2.3765130244114787
3	[0.7289919636923541, -0.6821459459181708, 0.05698794029765985]	0.9436920838079487	0.05630791619205138	[0.687943945296086, -0.6437357291646628, 0.053779068131421595]	0.9710304339554974	0.0533325245742286	[0.6794832081306441, -0.6623844738859046, 0.05533702439746662]	[-0.028390174723612518, 0.0, 0.0]	0.0682835064490511	[0.6929646455628166, -0.6929646455628165, 0.0]	2.3765130244114787
3	[-0.8868057231454599, 0.400954733224076, -0.22980624730774385]	0.7544526538019816	0.24554734619801835	[-0.6690529312338777, 0.3025013625353697, -0.17337793314160183]	0.879964224798428	0.22145722259994408	[-0.723868955047745, 0.2963374653340256, -0.12233467756590903]	[0.05648835566675896, -0.05648835566675897, 0.07988659870008562]	0.4144554788044271	[-0.665523245598529, 0.6655232455985289, 0.0]	2.3765130244114787
3	[0.591116268130519, 0.6924416741982583, -0.41364971338677553]	0.7516103051662183	0.2483896948337818	[0.4442890786782955, 0.5204462980539599, -0.3109033873105531]	0.8777165619502942	0.23344622051254507	[0.46128644176396805, 0.5502214288159618, -0.2816847337117783]	[-0.057546096812439315, -0.05754609681243933, 0.08138247057378684]	0.4211497186027378	[0.665523245598529, 0.6655232455985289, 0.0]	2.3765130244114787
3	[0.8093359817034141, -0.3425904395121471, -0.4770818163324238]	0.6814737619351445	0.3185262380648556	[0.5515412361208988, -0.23346639561735755, -0.3251187401269085]	0.835389483935	0.3125452369598231	[0.5986457176671172, -0.20873140004699273, -0.2889970074294885]	[-0.07746505041812468, 0.07746505041812471, 0.10955212491122757]	0.5937800601130376	[0.665523245598529, -0.6655232455985289, 0.0]	2.3765130244114787
3	[-0.613298059809126, 0.5768430418467008, -0.5395531437285924]	0.6904095895969599	0.3095904104030402	[-0.4234268617734304, 0.3982579677832426, -0.372512664527407]	0.8417921626033477	0.3053109579503628	[-0.44181752463964646, 0.41112997623131264, -0.3489006142753823]	[0.07445197544751499, -0.074451975447515, 0.1052909934233444]	0.5492806600232805	[-0.665523245598529, 0.6655232455985289, 0.0]	2.3765130244114787
3	[-0.44022353477072934, -0.7492615479290251, 0.49478315677573903]	0.841043420405993	0.15895657959400697	[-0.3702471074267908, -0.6301614950489162, 0.4161341185339422]	0.9144570380604121	0.16250781387467927	[-0.343287261390066, -0.6258892475508758, 0.45245794002732287]	[0.05927824830086005, 0.059278248300860044, 0.0]	0.3282211939803724	[-0.47059599999999985, -0.47059599999999996, 0.665523245598529]	2.3765130244114787
3	[0.25793719630420137, 0.8048166856442277, 0.5345451386659203]	0.8530988848622821	0.14690111513771784	[0.22004593453161778, 0.6865882170416485, 0.45601986170445064]	0.9200999190503716	0.14542851870048373	[0.19109225901660948, 0.6829271978318923, 0.49183493881528295]	[-0.046235734422966, -0.057584569479750075, 0.0]	0.32107557392720903	[0.0, 0.6655232455985289, 0.665523245598529]	2.3765130244114787
3	[0.4732267562466389, 0.6436198970217282, 0.6015063302493369]	0.8759026512782357	0.12409734872176435	[0.41450057045223043, 0.5637483742167567, 0.5268609894260361]	0.9332229997824746	0.12569629845499455	[0.44162609304181827, 0.5561992451022034, 0.5168978959873328]	[0.0, -0.044441645916101134, -0.04444164591610114]	0.18450570525011004	[0.47059599999999985, 0.47059599999999996, 0.665523245598529]	2.3765130244114787
3	[0.5109749349446353, 0.46263670952312524, -0.7244804282104115]	0.6796724168040139	0.3203275831959861	[0.3472955689600941, 0.3144414104638391, -0.49240936356897724]	0.8342468576029631	0.32168560075926267	[0.34827646799196454, 0.3079504553319661, -0.4940829513331537]	[-0.07800276579947593, -0.07800276579947596, 0.11031256929623112]	0.5529324371420808	[0.0, 0.6655232455985289, -0.665523245598529]	2.3765130244114787
3	[0.9333327359455623, 0.0076175893800653465, 0.35893171543401975]	0.8112140799470577	0.18878592005294226	[0.7571326566745495, 0.0061794957603641815, 0.2911704612996275]	0.8957683014155563	0.2029102911093353	[0.7339028149207354, 0.006823595099862315, 0.3215196530585037]	[-0.10214706461275483, 0.0, 0.0]	0.3590985547782792	[0.9411919999999999, 0.0, 0.0]	2.3765130244114787
3	[-0.30498993107257155, 0.5849120837535815, 0.7515710187489878]	0.9079053268572088	0.0920946731427912	[-0.27690198305860064, 0.5310447965830265, 0.6823553314337052]	0.9512661417609106	0.09329401285949096	[-0.2901265950073312, 0.5239735456757868, 0.6825105477588493]	[0.0, -0.03243351550581734, -0.03243351550581735]	0.21885556043771154	[-0.47059599999999985, 0.47059599999999996, 0.665523245598529]	2.3765130244114787
3	[-0.6056136601508405, 0.49226818207101697, 0.6252232653694184]	0.885755811235948	0.11424418876405198	[-0.5364258188424794, 0.436029402955959, 0.5537951406208776]	0.9399925197528369	0.11197445021642069	[-0.5276892481213337, 0.4211453465784905, 0.5877051926226962]	[0.04158306228059307, -0.04158306228059306, 0.0]	0.14256065528326503	[-0.47059599999999985, 0.47059599999999996, 0.665523245598529]	2.3765130244114787
3	[0.7167984462644281, 0.17175503083258364, 0.675795972773292]	0.7941232386409565	0.20587676135904354	[0.5692263036003132, 0.13639466133764866, 0.5366652865592423]	0.8852493758929322	0.2105079777561788	[0.522089765571682, 0.15204603385101598, 0.5982479631285136]	[-0.11245561162492652, 0.0, 0.0]	0.38733331682559463	[0.47059599999999985, 0.47059599999999996, 0.665523245598529]	2.3765130244114787
3	[-0.0944092052144279, 0.8361755244825448, 0.5402752948517275]	0.873829332818863	0.12617066718113695	[-0.08249753280448262, 0.7306747006780451, 0.47210840043879954]	0.9333017060154609	0.12024436504233643	[-0.04189271263954867, 0.7341844838772915, 0.5042398544031236]	[0.04621955965064062, -0.04621955965064061, 0.0]	0.22990850757842762	[0.0, 0.6791053526515601, 0.6791053526515602]	2.3765130244114787
3	[0.6108412428660861, 0.5627208847354543, 0.5569723349470446]	0.8851863306483454	0.1148136693516546	[0.5407083183813056, 0.4981128351381673, 0.49302429744441556]	0.9389566262819948	0.10822845479595916	[0.5182257941009779, 0.518225794100978, 0.522972864554282]	[-0.055327638494463025, -0.010144709368643524, 0.0]	0.19984749870177218	[0.47059599999999985, 0.47059599999999996, 0.665523245598529]	2.3765130244114787
3	[-0.8555866756498043, -0.37234580260102185, -0.35962486529148335]	0.7062920714835292	0.2937079285164708	[-0.6042940854784067, -0.26298488822727295, -0.2540001910637069]	0.8515780221058171	0.27847380745910794	[-0.6587520198808607, -0.24723471300929034, -0.20747035503870262]	[0.06984678910909087, 0.06984678910909088, 0.09877827644628973]	0.501405189703228	[-0.665523245598529, -0.6655232455985289, 0.0]	2.3765130244114787
3	[-0.18693257288013515, -0.8013266046304215, 0.5682709616968765]	0.8620084960741041	0.13799150392589582	[-0.16113746601566817, -0.6907503413216379, 0.48985439705490935]	0.9265846633522055	0.13397157112802674	[-0.12233462237268787, -0.6916227094476313, 0.5265511577367343]	[0.05087423273901376, 0.05087423273901375, 0.0]	0.24933127252144494	[0.0, -0.6791053526515601, 0.6791053526515602]	2.3765130244114787
3	[0.002819458647443705, -0.6973179621469923, -0.7167563814296327]	0.9338970110664089	0.06610298893359108	[0.002633084003673016, -0.6512231606119954, -0.6693766422799089]	0.9671267327703934	0.06036296509077476	[0.0, -0.6655232455985289, -0.665523245598529]	[-0.0027267738298834628, 0.008871596834800545, 0.027671011765841573]	0.06036296509077476	[0.0, -0.6655232455985289, -0.665523245598529]	2.3765130244114787
3	[-0.22631558260738288, -0.8439481474434798, 0.4863463595996165]	0.8430903888988444	0.15690961110115573	[-0.19080449255432694, -0.7115245718385825, 0.4100339414543779]	0.9156534312201539	0.1565239131074658	[-0.14877744961407252, -0.7143148268395489, 0.44532471292881964]	[0.05844919013896578, 0.058449190138965774, 0.0]	0.33935018050027144	[0.0, -0.6655232455985289, 0.665523245598529]	2.3765130244114787
3	[0.670897516479804, -0.3308724047014078, -0.6636414500227807]	0.6598728905540452	0.34012710944595476	[0.4427070834650585, -0.21833373009488583, -0.43791900191801025]	0.8214922987481751	0.34392453179002824	[0.46713213285913213, -0.18780412215219217, -0.42637531562233916]	[-0.08400501017830378, 0.08400501017830381, 0.11880102470144714]	0.7432631043506698	[0.665523245598529, -0.6655232455985289, 0.0]	2.3765130244114787
3	[-0.542816183435004, -0.3304546552852426, -0.7721077073837352]	0.6634633534878449	0.33653664651215515	[-0.3601386453892609, -0.21924455377121682, -0.5122651687946247]	0.8246760533745995	0.33885493583207354	[-0.36514075987691474, -0.19001129295377062, -0.520056574916049]	[0.08250674798612696, 0.08250674798612699, 0.11668216198927985]	0.6467461764150747	[0.0, -0.6655232455985289, -0.665523245598529]	2.3765130244114787
3	[-0.25997242779030083, 0.9582914325026617, 0.11870917058430358]	0.8612321445999475	0.13876785540005243	[-0.2238966115226957, 0.8253113855660232, 0.10223615356600077]	0.9261404930981155	0.14108572497757113	[-0.18958896544391451, 0.8363304728080058, 0.10994136978021522]	[0.051182027021708786, -0.05118202702170878, 0.0]	0.2858005886083641	[1.9176639266880466e-16, 0.9603999999999999, 0.0]	2.3765130244114787
3	[-0.26577590768446113, -0.9471085310317797, 0.17985715815981654]	0.8486379536382229	0.15136204636177725	[-0.22554752242368223, -0.8037522456481128, 0.1526336106479329]	0.9188823544106051	0.15479176965494376	[-0.18800513127396792, -0.8140696563521062, 0.16526756894749278]	[0.056211660524745265, 0.05621166052474525, 0.0]	0.3209679669161307	[-1.8793106481542857e-16, -0.9411919999999999, 0.0]	2.3765130244114787
3	[-0.37652641502640966, -0.9216461821438335, 0.09378791887581]	0.8602214042497485	0.1397785957502516	[-0.32389608147114163, -0.7928197730251879, 0.08067837527701077]	0.9255616614832854	0.1443331440851137	[-0.29691527741766865, -0.8014572347782534, 0.0868065020217543]	[0.051583136866520045, 0.05158313686652004, 0.0]	0.38852329908946504	[-1.8793106481542857e-16, -0.9411919999999999, 0.0]	2.3765130244114787
3	[0.26912825269004914, 0.03529700841057871, 0.9624573262234875]	0.8579161021423353	0.1420838978576648	[0.2308894615242244, 0.030281871872888902, 0.8257076377919883]	0.9228122790549959	0.14989243680779385	[0.24835485622299308, 0.03257251277518951, 0.8140363515098921]	[0.0, 0.0, -0.07413108719558198]	0.27144083662913593	[0.0, 0.0, 0.9603999999999999]	2.3765130244114787
3	[0.7696664563693288, 0.5162155319953196, 0.3756794783677559]	0.844094030352508	0.1559059696474921	[0.6496708611839195, 0.43573444893249325, 0.3171088050161669]	0.9154566052048388	0.15746298075367188	[0.6217437143886461, 0.47257291847444516, 0.3439182599116705]	[-0.08285252689925797, 0.0, 0.0]	0.41746098279688176	[0.665523245598529, 0.6655232455985289, 0.0]	2.3765130244114787
3	[-0.3291920728580172, 0.7155988871664101, 0.6160769528667969]	0.8622959339172097	0.1377040660827903	[-0.28386098590324604, 0.6170580107192756, 0.5312406514371434]	0.9267490188320641	0.1352350082892981	[-0.2543180903262936, 0.6124202263566202, 0.5709487115943519]	[0.05076034020216723, -0.05076034020216722, 0.0]	0.2871696731828832	[-0.47059599999999985, 0.47059599999999996, 0.665523245598529]	2.3765130244114787
3	[0.3827587229385273, -0.8321056707083291, 0.4013675532345752]	0.8379902716027047	0.16200972839729533	[0.3207480861935609, -0.6972964569990234, 0.3363421049475547]	0.9114628377548657	0.16351441399138458	[0.3196670853037216, -0.6854986943576344, 0.365831609053913]	[-0.02920326648125681, 0.07293470157809481, 0.0]	0.4562705985109037	[0.47059599999999985, -0.47059599999999996, 0.665523245598529]	2.3765130244114787
3	[-0.06314638359111156, -0.20009060559607456, 0.9777403969313943]	0.9068912613315477	0.09310873866845225	[-0.05726690346346892, -0.18146042168961732, 0.8867042218279203]	0.9507036032927274	0.09610157634071533	[-0.06003349441497452, -0.19022685972521208, 0.8821970590498733]	[0.0, 0.0, -0.04734425939766459]	0.20983046016836382	[0.0, 0.0, 0.98]	2.3765130244114787
3	[-0.2691052909429353, -0.8396755536097938, -0.4717280011368885]	0.8278214702044785	0.1721785297955215	[-0.2227711375881846, -0.6951014512840189, -0.39050656743775897]	0.9066639256250643	0.17454324685422484	[-0.17930945979534466, -0.6966249339898026, -0.4276987613380361]	[0.06467859969745209, 0.06467859969745207, 0.0]	0.3745707954113339	[0.0, -0.6655232455985289, -0.665523245598529]	2.3765130244114787
3	[0.8661068170909243, -0.3186680382648219, -0.3851099359625488]	0.7044922639381938	0.29550773606180636	[0.6101655523846883, -0.2244991677219273, -0.2713069706513488]	0.8497377057702182	0.2816583326571796	[0.6652507850914297, -0.20007141312208745, -0.22723938370724633]	[-0.07071283461535838, 0.07071283461535839, 0.10000304974688551]	0.505466879311709	[0.9411919999999999, 0.0, 0.0]	2.3765130244114787
3	[0.800988583967639, -0.29950906587560844, 0.5183740037963296]	0.8181927401460676	0.1818072598539323	[0.6553630443422012, -0.24505614330735315, 0.42412984658660696]	0.9000066077486777	0.18787951161091085	[0.6229014938958358, -0.2695601383686816, 0.46654002870183475]	[-0.09799352440629586, 0.0, 0.0]	0.40010360899629427	[0.47059599999999985, -0.47059599999999996, 0.665523245598529]	2.3765130244114787
3	[-0.7925675299183911, -0.48918774518014896, 0.3640495302628776]	0.8348187195592912	0.16518128044070876	[-0.6616502104907415, -0.40838308705538884, 0.30391536271021696]	0.9108023004792429	0.17242684024306223	[-0.6600614773014017, -0.3837424714429133, 0.3315771496518167]	[0.061810852233420054, 0.06181085223342005, 0.0]	0.4239888198652982	[-0.665523245598529, -0.6655232455985289, 0.0]	2.3765130244114787
3	[0.47552094709255976, -0.1984297990429953, -0.8570329303637938]	0.6842444602934037	0.3157555397065963	[0.32537257380155665, -0.13577449075230288, -0.5864200348904484]	0.8371413023641435	0.3116057692942311	[0.32143757327785305, -0.08947312872606487, -0.6090714144691399]	[-0.07664065167264349, 0.0766406516726435, 0.10838624902456469]	0.5220893652183315	[0.0, 0.0, -0.9411919999999999]	2.3765130244114787
3	[-0.2721718199665877, -0.694133976820097, -0.6664086753937051]	0.7755927869298433	0.2244072130701567	[-0.2110945003716533, -0.5383653055845943, -0.516861761782829]	0.8918476069759893	0.20753828762054857	[-0.19183970277597376, -0.5681656426002032, -0.5223570507933274]	[0.05089608354752729, 0.0508960835475273, 0.07197793162458727]	0.2736729024051881	[0.0, -0.6655232455985289, -0.665523245598529]	2.3765130244114787
3	[0.8188195228428631, -0.15935434817193742, -0.5514896016518198]	0.676996272775404	0.32300372722459597	[0.5543377650403531, -0.10788229976295563, -0.3733564047926743]	0.8325439236889399	0.3150912065341486	[0.6028990586530231, -0.05386533459627861, -0.34769340543112487]	[-0.0788041596876796, 0.07880415968767962, 0.11144591140173166]	0.5869494119402113	[0.9411919999999999, 0.0, 0.0]	2.3765130244114787
