4	[0.3250110656836271, 0.7775034810032938, -0.5383828973982677]	0.7964190661828606	0.20358093381713913	[0.2588450094308508, 0.6192185962945671, -0.42877840439475107]	0.8875475230346852	0.20832014307820435	[0.23871738899332084, 0.6403259114008665, -0.40748981976097004]	[-0.04974537731304579, -0.049745377314452305, 0.07035058726909948]	0.36920633507729733	[0.0, 0.6256028251598611, -0.6256028251598612]	2.3752433761380938
4	[-0.4341685227764889, 0.8023775275087609, 0.40949724929358083]	0.7984279105405524	0.20157208945944743	[-0.34665226646291025, 0.6406406127535148, 0.32695403312557736]	0.8899532903993822	0.20881027731783303	[-0.3116875219554594, 0.6393763372156513, 0.3644334243953457]	[0.0747021834773161, -0.07470218353329132, -2.2972786296120786e-11]	0.4199710838192516	[-0.4423679999999998, 0.44236799999999993, 0.6256028251598612]	2.3752433761380938
4	[-0.00018597087446875835, 0.19403551534995808, 0.9809944873431806]	0.8948104862422859	0.10518951375771397	[-0.0001664086886090134, 0.1736250138385684, 0.8778041542205536]	0.9433636973006465	0.10809603437661452	[-6.988773249064457e-11, 0.18287062308885427, 0.8734767527892568]	[0.0001754381018315097, -0.0001754380793185487, -0.05195783382235852]	0.1951680924257163	[0.0, 0.0, 0.96]	2.3752433761380938
4	[-0.9134467427625563, 0.1800589597762001, -0.36495728399470145]	0.7749735494766594	0.22502645052334022	[-0.707897064496592, 0.13954093117283675, -0.2828322417847346]	0.8826138208031554	0.21184722636191639	[-0.7357210799298414, 0.15892252645091312, -0.2516167031147939]	[0.07049963980001524, -7.000494788856352e-12, 0.07049963974171178]	0.4096123214649335	[-0.96, 0.0, 0.0]	2.3752433761380938
4	[0.036418214177894016, 0.2437036936115434, -0.9691657357728781]	0.8418206124615042	0.1581793875384956	[0.030657603363989018, 0.20515479261520012, -0.8158636932650288]	0.9157229021428831	0.15180915473660012	[5.368495950284336e-12, 0.18678719087774684, -0.8332236714407562]	[-0.03334899277247386, -0.03637786269915579, 0.054263588778626706]	0.25095871338415654	[0.0, 0.0, -0.9216]	2.3752433761380938
4	[0.42766433980085833, -0.8956209149656915, 0.12233719442064098]	0.8383923571091446	0.16160764289085527	[0.3585505138971678, -0.750881729974335, 0.10256656879244093]	0.9120929533509131	0.16446266729941006	[0.3900696306119842, -0.7358743914455506, 0.11158289298031122]	[-1.1984919648768866e-10, 0.08101513396835384, 1.6523949018792593e-11]	0.35306796715145045	[0.6516696095415222, -0.6516696095415221, 0.0]	2.3752433761380938
4	[-0.8656474513486602, -0.36407437372978313, -0.343663120463682]	0.780961449975907	0.2190385500240935	[-0.6760372887731976, -0.28432805080708157, -0.2683876488605618]	0.8812402856965206	0.21776409091606957	[-0.6915188511171774, -0.2704029277592614, -0.25241570908276506]	[0.07132455622178051, 0.05043407736115429, 0.05043407737800784]	0.49408794139947404	[-0.6256028251598612, -0.6256028251598611, 0.0]	2.3752433761380938
4	[-0.9120406305482128, -0.4085118380345816, -0.0360550470090689]	0.8530310099774314	0.1469689900225686	[-0.7779989402169953, -0.34847326578637605, -0.03075607316492979]	0.9235455033480406	0.13664806299854038	[-0.796394080255964, -0.34481108949179157, -0.0008302948900877798]	[0.04591694295754991, 0.03246818158948961, 0.03246818164813846]	0.35807643993861726	[-0.6516696095415222, -0.6516696095415221, 0.0]	2.3752433761380938
4	[0.802722930079079, 0.45038130143973615, 0.3908869156657814]	0.828877693969217	0.17112230603078227	[0.665359131180161, 0.37331101454422316, 0.32399744525979274]	0.9064331607165135	0.174115494542183	[0.6377905171057274, 0.4082405465681646, 0.35431286244070276]	[-0.08982416558547336, -2.34718353324497e-11, -8.960327501723377e-12]	0.20655436480991604	[0.6005787121534668, 0.42467327999999993, 0.4246732799999998]	2.3752433761380938
4	[-0.14958043120067518, 0.9280395187368349, 0.34112804965954363]	0.8146397359008355	0.18536026409916453	[-0.12185416296925122, 0.7560178684493136, 0.2778964642830177]	0.8997284632519567	0.1844730688780976	[-0.06651519537821067, 0.7669169938053997, 0.3069226158985058]	[0.06806657611853785, -0.06806657622477838, 6.187433290092721e-12]	0.37253740626179555	[1.8401906235273885e-16, 0.9216, 0.0]	2.3752433761380938
4	[0.882123631622142, 0.19330541446475094, -0.42952405668643806]	0.7706817482612186	0.229318251738781	[0.6798365826010879, 0.14897695476805384, -0.33102635092735505]	0.8786803893968372	0.22028397401877986	[0.7022427606931, 0.1698536768502394, -0.3045523899528304]	[-0.07286197543679573, -4.1651029791312e-12, 0.07286197543171827]	0.36444774785340844	[0.6005787121534668, 0.42467327999999993, -0.4246732799999998]	2.3752433761380938
4	[0.5154939223227782, -0.3537189167428841, -0.7804799446408076]	0.7875880658470618	0.2124119341529381	[0.4059968612381123, -0.2785847974910458, -0.6146966900320758]	0.888276205317671	0.2022804954426098	[0.3908020524834754, -0.31420009711239827, -0.626182830839223]	[-0.06709893270172412, 1.0482286125761778e-12, 0.06709893271285915]	0.2136524378227617	[0.4246732799999998, -0.42467327999999993, -0.6005787121534668]	2.3752433761380938
4	[-0.18020416114016563, -0.8291302512017154, -0.5292159170413807]	0.798498645029826	0.20150135497017344	[-0.1438927784991586, -0.6620593821378095, -0.4225781926857596]	0.8899963317653286	0.19776669453641385	[-0.12255313164343742, -0.6647237184509237, -0.43562897214686314]	[0.0378279107401582, 0.07319916367426796, 0.035371252731790224]	0.28842224064744665	[0.0, -0.6256028251598611, -0.6256028251598612]	2.3752433761380938
4	[-0.7960152374791033, 0.3070976989375191, -0.5215848397033485]	0.7613424241463798	0.23865757585362044	[-0.6060401705597964, 0.23380650655886612, -0.3971046662577481]	0.8744467107624346	0.2282182618440661	[-0.6206682737266549, 0.2685405727289577, -0.3806935150575019]	[0.07540463240372562, 1.0330715846822552e-11, 0.07540463240464257]	0.3974404339410597	[-0.4246732799999998, 0.42467327999999993, -0.6005787121534668]	2.3752433761380938
4	[0.056057202245361565, 0.4011216630813606, 0.9143079358089735]	0.8571838083196675	0.1428161916803327	[0.048051326104424925, 0.3438349947595992, 0.7837299583936298]	0.9216542488786069	0.14360665311227314	[0.051665358590348244, 0.33538357533945884, 0.7867066570244069]	[-3.933663786474349e-11, -0.034311909756730374, -0.055969136797361776]	0.367281327899404	[0.0, 0.6516696095415221, 0.6516696095415222]	2.3752433761380938
4	[-0.23769481941201118, -0.11551148820200527, 0.9644471312197728]	0.8534191957545264	0.14658080424547337	[-0.20285332161761585, -0.09857972136176377, 0.8230776950733389]	0.9194293296131815	0.14471574521125127	[-0.1957628411805776, -0.0834239029620683, 0.829707593640352]	[0.022780747283933797, 0.02278074719812227, -0.05703338566439932]	0.2643132763559872	[0.0, 0.0, 0.96]	2.3752433761380938
4	[0.9594294997721994, -0.10872397539467572, 0.2601425227471381]	0.840582279356317	0.1594177206436833	[0.8064794358002061, -0.09139144705793656, 0.21867119472829188]	0.913387343616103	0.16803088918601905	[0.7931826120916702, -0.09930710307461285, 0.23761088781113418]	[-0.08314815009218471, -1.4874705194390271e-12, -2.4660156749354677e-12]	0.28194921606093754	[0.96, 0.0, 0.0]	2.3752433761380938
4	[-0.9705434889992891, -0.09632939327280118, 0.2208302152169867]	0.8466416617341267	0.15335833826587347	[-0.8217025523115951, -0.08155647759432466, 0.18696406037241445]	0.9182118894076999	0.1453101878953056	[-0.8420443723870058, -0.053717570319751134, 0.1680357052689841]	[0.049120198399374586, 0.0347332238827651, -0.034733223883714144]	0.24115659045807725	[-0.96, 0.0, 0.0]	2.3752433761380938
4	[0.6546620075265115, -0.33805347936521724, 0.6761194428430739]	0.8290967764855116	0.17090322351448828	[0.542778160127765, -0.28027905002141296, 0.5605684505803723]	0.9048387485671623	0.17486575704399182	[0.551951110804104, -0.26547144655576693, 0.5546272488786254]	[-0.040412440820650916, 0.04041244066183183, -0.05715182166542828]	0.24187226692839955	[0.4423679999999998, -0.44236799999999993, 0.6256028251598612]	2.3752433761380938
4	[-0.5443705237841608, -0.47920061531305314, -0.6884965527281526]	0.8289704871184689	0.17102951288153098	[-0.45126709827429207, -0.39724316750353156, -0.5707433226944434]	0.9097535078096357	0.1628823854479454	[-0.44104287152574306, -0.4116873260426548, -0.5822137999416912]	[0.0542001220350662, 0.024267114682930732, 0.04414835401758793]	0.1582093775892658	[-0.4246732799999998, -0.42467327999999993, -0.6005787121534668]	2.3752433761380938
4	[0.8849441313699953, 0.3652531521974345, 0.28890140041827816]	0.8268156136587287	0.17318438634127198	[0.7316856250323726, 0.3019970091749066, 0.23886818867370485]	0.9051987595162472	0.1803889186661427	[0.7100411391291886, 0.33062670026481, 0.2615131892808156]	[-0.09100919082811466, -1.370701498443576e-11, -3.162518834291922e-13]	0.3206687488973921	[0.6005787121534668, 0.42467327999999993, 0.4246732799999998]	2.3752433761380938
4	[-0.0946035957855353, 0.7127331833516167, -0.6950263081451793]	0.8490226572389552	0.15097734276104413	[-0.08032059627819518, 0.6051266212315699, -0.5900930829924012]	0.9198803574250726	0.14729782922794316	[-0.06672468328780946, 0.6105533873258105, -0.592660757214541]	[0.020299306217085932, -0.0450758681243839, 0.0466802915418751]	0.14615457448875604	[0.0, 0.6256028251598611, -0.6256028251598612]	2.3752433761380938
4	[-0.8665279513224694, 0.3243358013141649, 0.3793884520683025]	0.7953823120608354	0.20461768793916488	[-0.6892210053882046, 0.25797095953336374, 0.3017588641752678]	0.8886421906211353	0.2041201652280277	[-0.703154167262584, 0.2409277906696046, 0.2898499000642179]	[0.06687912963505935, -0.04729068630707622, -0.04729068507812012]	0.4741812322152949	[-0.6005787121534667, 1.0773204303471146e-16, 0.6005787121534668]	2.3752433761380938
4	[-0.5578337547883747, -0.6983624372220631, 0.4484544662459758]	0.8131821853553709	0.1868178146446287	[-0.45362047178380227, -0.5678958928703413, 0.36467518289427886]	0.8988569238557127	0.19262561439526157	[-0.4327545361183197, -0.5590697152772561, 0.403096402009864]	[0.06865819673364082, 0.06865819678054591, -9.349590736200776e-12]	0.33203468716893536	[-0.4423679999999998, -0.44236799999999993, 0.6256028251598612]	2.3752433761380938
4	[0.4700823827733239, -0.48173766045396643, -0.7395616133267688]	0.8374958524535	0.1625041475464998	[0.3936920458841173, -0.4034532926008496, -0.6193797837949881]	0.9132103793302038	0.1589597859070991	[0.4057796087598376, -0.41334459928174233, -0.6112816227853999]	[-0.023504502329036184, 0.02658323235906778, 0.06409371865879526]	0.15695405999788978	[0.4246732799999998, -0.42467327999999993, -0.6005787121534668]	2.3752433761380938
4	[-0.5743041548288251, 0.15661431879424942, -0.8035214327539509]	0.7438837827963724	0.25611621720362754	[-0.42721554716973986, 0.11650285190474322, -0.5977265629549702]	0.8621197108328879	0.2533538593314864	[-0.41231096543317075, 0.13502029123069756, -0.6099236987765957]	[0.08280796645798258, -4.903280545133524e-13, 0.0828079664772687]	0.3680091754691339	[-0.4246732799999998, 0.42467327999999993, -0.6005787121534668]	2.3752433761380938
4	[-0.27321334538383074, 0.9284012335025322, -0.25184443121727373]	0.7939849016348636	0.2060150983651367	[-0.21692727115991287, 0.7371365620601937, -0.19996067594733524]	0.887242761345547	0.20374187090110313	[-0.19870835581137, 0.7484888801015048, -0.19191696188314358]	[0.043698207183434486, -0.07522839394789328, 0.03153018669956913]	0.37164150253723355	[1.8401906235273885e-16, 0.9216, 0.0]	2.3752433761380938
4	[-0.3998260039937436, -0.6053196966017631, 0.6882784548686267]	0.8498115827715044	0.15018841722849582	[-0.33977676928712913, -0.5144076894519108, 0.584907003119433]	0.9203173942280759	0.14435816257078612	[-0.3141783011460875, -0.5030195622374223, 0.6331564755248936]	[0.05378852499405905, 0.054066683614042314, -0.0002781585631252151]	0.17969783362350167	[-0.4423679999999998, -0.44236799999999993, 0.6256028251598612]	2.3752433761380938
4	[0.6508980740440835, 0.5825619344962585, -0.48677848112019056]	0.8303924209303173	0.16960757906968185	[0.5405008274843476, 0.48375501512819763, -0.40421716139417857]	0.9090572133253515	0.16972721855570932	[0.5514734107191477, 0.4893519501259651, -0.3856154253385944]	[-0.040230178630204824, -0.04023017863663055, 0.05689406421527364]	0.17696870176925944	[0.6005787121534668, 0.42467327999999993, -0.4246732799999998]	2.3752433761380938
4	[-0.4822535042821636, 0.2076785807285885, 0.8510588491485958]	0.818854131516532	0.18114586848346778	[-0.39489527441977557, 0.17005846385709444, 0.6968930547890326]	0.8985802183516627	0.18298599190593018	[-0.41024648885196685, 0.16351889411509146, 0.6887357607081946]	[0.02309697032675412, -0.02309697030296707, -0.0760088857898652]	0.3278725296858578	[-0.4423679999999998, 0.44236799999999993, 0.6256028251598612]	2.3752433761380938
4	[-0.7667129585341538, -0.21717061744090388, 0.6041425015144536]	0.8009444866872631	0.19905551331273721	[-0.6140945170096105, -0.17394160870976091, 0.4838846057614527]	0.891097797048541	0.199023416781144	[-0.6178118835277427, -0.14727240316338788, 0.4921021965791734]	[0.06540434479061123, 0.046247855621873175, -0.046247855623751055]	0.27345267505502974	[-0.6005787121534667, -1.0773204303471146e-16, 0.6005787121534668]	2.3752433761380938
4	[-0.16509556563678984, -0.6493980067248306, 0.7423110419957967]	0.8757099425546853	0.1242900574453146	[-0.1445758282998268, -0.5686842911641299, 0.6500491599438466]	0.932476067749983	0.12432244742583776	[-0.15394766383692987, -0.5714887996364004, 0.6460720131651659]	[1.1023147696899401e-11, 0.03405930007904717, -0.04611526832246679]	0.18835491830491496	[0.0, -0.6516696095415221, 0.6516696095415222]	2.3752433761380938
4	[-0.8400077372572654, 0.5216390497379884, 0.14926387083409495]	0.8273146424790605	0.1726853575209395	[-0.6949507008286392, 0.4315596239371006, 0.12348818593414987]	0.9077092706472031	0.16765952098672926	[-0.7070549631493183, 0.434303194612208, 0.09629479264738877]	[0.055427847374481136, -0.03919340676656121, -0.03919340668140587]	0.2732378084575217	[-0.6516696095415222, 0.6516696095415221, 0.0]	2.3752433761380938
4	[0.42091944114580687, -0.7688266056295766, -0.4813859932960296]	0.7940302388239217	0.20596976117607957	[0.3342227643786363, -0.6104715732822364, -0.38223503522333696]	0.8872704890222358	0.2092781999437682	[0.3670246578799735, -0.6117440210593574, -0.354036949588695]	[-0.006444740504432169, 0.07041313729090312, 0.07308263609152817]	0.36422864669966415	[0.4246732799999998, -0.42467327999999993, -0.6005787121534668]	2.3752433761380938
4	[-0.5627379067032513, -0.09880880506420255, -0.8207087597930384]	0.7395895335779902	0.2604104664220099	[-0.41619506594531236, -0.07307795805083206, -0.6069876088587038]	0.858955485801214	0.2594270981898155	[-0.39865847936509974, -0.0848723651554592, -0.6202439587873695]	[0.08470833266594953, -9.966863863024269e-14, 0.08470833268197196]	0.4167813995917898	[-0.4246732799999998, -0.42467327999999993, -0.6005787121534668]	2.3752433761380938
4	[-0.7172335228967242, 0.3236780153508262, 0.6170969259457582]	0.8058123673254537	0.194187632674546	[-0.5779556430105844, 0.2608237478010541, 0.4972643347656117]	0.8940526207837278	0.1948378902780718	[-0.5776147703147337, 0.24439215690332536, 0.50672410290629]	[0.06362974054502901, -0.04499302101115624, -0.0449930210130972]	0.29951747604230256	[-0.4423679999999998, 0.44236799999999993, 0.6256028251598612]	2.3752433761380938
4	[0.42956351779516044, -0.4598919234815048, 0.7771580295512159]	0.8600412510453804	0.13995874895461988	[0.3694423452480047, -0.3955260252166993, 0.6683879639951902]	0.9233371424957576	0.1368743854679821	[0.39663195102613313, -0.4065494618570285, 0.6554835001902354]	[-1.5275757682748982e-11, 0.018085832627261933, -0.06209537408321796]	0.1531013475996374	[0.4423679999999998, -0.44236799999999993, 0.6256028251598612]	2.3752433761380938
4	[-0.4441015089686827, -0.5054954125191813, -0.7397622845575473]	0.834391320561333	0.16560867943866708	[-0.37055444453165964, -0.4217809847895754, -0.6172512295134406]	0.9113992967359933	0.16116422323734605	[-0.3967093674902491, -0.42571493486162737, -0.6079936723522206]	[0.008044435463201488, 0.03499322861162495, 0.06622515354533942]	0.16211643967522113	[-0.4246732799999998, -0.42467327999999993, -0.6005787121534668]	2.3752433761380938
4	[0.046814467694287085, -0.31486946972487456, -0.9479797585653803]	0.8301242050310613	0.16987579496893943	[0.03886182277867237, -0.26138076824391304, -0.7869409434646231]	0.90832722453478	0.16625080159226063	[0.001969753275028422, -0.24545140927985254, -0.80372507578948]	[-0.0405531022337955, 0.04055310224608081, 0.05735074722336313]	0.319421772915202	[0.0, 0.0, -0.9216]	2.3752433761380938
4	[0.5903105937608876, -0.7751860602889039, 0.22498883267272618]	0.8506008818129445	0.14939911818705576	[0.5021187115965335, -0.6593739464508439, 0.19137569946948582]	0.9177578863336417	0.14595896596104024	[0.5130502220595126, -0.6588337427765812, 0.18259787941034802]	[-0.028711980750836547, 0.05259937742946656, -0.02388739611204635]	0.26026960631044554	[0.6788225099390857, -0.6788225099390855, 0.0]	2.3752433761380938
4	[-0.5005802197939991, -0.3153195029069573, -0.8062214674873777]	0.7779691996869592	0.22203080031304037	[-0.38943599297226006, -0.24530886132221538, -0.6272154698316013]	0.8825368762115059	0.21309326224680636	[-0.3712346520897162, -0.2782810890754534, -0.6409743239989373]	[0.07054585138054856, 2.8617095180104003e-11, 0.07054585145202956]	0.24496745680748577	[-0.4246732799999998, -0.42467327999999993, -0.6005787121534668]	2.3752433761380938
4	[-0.3470600964699847, -0.9352897083220022, 0.06915526693744163]	0.8320004114722549	0.16799958852774521	[-0.2887541430686277, -0.7781614221696711, 0.05753721054742365]	0.9100002415651057	0.17224025260199732	[-0.25473091049712726, -0.7900199991932375, 0.06293130970482418]	[0.06109386112816751, 0.06109386131314167, 8.625310559345401e-11]	0.35414766640609885	[1.8401906235273885e-16, -0.9216, 0.0]	2.3752433761380938
4	[-0.5823232659116057, -0.7904095113060299, 0.1901378931591604]	0.8299910643821625	0.17000893561783748	[-0.48332310728847083, -0.6560328315866765, 0.15781275232255357]	0.9088215679325314	0.17739498702566106	[-0.467333971723488, -0.6564472394521685, 0.17280141820878087]	[0.0618939718458904, 0.06189397192176311, 2.448418324599158e-11]	0.24537745236974817	[-0.6516696095415222, -0.6516696095415221, 0.0]	2.3752433761380938
4	[0.898295633071446, 0.35603163766722934, -0.2575003467662926]	0.8297008876897003	0.17029911231029948	[0.7453166841671602, 0.29539976581811805, -0.2136482662923987]	0.9069251627691584	0.17772974943774478	[0.725335069528618, 0.3228940509374524, -0.2335335438948745]	[-0.0893518437095279, -4.870007431638856e-12, 9.260076632944976e-12]	0.3482726369799727	[0.6005787121534668, 0.42467327999999993, -0.4246732799999998]	2.3752433761380938
4	[-0.9284253285745718, -0.13808181841230865, -0.3449055242891136]	0.7767886640960349	0.2232113359039651	[-0.7211902706963639, -0.1072603912604485, -0.26791870145188307]	0.8836909935009495	0.20970679614683913	[-0.75058838766446, -0.12202165929719075, -0.2349371920879638]	[0.0698527133350489, 1.2530206893480236e-17, 0.06985271333504892]	0.372858376782421	[-0.96, 0.0, 0.0]	2.3752433761380938
4	[0.9860011347815463, -0.14997046261515515, -0.07287401836388196]	0.889208105312143	0.11079189468785698	[0.8767602008947217, -0.13335495091480765, -0.0648001677958298]	0.9226355871234231	0.11129527847302216	[0.9026860622512228, -0.13836808582610502, 0.0]	[-0.007033673642310484, 0.0, 0.06723616271920335]	0.16875372949784306	[0.96, 0.0, 0.0]	2.3752433761380938
4	[-0.04834958995474442, -0.2654909294318255, -0.9629002458929136]	0.8361557602229178	0.16384423977708215	[-0.04042778814507567, -0.22199176993135705, -0.8051345871234237]	0.9109453628274052	0.16092076893350007	[-0.004648913027114533, -0.20245280930189288, -0.821436681252756]	[0.0393949217367664, 0.039394921736766404, 0.0557128326087617]	0.272999682729086	[0.0, 0.0, -0.9216]	2.3752433761380938
4	[0.5083228987278984, -0.8547325921274783, -0.10507153079644761]	0.8484272261072802	0.15157277389271992	[0.4312749869345227, -0.7251784022022016, -0.08914554741647569]	0.9195378941234879	0.14167494052798876	[0.46742216783099866, -0.7335242986841762, -0.04418254504146136]	[0.0, 0.05243470911943526, 0.05243470911943527]	0.2665605016175539	[0.6788225099390857, -0.6788225099390855, 0.0]	2.3752433761380938
4	[-0.9242757874514296, -0.2829221709872863, 0.2562602464193005]	0.8105123219436703	0.18948767805632974	[-0.7491369146035725, -0.22931190573624952, 0.2077020873471644]	0.8977626908267763	0.18542880382370378	[-0.7683787665311426, -0.21057951609513248, 0.18664343495235705]	[0.061401551477290484, 0.04341745342496697, -0.04341745342496696]	0.38339338556273417	[-0.96, 0.0, 0.0]	2.3752433761380938
4	[-0.06889079567394185, 0.3975793607448141, 0.9149779834406706]	0.8551807506306704	0.14481924936932955	[-0.05891408235598574, 0.34000221615701226, 0.7824715586893298]	0.9204715237587971	0.14954386262230512	[-0.0634120156669492, 0.3659604799998275, 0.768917734919493]	[0.0, 0.0, -0.07329344370389261]	0.3723427131388172	[0.0, 0.6516696095415221, 0.6516696095415222]	2.3752433761380938
4	[0.4627939954675316, 0.4749993593769372, -0.7484633099562714]	0.8347252611647167	0.16527473883528332	[0.386305838732098, 0.39649396430898703, -0.624761231875457]	0.9115944079491562	0.16045381794726415	[0.42188041830064893, 0.42188041830064904, -0.6026899070454621]	[0.0, -0.011126341486798535, 0.07960506086579103]	0.16079725582393373	[0.4246732799999998, 0.42467327999999993, -0.6005787121534668]	2.3752433761380938
4	[0.6325661785202784, 0.28148587773129363, 0.7215439906409687]	0.8326160602054298	0.1673839397945704	[0.5266847593787586, 0.23436966252009706, 0.6007691147523868]	0.9069733353887742	0.170632927337521	[0.5342147179987585, 0.215794246602879, 0.5985513253932234]	[-0.03950593878790914, -0.03950593878790915, -0.05586983442814244]	0.2669515154704839	[0.4423679999999998, 0.44236799999999993, 0.6256028251598612]	2.3752433761380938
4	[0.023793693056283344, 0.04289796032026491, 0.9987960878833599]	0.9358354928152395	0.0641645071847605	[0.02226698246722146, 0.0401454338370837, 0.9347088291262574]	0.9662007811233086	0.06492906050475741	[0.02298948481678921, 0.04144804277003665, 0.9338882001790484]	[0.0, 0.0, -0.031149360116758798]	0.06254207594850877	[0.0, 0.0, 0.96]	2.3752433761380938
4	[-0.2943098771635715, -0.7679763716068763, 0.5688532225956892]	0.8147682647895212	0.18523173521047878	[-0.2397943479269803, -0.6257227756934871, 0.4634835530942169]	0.8998052481949532	0.1837640483294651	[-0.19680711916436808, -0.6230147167585594, 0.5118571151442131]	[0.06801445290302557, 0.06801445290302556, 0.0]	0.32711484320483747	[0.0, -0.6516696095415221, 0.6516696095415222]	2.3752433761380938
4	[0.221476007748747, -0.4106734513418808, 0.8844748127304841]	0.8410643725255289	0.15893562747447113	[0.18627557948665907, -0.34540280866575235, 0.7439002533837993]	0.9120650045919775	0.1640314272583679	[0.20200051602437377, -0.3745608832839358, 0.7256576323664838]	[0.0, 0.0, -0.08104089176803358]	0.3417784700710888	[0.4423679999999998, -0.44236799999999993, 0.6256028251598612]	2.3752433761380938
4	[-0.6503901416184334, 0.6509630825253956, 0.3914584637922513]	0.8336167117954772	0.16638328820452283	[-0.5421760912401532, 0.5426537043550681, 0.3263263173910054]	0.9109464382072754	0.17102865157922986	[-0.5320190206172847, 0.532540939095785, 0.35659769329764307]	[0.060451562335152725, -0.06045156233515272, 0.0]	0.3763093166765104	[-0.4423679999999998, 0.44236799999999993, 0.6256028251598612]	2.3752433761380938
4	[0.0436332048721218, -0.06677529962391429, -0.9968135245835722]	0.8855183166891455	0.1144816833108545	[0.03863800213011392, -0.05913075091938191, -0.882696634342219]	0.9404490245452644	0.1093376732430663	[0.04103480495977062, -0.04103480495977063, -0.8905807516622735]	[0.0, 0.021763960435257322, 0.04687155518587398]	0.10963517449960895	[0.0, 0.0, -0.9216]	2.3752433761380938
4	[-0.14906694810830792, -0.8342125868124517, -0.5309128035613311]	0.8033796626829025	0.1966203373170976	[-0.11975735448842212, -0.6701894265992189, -0.42652454903913617]	0.892958091885198	0.19316674200626363	[-0.060448080810785614, -0.6722544230115032, -0.47408288402554716]	[0.07266245673515884, 0.07266245673515882, 0.0]	0.27332249791300706	[0.0, -0.6256028251598611, -0.6256028251598612]	2.3752433761380938
4	[-0.6557911630374385, -0.3963743825863497, 0.6425148241957486]	0.8214592791520602	0.1785407208479398	[-0.5387057360630254, -0.3256054145937257, 0.5277997643283523]	0.9034414457874197	0.17782182492129373	[-0.5344779043327648, -0.3170952073473934, 0.5394686837817427]	[0.057991012136392156, 0.04100583792951427, -0.041005837929514254]	0.21897688251294517	[-0.4423679999999998, -0.44236799999999993, 0.6256028251598612]	2.3752433761380938
4	[-0.28552847098575684, 0.9469432564362485, -0.1475532491897388]	0.8119636091608158	0.18803639083918416	[-0.23183872781976428, 0.7688834641664724, -0.11980786875550554]	0.8981271769508252	0.19315203046495083	[-0.1872873141487022, 0.7813219081988881, -0.13252158314470175]	[0.06915356543682116, -0.06915356543682116, 0.0]	0.3223984332106887	[1.8401906235273885e-16, 0.9216, 0.0]	2.3752433761380938
4	[-0.3193872625986172, -0.1853516585086434, -0.9293204717307465]	0.7871854191560413	0.2128145808439587	[-0.25141699618179314, -0.14590612299439387, -0.7315475250696577]	0.8880372894077108	0.20094995885076314	[-0.21638537841269637, -0.16459918440923935, -0.7580288121701388]	[0.06724242053672837, 1.2061971555811447e-17, 0.06724242053672838]	0.36935493296541755	[0.0, 0.0, -0.9216]	2.3752433761380938
4	[0.2810337746450933, -0.8702618085745263, 0.4045545723945357]	0.8095970071272041	0.19040299287279588	[0.22752410285432875, -0.7045613556390443, 0.3275261710302419]	0.8947815496362547	0.19553124653718496	[0.2514638363770626, -0.6817248858103366, 0.36198796719961507]	[1.9362200578144602e-17, 0.09696932385522765, 0.0]	0.4332439621129991	[0.0, -0.6256028251598611, 0.6256028251598612]	2.3752433761380938
4	[-0.049678028172980324, -0.3072325353012995, 0.9503369206598155]	0.8650605438150313	0.13493945618496875	[-0.042974502066976804, -0.265774744065413, 0.8220989733934821]	0.9128480615411281	0.13411739074318718	[0.0, -0.23510813257326682, 0.8487611432927193]	[0.04534849171889063, 0.045348491718890625, -0.018752072542558108]	0.3113729473367177	[0.0, 0.0, 0.96]	2.3752433761380938
4	[-0.14151953167809056, -0.9882797815310014, 0.0572301980657959]	0.860821994407572	0.139178005592428	[-0.12182312550675935, -0.8507329725701962, 0.049265013239338795]	0.9266205670960149	0.13640418308555177	[-0.08132329787692467, -0.8659487607899924, 0.053030678586745046]	[0.04981161082178988, 0.04981161082178987, 0.0]	0.16658111142040816	[1.8401906235273885e-16, -0.9216, 0.0]	2.3752433761380938
4	[-0.9193028320914569, 0.3682507660334217, -0.13882966622600743]	0.8199270502348792	0.18007294976512078	[-0.7537612593893187, 0.30193876434051814, -0.11383019871378311]	0.9045472660467107	0.17224667404305197	[-0.7742259834081318, 0.29256399802222777, -0.08504176941800164]	[0.057326880029194, -0.04053622561291074, 0.040536225612910724]	0.39564954490609827	[-0.96, 0.0, 0.0]	2.3752433761380938
4	[0.26614320307009814, 0.525598084651251, -0.8080312177574113]	0.8141530746949563	0.18584692530504376	[0.21668130708868452, 0.4279172966725959, -0.6578611003867061]	0.8994376241613098	0.18740844773165574	[0.2393792102560501, 0.47274269252245626, -0.6302337979427535]	[0.0, 0.0, 0.09653988080514253]	0.2799181015344459	[0.4246732799999998, 0.42467327999999993, -0.6005787121534668]	2.3752433761380938
4	[-0.2408160895132035, -0.029964541649743767, -0.9701081059733959]	0.7998978692421675	0.2001021307578324	[-0.19262827688084255, -0.023968573018448222, -0.7759874069026743]	0.8955249201812717	0.18618561885835866	[-0.15291130045001505, -0.026833993769155184, -0.8060104752793676]	[0.06274550888966246, 1.1255313795086147e-17, 0.06274550888966247]	0.24747383512168852	[0.0, 0.0, -0.9216]	2.3752433761380938
4	[0.5973588228671314, -0.7944560794217789, -0.10955352396235898]	0.8694892927570647	0.1305107072429353	[0.5193971004169348, -0.6907710546229929, -0.09525561606907565]	0.931516254591245	0.11916127876401426	[0.5564494533242252, -0.695419975909756, -0.057422112688224516]	[0.0, 0.04462877563046433, 0.04462877563046434]	0.17891179199604848	[0.6788225099390857, -0.6788225099390855, 0.0]	2.3752433761380938
4	[0.6197702497589663, 0.19415633083075332, -0.7603868467510783]	0.7428516614130274	0.2571483385869726	[0.46039735972781515, 0.14422935293148254, -0.5648546324256515]	0.8625099337975088	0.25274158015044357	[0.45198439019548464, 0.16746176405120036, -0.573267601957982]	[-0.08257360689378695, -1.4812085728972093e-17, 0.08257360689378697]	0.34167167185325215	[0.4246732799999998, 0.42467327999999993, -0.6005787121534668]	2.3752433761380938
4	[-0.006529993679506635, -0.13584444630828008, 0.9907086582793866]	0.9083781649851067	0.09162183501489328	[-0.005931703675954582, -0.1233981288609333, 0.8999381130426863]	0.949172748220765	0.0899814910213937	[0.0, -0.12274175438631683, 0.9019260734252786]	[0.0061980920466415375, 0.006198092046641537, -0.038427586439873575]	0.13942516309324413	[0.0, 0.0, 0.96]	2.3752433761380938
4	[-0.02326142392409699, 0.5206543965570728, -0.8534505876164207]	0.8329939622790697	0.1670060377209302	[-0.019376625682786697, 0.4337019687660941, -0.7109191865880027]	0.9105820769143564	0.1627492717248357	[0.0, 0.45291712606274076, -0.7073071861575606]	[0.021181435708789536, -0.021181435708789543, 0.06982962245797769]	0.25193227138584656	[0.0, 0.6256028251598611, -0.6256028251598612]	2.3752433761380938
4	[-0.5624812591332691, 0.74274176037644, -0.3632485519816412]	0.7952861472103797	0.2047138527896203	[-0.4473335534541407, 0.5906922329820341, -0.28888654138522873]	0.8880380278791769	0.21517767298941318	[-0.4235024411469175, 0.5835806211754149, -0.3225785277317432]	[0.07600230693278708, -0.07600230693278706, 0.0]	0.3849652049510481	[-0.6516696095415222, 0.6516696095415221, 0.0]	2.3752433761380938
4	[0.05651616896963574, -0.07584795636522534, -0.995516453987685]	0.879905600534972	0.120094399465028	[0.049728893597163294, -0.06673904159489397, -0.8759605032884797]	0.9373388376811805	0.11628815068040242	[0.052974800132191566, -0.05297480013219158, -0.8815550069129642]	[0.0, 0.018120435127681644, 0.051581228960342916]	0.12004429186720665	[0.0, 0.0, -0.9216]	2.3752433761380938
4	[-0.4190967468538468, -0.005998420409635007, -0.9079217674057122]	0.7524938529260385	0.2475061470739615	[-0.3153677257888197, -0.004513774485516403, -0.683205548910543]	0.8670084026883685	0.24215238149139065	[-0.2834884788209931, -0.0052006808980109565, -0.7073038790837749]	[0.0798719222406521, 1.4327456484831703e-17, 0.07987192224065211]	0.419362800350474	[0.0, 0.0, -0.9216]	2.3752433761380938
4	[-0.3435991741891739, 0.9190390325182507, -0.19314984909244817]	0.7994800454117619	0.20051995458823824	[-0.2747006833842046, 0.7347533674528727, -0.15441945012370542]	0.8905931573894837	0.2086149085918673	[-0.23173924591217446, 0.7442220462292243, -0.17201793395254572]	[0.07426782750538113, -0.07426782750538113, 0.0]	0.3941748536656803	[1.8401906235273885e-16, 0.9216, 0.0]	2.3752433761380938
4	[0.2017951317312817, -0.9505822173789635, 0.235949513270207]	0.8224997008562414	0.17750029914375867	[0.16597643548322508, -0.7818535894334601, 0.194068404081921]	0.9026061298883253	0.18482933608313132	[0.18214152288227708, -0.7682431456741698, 0.2129694770218556]	[1.79223286568548e-17, 0.08975819069491932, 0.0]	0.31182273317879555	[1.8401906235273885e-16, -0.9216, 0.0]	2.3752433761380938
4	[0.773680262255319, -0.4033464444766593, -0.488600550065775]	0.8086210777598676	0.19137892224013253	[0.625614167506433, -0.3261544366433268, -0.39509270338825114]	0.9010461681317791	0.17805057353027265	[0.6376920707582784, -0.3634337682252712, -0.38082208847777915]	[-0.059429564906066844, -1.0660498473276786e-17, 0.05942956490606685]	0.18575703598832063	[0.6005787121534668, -0.42467327999999993, -0.4246732799999998]	2.3752433761380938
4	[0.07227587025157346, 0.95646664736232, 0.2827503334442972]	0.8382489081756965	0.16175109182430372	[0.06058516932582986, 0.8017571228579334, 0.23701515829599623]	0.9120080577200899	0.16723807634723603	[0.06591617604816685, 0.7912119153297905, 0.25787058242424127]	[1.6192194712945377e-17, -0.08109337400516516, 0.0]	0.2939170556156479	[1.8401906235273885e-16, 0.9216, 0.0]	2.3752433761380938
4	[-0.7929808338988992, -0.00991516019342563, 0.6091658942089136]	0.827050312201714	0.17294968779828612	[-0.65583504624606, -0.008200336333502586, 0.5038108429881182]	0.9056607805966863	0.17148336980806758	[-0.6352060002624463, 9.735294580571039e-17, 0.5427178875416042]	[0.08296564076464205, 0.008979771720519048, -0.008979771720519045]	0.19284871415039018	[-0.6005787121534667, -1.0773204303471146e-16, 0.6005787121534668]	2.3752433761380938
4	[0.8693840676576888, 0.2901848781877038, 0.39995509669731516]	0.8130946945433942	0.1869053054566058	[0.7068915729330221, 0.23594778489114307, 0.3252013671801771]	0.8969136548581234	0.19534297760224956	[0.6807995502620781, 0.2602707796798927, 0.3587251875579231]	[-0.09896289133620156, 0.0, 0.0]	0.3015865347716339	[0.6005787121534668, 0.42467327999999993, 0.4246732799999998]	2.3752433761380938
4	[0.19112905340289493, 0.955407186083941, -0.22509285578284977]	0.815384884738244	0.18461511526175586	[0.15584374117904923, 0.7790245783031444, -0.18353731226790113]	0.9001734710175726	0.18374424003885687	[0.17204930341398703, 0.7949782877684494, -0.1375687021274419]	[0.0, -0.06505391516386387, 0.06505391516386387]	0.2972205151231651	[1.8401906235273885e-16, 0.9216, 0.0]	2.3752433761380938
4	[-0.5425391588143534, 0.6413296677530546, -0.542538034070212]	0.8013980679646774	0.1986019320353227	[-0.43478983366900414, 0.5139603566657263, -0.4347889323012222]	0.8917576564766999	0.1993637022289869	[-0.483813448811128, 0.5013723958047562, -0.41327420007223986]	[0.0, -0.07053824573968831, 0.07053824573968832]	0.2533793126031521	[-0.4246732799999998, 0.42467327999999993, -0.6005787121534668]	2.3752433761380938
4	[0.7128643642357262, 0.3641446114649132, -0.5993522337856607]	0.7813130802486289	0.2186869197513712	[0.5569702522204957, 0.28451094803959154, -0.46828173993297084]	0.8858249495226006	0.20733284699485494	[0.5629019346897992, 0.32256838206983374, -0.4623500574636674]	[-0.06857110477577352, -1.2300311451521535e-17, 0.06857110477577354]	0.21629730528562222	[0.6005787121534668, 0.42467327999999993, -0.4246732799999998]	2.3752433761380938
4	[0.3173518584167609, 0.4803910367019424, -0.8176259840635334]	0.8122253266741324	0.1877746733258676	[0.25776121687319664, 0.3901857667165603, -0.6640965320032624]	0.8982839914994744	0.1900604348186335	[0.285072094088384, 0.4315275779291913, -0.6368129643577718]	[0.0, 0.0, 0.09764736816050461]	0.24845899900415466	[0.4246732799999998, 0.42467327999999993, -0.6005787121534668]	2.3752433761380938
4	[0.34368895639038327, 0.8521586299346748, -0.3945929176799136]	0.7932691782626662	0.2067308217373337	[0.2726378560137526, 0.6759911761177191, -0.313018399556213]	0.8868048378831948	0.2109894284789674	[0.30478502925401824, 0.6819325485713369, -0.276161061294345]	[0.0, -0.07376584709864772, 0.07376584709864774]	0.4720330589860929	[0.0, 0.6256028251598611, -0.6256028251598612]	2.3752433761380938
4	[-0.3229166087420399, -0.915894291117339, -0.2384586154811929]	0.7927913579138158	0.20720864208618406	[-0.25600549673752615, -0.7261130787604271, -0.18904792957358338]	0.8865122791114779	0.2154314256818687	[-0.20923151923804215, -0.7349135159028105, -0.21139649068399988]	[0.07703801954081302, 0.077038019540813, 0.0]	0.401460088442825	[1.8401906235273885e-16, -0.9216, 0.0]	2.3752433761380938
4	[0.7312398246119238, -0.5217161373985356, -0.4394321231765779]	0.8441524206907708	0.15584757930922913	[0.6172778680516503, -0.44040794029841257, -0.3709476905087932]	0.9144033765865591	0.15605828626307186	[0.6047896361632443, -0.43835108098493225, -0.4018182172132636]	[-0.06385852855646194, 0.038707916671985906, 0.0]	0.16342419017044235	[0.6005787121534668, -0.42467327999999993, -0.4246732799999998]	2.3752433761380938
4	[-0.5233582104380237, 0.36780142117461495, -0.7686470569442408]	0.7915711531186038	0.2084288468813962	[-0.4142752621305153, 0.2911409950778512, -0.6084388372065739]	0.8906334008250888	0.19786867046330378	[-0.4004370515270769, 0.32757623056904817, -0.6188994910753723]	[0.06568325128507256, -1.1782287168871572e-17, 0.06568325128507257]	0.20302731920242317	[-0.4246732799999998, 0.42467327999999993, -0.6005787121534668]	2.3752433761380938
4	[-0.8610281677669389, 0.09672338193413532, -0.49927455542930654]	0.7350366755528893	0.2649633244471107	[-0.6328872819928063, 0.07109523310509921, -0.36698510941090423]	0.8582872388230227	0.25958309421422954	[-0.6538998210581515, 0.08301644440987364, -0.3434113119906308]	[0.08510966760338086, 1.5267005285685915e-17, 0.08510966760338087]	0.5086914136015359	[-0.8493465599999999, 0.0, 0.0]	2.3752433761380938
4	[-0.9131033657298079, 0.32277505933446543, -0.24911544425131257]	0.7969938326012002	0.20300616739879984	[-0.7277377510140549, 0.2572497316070554, -0.1985434726740042]	0.8909576561794076	0.19820238125947748	[-0.7480479241581911, 0.2412715405286258, -0.17564394251906265]	[0.06548851042196692, -0.0463073698091787, 0.04630736980917868]	0.4104162981641551	[-0.96, 0.0, 0.0]	2.3752433761380938
4	[0.9321178315257292, -0.3469511665556093, 0.10383273172499087]	0.8566079463947868	0.1433920536052132	[0.7984595414612168, -0.29720112628247614, 0.08894394309150526]	0.9227666487781355	0.14878732471511685	[0.78598323049035, -0.32015496525218434, 0.09581338188734902]	[-0.07414401717298995, 0.0, 0.0]	0.3632268760301194	[0.96, 0.0, 0.0]	2.3752433761380938
4	[-0.12823029057876226, 0.7068368935540821, 0.6956569546039927]	0.8735549805563732	0.1264450194436268	[-0.11201620899326875, 0.6174608888051634, 0.6076945974529967]	0.9336542766051722	0.1156151991597407	[-0.07727585442814348, 0.6151073792027391, 0.6471160861508451]	[0.04244690476104183, -0.044833909326344665, -0.0023870045653028448]	0.14636025134195796	[0.0, 0.6516696095415221, 0.6516696095415222]	2.3752433761380938
4	[0.07615057952748802, 0.3647990422109022, -0.9279669972793408]	0.8213156867574691	0.17868431324253092	[0.0625436655215981, 0.2996151758819141, -0.7621538516587483]	0.9037021107555178	0.18531518955195017	[0.06881743945424684, 0.3296696644475835, -0.7461597604780972]	[0.0, 0.0, 0.09244597367470299]	0.3727167699671146	[0.0, 0.0, -0.9216]	2.3752433761380938
4	[0.5619623156357962, 0.7192070340136566, 0.40858242501425923]	0.8270706513307189	0.17292934866928114	[0.4647825384162171, 0.5948350300633094, 0.33792653237882797]	0.9036061748955666	0.18082887647139878	[0.44497569209909704, 0.587062990595046, 0.36919760219668946]	[-0.06281692636801989, -0.06281692636801987, 0.0]	0.2974899560448374	[0.6005787121534668, 0.42467327999999993, 0.4246732799999998]	2.3752433761380938
4	[-0.10531262668904444, 0.1430812267902794, 0.984091973953676]	0.8875983716734844	0.11240162832651555	[-0.09347531596585339, 0.12699866391609654, 0.8734784336582279]	0.93931107070311	0.11615589781558476	[-0.09892131613384325, 0.13439778033389185, 0.8684375684847506]	[0.0, 0.0, -0.05593091724001381]	0.17928583326337305	[0.0, 0.0, 0.96]	2.3752433761380938
4	[0.6544874205137956, 0.7551186024487893, -0.03797515799816128]	0.9150479800367157	0.08495201996328429	[0.5988873921005892, 0.6909697518589124, -0.03474909161779261]	0.9565056787703342	0.07385095936065908	[0.6260209344051932, 0.6939313040543755, -0.007979526944432085]	[0.0, -0.028343927333009847, 0.028343927333009854]	0.08863071101244445	[0.6788225099390857, 0.6788225099390855, 0.0]	2.3752433761380938
4	[0.20277089217358854, -0.8400177881465345, 0.5032435602017488]	0.8221318348676248	0.17786816513237513	[0.1667044056404177, -0.6906053654903542, 0.4137325515339797]	0.9023845795739049	0.17993218645729098	[0.1829773262838893, -0.6680567271265229, 0.45411922849593017]	[1.7963098137978395e-17, 0.08996237146468916, 0.0]	0.3140403846948853	[0.0, -0.6516696095415221, 0.6516696095415222]	2.3752433761380938
4	[-0.803524882586472, -0.5945025423763795, -0.030240538560309515]	0.8714241179664444	0.12857588203355563	[-0.7002109620720072, -0.5180638536191452, -0.02635233464174797]	0.9337986250915736	0.11874195809329816	[-0.7105712941008242, -0.527031701661637, -0.0001246183067746435]	[0.039759136485291516, 0.028113955022871104, 0.028113955022871097]	0.1650532874323858	[-0.6516696095415222, -0.6516696095415221, 0.0]	2.3752433761380938
4	[-0.5010744317203609, -0.853498243722666, -0.14305649876339802]	0.8164887521332513	0.18351124786674874	[-0.4091216374812355, -0.6968717159650412, -0.11680402215987885]	0.9008320217392153	0.19230992385111081	[-0.3840664374599105, -0.7015410925349883, -0.1288698750039654]	[0.06731745590857056, 0.06731745590857055, 0.0]	0.2896184852471529	[-0.6516696095415222, -0.6516696095415221, 0.0]	2.3752433761380938
4	[-0.7609264231653305, 0.10779343393573584, 0.6398215017715165]	0.8144321186530517	0.18556788134694838	[-0.6197229189576287, 0.08779043477716902, 0.5210911812475535]	0.899245241730888	0.18220645414857345	[-0.6237483023741305, 0.05414487888679232, 0.5325685873553964]	[0.060511162964597125, -0.042787853669750894, -0.04278785366975089]	0.19715681414399183	[-0.6005787121534667, 1.0773204303471146e-16, 0.6005787121534668]	2.3752433761380938
4	[-0.962433976043306, 0.09758660131552688, 0.2533726445399293]	0.8379415752066438	0.16205842479335622	[-0.8064634419181211, 0.08177187042539534, 0.21231147288006139]	0.9131555374991804	0.15475649890392232	[-0.8266949792548963, 0.05223122263693818, 0.19448811067238791]	[0.052156935446402215, -0.03688052274006001, -0.03688052274006]	0.27152673164322577	[-0.96, 0.0, 0.0]	2.3752433761380938
4	[0.44412791507195065, 0.14775282305008647, 0.8836964967309602]	0.8185854938316782	0.1814145061683218	[0.36355666868360637, 0.12094831762147965, 0.723381133173837]	0.898415146108627	0.18413386334284396	[0.35587087260991634, 0.08960300100813551, 0.7329166165018486]	[-0.043140373100370076, -0.04314037310037009, -0.061009700724378835]	0.3556169689016257	[0.6005787121534667, 1.0773204303471146e-16, 0.6005787121534668]	2.3752433761380938
4	[-0.2397304049013131, -0.9271160155267727, -0.28807156527434874]	0.7926286024402057	0.2073713975597943	[-0.19001717579935237, -0.7348586716869179, -0.22833376218616955]	0.8864125911329841	0.21267746912622776	[-0.13539435939734734, -0.7447016196193894, -0.25535026260657007]	[0.07710568998458492, 0.0771056899845849, 0.0]	0.3748150479650631	[1.8401906235273885e-16, -0.9216, 0.0]	2.3752433761380938
4	[-0.9103263181417157, -0.3426501571735635, -0.23215698199166843]	0.7988612438036479	0.20113875619635213	[-0.7272244147778862, -0.2737299307491884, -0.18546121539156532]	0.8920777573842978	0.19614092709901274	[-0.7472660588929142, -0.2598388910222037, -0.1612703870996684]	[0.06481580148285238, 0.04583169275656599, 0.04583169275656598]	0.4168614508057871	[-0.96, 0.0, 0.0]	2.3752433761380938
4	[-0.542816183435004, -0.3304546552852426, -0.7721077073837352]	0.7794077969691452	0.2205922030308549	[-0.42307516569027587, -0.25755893487406917, -0.6017867672348545]	0.8833994973928421	0.2118416521658959	[-0.4094957639309295, -0.2919234763901082, -0.6120517809436775]	[0.0700277796922538, 1.2561610364743314e-17, 0.07002777969225381]	0.22859809946694323	[-0.4246732799999998, -0.42467327999999993, -0.6005787121534668]	2.3752433761380938
4	[0.25793719630420137, 0.8048166856442277, 0.5345451386659203]	0.8239735641498774	0.17602643585012248	[0.21253343096559946, 0.6631476729575658, 0.4404510631055489]	0.9019390577719554	0.1752212205155977	[0.17660674045479455, 0.6587338791597139, 0.4821271387049194]	[-0.05603689134415669, -0.06716172396938874, 0.0]	0.3220306908261536	[0.0, 0.6516696095415221, 0.6516696095415222]	2.3752433761380938
4	[-0.18693257288013515, -0.8013266046304215, 0.5682709616968765]	0.8271834964409561	0.1728165035590438	[-0.15462753923369404, -0.6628441426093518, 0.470064361022287]	0.9071702241280387	0.1676934675465973	[-0.10656472258201562, -0.6639246940678523, 0.5155184956880116]	[0.0630149414544875, 0.06301494145448748, 0.0]	0.2535672247056806	[0.0, -0.6516696095415221, 0.6516696095415222]	2.3752433761380938
4	[0.670897516479804, -0.3308724047014078, -0.6636414500227807]	0.7682443284817198	0.2317556715182801	[0.5154132120280807, -0.2541908483629648, -0.5098387801253861]	0.8780268113051268	0.22239231267022386	[0.5158115065236725, -0.2905148424488365, -0.5094404856297942]	[-0.0732545005836187, -1.3140420813557055e-17, 0.07325450058361871]	0.2661749889315382	[0.6005787121534668, -0.42467327999999993, -0.4246732799999998]	2.3752433761380938
4	[-0.0944092052144279, 0.8361755244825448, 0.5402752948517275]	0.8385267733505456	0.1614732266494543	[-0.07916464622304373, 0.7011555644990486, 0.45303529971303375]	0.9138104031141588	0.15381894265752535	[-0.02776467538599899, 0.7055984546129029, 0.49370918498107824]	[0.058507438488684685, -0.05850743848868468, 0.0]	0.2352960348638559	[0.0, 0.6516696095415221, 0.6516696095415222]	2.3752433761380938
4	[0.4732267562466389, 0.6436198970217282, 0.6015063302493369]	0.8342783498534297	0.16572165014657037	[0.39480283730793714, 0.5369581456201217, 0.5018237086268088]	0.9079787960827859	0.1681916723402367	[0.42967986041098516, 0.5268244940874944, 0.4885862684307466]	[-4.521866281009272e-18, -0.05756872514522088, -0.057568725145220885]	0.20502494960103446	[0.4423679999999998, 0.44236799999999993, 0.6256028251598612]	2.3752433761380938
4	[0.9333327359455623, 0.0076175893800653465, 0.35893171543401975]	0.8347632243938641	0.1652367756061359	[0.7791118440902646, 0.006358883473011752, 0.2996229961129232]	0.9099410902675336	0.17354982476978445	[0.7628212539855175, 0.00693155758570699, 0.3266067164736281]	[-0.0864565533431677, 0.0, 0.0]	0.36000159303053164	[0.96, 0.0, 0.0]	2.3752433761380938
4	[0.6108412428660861, 0.5627208847354543, 0.5569723349470446]	0.8497483476577555	0.15025165234224447	[0.5190613368066663, 0.4781711419964627, 0.4732863213123331]	0.9172512977473599	0.15210679330365445	[0.506370108249482, 0.4622316473060924, 0.5108835970395539]	[-0.05392481448704566, -0.05392481448704565, 0.0]	0.19148237686456912	[0.6005787121534668, 0.42467327999999993, 0.4246732799999998]	2.3752433761380938
4	[-0.22631558260738288, -0.8439481474434798, 0.4863463595996165]	0.8090296776438723	0.19097032235612774	[-0.1830960228426361, -0.6827790976743416, 0.3934686385301485]	0.8963660633969367	0.19037749413138985	[-0.13251255890740446, -0.6861374296752899, 0.43594437180173917]	[0.07034904895975955, 0.07034904895975953, 0.0]	0.3398846216585675	[0.0, -0.6516696095415221, 0.6516696095415222]	2.3752433761380938
4	[0.7167984462644281, 0.17175503083258364, 0.675795972773292]	0.8229239620243098	0.17707603797569008	[0.5898706173727927, 0.14134133047035727, 0.55612869943467]	0.9009359819105524	0.17837841103776275	[0.6005787121534667, 0.11516215988023812, 0.5528769836588934]	[-0.04521079986373409, -0.039578127470992895, -0.055971924642809326]	0.22060021194068466	[0.6005787121534667, 1.0773204303471146e-16, 0.6005787121534668]	2.3752433761380938
4	[-0.30498993107257155, 0.5849120837535815, 0.7515710187489878]	0.86132431363141	0.13867568636858996	[-0.26269524304557373, 0.5037989990737715, 0.6473463918692315]	0.9240911588847077	0.14109599614335808	[-0.2818384988530198, 0.4930232998651784, 0.6470313482435746]	[0.0, -0.04748878545633789, -0.0474887854563379]	0.23464768362693245	[-0.4423679999999998, 0.44236799999999993, 0.6256028251598612]	2.3752433761380938
4	[-0.6056136601508405, 0.49226818207101697, 0.6252232653694184]	0.8372080941096663	0.16279190589033363	[-0.5070246581816644, 0.41213090650250633, 0.5234419783929529]	0.9126724093184613	0.15725336048808872	[-0.4878581827081191, 0.40349211685478237, 0.5706240239666629]	[0.06486869561792044, -0.04578747090679165, 0.0]	0.17070242468822447	[-0.4423679999999998, 0.44236799999999993, 0.6256028251598612]	2.3752433761380938
4	[0.5109749349446353, 0.46263670952312524, -0.7244804282104115]	0.8297176314226676	0.17028236857733234	[0.4239649127386144, 0.3838578348347042, -0.6011141849068227]	0.9120133722861822	0.15817982963212282	[0.4154801458169357, 0.4154801458169358, -0.6075280351125031]	[-0.05053582775563367, -0.006450719778632515, 0.053207803375011645]	0.15569467835862588	[0.4246732799999998, 0.42467327999999993, -0.6005787121534668]	2.3752433761380938
4	[0.002819458647443705, -0.6973179621469923, -0.7167563814296327]	0.879824105927415	0.12017589407258504	[0.002480627683686477, -0.6135171525931045, -0.6306195424590958]	0.93729353912801	0.11601715838949872	[0.0, -0.6256028251598611, -0.6256028251598612]	[-0.0026426603740875823, 0.027988795478424942, 0.046208300282905]	0.11601715838949872	[0.0, -0.6256028251598611, -0.6256028251598612]	2.3752433761380938
4	[-0.8555866756498043, -0.37234580260102185, -0.35962486529148335]	0.7792244833016859	0.2207755166983141	[-0.6666940852530259, -0.2901409656413328, -0.2802284998391945]	0.8801765168646422	0.21999215046419088	[-0.6811038668620671, -0.27684419999841997, -0.2656475297060569]	[0.07196343318717585, 0.05088583160411708, 0.050885831604117075]	0.4963484005186946	[-0.6256028251598612, -0.6256028251598611, 0.0]	2.3752433761380938
4	[-0.2691052909429353, -0.8396755536097938, -0.4717280011368885]	0.7847841861335875	0.21521581386641256	[-0.21118957673689373, -0.6589640959559315, -0.37020467544863706]	0.8815858242218517	0.21920798163613991	[-0.15685720170429804, -0.659863856993939, -0.41586871869079045]	[0.08038220801409074, 0.08038220801409073, 0.0]	0.3767256988149087	[0.0, -0.6256028251598611, -0.6256028251598612]	2.3752433761380938
4	[0.26912825269004914, 0.03529700841057871, 0.9624573262234875]	0.8502516682163678	0.1497483317836322	[0.22882674581387047, 0.03001134028414168, 0.8183309472085851]	0.917550434005602	0.15694352103331488	[0.24693874505892388, 0.03238678538622583, 0.807117617367795]	[0.0, 0.0, -0.07598552002043717]	0.27144416304445385	[0.0, 0.0, 0.96]	2.3752433761380938
4	[-0.37652641502640966, -0.9216461821438335, 0.09378791887581]	0.8254686028285799	0.17453139717142013	[-0.3108107337399043, -0.7607899862765651, 0.07741898235661508]	0.9061590100105225	0.18011744773833835	[-0.2774914271233167, -0.7714566156316081, 0.08498676771945118]	[0.06370137635982576, 0.06370137635982574, 0.0]	0.38803133516829047	[1.8401906235273885e-16, -0.9216, 0.0]	2.3752433761380938
4	[-0.3291920728580172, 0.7155988871664101, 0.6160769528667969]	0.8223610972764938	0.17763890272350633	[-0.2707147542502425, 0.5884806860600068, 0.5066377189662977]	0.9043216624986112	0.17485998848119635	[-0.23274691339883447, 0.5821829661149923, 0.5571317342435803]	[0.06494860920949166, -0.06494860920949165, 0.0]	0.29589635082091614	[-0.4423679999999998, 0.44236799999999993, 0.6256028251598612]	2.3752433761380938
4	[-0.26577590768446113, -0.9471085310317797, 0.17985715815981654]	0.8143531216919888	0.1856468783080113	[-0.21643544009336269, -0.7712807888268436, 0.14646723820609636]	0.8995571958045518	0.18973500864592632	[-0.1708977937797689, -0.7837954578482418, 0.16179180083962033]	[0.06818283644927428, 0.06818283644927427, 0.0]	0.3219256367582797	[1.8401906235273885e-16, -0.9216, 0.0]	2.3752433761380938
4	[0.7696664563693288, 0.5162155319953196, 0.3756794783677559]	0.8378177759793773	0.1621822240206227	[0.6448402387212795, 0.43249454894232975, 0.31475094504716583]	0.9117528265639964	0.16270442256128756	[0.6170282806076669, 0.4706609704129697, 0.34252682628388914]	[-0.0847172864985635, 0.0, 0.0]	0.19842137420843314	[0.6005787121534668, 0.42467327999999993, 0.4246732799999998]	2.3752433761380938
4	[-0.25997242779030083, 0.9582914325026617, 0.11870917058430358]	0.8264385094370175	0.17356149056298242	[-0.21485122571773882, 0.7919689430837641, 0.0981058299941965]	0.9067311692732308	0.1763636857071116	[-0.17241212165607073, 0.8055997293246284, 0.10763730504736099]	[0.06331298177302919, -0.06331298177302917, 0.0]	0.28813849380305634	[1.8401906235273885e-16, 0.9216, 0.0]	2.3752433761380938
4	[-0.06314638359111156, -0.20009060559607456, 0.9777403969313943]	0.8805174368016057	0.11948256319839437	[-0.05560149182293653, -0.17618326716753657, 0.8609174681634157]	0.9352502171321202	0.12373000174735259	[-0.05905766896469524, -0.18713478232982617, 0.8547585186378939]	[0.0, 0.0, -0.059673399891038065]	0.2105669439672882	[0.0, 0.0, 0.96]	2.3752433761380938
4	[0.3827587229385273, -0.8321056707083291, 0.4013675532345752]	0.8118040638901158	0.188195936109884	[0.31072508677088745, -0.6755067650670322, 0.32583181082946056]	0.8950826601296064	0.1902405137879834	[0.30459632531521585, -0.6638534625541307, 0.359257137238915]	[-0.03800437060041213, 0.08094989469241066, 0.0]	0.4535748836260143	[0.4423679999999998, -0.44236799999999993, 0.6256028251598612]	2.3752433761380938
4	[-0.2721718199665877, -0.694133976820097, -0.6664086753937051]	0.8104260913635409	0.18957390863645887	[-0.220575144234823, -0.5625442857169421, -0.5400749780500752]	0.8972049987408198	0.19565092132070017	[-0.2441939173904089, -0.5557920954654452, -0.5309168164340905]	[0.0, 0.0669883783333902, 0.06698837833339022]	0.2836179397448437	[0.0, -0.6256028251598611, -0.6256028251598612]	2.3752433761380938
4	[0.47552094709255976, -0.1984297990429953, -0.8570329303637938]	0.7575886750297244	0.24241132497027557	[0.3602492842567321, -0.1503281685433973, -0.6492784421711486]	0.8701527409148871	0.2366640956204067	[0.33579235583703937, -0.1726642335164526, -0.6677660537723782]	[-0.07798349963799457, -1.39887105036967e-17, 0.07798349963799459]	0.34574609753714985	[0.4246732799999998, -0.42467327999999993, -0.6005787121534668]	2.3752433761380938
4	[0.800988583967639, -0.29950906587560844, 0.5183740037963296]	0.809812944953223	0.19018705504677702	[0.6486509240567456, -0.24254631867691537, 0.4197859786014988]	0.894913418772296	0.1954581619503953	[0.6159323140974642, -0.26803468209603765, 0.46389985194005645]	[-0.10088311797859577, 0.0, 0.0]	0.2541850169815395	[0.6005787121534668, -0.42467327999999993, 0.4246732799999998]	2.3752433761380938
4	[0.8188195228428631, -0.15935434817193742, -0.5514896016518198]	0.7467495839893358	0.25325041601066417	[0.6114531380452545, -0.11899779320428605, -0.41182463060794094]	0.8640306957971081	0.24950817673681058	[0.6258249324435994, -0.1376870483292937, -0.3948436746295161]	[-0.08166026961057574, -1.464825093178572e-17, 0.08166026961057575]	0.3662042687818465	[0.6005787121534668, -0.42467327999999993, -0.4246732799999998]	2.3752433761380938
4	[-0.7925675299183911, -0.48918774518014896, 0.3640495302628776]	0.7977103122626581	0.20228968773734185	[-0.6322392917804434, -0.3902301089627223, 0.29040606446507417]	0.8900558103963125	0.20266988262932997	[-0.6393991953343781, -0.38871403535632243, 0.27733404006658263]	[0.06603013980093918, 0.04669035961593984, -0.04669035961593983]	0.42282932809526824	[-0.6516696095415222, -0.6516696095415221, 0.0]	2.3752433761380938
4	[0.8661068170909243, -0.3186680382648219, -0.3851099359625488]	0.8053395647084888	0.19466043529151128	[0.6975100870670596, -0.2566359792226997, -0.310144268192993]	0.8990559185038604	0.18120799113758485	[0.717521034412284, -0.28650038584000276, -0.28650038584000265]	[-0.06115742554985197, -1.0715284195919675e-17, 0.05973498136176947]	0.28863046266538933	[0.6005787121534668, -0.42467327999999993, -0.4246732799999998]	2.3752433761380938
