5	[-0.18020416114016563, -0.8291302512017154, -0.5292159170413807]	0.8437471955767454	0.15625280442325462	[-0.15204675559327469, -0.6995763242192896, -0.4465244458582407]	0.9160367464424766	0.15217854389534427	[-0.12550916446611204, -0.701702593436769, -0.46653451152529324]	[0.03956446900012107, 0.05781118425108407, 0.01824671528686458]	0.27896322301166915	[0.0, -0.6655232455985289, -0.665523245598529]	2.8900666853880317
5	[0.802722930079079, 0.45038130143973615, 0.3908869156657814]	0.8867255803599225	0.11327441964007764	[0.7117949560425889, 0.3993646209024071, 0.34660942714883974]	0.93996242971829	0.11286004428974397	[0.6956925768995645, 0.4233415023759423, 0.367419014993991]	[-0.058836818848151284, -2.503836132878561e-11, -3.051129977692178e-13]	0.16646830451534333	[0.6522127806865584, 0.46118407999999994, 0.46118407999999983]	2.8900666853880317
5	[-0.14958043120067518, 0.9280395187368349, 0.34112804965954363]	0.848936634541159	0.15106336545884086	[-0.12698430785671663, 0.7878467457576456, 0.2895960984255625]	0.919055643611664	0.15043253373885832	[-0.08138116265718136, 0.7968283802068039, 0.31351565927265057]	[0.05609157681166531, -0.056091576982936965, 3.880699399820257e-11]	0.3409896710399945	[0.13237613586358649, 0.7715446609364136, 0.45196039839999985]	2.8900666853880317
5	[0.3250110656836271, 0.7775034810032938, -0.5383828973982677]	0.8678643900115507	0.13213560998844998	[0.2820655302665249, 0.6747675842727805, -0.4672433448431983]	0.9128174919052401	0.1671766452871785	[0.2923063142608094, 0.6524486734712119, -0.4323653277366274]	[-0.0043694715579685635, -0.05727010400580822, 0.05907999835113575]	0.21121688392850377	[0.13237613586358649, 0.7715446609364136, -0.45196039839999985]	2.8900666853880317
5	[0.882123631622142, 0.19330541446475094, -0.42952405668643806]	0.887640400426615	0.11235959957338489	[0.7830085735988581, 0.17158569550012437, -0.3812629056700139]	0.9099470150655357	0.1699524296535041	[0.7439520578982847, 0.1758976848805591, -0.332110425656045]	[-0.058733707615053775, -7.647303645695594e-12, 0.05873370762461933]	0.12823211445757743	[0.7715446609364136, 0.1323761358635863, -0.45196039839999985]	2.8900666853880317
5	[-0.9134467427625563, 0.1800589597762001, -0.36495728399470145]	0.8537864625792257	0.14621353742077528	[-0.7798884632577577, 0.1537319023230171, -0.3115955884943582]	0.9057770951479246	0.17673629915713543	[-0.7659257545697216, 0.1630932815399228, -0.2691165659028952]	[0.06145338266208001, -1.5208486227643961e-12, 0.06145338264690158]	0.3958894731373491	[-0.6391685250728273, 0.45196039839999996, -0.45196039839999985]	2.8900666853880317
5	[-0.9120406305482128, -0.4085118380345816, -0.0360550470090689]	0.8874747996640223	0.11252520033597753	[-0.809413075881224, -0.36254396162012165, -0.03199794562125033]	0.9381989108580887	0.1106671518775099	[-0.8241519737806425, -0.3517418099259306, 1.3852260593321346e-10]	[0.03152355245801504, 0.03152355159074938, 0.033826805973369345]	0.35794643609799803	[-0.665523245598529, -0.6655232455985289, 0.0]	2.8900666853880317
5	[-0.4341685227764889, 0.8023775275087609, 0.40949724929358083]	0.8329380158825596	0.16706198411744008	[-0.36163546792011053, 0.6683307457519017, 0.34108582633596096]	0.9096931372330678	0.17310121045076723	[-0.3323806631392824, 0.667337867347214, 0.37251683726976637]	[0.06257946243310814, -0.0625794628975432, -1.284225558985627e-10]	0.4081914800021661	[-0.6391685250728273, 0.45196039839999996, 0.45196039839999985]	2.8900666853880317
5	[0.5154939223227782, -0.3537189167428841, -0.7804799446408076]	0.8745555817787194	0.1254444182212805	[0.4508280871403909, -0.30934685301821147, -0.6825730920519646]	0.9256399900459346	0.13993250853607864	[0.4286632402880563, -0.3274163745718966, -0.6739448993367944]	[-0.0484985488395403, 1.0455432719445096e-12, 0.04849854885157495]	0.17592835370078883	[0.46118407999999983, -0.46118407999999994, -0.6522127806865584]	2.8900666853880317
5	[0.036418214177894016, 0.2437036936115434, -0.9691657357728781]	0.8848796701868865	0.11512032981311317	[0.032225737350530276, 0.21564844402630884, -0.8575950566271359]	0.9395039126147361	0.11267485473353155	[0.02655227426096061, 0.20094818234653936, -0.8653859093361086]	[-0.007662780449612284, -0.028012391320168625, 0.0451490913946502]	0.2465656397948747	[0.0, 0.0, -0.9603999999999999]	2.8900666853880317
5	[0.42766433980085833, -0.8956209149656915, 0.12233719442064098]	0.8747129533302864	0.12528704666971396	[0.37408353770125613, -0.7834112155940128, 0.10700992863382035]	0.9271420984018426	0.1390551184606806	[0.39650561335878504, -0.7603951258389018, 0.11342396315140081]	[-5.582136616299357e-11, 0.06997272863496778, 3.653550411571553e-12]	0.3528288333656689	[0.665523245598529, -0.6655232455985289, 0.0]	2.8900666853880317
5	[-0.7960152374791033, 0.3070976989375191, -0.5215848397033485]	0.8581611276104135	0.14183887238958637	[-0.6831093337901383, 0.2635393076067848, -0.44760383418432265]	0.9030539752157178	0.1831606308750436	[-0.6556152885312866, 0.27732579780165334, -0.40778982689193094]	[0.06322943600650066, -3.4733682931362326e-12, 0.06322943601443133]	0.22457438793196688	[-0.6391685250728273, 0.45196039839999996, -0.45196039839999985]	2.8900666853880317
5	[-0.8656474513486602, -0.36407437372978313, -0.343663120463682]	0.8643090249957739	0.13569097500422564	[-0.7481869046652377, -0.31467276698433555, -0.2970311365749702]	0.9063810035150005	0.178435209279345	[-0.723546899643267, -0.2868145054774256, -0.26831413325605663]	[0.06105950600033412, 0.04317559073787055, 0.043175590740912144]	0.26597924315217564	[-0.6391685250728273, -0.45196039839999996, -0.45196039839999985]	2.8900666853880317
5	[-0.00018597087446875835, 0.19403551534995808, 0.9809944873431806]	0.9184555241106627	0.08154447588933722	[-0.00017080597697885014, 0.17821299094682833, 0.9009998060224519]	0.9570208046891888	0.08362799645177911	[-7.061435381028466e-11, 0.18551804713234207, 0.8978015793488041]	[0.00017797792531363535, -0.00017797790615627386, -0.041030554324024957]	0.19403815296834206	[0.0, 0.0, 0.98]	2.8900666853880317
5	[0.056057202245361565, 0.4011216630813606, 0.9143079358089735]	0.8871526157586507	0.11284738424134942	[0.04973129360408418, 0.35585613264008936, 0.8111306768618232]	0.9396347453026344	0.11344447611272968	[0.05267329493998882, 0.3504839152587148, 0.8128485014162544]	[-1.4209714276955826e-11, -0.026423936466108675, -0.04626700297578802]	0.3672642503735524	[0.0, 0.6522127806865583, 0.6522127806865584]	2.8900666853880317
5	[0.6546620075265115, -0.33805347936521724, 0.6761194428430739]	0.893576211103006	0.10642378889699389	[0.5849903962386275, -0.3020765472413595, 0.6041642499887896]	0.9432619690355999	0.108373494970178	[0.5913510980518935, -0.29270631438755634, 0.6007524886652864]	[-0.026166676220362582, 0.026166676197814216, -0.0370052682941238]	0.22706847931629995	[0.47059599999999985, -0.47059599999999996, 0.665523245598529]	2.8900666853880317
5	[-0.23769481941201118, -0.11551148820200527, 0.9644471312197728]	0.8884501278343218	0.11154987216567788	[-0.21117999269215731, -0.10262619645940448, 0.8568631770216524]	0.9403693812580776	0.11026652530677807	[-0.20151445225553694, -0.08661698874569498, 0.8643731808789257]	[0.022006478003186263, 0.022006477943024585, -0.04256337116234041]	0.26430684885765005	[0.0, 0.0, 0.9603999999999999]	2.8900666853880317
5	[0.9594294997721994, -0.10872397539467572, 0.2601425227471381]	0.8983465908827012	0.10165340911729856	[0.8619002203126509, -0.09767181264302138, 0.23369814845351725]	0.9365422338780253	0.12436559498943331	[0.8363576361793511, -0.1018245947917069, 0.24363445937936273]	[-0.06218861078578075, 5.221583285318606e-13, -9.064885297479738e-13]	0.26954449498955274	[0.7715446609364136, -0.1323761358635863, 0.45196039839999985]	2.8900666853880317
5	[-0.5443705237841608, -0.47920061531305314, -0.6884965527281526]	0.9079336380687648	0.09206636193123591	[-0.494252310116752, -0.43508235802597106, -0.6251091799162738]	0.9486367903612792	0.09599635409790316	[-0.4829101649396151, -0.44187140218736265, -0.6249005297533906]	[0.033499741510279984, 0.012715931462362735, 0.028232630201449324]	0.09252616974514963	[-0.46118407999999983, -0.46118407999999994, -0.6522127806865584]	2.8900666853880317
5	[-0.9705434889992891, -0.09632939327280118, 0.2208302152169867]	0.8862694836076035	0.11373051639239724	[-0.8601630768141211, -0.08537380163211909, 0.19571508080531444]	0.936792413123422	0.11670836642699724	[-0.8679729811179566, -0.06109031199288521, 0.17772173742466327]	[0.041224795982912864, 0.029150332785857373, -0.02915033277902235]	0.241111512710184	[-0.98, 0.0, 0.0]	2.8900666853880317
5	[-0.8665279513224694, 0.3243358013141649, 0.3793884520683025]	0.8605673466634454	0.13943265333655416	[-0.7457056598792887, 0.27911279996489363, 0.3264893135511716]	0.9102015473312274	0.17109320362487845	[-0.7301473835938572, 0.253797331440992, 0.3039063393488176]	[0.05856769850561292, -0.0414136167700745, -0.041413616763350605]	0.27064189232315633	[-0.6391685250728273, 0.45196039839999996, 0.45196039839999985]	2.8900666853880317
5	[0.8849441313699953, 0.3652531521974345, 0.28890140041827816]	0.8735125871470454	0.12648741285295487	[0.7730098376735992, 0.3190532259395944, 0.25235900970977443]	0.9324864889325198	0.12977513226832124	[0.7590352051494099, 0.340593629436461, 0.2693966525234579]	[-0.06616324081323546, -2.7659918215067052e-11, -2.7014847112774303e-13]	0.30503761437543414	[0.6522127806865584, 0.46118407999999994, 0.46118407999999983]	2.8900666853880317
5	[-0.5578337547883747, -0.6983624372220631, 0.4484544662459758]	0.8543968106030321	0.1456031893969675	[-0.4766113809379012, -0.5966786390074914, 0.38315806566124705]	0.9222135989480429	0.1496534161312254	[-0.4605386491915898, -0.5901361108499766, 0.4135708072254716]	[0.05390322542649725, 0.05390322575070924, -5.555349414160385e-11]	0.25950260336490427	[-0.6391685250728273, -0.45196039839999996, 0.45196039839999985]	2.8900666853880317
5	[0.4700823827733239, -0.48173766045396643, -0.7395616133267688]	0.9070137977436473	0.09298620225635268	[0.42637120725161587, -0.4369427049244911, -0.6707925875689316]	0.9517086314790675	0.08974660775622542	[0.4363128284257182, -0.44466721765588463, -0.6651314240641583]	[-0.011068632765901665, 0.013806671906687775, 0.03871574684951217]	0.09017454200233517	[0.46118407999999983, -0.46118407999999994, -0.6522127806865584]	2.8900666853880317
5	[-0.0946035957855353, 0.7127331833516167, -0.6950263081451793]	0.904218422463109	0.095781577536891	[-0.08554231414053423, 0.6444664746873086, -0.6284555919213929]	0.9501830871128072	0.08744633024122488	[-0.06194815789933178, 0.6431072173020559, -0.6534005000355093]	[0.02794257879614037, -0.03411979914272208, 0.007001743062494252]	0.10976816140318163	[0.0, 0.6655232455985289, -0.665523245598529]	2.8900666853880317
5	[-0.5743041548288251, 0.15661431879424942, -0.8035214327539509]	0.8589566751631347	0.14104332483686552	[-0.49330238736414167, 0.13452491455444776, -0.6901900983006518]	0.9002787662701163	0.190465831615862	[-0.45199437306065904, 0.14099654570444264, -0.6583538211435755]	[0.0650394629124376, 1.2106184819879902e-13, 0.06503946300774774]	0.2361086818432937	[-0.6391685250728272, 1.1465429868913377e-16, -0.6391685250728273]	2.8900666853880317
5	[-0.16509556563678984, -0.6493980067248306, 0.7423110419957967]	0.9182746508339706	0.08172534916602946	[-0.1516030728893601, -0.5963257278775199, 0.6816454128988914]	0.9569846017244535	0.07939882655909915	[-0.15799391412386532, -0.6074254060481371, 0.675288351829065]	[3.5314271978667836e-12, 0.014038486778078561, -0.03509188505094647]	0.17925967577908333	[0.0, -0.6791053526515601, 0.6791053526515602]	2.8900666853880317
5	[-0.4822535042821636, 0.2076785807285885, 0.8510588491485958]	0.8689209929862145	0.1310790070137851	[-0.41904019381193963, 0.18045627858865276, 0.739502900291903]	0.9292055128837523	0.13202952727635814	[-0.4411196454557461, 0.18598311280512533, 0.7274906153566987]	[0.006992969330749043, -0.006992969315752313, -0.06331795906067804]	0.3220014393556578	[-0.47059599999999985, 0.47059599999999996, 0.665523245598529]	2.8900666853880317
5	[-0.27321334538383074, 0.9284012335025322, -0.25184443121727373]	0.8328448947810965	0.1671551052189038	[-0.22754433988898792, 0.7732142276310563, -0.20974734881835544]	0.9096381588173958	0.16847829737664718	[-0.19651201552694744, 0.7821037133029456, -0.21869509836469464]	[0.05201326893234166, -0.06240547538409675, 0.010392206356200482]	0.37162823844113807	[-1.8417244351911998e-16, 0.9223681599999999, 0.0]	2.8900666853880317
5	[-0.3998260039937436, -0.6053196966017631, 0.6882784548686267]	0.8976026290184577	0.10239737098154236	[-0.35888487233472843, -0.5433365510663973, 0.6178005505868416]	0.94655449410526	0.09787185340726838	[-0.3414212552914079, -0.5359322331818832, 0.6514930645819154]	[0.03703584564901784, 0.03703584600694815, -6.980767668699828e-11]	0.15387224021796586	[-0.47059599999999985, -0.47059599999999996, 0.665523245598529]	2.8900666853880317
5	[0.6508980740440835, 0.5825619344962585, -0.48677848112019056]	0.8908232768902737	0.10917672310972538	[0.5798351552415189, 0.5189597314794949, -0.4336336016711586]	0.9415770932053095	0.11229803420058483	[0.5853771305019722, 0.5210333867377986, -0.4194576652204846]	[-0.02749358602939057, -0.02749358615725083, 0.038881802067560284]	0.12405396158273987	[0.6522127806865584, 0.46118407999999994, -0.46118407999999983]	2.8900666853880317
5	[-0.7667129585341538, -0.21717061744090388, 0.6041425015144536]	0.8711355439564893	0.12886445604351074	[-0.6679109101911394, -0.1891850439557483, 0.5262900066840276]	0.9224711288653631	0.1472729439077561	[-0.6567052477745944, -0.16457854355300958, 0.5215489343020583]	[0.050565320600109195, 0.035755081074089104, -0.03575508106552389]	0.2501681825222354	[-0.6522127806865583, -1.1699418233585078e-16, 0.6522127806865584]	2.8900666853880317
5	[0.42956351779516044, -0.4598919234815048, 0.7771580295512159]	0.9093840523155134	0.09061594768448646	[0.39063821253947034, -0.4182183810027869, 0.7067351182028243]	0.9520853840894311	0.08750727965863067	[0.4089811468280696, -0.42653076215309643, 0.698921702225307]	[-2.7429347121576545e-12, 0.011325616454419606, -0.040999098838148056]	0.119417615275835	[0.47059599999999985, -0.47059599999999996, 0.665523245598529]	2.8900666853880317
5	[-0.8400077372572654, 0.5216390497379884, 0.14926387083409495]	0.8769100461161037	0.12308995388389682	[-0.7366112236161519, 0.4574305231616998, 0.13089098785659442]	0.9280213753924125	0.13591024464896867	[-0.7325997572442076, 0.4508967930902785, 0.10532466790042035]	[0.046945378425547635, -0.03319539530596051, -0.03319539480743192]	0.270120190029269	[-0.6791053526515602, 0.6791053526515601, 0.0]	2.8900666853880317
5	[-0.7172335228967242, 0.3236780153508262, 0.6170969259457582]	0.8799392181006992	0.12006078189929982	[-0.631121905333355, 0.2848169797441923, 0.5430077865090551]	0.9238857592336481	0.14549733576638252	[-0.612999157285086, 0.2639388329298824, 0.5350243859318655]	[0.049642680564177685, -0.03510267602975587, -0.03510267601628163]	0.2232052562461085	[-0.6391685250728273, 0.45196039839999996, 0.45196039839999985]	2.8900666853880317
5	[0.42091944114580687, -0.7688266056295766, -0.4813859932960296]	0.8573318093086965	0.1426681906913035	[0.3608676260507399, -0.6591395048490684, -0.4127075246083496]	0.9104890050867023	0.1696823370763945	[0.3776958182389182, -0.6416783821489599, -0.377669344660271]	[-0.005546704951578389, 0.05832978909490018, 0.06062730943850487]	0.29005256848168903	[0.13237613586358649, -0.7715446609364136, -0.45196039839999985]	2.8900666853880317
5	[-0.4441015089686827, -0.5054954125191813, -0.7397622845575473]	0.9028554700587622	0.09714452994123784	[-0.4009594766337258, -0.4563892982825531, -0.6678984251559482]	0.9494376272274501	0.09453583394727595	[-0.4174987451921767, -0.4533922712205048, -0.6655020695944293]	[0.004147937731179433, 0.026544093816068256, 0.03685607856824644]	0.09960032153924885	[-0.46118407999999983, -0.46118407999999994, -0.6522127806865584]	2.8900666853880317
5	[-0.5627379067032513, -0.09880880506420255, -0.8207087597930384]	0.8575780244901835	0.14242197550981572	[-0.48259166233631534, -0.08473625984919443, -0.7038217969051034]	0.8965519969171355	0.19778236172173108	[-0.4370536842597031, -0.08858723149330941, -0.6683379677404891]	[0.06747010973606588, -2.6479776578214124e-15, 0.06747010973934532]	0.22036713957584655	[-0.6391685250728272, -1.1465429868913377e-16, -0.6391685250728273]	2.8900666853880317
5	[-0.3470600964699847, -0.9352897083220022, 0.06915526693744163]	0.8670282071748315	0.13297179282516838	[-0.300910893224295, -0.8109225589954968, 0.059959567109466]	0.9294475539473908	0.13639899230351388	[-0.27368380896013916, -0.8204123816711488, 0.06427619384517758]	[0.048890348776633265, 0.0488903499609042, 1.4759379332450315e-10]	0.3539321948537544	[-1.8793106481542857e-16, -0.9411919999999999, 0.0]	2.8900666853880317
5	[0.898295633071446, 0.35603163766722934, -0.2575003467662926]	0.8733411534058174	0.126658846594182	[0.7845185442860263, 0.3109370810892601, -0.2248856498472718]	0.932388798538985	0.1304223305663272	[0.7713018088948613, 0.3319599107050336, -0.24009043888553314]	[-0.06625897715744065, -1.8138145469112998e-10, 5.926255266011499e-11]	0.3223388032887124	[0.7715446609364136, 0.1323761358635863, -0.45196039839999985]	2.8900666853880317
5	[0.046814467694287085, -0.31486946972487456, -0.9479797585653803]	0.8746556587717518	0.12534434122824825	[0.04094653908119551, -0.27540236346932195, -0.829155860230289]	0.9337680537722709	0.12444599531747114	[0.037546541047487336, -0.2586489482993934, -0.8373444827403859]	[-0.0061673133397919105, 0.03536610363790982, 0.04784873143071681]	0.31840296954749814	[0.0, 0.0, -0.9411919999999999]	2.8900666853880317
5	[-0.5823232659116057, -0.7904095113060299, 0.1901378931591604]	0.8649342645808774	0.13506573541912278	[-0.5036713457495892, -0.6836522693792115, 0.16445677878857598]	0.9282552101338145	0.14100927956018	[-0.49082800296400264, -0.6839851442663448, 0.17649648998967765]	[0.04971660260058418, 0.049716602742799224, 2.0820176236238922e-11]	0.24064040903913822	[-0.6791053526515602, -0.6791053526515601, 0.0]	2.8900666853880317
5	[-0.5005802197939991, -0.3153195029069573, -0.8062214674873777]	0.8651923499800656	0.1348076500199348	[-0.433098176717108, -0.27281202171461666, -0.6975366460597807]	0.9190882974943703	0.15256498614057948	[-0.4073057755234185, -0.28980646509450714, -0.6882170695029379]	[0.05277164644640628, -9.8072577206218e-13, 0.05277164645344922]	0.21574801572972427	[-0.46118407999999983, -0.46118407999999994, -0.6522127806865584]	2.8900666853880317
5	[0.5903105937608876, -0.7751860602889039, 0.22498883267272618]	0.8839367824030658	0.11606321759693417	[0.5217972468674411, -0.6852154718954836, 0.19887590482935133]	0.932450212402983	0.12276139895862237	[0.5250989164697254, -0.6773597262637626, 0.18966452672975176]	[-0.02533632206634508, 0.04546268030445731, -0.020126358084230935]	0.2602613809499623	[0.6791053526515602, -0.6791053526515601, 0.0]	2.8900666853880317
5	[0.221476007748747, -0.4106734513418808, 0.8844748127304841]	0.8778960503143748	0.12210394968562524	[0.19443291244202088, -0.3605286009020098, 0.7764769446986383]	0.9343646470703477	0.12490163433654523	[0.2069393518147076, -0.3837187544242181, 0.7633858032858927]	[0.0, 0.0, -0.06303619295363799]	0.3370330415945712	[0.47059599999999985, -0.47059599999999996, 0.665523245598529]	2.8900666853880317
5	[-0.06889079567394185, 0.3975793607448141, 0.9149779834406706]	0.8855570196628286	0.11444298033717139	[-0.06100672769921683, 0.35207919378063013, 0.8102651760728252]	0.9387299661030251	0.11753403422639676	[-0.06466985428780987, 0.37321965983524175, 0.8000735108256204]	[0.0, 0.0, -0.05884374055465466]	0.3723300579569519	[0.0, 0.6522127806865583, 0.6522127806865584]	2.8900666853880317
5	[0.5083228987278984, -0.8547325921274783, -0.10507153079644761]	0.8868471899826609	0.11315281001733911	[0.4508047343406774, -0.75801719751485, -0.09318239183400617]	0.9340234669235965	0.11850061975110887	[0.474785516186484, -0.7535352822299213, -0.053334258707889125]	[0.0, 0.044805016761578303, 0.04480501676157831]	0.2665550607248492	[0.6791053526515602, -0.6791053526515601, 0.0]	2.8900666853880317
5	[-0.6557911630374385, -0.3963743825863497, 0.6425148241957486]	0.8906664198691	0.10933358013089998	[-0.5840911673643486, -0.353037352266009, 0.5722663781792515]	0.9330530361242684	0.12815460776054646	[-0.5682242702676336, -0.33896344717025345, 0.5686255335268713]	[0.04366366546791349, 0.030874873943822514, -0.030874873943822507]	0.19919113041821268	[-0.6391685250728273, -0.45196039839999996, 0.45196039839999985]	2.8900666853880317
5	[-0.04834958995474442, -0.2654909294318255, -0.9629002458929136]	0.8799546573259651	0.1200453426740349	[-0.04254544686047805, -0.23361997983133398, -0.8473085559137863]	0.9367487613973934	0.12407056509847966	[-0.04529141850417869, -0.2486982993075053, -0.8400093988588777]	[0.0, 0.0, 0.06198621383055454]	0.2698691677255694	[0.0, 0.0, -0.9603999999999999]	2.8900666853880317
5	[0.023793693056283344, 0.04289796032026491, 0.9987960878833599]	0.9578161193984616	0.042183880601538465	[0.022789982749327434, 0.04108835788406532, 0.9566629929668046]	0.9782406997521753	0.042644096714070025	[0.02327595894506709, 0.041964530721636986, 0.9561653519627422]	[0.0, 0.0, -0.020897631958010882]	0.05253253990256553	[0.0, 0.0, 0.98]	2.8900666853880317
5	[0.6325661785202784, 0.28148587773129363, 0.7215439906409687]	0.8954858176903373	0.10451418230966267	[0.5664540416154834, 0.25206661138848985, 0.646132410458677]	0.9443355812660453	0.1061287939538432	[0.5716832061396345, 0.24014558622301055, 0.6450746184831876]	[-0.025671543742553628, -0.02567154374255363, -0.03630504532777351]	0.2552161847326419	[0.47059599999999985, 0.47059599999999996, 0.665523245598529]	2.8900666853880317
5	[-0.2943098771635715, -0.7679763716068763, 0.5688532225956892]	0.8512241478476568	0.14877585215234337	[-0.2505236743917097, -0.6537200324881984, 0.4842215996544089]	0.9203809455654766	0.1475135813888668	[-0.215704013196801, -0.6516576292352144, 0.5235616669005889]	[0.05517318983626619, 0.055173189836266186, 0.0]	0.32628214810542183	[0.0, -0.6655232455985289, 0.665523245598529]	2.8900666853880317
5	[0.0436332048721218, -0.06677529962391429, -0.9968135245835722]	0.9268255681884594	0.07317443181154061	[0.04044036989748774, -0.061889055014888984, -0.9238722613001101]	0.9623924996750293	0.06909348656512136	[0.041992269105713964, -0.04199226910571397, -0.9323385789545212]	[0.0, 0.02227177841589394, 0.02698728067933917]	0.08768547188602285	[0.0, 0.0, -0.9603999999999999]	2.8900666853880317
5	[0.9860011347815463, -0.14997046261515515, -0.07287401836388196]	0.9161183043877587	0.08388169561224137	[0.903293687720476, -0.1373906859192437, -0.06676122213744193]	0.9562231124142183	0.08637438655480419	[0.8999357241106952, -0.14340522253206384, -0.06968382065404212]	[-0.04290134983406605, 0.0, 0.0]	0.16684656372898227	[0.98, 0.0, 0.0]	2.8900666853880317
5	[0.4627939954675316, 0.4749993593769372, -0.7484633099562714]	0.9033666247537043	0.09663337524629557	[0.41807264964178514, 0.4290985680405156, -0.6761367740671826]	0.9497173272072005	0.09212673061776264	[0.43952347642296535, 0.43952347642296546, -0.6666875240147693]	[0.0, -0.011591645589631829, 0.044141050229555306]	0.09725028615266541	[0.46118407999999983, 0.46118407999999994, -0.6522127806865584]	2.8900666853880317
5	[-0.6503901416184334, 0.6509630825253956, 0.3914584637922513]	0.8780459235155128	0.12195407648448725	[-0.5710724125427425, 0.5715754809705159, 0.3437185083584312]	0.9356770500436989	0.12479288129967214	[-0.5639815988690164, 0.5645176865266922, 0.36627870061577184]	[0.04457353021802294, -0.04457353021802293, 0.0]	0.20829900877893992	[-0.6391685250728273, 0.45196039839999996, 0.45196039839999985]	2.8900666853880317
5	[-0.14906694810830792, -0.8342125868124517, -0.5309128035613311]	0.8490156331599005	0.15098436684009953	[-0.12656016933138906, -0.7082595275825321, -0.4507532700683214]	0.9191014681226828	0.14747418296358344	[-0.0809478283859963, -0.7106661907968281, -0.4879627371983489]	[0.056059822468917275, 0.05605982246891726, 0.0]	0.2622918602682174	[0.0, -0.6655232455985289, -0.665523245598529]	2.8900666853880317
5	[-0.9242757874514296, -0.2829221709872863, 0.2562602464193005]	0.8677638661096354	0.13223613389036457	[-0.8020531306703802, -0.24550963690405886, 0.22237338216302005]	0.9168406659923463	0.1567666309212921	[-0.793176048054395, -0.22104279072425154, 0.19659805404670175]	[0.054237580473174146, 0.03835176094773251, -0.0383517609477325]	0.3817301504643472	[-0.9223681599999999, -2.5658260812642147e-16, 0.0]	2.8900666853880317
5	[-0.9284253285745718, -0.13808181841230865, -0.3449055242891136]	0.8575110679769642	0.14248893202303575	[-0.796134995042845, -0.11840668757494002, -0.29576030448431256]	0.9061479792083303	0.17587498931391282	[-0.7800792478800908, -0.1251225607197251, -0.25132395639878236]	[0.06121148745358755, 1.0980140433088658e-17, 0.06121148745358756]	0.3715684305109071	[-0.9223681599999999, -2.5658260812642147e-16, 0.0]	2.8900666853880317
5	[0.26614320307009814, 0.525598084651251, -0.8080312177574113]	0.8724247302119198	0.12757526978808018	[0.23218991213616658, 0.4585447672017695, -0.7049464171548185]	0.9325080461552596	0.12705960709818093	[0.2481806782923997, 0.4901244429810848, -0.6873534973355732]	[0.0, 0.0, 0.06614211476784557]	0.25781678184323026	[0.46118407999999983, 0.46118407999999994, -0.6522127806865584]	2.8900666853880317
5	[-0.9193028320914569, 0.3682507660334217, -0.13882966622600743]	0.8706099866791754	0.1293900133208246	[-0.8003542264012715, 0.3206027945109534, -0.1208664938636987]	0.9239765833714197	0.14258474985122788	[-0.7998308459229153, 0.3051942951671606, -0.09321457121379248]	[0.04958344395661905, -0.03506078945630847, 0.03506078945630846]	0.393562827441583	[-0.9223681599999999, 2.5658260812642147e-16, 0.0]	2.8900666853880317
5	[-0.28552847098575684, 0.9469432564362485, -0.1475532491897388]	0.8494678365163543	0.15053216348364581	[-0.24254725251209344, 0.8043978393486513, -0.12534173936016593]	0.9193636984103086	0.15444575184347295	[-0.20662640493630902, 0.814707148271334, -0.13565510088753616]	[0.055878106150596824, -0.05587810615059682, 0.0]	0.32145224534992556	[-1.8793106481542857e-16, 0.9411919999999999, 0.0]	2.8900666853880317
5	[-0.006529993679506635, -0.13584444630828008, 0.9907086582793866]	0.9312328715653417	0.0687671284346583	[-0.0060809447654704965, -0.12650281382186354, 0.92258046873416]	0.9618059457919842	0.06712648557343809	[0.0, -0.12437540941519017, 0.9248923575573653]	[0.006280586746933559, 0.006280586746933558, -0.027977120523347696]	0.1364222480844025	[0.0, 0.0, 0.98]	2.8900666853880317
5	[0.05651616896963574, -0.07584795636522534, -0.995516453987685]	0.9218227023721509	0.07817729762784895	[0.05209788760731072, -0.06991836810599703, -0.9176896678708689]	0.9597156182962107	0.07459663083974441	[0.05423945004642708, -0.05423945004642709, -0.9241543748541825]	[0.0, 0.01855301829312915, 0.03125831430865964]	0.10089675505413812	[0.0, 0.0, -0.9603999999999999]	2.8900666853880317
5	[-0.4190967468538468, -0.005998420409635007, -0.9079217674057122]	0.8578492745186976	0.14215072548130242	[-0.35952184024171874, -0.005145740596663603, -0.7788600294887239]	0.9000087421866187	0.1892388351291316	[-0.31197515968762246, -0.005398630807982169, -0.7519219515838549]	[0.06521557630281193, 1.1698395448609788e-17, 0.06521557630281194]	0.3474131170239736	[-0.6391685250728272, -1.1465429868913377e-16, -0.6391685250728273]	2.8900666853880317
5	[0.2810337746450933, -0.8702618085745263, 0.4045545723945357]	0.8714761888179858	0.1285238111820142	[0.24491424285683863, -0.7584124442103757, 0.3525596769192799]	0.9117607702051584	0.1672818234063891	[0.2562355708240732, -0.7087256205710784, 0.36885698851646037]	[1.692131878963047e-17, 0.0847449562949658, 0.0]	0.18463878559273034	[0.13237613586358649, -0.7715446609364136, 0.45196039839999985]	2.8900666853880317
5	[-0.02326142392409699, 0.5206543965570728, -0.8534505876164207]	0.8816043980852823	0.11839560191471764	[-0.020507373637210113, 0.45901120588715405, -0.7524057915911051]	0.9376732833271337	0.1158664820642528	[0.0, 0.4663921017526055, -0.7537532898319654]	[0.021811615745772363, -0.02181161574577237, 0.046504524815795284]	0.23842139824999428	[0.0, 0.6655232455985289, -0.665523245598529]	2.8900666853880317
5	[-0.14151953167809056, -0.9882797815310014, 0.0572301980657959]	0.8970631981651824	0.10293680183481753	[-0.12695196368998662, -0.886549421502188, 0.05133910450852971]	0.9462575016671102	0.1009189386835507	[-0.09667226717389797, -0.8979255057107316, 0.05415450424165391]	[0.0372416513089113, 0.03724165130891129, 0.0]	0.15517846382553455	[1.9176639266880466e-16, -0.9603999999999999, 0.0]	2.8900666853880317
5	[0.6197702497589663, 0.19415633083075332, -0.7603868467510783]	0.869899142674296	0.130100857325704	[0.5391376089203592, 0.16889642573445926, -0.6614598660895742]	0.9006325117089777	0.18986927951670748	[0.4933764908747917, 0.17486350390030062, -0.6200203698117666]	[-0.06480874584812665, 1.1625418043375377e-17, 0.06480874584812667]	0.22971037285526563	[0.6391685250728272, 1.1465429868913377e-16, -0.6391685250728273]	2.8900666853880317
5	[0.5973588228671314, -0.7944560794217789, -0.10955352396235898]	0.9074171125645321	0.09258288743546791	[0.5420536182110401, -0.7209030416482491, -0.09941074238519307]	0.944907297347427	0.09778300851037013	[0.5644487108620215, -0.7132735976042628, -0.06610417497875613]	[0.0, 0.03741374926340309, 0.037413749263403094]	0.17732162612788688	[0.6929646455628166, -0.6929646455628165, 0.0]	2.8900666853880317
5	[-0.049678028172980324, -0.3072325353012995, 0.9503369206598155]	0.8928161902805162	0.10718380971948376	[-0.04435334785404845, -0.2743021816979305, 0.8484761889864136]	0.9428340778722912	0.11066849060083622	[-0.04683813788298561, -0.2896693041131669, 0.8411078826468384]	[0.0, 0.0, -0.05490215161145146]	0.3113572976576814	[0.0, 0.0, 0.9411919999999999]	2.8900666853880317
5	[-0.5624812591332691, 0.74274176037644, -0.3632485519816412]	0.8409331709341936	0.15906682906580638	[-0.4730091488339978, 0.6245961837386047, -0.3054677566551758]	0.9143925241339217	0.16620525127228133	[-0.4550057041458322, 0.6198345588792211, -0.332151760334485]	[0.0593229541710643, -0.05932295417106429, 0.0]	0.3135355305625065	[-0.6391685250728273, 0.45196039839999996, -0.45196039839999985]	2.8900666853880317
5	[-0.2408160895132035, -0.029964541649743767, -0.9701081059733959]	0.8761965189018568	0.12380348109814336	[-0.2110022193270268, -0.026254827083995225, -0.850005345412363]	0.9231063124918549	0.1424158175838466	[-0.17214780663231116, -0.027660457547803566, -0.8453618706766287]	[0.05015104574693058, 8.996114096803857e-18, 0.050151045746930585]	0.24286726837163783	[0.0, 0.0, -0.9603999999999999]	2.8900666853880317
5	[-0.3193872625986172, -0.1853516585086434, -0.9293204717307465]	0.8570826848796871	0.14291731512031292	[-0.2737412925443965, -0.15886169712149104, -0.7965044850246455]	0.9182575304054571	0.15248003974966687	[-0.23996627560232212, -0.1702005561987025, -0.8000420379322664]	[0.053313483394443334, 9.563393392326702e-18, 0.05331348339444334]	0.36933967490718395	[0.0, 0.0, -0.9223681599999999]	2.8900666853880317
5	[0.34368895639038327, 0.8521586299346748, -0.3945929176799136]	0.864162858937606	0.13583714106239397	[0.2970032311395958, 0.736403837912702, -0.34099254385880556]	0.9068846902691382	0.17705918280559013	[0.3116862527650161, 0.7095745099164446, -0.2946151706805078]	[0.0, -0.06323510525203616, 0.06323510525203617]	0.23332969798294498	[0.13237613586358649, 0.7715446609364136, -0.45196039839999985]	2.8900666853880317
5	[0.8693840676576888, 0.2901848781877038, 0.39995509669731516]	0.8789895437805513	0.12101045621944878	[0.7641795050005118, 0.2550694736902246, 0.3515563479786793]	0.9285572904888811	0.13675994770036135	[0.7372590589375292, 0.26945328423082027, 0.3713812209064774]	[-0.07001385532089646, 0.0, 0.0]	0.1928229759823193	[0.7715446609364136, 0.1323761358635863, 0.45196039839999985]	2.8900666853880317
5	[0.07227587025157346, 0.95646664736232, 0.2827503334442972]	0.8938235281042217	0.10617647189577827	[0.06460187334506444, 0.8549123932594054, 0.25272890061182685]	0.9315774385930302	0.13266831703116908	[0.0673305700810431, 0.8253097214741993, 0.26340383139136353]	[1.312114777817437e-17, -0.06571302797525379, 0.0]	0.2577600222545202	[0.13237613586358649, 0.7715446609364136, 0.45196039839999985]	2.8900666853880317
5	[0.19112905340289493, 0.955407186083941, -0.22509285578284977]	0.8748543293407143	0.12514567065928572	[0.16721007983231526, 0.8358421130287652, -0.19692345938529116]	0.9200994279371035	0.15002885022329546	[0.17585773269816385, 0.8248086991949973, -0.1528469016706943]	[0.0, -0.05426090616783468, 0.05426090616783469]	0.2953337721459667	[1.9176639266880466e-16, 0.9603999999999999, 0.0]	2.8900666853880317
5	[0.2017951317312817, -0.9505822173789635, 0.235949513270207]	0.8727866302725267	0.1272133697274732	[0.17612409302914603, -0.8296554503031721, 0.2059335806015468]	0.9205430814472433	0.15383168233639777	[0.1857611123849665, -0.7987414589769168, 0.21720169201173356]	[1.523716664344118e-17, 0.07631042457806755, 0.0]	0.28902274322058963	[0.13237613586358649, -0.7715446609364136, 0.45196039839999985]	2.8900666853880317
5	[0.3173518584167609, 0.4803910367019424, -0.8176259840635334]	0.8715572718574008	0.12844272814259916	[0.27659031994058825, 0.4186883013726934, -0.7126078720701359]	0.9320172940405587	0.1283225921278269	[0.29577742034033194, 0.447732754108283, -0.6954185053638906]	[0.0, 0.0, 0.06662305184025255]	0.22004123023368308	[0.46118407999999983, 0.46118407999999994, -0.6522127806865584]	2.8900666853880317
5	[0.7312398246119238, -0.5217161373985356, -0.4394321231765779]	0.9093861935821526	0.09061380641784744	[0.6649794006995182, -0.4744414523192376, -0.3996135058332718]	0.9523436206788073	0.08734221560812071	[0.6559853478682035, -0.482640957069075, -0.41849037922855786]	[-0.040406234287252, 0.014212078187608532, 0.0]	0.10189480492218073	[0.6522127806865584, -0.46118407999999994, -0.46118407999999983]	2.8900666853880317
5	[-0.5233582104380237, 0.36780142117461495, -0.7686470569442408]	0.878995840692286	0.12100415930771412	[-0.46002969016718087, 0.32329591941319824, -0.6756375660143543]	0.9283993943533823	0.13464127352646332	[-0.43918661549290894, 0.3414666166608258, -0.6669126320309208]	[0.046698830107622234, 8.376854312377742e-18, 0.04669883010762225]	0.16168761286095162	[-0.46118407999999983, 0.46118407999999994, -0.6522127806865584]	2.8900666853880317
5	[0.773680262255319, -0.4033464444766593, -0.488600550065775]	0.8983663684990691	0.10163363150093083	[0.6950483275817184, -0.36235288057150783, -0.438942301809238]	0.9369821475399966	0.11785036606593088	[0.6838235448514626, -0.3779284177483623, -0.41670894390401947]	[-0.04110104878583406, -7.372722121119375e-18, 0.041101048785834066]	0.13729968678935706	[0.6522127806865584, -0.46118407999999994, -0.46118407999999983]	2.8900666853880317
5	[-0.7929808338988992, -0.00991516019342563, 0.6091658942089136]	0.8895927029210448	0.11040729707895527	[-0.7054299633927058, -0.008820454156364559, 0.5419095343566226]	0.941765382956833	0.10695951690109383	[-0.6963687959659134, 1.012339677867973e-16, 0.5643535970072593]	[0.05043310274831213, 0.009337754636639835, -0.009337754636639833]	0.14753640107537175	[-0.6522127806865583, -1.1699418233585078e-16, 0.6522127806865584]	2.8900666853880317
5	[-0.3435991741891739, 0.9190390325182507, -0.19314984909244817]	0.8373568193598093	0.16264318064019084	[-0.2877151116337037, 0.7695636011369986, -0.16173534329587952]	0.912295529788402	0.16893819081128958	[-0.2526878935373152, 0.7776591039530034, -0.17620974390634486]	[0.06077609711445457, -0.06077609711445456, 0.0]	0.394180592872997	[-1.8417244351911998e-16, 0.9223681599999999, 0.0]	2.8900666853880317
5	[0.7128643642357262, 0.3641446114649132, -0.5993522337856607]	0.8862255683174225	0.11377443168257743	[0.6317586263280446, 0.32271426524521984, -0.5311612740090138]	0.924017223134234	0.1434133780426052	[0.6091420121285394, 0.33647589270510375, -0.5042548485580188]	[-0.049556938183907565, -8.889542851017696e-18, 0.04955693818390757]	0.1794037674106422	[0.6522127806865584, 0.46118407999999994, -0.46118407999999983]	2.8900666853880317
5	[-0.3229166087420399, -0.915894291117339, -0.2384586154811929]	0.8312950589832502	0.16870494101674982	[-0.2684389813108851, -0.7613783987568105, -0.19822946882150244]	0.9087223026549737	0.17503683875000206	[-0.2301893070731154, -0.7690413520242069, -0.21669266214798658]	[0.0632522171884862, 0.0632522171884862, 0.0]	0.4014717405708363	[-1.8417244351911998e-16, -0.9223681599999999, 0.0]	2.8900666853880317
5	[-0.5425391588143534, 0.6413296677530546, -0.542538034070212]	0.8578750054887163	0.14212499451128383	[-0.4654307838457069, 0.5501806922437282, -0.46542981895582036]	0.9242154693844259	0.14239245677892504	[-0.5014230833230391, 0.5412611195233248, -0.4499563634278822]	[0.0, -0.05146568038922236, 0.05146568038922237]	0.2260522764343305	[-0.46118407999999983, 0.46118407999999994, -0.6522127806865584]	2.8900666853880317
5	[-0.8610281677669389, 0.09672338193413532, -0.49927455542930654]	0.8531931545091329	0.1468068454908671	[-0.7346233385782935, 0.08252372734717654, -0.425977632912875]	0.8854830593139478	0.2180390721801569	[-0.6877364438291843, 0.08564691614222956, -0.36740974845858576]	[0.07468941232056775, 1.3397815839167796e-17, 0.07468941232056776]	0.2795486297797895	[-0.6391685250728272, 1.1465429868913377e-16, -0.6391685250728273]	2.8900666853880317
5	[0.6544874205137956, 0.7551186024487893, -0.03797515799816128]	0.9422336083382612	0.05776639166173879	[0.6166800438427146, 0.7114981255086676, -0.03578147014782308]	0.9680073113439197	0.05540886701456243	[0.6335486082399766, 0.7092339219901717, -0.01503382447960166]	[0.0, -0.021726406112058984, 0.021726406112058987]	0.08237550503057134	[0.6929646455628166, 0.6929646455628165, 0.0]	2.8900666853880317
5	[-0.12823029057876226, 0.7068368935540821, 0.6956569546039927]	0.9133788779134648	0.08662112208653534	[-0.1171228389233474, 0.6456098887022665, 0.6353983686088929]	0.9551654977062207	0.07916488477840318	[-0.09141242433068271, 0.6440774882377096, 0.6644675212771165]	[0.03106872499099404, -0.031068724990994032, 0.0]	0.13223464489283365	[0.0, 0.6791053526515601, 0.6791053526515602]	2.8900666853880317
5	[0.9321178315257292, -0.3469511665556093, 0.10383273172499087]	0.8855794792486434	0.1144205207513563	[0.8254644238409303, -0.3072528334030259, 0.0919521364899815]	0.9393181130731493	0.11809373325877304	[0.8160869134822698, -0.32589751509754294, 0.09753196563914895]	[-0.05946824918831374, 0.0, 0.0]	0.36226880722092475	[0.9411919999999999, 0.0, 0.0]	2.8900666853880317
5	[0.5619623156357962, 0.7192070340136566, 0.40858242501425923]	0.8670271382790671	0.13297286172093292	[0.48723657834638223, 0.6235720165310363, 0.3542520507112347]	0.9236419107690054	0.14613083237986632	[0.4671967598790078, 0.6124345720198688, 0.3773838517468043]	[-0.05185518711501396, -0.051855187115013954, 0.0]	0.2783665305798298	[0.6522127806865584, 0.46118407999999994, 0.46118407999999983]	2.8900666853880317
5	[-0.803524882586472, -0.5945025423763795, -0.030240538560309515]	0.910492763452779	0.08950723654722106	[-0.7316035908492267, -0.5412902626879725, -0.027533791522076533]	0.953011709761875	0.08759434697997602	[-0.7351222587540289, -0.5448976329636521, -0.007149335953237788]	[0.03064636343591463, 0.021670251404242696, 0.02167025140424269]	0.15346773311709597	[-0.6791053526515602, -0.6791053526515601, 0.0]	2.8900666853880317
5	[-0.10531262668904444, 0.1430812267902794, 0.984091973953676]	0.9148604020766593	0.0851395979233407	[-0.09634635199648832, 0.1308993486709767, 0.9003067789716733]	0.955108483497353	0.08765477581584674	[-0.10058498317009609, 0.1366580935366046, 0.8968007804156699]	[0.0, 0.0, -0.043113812449142114]	0.17770686832757748	[0.0, 0.0, 0.98]	2.8900666853880317
5	[-0.2397304049013131, -0.9271160155267727, -0.28807156527434874]	0.8321975335569407	0.16780246644305927	[-0.19950305167747942, -0.7715436614425186, -0.23973244610920028]	0.9092557990676511	0.1716377237662905	[-0.15509373783338876, -0.7801030904902464, -0.2619307412721969]	[0.06288252303596614, 0.06288252303596613, 0.0]	0.37480453023658067	[-1.8417244351911998e-16, -0.9223681599999999, 0.0]	2.8900666853880317
5	[-0.7609264231653305, 0.10779343393573584, 0.6398215017715165]	0.8832007352867789	0.11679926471322105	[-0.6720507764387587, 0.09520324011112881, 0.5650908208168945]	0.9345473066774425	0.12302514270169736	[-0.6684326562335295, 0.0705523232086688, 0.5677577210814014]	[0.04268908311532982, -0.03018574015348586, -0.03018574015348585]	0.15359565180632717	[-0.6522127806865583, 1.1699418233585078e-16, 0.6522127806865584]	2.8900666853880317
5	[0.07615057952748802, 0.3647990422109022, -0.9279669972793408]	0.8677677721455253	0.13223222785447478	[0.06608101874415892, 0.316560852140176, -0.8052598538536663]	0.9298680357722034	0.1363379691337951	[0.07080998980814025, 0.3392149688322327, -0.7941575240783297]	[0.0, 0.0, 0.06872932494324062]	0.37270443911931667	[0.0, 0.0, -0.9223681599999999]	2.8900666853880317
5	[0.20277089217358854, -0.8400177881465345, 0.5032435602017488]	0.8892563669569102	0.11074363304308969	[0.18031530689889672, -0.7469911664663669, 0.4475125400394682]	0.9203097771786752	0.1498488628495718	[0.18661203459459647, -0.6965420934376604, 0.4631399687558747]	[1.5281906561418716e-17, 0.07653448999760036, 0.0]	0.11078787636859157	[0.13237613586358649, -0.7715446609364136, 0.45196039839999985]	2.8900666853880317
5	[-0.962433976043306, 0.09758660131552688, 0.2533726445399293]	0.8794598903792255	0.12054010962077455	[-0.846422079068288, 0.08582350169543441, 0.22283107819218068]	0.9330508214169145	0.12398980889291918	[-0.8543347019783987, 0.060177363185141386, 0.20553365878096097]	[0.04366510992835513, -0.030875895331595953, -0.030875895331595946]	0.2720834558644096	[-0.98, 0.0, 0.0]	2.8900666853880317
5	[0.44412791507195065, 0.14775282305008647, 0.8836964967309602]	0.8661957642467318	0.13380423575326814	[0.3847017188190559, 0.12798286948148183, 0.7654541623480337]	0.9276292535751445	0.13634562712367124	[0.3786098102412185, 0.10368360485071187, 0.7725415958833939]	[-0.03337623610886028, -0.033376236108860285, -0.04720112576611684]	0.34455031390327406	[0.6522127806865583, 1.1699418233585078e-16, 0.6522127806865584]	2.8900666853880317
5	[-0.5010744317203609, -0.853498243722666, -0.14305649876339802]	0.8541179701260225	0.1458820298739775	[-0.42797667650304494, -0.7289881874345288, -0.12218712633712936]	0.9220527841692348	0.15269980834354074	[-0.40800241005300136, -0.7329557671172617, -0.13190564297829385]	[0.054014664790774575, 0.05401466479077457, 0.0]	0.28735526983542803	[-0.6791053526515602, -0.6791053526515601, 0.0]	2.8900666853880317
5	[-0.9131033657298079, 0.32277505933446543, -0.24911544425131257]	0.8645005278350512	0.13549947216494887	[-0.7893783416413807, 0.27903920916663527, -0.215360433047123]	0.91298477071647	0.16439505155239492	[-0.7768970223481761, 0.25455867507635804, -0.18730856828860232]	[0.05675244465308959, -0.040130038463113867, 0.04013003846311385]	0.36452054013296087	[-0.6391685250728273, 0.45196039839999996, -0.45196039839999985]	2.8900666853880317
5	[-0.9103263181417157, -0.3426501571735635, -0.23215698199166843]	0.8639256690277053	0.13607433097229457	[-0.7864542734341096, -0.2960242662786193, -0.2005663759866051]	0.9138550952629791	0.16272952054766568	[-0.7757215363252836, -0.27340393338789104, -0.17242918225613132]	[0.056184807860511034, 0.03972865863783059, 0.03972865863783058]	0.36577153995868267	[-0.6391685250728273, -0.45196039839999996, -0.45196039839999985]	2.8900666853880317
5	[-0.6066581071144435, 0.7945865036677933, -0.02445872566820194]	0.90885899640495	0.09114100359505012	[-0.5513666783929596, 0.7221670922804286, -0.022229532864146005]	0.9527131545058961	0.08306068275941156	[-0.5689807505697546, 0.7247204563847843, 0.0]	[0.008990408365822712, -0.03229255805236971, 0.023302149686547004]	0.13850172882408973	[-0.6791053526515602, 0.6791053526515601, 0.0]	2.8900666853880317
5	[0.6376693614897745, -0.7553821390143266, -0.15091590199632382]	0.9063650667884237	0.09363493321157636	[0.577961233415611, -0.6846519828785024, -0.13678490159233325]	0.9465428611585937	0.09772601620743603	[0.5813583023904074, -0.688545034373189, -0.10718673198278178]	[-0.022223079507297395, 0.02645653675753034, 0.03566163768714853]	0.1724213484602523	[0.6929646455628166, -0.6929646455628165, 0.0]	2.8900666853880317
5	[-0.8786866946585518, 0.135314876185378, -0.457820463624077]	0.8501751955982569	0.14982480440174314	[-0.74703763250092, 0.1150413513282576, -0.38922760221048436]	0.8911017393715361	0.20645160530649653	[-0.7119744045964415, 0.12057932153163436, -0.3369397740788781]	[0.07102483737641996, 1.27404629600235e-17, 0.07102483737641997]	0.3294938370743522	[-0.6391685250728272, 1.1465429868913377e-16, -0.6391685250728273]	2.8900666853880317
5	[-0.2641374861835351, 0.909451129797771, -0.32113864747519977]	0.8271117762929298	0.17288822370707022	[-0.21847122538281283, 0.7522177394186462, -0.26561755714952145]	0.9062424021271696	0.17756884204992	[-0.17440188939203183, 0.7592124759064334, -0.2910294593037953]	[0.06497070057876701, -0.064970700578767, 0.0]	0.41584760080181293	[-1.804889946487376e-16, 0.9039207967999999, 0.0]	2.8900666853880317
5	[-0.22113979653785154, 0.9626339272238313, 0.15631094825642014]	0.8582823052816162	0.1417176947183838	[-0.18980037436201475, 0.8262116661999656, 0.1341589210102757]	0.9244493947284447	0.143367633770645	[-0.1520786526557286, 0.8375524529630772, 0.14450156150507681]	[0.05235389840405955, -0.05235389840405954, 0.0]	0.27081527392018545	[1.9176639266880466e-16, 0.9603999999999999, 0.0]	2.8900666853880317
5	[-0.15944504690285147, 0.9398884288335697, 0.30197188339796]	0.849149840108519	0.15085015989148096	[-0.13539273608365157, 0.7981061090638729, 0.2564193765046461]	0.9191793075383694	0.15085563753912062	[-0.09055270529677055, 0.8079201126727514, 0.2775663066777941]	[0.056005882505815216, -0.05600588250581521, 0.0]	0.3414841733412392	[0.0, 0.9411919999999999, 1.8793106481542857e-16]	2.8900666853880317
5	[-0.9924673931361903, 0.10604832309750324, 0.06133699315798273]	0.9258094129019988	0.07419058709800117	[-0.9188356545637936, 0.09818053574614094, 0.056786365624765904]	0.9591106192497486	0.07427647735469092	[-0.9252174392963624, 0.08285454139336937, 0.039971430047596054]	[0.026668576719672852, -0.018857531443074366, -0.018857531443074362]	0.12314182657840993	[-0.98, 0.0, 0.0]	2.8900666853880317
5	[-0.6657555092997294, 0.09732453223248418, -0.7397956050577662]	0.880686164494259	0.119313835505741	[-0.5863216659761007, 0.08571236900302429, -0.6515277539280337]	0.9011131699151045	0.12502107820147307	[-0.6264607589000617, 0.032927705838810224, -0.6400998612363288]	[-0.026539701526537715, -0.05477271191170824, 0.026539701526537708]	0.1424947070274846	[-0.6391685250728272, 1.1465429868913377e-16, -0.6391685250728273]	2.8900666853880317
5	[0.6948111802242122, 0.33907938251097447, -0.6342417490132716]	0.8814154269386298	0.11858457306137019	[0.6124172930590572, 0.2988697987019975, -0.5590304619888361]	0.9181098044583142	0.1550390035800602	[0.5845031246658932, 0.3113121055729967, -0.5288937360206651]	[-0.053409832145208815, -9.58067646872245e-18, 0.05340983214520883]	0.2160396667197094	[0.6522127806865584, 0.46118407999999994, -0.46118407999999983]	2.8900666853880317
5	[0.7289919636923541, -0.6821459459181708, 0.05698794029765985]	0.952894769898792	0.04710523010120804	[0.6946526295006943, -0.6500133041730891, 0.05430351025694467]	0.9758696423788429	0.04440232306974969	[0.6880505007631781, -0.6650149243813112, 0.055612800918184165]	[-0.023350626142329876, 0.0006705959120315488, 0.0]	0.0682835064490511	[0.6929646455628166, -0.6929646455628165, 0.0]	2.8900666853880317
5	[-0.8868057231454599, 0.400954733224076, -0.22980624730774385]	0.8627228539848121	0.1372771460151879	[-0.7650675644021163, 0.3459128117657938, -0.1982591015408763]	0.9133770197992678	0.16411177788046655	[-0.7534913537594585, 0.32627369987588406, -0.1699506058664677]	[0.05649661478807624, -0.03994913943073289, 0.03994913943073288]	0.33656830896093537	[-0.6391685250728273, 0.45196039839999996, -0.45196039839999985]	2.8900666853880317
5	[0.591116268130519, 0.6924416741982583, -0.41364971338677553]	0.866793109977085	0.13320689002291497	[0.5123755084109011, 0.6002036722560478, -0.35854872150765305]	0.9243110850963351	0.14449455626013724	[0.5107564186158111, 0.60441261464611, -0.3319682831278006]	[-0.03561890059800509, -0.0356189005980051, 0.05037273230251796]	0.24386958549642274	[0.6522127806865584, 0.46118407999999994, -0.46118407999999983]	2.8900666853880317
5	[0.8093359817034141, -0.3425904395121471, -0.4770818163324238]	0.8901300656204434	0.10986993437955654	[0.720414290502646, -0.3049500504038841, -0.4246648684783007]	0.9256148736889085	0.13973319295193534	[0.7006184924032167, -0.3171068063960637, -0.39307909509073363]	[-0.048514930073077875, -8.702627030715134e-18, 0.04851493007307788]	0.19749655663438948	[0.6522127806865584, -0.46118407999999994, -0.46118407999999983]	2.8900666853880317
5	[-0.613298059809126, 0.5768430418467008, -0.5395531437285924]	0.8797303034570745	0.12026969654292546	[-0.5395368882655175, 0.5074663042509, -0.47466125086357314]	0.9324993855205395	0.12949730296146267	[-0.5278753004452486, 0.5067755732757027, -0.4720027661944429]	[0.044024763467700366, -0.03113020878814471, 0.031130208788144702]	0.15471730556533053	[-0.6391685250728273, 0.45196039839999996, -0.45196039839999985]	2.8900666853880317
5	[-0.44022353477072934, -0.7492615479290251, 0.49478315677573903]	0.841043420405993	0.15895657959400697	[-0.3702471074267908, -0.6301614950489162, 0.4161341185339422]	0.9144570380604121	0.16250781387467927	[-0.343287261390066, -0.6258892475508758, 0.45245794002732287]	[0.05927824830086005, 0.059278248300860044, 0.0]	0.3282211939803724	[-0.47059599999999985, -0.47059599999999996, 0.665523245598529]	2.8900666853880317
5	[0.25793719630420137, 0.8048166856442277, 0.5345451386659203]	0.8805354725749545	0.11946452742504554	[0.22712285104237875, 0.7086696406299485, 0.4706859562878408]	0.9200999190503716	0.14542851870048373	[0.19109225901660948, 0.6829271978318923, 0.49183493881528295]	[-0.046235734422966, -0.057584569479750075, 0.0]	0.1539248090852111	[0.13237613586358649, 0.7715446609364136, 0.45196039839999985]	2.8900666853880317
5	[0.4732267562466389, 0.6436198970217282, 0.6015063302493369]	0.8845683813926302	0.11543161860736985	[0.4186014258047741, 0.5693258105406014, 0.5320734809460768]	0.9332229997824746	0.12569629845499455	[0.44162609304181827, 0.5561992451022034, 0.5168978959873328]	[0.0, -0.044441645916101134, -0.04444164591610114]	0.18450570525011004	[0.47059599999999985, 0.47059599999999996, 0.665523245598529]	2.8900666853880317
5	[0.5109749349446353, 0.46263670952312524, -0.7244804282104115]	0.9078087712307134	0.09219122876928672	[0.4638675278217831, 0.41998566279840877, -0.6576896873143946]	0.9510024629657852	0.09117127194605146	[0.4539816017702522, 0.4399686502148786, -0.6570258517227302]	[-0.03195681987587787, -5.73242678178853e-18, 0.031956819875877875]	0.08777159134526986	[0.46118407999999983, 0.46118407999999994, -0.6522127806865584]	2.8900666853880317
5	[0.9333327359455623, 0.0076175893800653465, 0.35893171543401975]	0.8918163596864651	0.10818364031353506	[0.83236140294718, 0.006793490830516155, 0.32010117583438574]	0.9354227162806643	0.1257141120839047	[0.8097749050069131, 0.00712566614941141, 0.3357528802105692]	[-0.06328573804494897, 0.0, 0.0]	0.22448699737452862	[0.7715446609364136, 0.1323761358635863, 0.45196039839999985]	2.8900666853880317
5	[-0.30498993107257155, 0.5849120837535815, 0.7515710187489878]	0.9079053268572088	0.0920946731427912	[-0.27690198305860064, 0.5310447965830265, 0.6823553314337052]	0.9512661417609106	0.09329401285949096	[-0.2901265950073312, 0.5239735456757868, 0.6825105477588493]	[0.0, -0.03243351550581734, -0.03243351550581735]	0.21885556043771154	[-0.47059599999999985, 0.47059599999999996, 0.665523245598529]	2.8900666853880317
5	[-0.6056136601508405, 0.49226818207101697, 0.6252232653694184]	0.9107082884196829	0.08929171158031725	[-0.5515373798795514, 0.44831271353736457, 0.5693960098847481]	0.941790463413477	0.11153590490945961	[-0.53239616592342, 0.43676816773849103, 0.5619839972512699]	[0.037965003719572114, -0.026845311577881937, -0.026845311577881933]	0.14256065528326503	[-0.47059599999999985, 0.47059599999999996, 0.665523245598529]	2.8900666853880317
5	[0.7167984462644281, 0.17175503083258364, 0.675795972773292]	0.8924155571442961	0.10758444285570384	[0.6396820847832354, 0.15327686153279596, 0.603090839558349]	0.9426083843696782	0.10816244418848223	[0.6491921258978246, 0.13542963266628244, 0.5995794048410216]	[-0.02646809945418358, -0.02646809945418359, -0.03743154521834635]	0.18500612358362067	[0.6522127806865583, 1.1699418233585078e-16, 0.6522127806865584]	2.8900666853880317
5	[-0.0944092052144279, 0.8361755244825448, 0.5402752948517275]	0.873829332818863	0.12617066718113695	[-0.08249753280448262, 0.7306747006780451, 0.47210840043879954]	0.9333017060154609	0.12024436504233643	[-0.04189271263954867, 0.7341844838772915, 0.5042398544031236]	[0.04621955965064062, -0.04621955965064061, 0.0]	0.22990850757842762	[0.0, 0.6791053526515601, 0.6791053526515602]	2.8900666853880317
5	[0.6108412428660861, 0.5627208847354543, 0.5569723349470446]	0.9018405932015381	0.09815940679846187	[0.5508814288183159, 0.5074845364967164, 0.5023002609454885]	0.9478929770866218	0.09771022468806978	[0.5436259660564139, 0.498013016529495, 0.5279501647278412]	[-0.035386158171212635, -0.03538615817121263, 0.0]	0.14559092225587625	[0.6522127806865584, 0.46118407999999994, 0.46118407999999983]	2.8900666853880317
5	[-0.8555866756498043, -0.37234580260102185, -0.35962486529148335]	0.8654013144153914	0.13459868558460855	[-0.7404258337036358, -0.3222285469879782, -0.3112198311197078]	0.9058624514807215	0.1796513090939969	[-0.7136461311715983, -0.2938793428353996, -0.2823559233790486]	[0.06139771228677441, 0.04341473870731879, 0.04341473870731878]	0.24839716270084025	[-0.6391685250728273, -0.45196039839999996, -0.45196039839999985]	2.8900666853880317
5	[-0.18693257288013515, -0.8013266046304215, 0.5682709616968765]	0.8620084960741041	0.13799150392589582	[-0.16113746601566817, -0.6907503413216379, 0.48985439705490935]	0.9265846633522055	0.13397157112802674	[-0.12233462237268787, -0.6916227094476313, 0.5265511577367343]	[0.05087423273901376, 0.05087423273901375, 0.0]	0.24933127252144494	[0.0, -0.6791053526515601, 0.6791053526515602]	2.8900666853880317
5	[0.002819458647443705, -0.6973179621469923, -0.7167563814296327]	0.9357381903338692	0.06426180966613075	[0.002638275132480151, -0.6525070479867281, -0.670696319269217]	0.9671267327703934	0.06036296509077476	[0.0, -0.6655232455985289, -0.665523245598529]	[-0.0027267738298834628, 0.008871596834800545, 0.027671011765841573]	0.06036296509077476	[0.0, -0.6655232455985289, -0.665523245598529]	2.8900666853880317
5	[-0.22631558260738288, -0.8439481474434798, 0.4863463595996165]	0.8430903888988444	0.15690961110115573	[-0.19080449255432694, -0.7115245718385825, 0.4100339414543779]	0.9156534312201539	0.1565239131074658	[-0.14877744961407252, -0.7143148268395489, 0.44532471292881964]	[0.05844919013896578, 0.058449190138965774, 0.0]	0.33935018050027144	[0.0, -0.6655232455985289, 0.665523245598529]	2.8900666853880317
5	[0.670897516479804, -0.3308724047014078, -0.6636414500227807]	0.8798679004343812	0.12013209956561886	[0.5903011892317258, -0.2911240080363025, -0.5839168092727723]	0.9162011828957624	0.15881080294425526	[0.5600224386788266, -0.3031456885749952, -0.5533744220077317]	[-0.05465465952179913, -9.803974087821785e-18, 0.05465465952179914]	0.24149376544194745	[0.6522127806865584, -0.46118407999999994, -0.46118407999999983]	2.8900666853880317
5	[-0.542816183435004, -0.3304546552852426, -0.7721077073837352]	0.8733586635495275	0.12664133645047262	[-0.4740732165178503, -0.28860543610363926, -0.6743269554369485]	0.9215233861294327	0.14819375812772623	[-0.44903435685349236, -0.3045216929006912, -0.660331858413505]	[0.05118345055138798, 9.181307272273299e-18, 0.051183450551387996]	0.19526591163128304	[-0.46118407999999983, -0.46118407999999994, -0.6522127806865584]	2.8900666853880317
5	[-0.25997242779030083, 0.9582914325026617, 0.11870917058430358]	0.8612321445999475	0.13876785540005243	[-0.2238966115226957, 0.8253113855660232, 0.10223615356600077]	0.9261404930981155	0.14108572497757113	[-0.18958896544391451, 0.8363304728080058, 0.10994136978021522]	[0.051182027021708786, -0.05118202702170878, 0.0]	0.2858005886083641	[1.9176639266880466e-16, 0.9603999999999999, 0.0]	2.8900666853880317
5	[-0.26577590768446113, -0.9471085310317797, 0.17985715815981654]	0.8486379536382229	0.15136204636177725	[-0.22554752242368223, -0.8037522456481128, 0.1526336106479329]	0.9188823544106051	0.15479176965494376	[-0.18800513127396792, -0.8140696563521062, 0.16526756894749278]	[0.056211660524745265, 0.05621166052474525, 0.0]	0.3209679669161307	[-1.8793106481542857e-16, -0.9411919999999999, 0.0]	2.8900666853880317
5	[-0.37652641502640966, -0.9216461821438335, 0.09378791887581]	0.8602214042497485	0.1397785957502516	[-0.32389608147114163, -0.7928197730251879, 0.08067837527701077]	0.9255616614832854	0.1443331440851137	[-0.29691527741766865, -0.8014572347782534, 0.0868065020217543]	[0.051583136866520045, 0.05158313686652004, 0.0]	0.38803200408177707	[-1.8417244351911998e-16, -0.9223681599999999, 0.0]	2.8900666853880317
5	[0.26912825269004914, 0.03529700841057871, 0.9624573262234875]	0.8880327865113525	0.11196721348864747	[0.23899471216527574, 0.031344900734360824, 0.8546936613045094]	0.9401331968509395	0.11017783932879895	[0.22540678803156283, 0.005574272823471276, 0.8657921887824314]	[-0.02760961653284054, -0.027609616532840546, -0.03904589415266353]	0.27144083662913593	[0.0, 0.0, 0.9603999999999999]	2.8900666853880317
5	[0.7696664563693288, 0.5162155319953196, 0.3756794783677559]	0.8950645486181054	0.10493545138189465	[0.68890115935671, 0.46204622213504576, 0.3362573827303207]	0.9446269777679001	0.10313284858186028	[0.6727821367820306, 0.48763111786558744, 0.3548769702599544]	[-0.054265561787457894, 0.0, 0.0]	0.1553539942852945	[0.6522127806865584, 0.46118407999999994, 0.46118407999999983]	2.8900666853880317
5	[-0.3291920728580172, 0.7155988871664101, 0.6160769528667969]	0.8622959339172097	0.1377040660827903	[-0.28386098590324604, 0.6170580107192756, 0.5312406514371434]	0.9267490188320641	0.1352350082892981	[-0.2543180903262936, 0.6124202263566202, 0.5709487115943519]	[0.05076034020216723, -0.05076034020216722, 0.0]	0.2871696731828832	[-0.47059599999999985, 0.47059599999999996, 0.665523245598529]	2.8900666853880317
5	[0.3827587229385273, -0.8321056707083291, 0.4013675532345752]	0.8610332602189867	0.13896673978101318	[0.329567991089016, -0.7164706584966993, 0.34559081290768395]	0.9114628377548657	0.16351441399138458	[0.3196670853037216, -0.6854986943576344, 0.365831609053913]	[-0.02920326648125681, 0.07293470157809481, 0.0]	0.26252373568282733	[0.13237613586358649, -0.7715446609364136, 0.45196039839999985]	2.8900666853880317
5	[-0.06314638359111156, -0.20009060559607456, 0.9777403969313943]	0.9068912613315477	0.09310873866845225	[-0.05726690346346892, -0.18146042168961732, 0.8867042218279203]	0.9507036032927274	0.09610157634071533	[-0.06003349441497452, -0.19022685972521208, 0.8821970590498733]	[0.0, 0.0, -0.04734425939766459]	0.20983046016836382	[0.0, 0.0, 0.98]	2.8900666853880317
5	[-0.2691052909429353, -0.8396755536097938, -0.4717280011368885]	0.8278214702044785	0.1721785297955215	[-0.2227711375881846, -0.6951014512840189, -0.39050656743775897]	0.9066639256250643	0.17454324685422484	[-0.17930945979534466, -0.6966249339898026, -0.4276987613380361]	[0.06467859969745209, 0.06467859969745207, 0.0]	0.3743457018514347	[0.0, -0.6522127806865585, -0.6522127806865582]	2.8900666853880317
5	[0.8661068170909243, -0.3186680382648219, -0.3851099359625488]	0.8778389004780305	0.12216109952196959	[0.7603022560116236, -0.27973920032788213, -0.3380644827485285]	0.9291433032165826	0.13223617892086495	[0.7585237057308848, -0.29608827370292495, -0.3116086747623921]	[-0.046213643239376996, -8.289821303195231e-18, 0.04621364323937701]	0.21935281763625147	[0.7715446609364136, -0.1323761358635863, -0.45196039839999985]	2.8900666853880317
5	[0.800988583967639, -0.29950906587560844, 0.5183740037963296]	0.8940256724956023	0.10597432750439768	[0.7161043574429686, -0.2677687940379705, 0.4634396673482515]	0.9316202282692063	0.12848007080865115	[0.679204991140782, -0.2790287043197311, 0.48292770774555893]	[-0.06701217629617787, 0.0, 0.0]	0.18223920511133607	[0.7715446609364136, -0.1323761358635863, 0.45196039839999985]	2.8900666853880317
5	[-0.7925675299183911, -0.48918774518014896, 0.3640495302628776]	0.8730127589498459	0.12698724105015416	[-0.691921565948119, -0.42706714306417604, 0.3178198848091902]	0.9133942606973674	0.165949054956905	[-0.6674412629885622, -0.4068800906480298, 0.2925795633486805]	[0.05648537005398521, 0.039941188203004484, -0.03994118820300448]	0.18068052128694245	[-0.6391685250728273, -0.45196039839999996, 0.45196039839999985]	2.8900666853880317
5	[0.47552094709255976, -0.1984297990429953, -0.8570329303637938]	0.8507443860599246	0.14925561394007536	[0.4045467761928936, -0.1688130375628273, -0.7291159541754839]	0.9052521327849723	0.17949608630120908	[0.36867058159903565, -0.17962899879176492, -0.7140351181383449]	[-0.06179576994043406, -1.1084949252887938e-17, 0.061795769940434064]	0.3334616194302837	[0.46118407999999983, -0.46118407999999994, -0.6522127806865584]	2.8900666853880317
5	[-0.2721718199665877, -0.694133976820097, -0.6664086753937051]	0.8657404755700693	0.13425952442993067	[-0.2356301608546449, -0.6009398792015743, -0.5769369635593662]	0.9287146076694804	0.13841618382832216	[-0.2527699449989579, -0.5962420724550104, -0.5704931800182806]	[0.0, 0.048410291497522344, 0.04841029149752235]	0.2736729024051881	[0.0, -0.6655232455985289, -0.665523245598529]	2.8900666853880317
5	[0.8188195228428631, -0.15935434817193742, -0.5514896016518198]	0.8920731975766142	0.10792680242338597	[0.7304469499805901, -0.14215574292147728, -0.49196909237579217]	0.9057432565589641	0.11344072816925332	[0.7715446609364136, -0.1323761358635863, -0.45196039839999985]	[0.02990439978266162, 0.011957990396495307, 0.047547589358525315]	0.11344072816925332	[0.7715446609364136, -0.1323761358635863, -0.45196039839999985]	2.8900666853880317
