7	[-0.00018597087446875835, 0.19403551534995808, 0.9809944873431806]	0.9066262789195324	0.09337372108046775	[-0.00016860608190609992, 0.17591769725996625, 0.889395381700522]	0.9502599599513664	0.09585801952598785	[-5.876542142201913e-11, 0.18420746046185008, 0.8856418016997405]	[0.00017672061695176547, -0.0001767205837438051, -0.04655798055550149]	0.19434684086506096	[0.0, 0.0, 0.97]	2.650133917782452
7	[-0.18020416114016563, -0.8291302512017154, -0.5292159170413807]	0.8298547260791133	0.1701452739208858	[-0.1495432747812889, -0.6880576574949068, -0.4391723298730819]	0.9030168617679266	0.17467326967412938	[-0.11638372278889374, -0.6828037789379302, -0.4583197514036091]	[0.04634367328142048, 0.06591481849909529, 0.019571145200734257]	0.17336505405554598	[-0.12198592585257499, -0.710986079076425, -0.4164860024644998]	2.650133917782452
7	[0.036418214177894016, 0.2437036936115434, -0.9691657357728781]	0.8632103168910483	0.1367896831089518	[0.031436578201106014, 0.21036754258993934, -0.836593861896452]	0.9274124757883518	0.13264956459271568	[0.0006503695717439733, 0.19288950923615383, -0.8519715083334207]	[-0.033124336602764995, -0.03312433661489405, 0.046844886128944226]	0.24802566081475955	[0.0, 0.0, -0.9409]	2.650133917782452
7	[0.3250110656836271, 0.7775034810032938, -0.5383828973982677]	0.8309465302625358	0.1690534697374638	[0.2700668173267393, 0.646063819806731, -0.4473674005457811]	0.9007978546743737	0.18809273725219158	[0.2869758845305057, 0.6370257103670296, -0.41922670260027844]	[-0.005793386182737347, -0.06334775732259515, 0.06574745636945425]	0.2314491933953454	[0.12575868644595362, 0.7329753392540465, -0.42936701284999984]	2.650133917782452
7	[0.802722930079079, 0.45038130143973615, 0.3908869156657814]	0.8575383235157514	0.14246167648424812	[0.6883656757076655, 0.3862192261794739, 0.3352005103442773]	0.923306197592433	0.14344370675849769	[0.6667660684918381, 0.415839846562466, 0.36090831178022353]	[-0.07439298779973268, -3.3658885058382306e-10, -1.1783222741625602e-11]	0.18431247116526778	[0.6259965492866938, 0.44264640499999997, 0.44264640499999985]	2.650133917782452
7	[-0.4341685227764889, 0.8023775275087609, 0.40949724929358083]	0.8160463530016178	0.18395364699838265	[-0.35430163959985345, 0.6547772550539793, 0.3341687368502205]	0.8998224278425476	0.1910525235047227	[-0.32196342126786337, 0.6532861416931972, 0.36847480898883533]	[0.0687111529896889, -0.06871115315603682, -6.535937748172179e-11]	0.21422282336901172	[-0.4164860024644998, 0.5890001532238502, 0.4164860024644998]	2.650133917782452
7	[0.42766433980085833, -0.8956209149656915, 0.12233719442064098]	0.854942320028698	0.14505767997130148	[0.3656283428628874, -0.765704222906994, 0.10459124482378496]	0.9196583077283287	0.15181544913403935	[0.3933050628880628, -0.7480717169864397, 0.11250841720882655]	[-1.2894751478820381e-10, 0.07559349803700545, 1.5708296337863878e-11]	0.18497324465735235	[0.4164860024644998, -0.710986079076425, 0.12198592585257499]	2.650133917782452
7	[0.882123631622142, 0.19330541446475094, -0.42952405668643806]	0.8503364461390274	0.1496635538609726	[0.7501018739688248, 0.16437463915538805, -0.36523995989396396]	0.894379435671152	0.1954955676629099	[0.7228351271142792, 0.1728883874928668, -0.31803937470222415]	[-0.06611810872811938, -8.295330903123459e-12, 0.06611810872417626]	0.1637308713869528	[0.7329753392540465, 0.12575868644595345, -0.42936701284999984]	2.650133917782452
7	[-0.9134467427625563, 0.1800589597762001, -0.36495728399470145]	0.833697662626824	0.16630233737317565	[-0.7615384143752292, 0.15011473390043564, -0.30426403462501694]	0.8943264205326175	0.19440194804637578	[-0.7507682598588084, 0.16103148498015787, -0.26023964552225143]	[0.066151295943207, -1.3176711057853382e-12, 0.06615129592003581]	0.21683635865892753	[-0.710986079076425, 0.12198592585257484, -0.4164860024644998]	2.650133917782452
7	[-0.7960152374791033, 0.3070976989375191, -0.5215848397033485]	0.8279531784848845	0.17204682151511563	[-0.6590633459932235, 0.25426251594071314, -0.43184782588191645]	0.888892130633728	0.20587570332654076	[-0.63801853765742, 0.2729767279220796, -0.39407951666694235]	[0.06955314280229327, 7.933943071032385e-13, 0.06955314280321877]	0.22922061840566973	[-0.710986079076425, 0.12198592585257484, -0.4164860024644998]	2.650133917782452
7	[-0.8656474513486602, -0.36407437372978313, -0.343663120463682]	0.8323574365611791	0.1676425634388212	[-0.7205280935702889, -0.3030400124353374, -0.28605055398976653]	0.8939556521113814	0.19822303835882663	[-0.7074670360297199, -0.27852619483563235, -0.2602794396044947]	[0.06638339583922735, 0.04694014934901874, 0.04694014935624829]	0.27999064900057574	[-0.607216652808093, -0.42936701284999995, -0.42936701284999984]	2.650133917782452
7	[-0.9120406305482128, -0.4085118380345816, -0.0360550470090689]	0.87146215607297	0.12853784392702963	[-0.794808894323697, -0.3560026071549485, -0.031420609003835344]	0.9320716391572678	0.1237561488016098	[-0.8075642860190084, -0.3506940537885736, -0.003537642055671377]	[0.04252291947409232, 0.030068244703467337, 0.03006824470996376]	0.292787146936022	[-0.773325859822417, -0.2019957111952826, 0.11832634807699774]	2.650133917782452
7	[0.5154939223227782, -0.3537189167428841, -0.7804799446408076]	0.8393252575365125	0.16067474246348815	[0.43266706911207253, -0.29688522089075753, -0.6550765305377282]	0.90700756864856	0.17162819929438117	[0.40934394892193005, -0.3208257345716469, -0.6496882763026415]	[-0.05821294021716333, 8.831886960135658e-11, 0.05821294066497968]	0.19256162231334523	[0.44264640499999985, -0.44264640499999997, -0.6259965492866938]	2.650133917782452
7	[-0.14958043120067518, 0.9280395187368349, 0.34112804965954363]	0.8316997911529274	0.16830020884707275	[-0.12440601339016645, 0.7718502739150886, 0.28371612765824794]	0.9093904526603641	0.16754597662334314	[-0.07387850953717034, 0.78180177143686, 0.31021859149944125]	[0.06214850650154411, -0.06214850659393682, 4.40171948974723e-12]	0.23141407356678967	[-0.12198592585257499, 0.710986079076425, 0.4164860024644998]	2.650133917782452
7	[0.6546620075265115, -0.33805347936521724, 0.6761194428430739]	0.8609097199765154	0.13909028002348467	[0.5636048855789123, -0.291033526257396, 0.5820778002087084]	0.9242048870170863	0.14198357075140075	[0.5714913924482964, -0.27888024344965395, 0.5774254141376325]	[-0.03355043425212219, 0.03355043425280952, -0.04744747914520542]	0.23295963459346042	[0.45633649999999987, -0.4563365, 0.64535726730587]	2.650133917782452
7	[0.056057202245361565, 0.4011216630813606, 0.9143079358089735]	0.8721369534414196	0.12786304655858022	[0.04888955758471915, 0.3498330251991338, 0.7974017376437512]	0.9307340586326687	0.1285762782376783	[0.052174347341761476, 0.3427155504974396, 0.7998286417157411]	[-1.9656204207945017e-11, -0.030622042987761142, -0.05114889421980186]	0.26977165381280355	[0.2019957111952824, 0.369334437431852, 0.6896564967041322]	2.650133917782452
7	[-0.9705434889992891, -0.09632939327280118, 0.2208302152169867]	0.8677287416299857	0.13227125837001522	[-0.842168480406528, -0.0835877832065879, 0.19162072476411487]	0.927655959152497	0.13101336480984943	[-0.85504333125914, -0.05733770611662184, 0.17283163551389538]	[0.04528711992770662, 0.03202282959443677, -0.032022829593071074]	0.24092660986569958	[-0.97, 0.0, 0.0]	2.650133917782452
7	[-0.23769481941201118, -0.11551148820200527, 0.9644471312197728]	0.870918574422897	0.12908142557710275	[-0.20701283327001663, -0.1006011006343579, 0.8399549206281774]	0.9300292417997857	0.12761004803172246	[-0.20031060288385796, -0.08667653205449775, 0.8458921228177403]	[0.020752529793631652, 0.02075252973717803, -0.05107191138656432]	0.26433419270620484	[0.0, 0.0, 0.97]	2.650133917782452
7	[0.9594294997721994, -0.10872397539467572, 0.2601425227471381]	0.8712106732720558	0.1287893267279426	[0.8358652204536112, -0.0947214878044097, 0.22663894238922522]	0.9250722638887616	0.14610319152064807	[0.8148617153985224, -0.10057753405892947, 0.24065063244967227]	[-0.07267990399740883, -1.5907747985126986e-12, -1.756245550296459e-12]	0.2518849120131816	[0.773325859822417, -0.2019957111952826, 0.11832634807699774]	2.650133917782452
7	[-0.5443705237841608, -0.47920061531305314, -0.6884965527281526]	0.8697725421453736	0.13022745785462642	[-0.47347853434075804, -0.4167955373784615, -0.5988353969246916]	0.9293600772753678	0.12976952167305766	[-0.46169588422656094, -0.4266567851130545, -0.603383811982781]	[0.04422034782391897, 0.018693135764688763, 0.03647739746447921]	0.12486095091824095	[-0.44264640499999985, -0.44264640499999997, -0.6259965492866938]	2.650133917782452
7	[0.8849441313699953, 0.3652531521974345, 0.28890140041827816]	0.850064184029169	0.14993581597083203	[0.7522593109444358, 0.3104886227867938, 0.24558473321144772]	0.9189564247623093	0.15499658693123905	[0.7346128271150308, 0.3356517308656147, 0.2654877980369585]	[-0.0786122679631275, -1.0903435773908522e-11, -2.465938287312278e-13]	0.2611656161654336	[0.773325859822417, 0.2019957111952826, 0.11832634807699774]	2.650133917782452
7	[-0.0946035957855353, 0.7127331833516167, -0.6950263081451793]	0.8793534227080058	0.12064657729199504	[-0.0831899957544951, 0.6267443642578173, -0.6111737629395708]	0.9350310606736203	0.11369026547233231	[-0.05355632412005635, 0.6239972437392288, -0.6370044935139872]	[0.03490097639083112, -0.04243042066731949, 0.012866692587069978]	0.12631851810583222	[0.0, 0.6453572673058698, -0.64535726730587]	2.650133917782452
7	[-0.8665279513224694, 0.3243358013141649, 0.3793884520683025]	0.8292587127696341	0.17074128723036555	[-0.7185758534925796, 0.2689582891028921, 0.31461117940182454]	0.8995576271284029	0.1876857158491611	[-0.7166152489215567, 0.2472982885696981, 0.2968213204552112]	[0.06287657881052003, -0.044460455253261366, -0.04446045524726876]	0.2579049715816355	[-0.710986079076425, 0.12198592585257484, 0.4164860024644998]	2.650133917782452
7	[-0.5743041548288251, 0.15661431879424942, -0.8035214327539509]	0.822126293283826	0.17787370671617364	[-0.472150546026923, 0.1287567493854878, -0.6605960970841148]	0.881236456581015	0.2224644853020753	[-0.4317521900691672, 0.13801424734335385, -0.6337468118416953]	[0.0743455683319411, -7.399787145026351e-13, 0.074345568345297]	0.20841693595737582	[-0.4039914223905648, 0.11832634807699759, -0.6896564967041322]	2.650133917782452
7	[-0.5578337547883747, -0.6983624372220631, 0.4484544662459758]	0.8359439671510208	0.16405603284897857	[-0.4663177619885442, -0.5837918662806675, 0.37488280560025483]	0.9105382048784358	0.1712471175907082	[-0.4465676750897498, -0.5745244092430051, 0.4083349246498517]	[0.0613612706158544, 0.061361270699701154, -1.547618075824707e-11]	0.18155241371258277	[-0.4164860024644998, -0.5890001532238502, 0.4164860024644998]	2.650133917782452
7	[0.4700823827733239, -0.48173766045396643, -0.7395616133267688]	0.8717518778008922	0.1282481221991078	[0.40979519990376334, -0.41995571010815336, -0.6447142251670681]	0.9324552445680243	0.12481837337078035	[0.42074738988711013, -0.42836526487504906, -0.6380871229461204]	[-0.017583393308910025, 0.020833543121180718, 0.05152098208161445]	0.12319855072106953	[0.44264640499999985, -0.44264640499999997, -0.6259965492866938]	2.650133917782452
7	[0.6508980740440835, 0.5825619344962585, -0.48677848112019056]	0.859229246055967	0.14077075394403268	[0.5592706614201787, 0.5005542517581265, -0.4182543073291702]	0.9253523680920307	0.14137815525286684	[0.568245635208828, 0.5050106266257199, -0.4022672287045684]	[-0.03406443899440649, -0.03406443902066771, 0.04817439153624208]	0.14880887564973935	[0.6259965492866938, 0.44264640499999997, -0.44264640499999985]	2.650133917782452
7	[-0.4822535042821636, 0.2076785807285885, 0.8510588491485958]	0.8437052460449043	0.15629475395509584	[-0.4068798114863999, 0.1752195080518704, 0.718042815719609]	0.9140479203522726	0.1584017195559655	[-0.43238727731454424, 0.1814126394760544, 0.7030231625847843]	[0.008415535357163486, -0.00841553534062344, -0.07488540857688859]	0.1768869025980364	[-0.4164860024644998, 0.12198592585257484, 0.710986079076425]	2.650133917782452
7	[-0.27321334538383074, 0.9284012335025322, -0.25184443121727373]	0.8181437254884746	0.18185627451152606	[-0.2235277842454967, 0.7595656439258561, -0.2060449411996264]	0.8984426463891322	0.1863911079231503	[-0.1952203212541114, 0.7650400646421441, -0.20743878058035312]	[0.05024619980136542, -0.06907519649680524, 0.018828996680860115]	0.30319801005278746	[-0.4039914223905648, 0.6896564967041322, -0.11832634807699774]	2.650133917782452
7	[-0.7667129585341538, -0.21717061744090388, 0.6041425015144536]	0.8354111769143769	0.1645888230856225	[-0.6405205750445221, -0.18142676110752726, 0.5047073982141854]	0.9070080773522932	0.17324385928133834	[-0.6372022237294689, -0.15581296396397196, 0.5067995885271822]	[0.0582126226716821, 0.041162540218512615, -0.04116254021824712]	0.2176707886753454	[-0.710986079076425, -0.12198592585257484, 0.4164860024644998]	2.650133917782452
7	[-0.16509556563678984, -0.6493980067248306, 0.7423110419957967]	0.8968616917104516	0.10313830828954867	[-0.14806788829090525, -0.5824201949046264, 0.6657503368996983]	0.9448445218200987	0.10276284570532386	[-0.15598964075361527, -0.5855422527914879, 0.6623127465196894]	[1.509613614838535e-11, 0.02803789634336038, -0.03905577499660824]	0.18286079592464435	[0.0, -0.6653167704184225, 0.6653167704184226]	2.650133917782452
7	[-0.3998260039937436, -0.6053196966017631, 0.6882784548686267]	0.87425270441098	0.12574729558901987	[-0.349548965285366, -0.5292023817873257, 0.6017293005567071]	0.9334469595617153	0.12126077124879178	[-0.32756806486857465, -0.5193855273622993, 0.6424714310146545]	[0.04564830291309572, 0.04564830299343639, -1.430052761665791e-11]	0.16502017261641092	[-0.45633649999999987, -0.4563365, 0.64535726730587]	2.650133917782452
7	[-0.8400077372572654, 0.5216390497379884, 0.14926387083409495]	0.8533814440721778	0.14661855592782166	[-0.7168470158524082, 0.4451570855498433, 0.12737901764020287]	0.9179885353280316	0.1518734702060668	[-0.719778578513889, 0.44255658724227165, 0.10072044217576236]	[0.05133889387512222, -0.036302079996610025, -0.03630207998862101]	0.27099801558570846	[-0.6653167704184226, 0.6653167704184225, 0.0]	2.650133917782452
7	[-0.7172335228967242, 0.3236780153508262, 0.6170969259457582]	0.8404570346038363	0.15954296539616383	[-0.602803959772243, 0.27203746494821096, 0.5186434524435152]	0.9091780176193984	0.170265810832507	[-0.5952387049641901, 0.25407891236704533, 0.5208489358373305]	[0.05685424755323129, -0.04020202397660026, -0.04020202397305824]	0.24190162497887457	[-0.607216652808093, 0.42936701284999995, 0.42936701284999984]	2.650133917782452
7	[-0.4441015089686827, -0.5054954125191813, -0.7397622845575473]	0.8681359834933361	0.13186401650666374	[-0.38554050025940223, -0.4388387570987092, -0.6422142584556435]	0.9304142366083608	0.12783563133895365	[-0.4038762206326376, -0.443652396587277, -0.6353624943347833]	[0.009322145811081076, 0.02666773176078584, 0.05292286692348411]	0.12997983534157795	[-0.44264640499999985, -0.44264640499999997, -0.6259965492866938]	2.650133917782452
7	[0.42956351779516044, -0.4598919234815048, 0.7771580295512159]	0.884517463452056	0.11548253654794396	[0.37995643315171745, -0.40678243761994765, 0.6874098490000395]	0.9378451771148277	0.11221420843536131	[0.4028640733757345, -0.41490973274708814, 0.6778817949368771]	[-5.293682394028385e-11, 0.01639768968410224, -0.0509721149337939]	0.13453949063649565	[0.45633649999999987, -0.4563365, 0.64535726730587]	2.650133917782452
7	[0.42091944114580687, -0.7688266056295766, -0.4813859932960296]	0.8263940505338168	0.17360594946618416	[0.3478453219169138, -0.6353537327843898, -0.39781452087015096]	0.8989112316341803	0.18961641883733718	[0.3721845362529228, -0.6266831040796682, -0.36573773215514943]	[-0.006184677006225386, 0.06442376689994023, 0.0669855439700277]	0.19123079556730033	[0.4164860024645, -0.58900015322385, -0.4164860024644998]	2.650133917782452
7	[-0.5627379067032513, -0.09880880506420255, -0.8207087597930384]	0.8210690358810547	0.17893096411894516	[-0.46204667051056186, -0.0811288503106238, -0.673858550142406]	0.8777924551451972	0.2291451440539511	[-0.417465587382072, -0.08673362358639099, -0.6439104558565208]	[0.07650150134624364, 8.78475177830611e-13, 0.07650150136138048]	0.20677542510564015	[-0.4039914223905648, -0.11832634807699759, -0.6896564967041322]	2.650133917782452
7	[0.898295633071446, 0.35603163766722934, -0.2575003467662926]	0.8514556686099668	0.14854433139003329	[0.7648589088662613, 0.30314515609625237, -0.21925012992319196]	0.9197688963145805	0.15398507048937807	[0.7484002128450327, 0.3274668261955019, -0.2368408096381196]	[-0.07782417014929958, -2.347583103601415e-10, 1.0773501026938888e-10]	0.33150351811520185	[0.7329753392540465, 0.12575868644595345, -0.42936701284999984]	2.650133917782452
7	[0.046814467694287085, -0.31486946972487456, -0.9479797585653803]	0.8522332769149217	0.14776672308507785	[0.039896847210129954, -0.26834223998409357, -0.8078998960911908]	0.9213417281490763	0.1461225409445997	[0.03473913179418015, -0.24991493212062998, -0.8176459898036945]	[-0.008392990773653465, 0.04018744925706948, 0.05576731920327714]	0.3184093282736346	[0.0, 0.0, -0.9409]	2.650133917782452
7	[-0.3470600964699847, -0.9352897083220022, 0.06915526693744163]	0.849424031509532	0.15057596849046784	[-0.29480118631962143, -0.7944575546722497, 0.05874214564211836]	0.9197225676690853	0.15441695226492724	[-0.2641372289414456, -0.8051452776083542, 0.06360365979593328]	[0.055061774119409074, 0.05506177444402761, 1.2038867976120216e-10]	0.2229209710107074	[-0.20199571119528245, -0.773325859822417, 0.11832634807699774]	2.650133917782452
7	[-0.5823232659116057, -0.7904095113060299, 0.1901378931591604]	0.8473726046872064	0.15262739531279354	[-0.4934447826054781, -0.6697713663649324, 0.16111764177601565]	0.9185370278088955	0.15930119467014975	[-0.4790105527339222, -0.6701454740034151, 0.17464869528199697]	[0.05587492916049332, 0.05587492926350684, 2.573619767048469e-11]	0.19609887858555777	[-0.4164860024644998, -0.710986079076425, 0.12198592585257499]	2.650133917782452
7	[0.5903105937608876, -0.7751860602889039, 0.22498883267272618]	0.8634315828372523	0.1365684171627479	[0.5096928103365614, -0.6693201270286216, 0.19426246391531776]	0.925176559709517	0.1338643304686362	[0.5210318050774037, -0.6681428305418775, 0.18422297225385678]	[-0.025109719218376295, 0.04904114185098492, -0.023931421931355758]	0.21200524743609447	[0.4164860024644998, -0.710986079076425, 0.12198592585257499]	2.650133917782452
7	[-0.5005802197939991, -0.3153195029069573, -0.8062214674873777]	0.830927293289411	0.169072706710589	[-0.4159457671076464, -0.26200758107184036, -0.6699114217711035]	0.9008631647058654	0.18333212913492475	[-0.3888949645620304, -0.2840597253156475, -0.6642359061022264]	[0.0620593164307492, -3.340583990445465e-11, 0.062059316552259575]	0.22814356890703685	[-0.44264640499999985, -0.44264640499999997, -0.6259965492866938]	2.650133917782452
7	[-0.2943098771635715, -0.7679763716068763, 0.5688532225956892]	0.8339898423853477	0.16601015761465238	[-0.24545144806809802, -0.6404844931120899, 0.4744178094529759]	0.9100938507736133	0.16573316792985396	[-0.2061835590738066, -0.6372645229841521, 0.5177098198770901]	[0.0616660503546973, 0.061666050354697285, 0.0]	0.2369793396240428	[-0.12198592585257499, -0.710986079076425, 0.4164860024644998]	2.650133917782452
7	[0.9860011347815463, -0.14997046261515515, -0.07287401836388196]	0.902686906226513	0.09731309377348693	[0.8900503138917851, -0.13537637292343335, -0.0657824221811867]	0.948854909625419	0.10040267408668134	[0.885961279970361, -0.14230020975118535, -0.06914687010870234]	[-0.049610737663343625, 0.0, 0.0]	0.16750462239532454	[0.97, 0.0, 0.0]	2.650133917782452
7	[-0.04834958995474442, -0.2654909294318255, -0.9629002458929136]	0.8579084999680101	0.1420915000319899	[-0.04147952419214316, -0.22776692502397028, -0.8260803055728175]	0.9216095069786303	0.14373993221839027	[-0.008786998542164711, -0.20890652136231677, -0.836828146527939]	[0.035772443218646234, 0.03577244321864624, 0.05058987435903098]	0.2707528896959645	[0.0, 0.0, -0.9409]	2.650133917782452
7	[0.023793693056283344, 0.04289796032026491, 0.9987960878833599]	0.9468291784918768	0.05317082150812323	[0.02252856284976863, 0.04061704052901355, 0.945689279371502]	0.9722841180539804	0.05377757710973104	[0.023134229868475572, 0.04170900551630341, 0.9450357001004288]	[0.0, 0.0, -0.02607787332300982]	0.05688224245124167	[0.0, 0.0, 0.97]	2.650133917782452
7	[-0.6503901416184334, 0.6509630825253956, 0.3914584637922513]	0.8556688174917777	0.1443311825082224	[-0.5565185633869547, 0.5570088110553076, 0.3349588008102636]	0.9233150910550586	0.1480253077469119	[-0.5479173462739846, 0.5484463512596656, 0.36143950714061585]	[0.052597686555751776, -0.05259768655575177, 0.0]	0.22892318869722028	[-0.607216652808093, 0.42936701284999995, 0.42936701284999984]	2.650133917782452
7	[-0.06889079567394185, 0.3975793607448141, 0.9149779834406706]	0.8703366458261164	0.12966335417388367	[-0.05995818403515087, 0.34602788728033296, 0.7963388691124971]	0.9296922851352604	0.13353096157581715	[-0.06404724125489332, 0.36962646441346225, 0.784495443357176]	[0.0, 0.0, -0.0661525289162335]	0.26321942674138316	[-0.2019957111952824, 0.369334437431852, 0.6896564967041322]	2.650133917782452
7	[0.221476007748747, -0.4106734513418808, 0.8844748127304841]	0.8594120464665795	0.14058795353342052	[0.1903391490625987, -0.35293771124721907, 0.76012830885685]	0.9233280554531077	0.14445485778468042	[0.204495011564168, -0.37918631925371526, 0.7445197763115186]	[0.0, 0.0, -0.07214063262417093]	0.20010640240683955	[0.2019957111952824, -0.369334437431852, 0.6896564967041322]	2.650133917782452
7	[0.0436332048721218, -0.06677529962391429, -0.9968135245835722]	0.9060596236286741	0.09394037637132595	[0.039534285184147505, -0.060502402844935715, -0.9031724869121635]	0.9514289610348643	0.09560870963447464	[0.041513894778104216, -0.06353195394397254, -0.9012833482438675]	[0.0, 0.0, 0.04711390779618163]	0.09741211135497382	[0.0, 0.0, -0.9409]	2.650133917782452
7	[0.5083228987278984, -0.8547325921274783, -0.10507153079644761]	0.8686615378849865	0.13133846211501357	[0.4415605509511305, -0.7424733279578761, -0.0912715975295719]	0.9267943313104167	0.1301834823599005	[0.4711107810162952, -0.7434563621011306, -0.04867474005538084]	[0.0, 0.04870495906887466, 0.048704959068874676]	0.1957316132260858	[0.4039914223905648, -0.6896564967041322, -0.11832634807699774]	2.650133917782452
7	[0.4627939954675316, 0.4749993593769372, -0.7484633099562714]	0.8685582623972579	0.1314417376027421	[0.4019635485511637, 0.4125646182202432, -0.6500839919637194]	0.9306530078038335	0.126416609797876	[0.43070062387541197, 0.4307006238754121, -0.6344949074685446]	[0.0, -0.01135895863362856, 0.06206472317307241]	0.12826046361783963	[0.44264640499999985, 0.44264640499999997, -0.6259965492866938]	2.650133917782452
7	[0.6325661785202784, 0.28148587773129363, 0.7215439906409687]	0.8636523858994081	0.13634761410059199	[0.5463172893183093, 0.24310594989962087, 0.6231631890484528]	0.9258070209618188	0.13872926862530566	[0.5527929538495697, 0.22776034645774051, 0.6215659436090162]	[-0.03284125544749129, -0.032841255447491294, -0.04644454885920148]	0.2596806818222207	[0.45633649999999987, 0.4563365, 0.64535726730587]	2.650133917782452
7	[-0.9242757874514296, -0.2829221709872863, 0.2562602464193005]	0.8412787819912	0.15872121800880004	[-0.7775736086910959, -0.23801641940649018, 0.21558630798039388]	0.9074242366349551	0.1711591572903314	[-0.7807581424541858, -0.21575210619157467, 0.19155842964325143]	[0.057952108414099625, 0.04097832884366782, -0.04097832884366781]	0.21991073838622716	[-0.773325859822417, -0.2019957111952826, 0.11832634807699774]	2.650133917782452
7	[-0.14906694810830792, -0.8342125868124517, -0.5309128035613311]	0.8348064170509104	0.16519358294908953	[-0.12444204485101053, -0.6964060206556745, -0.44320941530748853]	0.9060302254566353	0.17043926326689227	[-0.07060589574070411, -0.6913685532464499, -0.4810230471084871]	[0.06445326486199866, 0.06445326486199865, 0.0]	0.1703280563632614	[-0.12198592585257499, -0.710986079076425, -0.4164860024644998]	2.650133917782452
7	[-0.6557911630374385, -0.3963743825863497, 0.6425148241957486]	0.8541529883503449	0.14584701164965516	[-0.5601459816421763, -0.3385643633916534, 0.5488059571461951]	0.9184527960981805	0.15309410908346155	[-0.5512649591016959, -0.3279545833431805, 0.554022960172174]	[0.05104826824651739, 0.03609657664494235, -0.03609657664494234]	0.20829233690882829	[-0.45633649999999987, -0.4563365, 0.64535726730587]	2.650133917782452
7	[-0.9284253285745718, -0.13808181841230865, -0.3449055242891136]	0.8401088037816933	0.15989119621830683	[-0.779978292189409, -0.11600375129036561, -0.28975816742822497]	0.8950477639588356	0.1928936672797759	[-0.7652852767417263, -0.12358982281330684, -0.24300718069032945]	[0.06569973760169151, 1.1785244490760502e-17, 0.06569973760169152]	0.22948348488601264	[-0.710986079076425, -0.12198592585257484, -0.4164860024644998]	2.650133917782452
7	[-0.28552847098575684, 0.9469432564362485, -0.1475532491897388]	0.8335651208792123	0.1664348791207877	[-0.23800657443169898, 0.7893388700170365, -0.12299524199696515]	0.9087470596378507	0.17389824791334152	[-0.19688335270590906, 0.7979420941850435, -0.13408858134118623]	[0.06258980574528877, -0.06258980574528876, 0.0]	0.28475280391533214	[-0.4039914223905648, 0.6896564967041322, -0.11832634807699774]	2.650133917782452
7	[-0.049678028172980324, -0.3072325353012995, 0.9503369206598155]	0.8789209049155822	0.12107909508441783	[-0.043663057476217654, -0.2700330979465267, 0.8352709862810128]	0.9198817440493345	0.12370700788687347	[0.0, -0.236919689204965, 0.861502124599934]	[0.045697911196693114, 0.04569791119669311, -0.012695459411091046]	0.3082395273861384	[-0.2019957111952824, -0.369334437431852, 0.6896564967041322]	2.650133917782452
7	[0.26614320307009814, 0.525598084651251, -0.8080312177574113]	0.8429596445733691	0.15704035542663103	[0.2243479798655879, 0.4430579746260621, -0.6811377081249739]	0.915977641741894	0.1573817623260425	[0.24378122351378254, 0.4814360940829093, -0.6586368417849017]	[0.0, 0.0, 0.08150168751036276]	0.2667789009155624	[0.44264640499999985, 0.44264640499999997, -0.6259965492866938]	2.650133917782452
7	[-0.9193028320914569, 0.3682507660334217, -0.13882966622600743]	0.8496344123670645	0.15036558763293548	[-0.7810713215314031, 0.3128785232025277, -0.11795446188304952]	0.9143716413737972	0.1575100739239276	[-0.7869813824779595, 0.2988149722631986, -0.08903882466651146]	[0.053603057021086406, -0.03790308511193938, 0.037903085111939364]	0.33923330524032586	[-0.773325859822417, 0.2019957111952826, 0.11832634807699774]	2.650133917782452
7	[0.05651616896963574, -0.07584795636522534, -0.995516453987685]	0.9007485028392714	0.0992514971607286	[0.05090685458561068, -0.0683199331393951, -0.8967099554812676]	0.9485372020344851	0.09542698175997524	[0.05360768878416647, -0.05360768878416648, -0.9027629091025848]	[0.0, 0.01833691952653807, 0.041521482742186255]	0.10922429622558553	[0.0, 0.0, -0.9409]	2.650133917782452
7	[0.5973588228671314, -0.7944560794217789, -0.10955352396235898]	0.889597838609772	0.11040216139022804	[0.5314091176970777, -0.7067464111240078, -0.09745857812899843]	0.9382257301333828	0.10855759453140504	[0.5604574177361324, -0.7042796774517894, -0.06168647728565549]	[0.0, 0.0410994577226138, 0.04109945772261381]	0.17783755003917961	[0.6858935777509512, -0.6858935777509511, 0.0]	2.650133917782452
7	[-0.006529993679506635, -0.13584444630828008, 0.9907086582793866]	0.9198026923812392	0.08019730761876076	[-0.006006305767642679, -0.1249500874593947, 0.9112564912507849]	0.9555521254653484	0.07853725560748141	[0.0, -0.12356670006281259, 0.913412366983928]	[0.006239749339727857, 0.006239749339727856, -0.033261397151863416]	0.13756890251066914	[0.0, 0.0, 0.97]	2.650133917782452
7	[0.6197702497589663, 0.19415633083075332, -0.7603868467510783]	0.8308908143066974	0.16910918569330252	[0.5149614075052928, 0.1613227118267651, -0.6317984462851054]	0.881650316609886	0.2217814497141648	[0.4723341435139967, 0.17117799054874747, -0.5963088107726969]	[-0.07408649341138404, -1.3289664010679373e-17, 0.07408649341138406]	0.23940232046218943	[0.4039914223905648, 0.11832634807699759, -0.6896564967041322]	2.650133917782452
7	[-0.2408160895132035, -0.029964541649743767, -0.9701081059733959]	0.8497289209271406	0.15027107907285944	[-0.2046283958839481, -0.025461737642113166, -0.8243289140714458]	0.909377036381626	0.16462010172589087	[-0.1622629592832936, -0.027249066081977788, -0.8254643718686434]	[0.05672966251123575, 1.0176188931324294e-17, 0.056729662511235755]	0.24442458178191406	[0.0, 0.0, -0.9409]	2.650133917782452
7	[-0.5624812591332691, 0.74274176037644, -0.3632485519816412]	0.8310480827690855	0.16895191723091454	[-0.46744897199624447, 0.6172541159533759, -0.3018770126929894]	0.9012273233685323	0.19079721807825015	[-0.43917593505484276, 0.6016316240992956, -0.3273695202199097]	[0.0677475445587952, -0.06774754455879518, 0.0]	0.21859854270684398	[-0.4164860024644998, 0.5890001532238502, -0.4164860024644998]	2.650133917782452
7	[-0.14151953167809056, -0.9882797815310014, 0.0572301980657959]	0.8788491911220536	0.12115080887794641	[-0.12437432594326159, -0.8685488866008004, 0.05029671327787964]	0.9364381447789756	0.1187560042107471	[-0.08892761940858403, -0.8818662168534258, 0.05359254050206723]	[0.04359666828603641, 0.0435966682860364, 0.0]	0.15983715811713428	[1.8787276016459633e-16, -0.9409, 0.0]	2.650133917782452
7	[-0.3193872625986172, -0.1853516585086434, -0.9293204717307465]	0.82910501848474	0.17089498151525997	[-0.264805582260617, -0.15367599025398607, -0.7705042668925679]	0.9032099216682374	0.17707868033247273	[-0.22788348939265765, -0.16741145696266968, -0.7787812154357447]	[0.06059025504087217, 1.0868703521212054e-17, 0.06059025504087218]	0.26284801125007107	[-0.4039914223905648, -0.11832634807699759, -0.6896564967041322]	2.650133917782452
7	[0.2810337746450933, -0.8702618085745263, 0.4045545723945357]	0.8351662492890927	0.1648337507109073	[0.2347099234938987, -0.7268132905667295, 0.3378703248594971]	0.9033137703388499	0.18147548093154306	[0.253861678567218, -0.6951474019971858, 0.36543971609752923]	[1.8164708836348325e-17, 0.0909720734881761, 0.0]	0.2087428678424478	[0.12575868644595362, -0.7329753392540465, 0.42936701284999984]	2.650133917782452
7	[-0.02326142392409699, 0.5206543965570728, -0.8534505876164207]	0.8570924806464354	0.14290751935356472	[-0.01993719153447263, 0.44624896830457444, -0.7314860812493158]	0.9241306637505765	0.13929627894618643	[0.0, 0.45965609794418427, -0.7303995126450491]	[0.02149659513075929, -0.021496595130759296, 0.05830034536723332]	0.24371033989930996	[0.0, 0.6453572673058698, -0.64535726730587]	2.650133917782452
7	[-0.4190967468538468, -0.005998420409635007, -0.9079217674057122]	0.8259313864817857	0.1740686135182144	[-0.34614515719900363, -0.004954283685630544, -0.7498810841703931]	0.8835642898757665	0.21611802066469282	[-0.2974105667716471, -0.005299990069615457, -0.7293188989290631]	[0.07288835275151592, 1.3074741072988624e-17, 0.07288835275151594]	0.24593792419149033	[-0.4039914223905648, -0.11832634807699759, -0.6896564967041322]	2.650133917782452
7	[0.34368895639038327, 0.8521586299346748, -0.3945929176799136]	0.8305230198685106	0.1694769801314895	[0.2854415899567979, 0.7077373587403586, -0.32771850161024846]	0.8968656441764497	0.1941629152350165	[0.3082428172693928, 0.695654782041174, -0.28527981476675157]	[0.0, -0.0686170165357089, 0.06861701653570891]	0.25081366994327353	[0.12575868644595362, 0.7329753392540465, -0.42936701284999984]	2.650133917782452
7	[-0.3435991741891739, 0.9190390325182507, -0.19314984909244817]	0.8220665695690678	0.17793343043093235	[-0.28246139443245866, 0.7555112647623532, -0.15878203385621195]	0.9014462251056039	0.1888782742056952	[-0.24213877725905447, 0.7608668653251043, -0.17411420234410444]	[0.06759740126317916, -0.06759740126317915, 0.0]	0.24872098360118888	[-0.4039914223905648, 0.6896564967041322, -0.11832634807699774]	2.650133917782452
7	[-0.7929808338988992, -0.00991516019342563, 0.6091658942089136]	0.8582662806276435	0.14173371937235651	[-0.6805887109194153, -0.00850984766103877, 0.5228265463078969]	0.9238129287880718	0.13916054780755485	[-0.665783006237269, 9.930418973389384e-17, 0.5535955756692498]	[0.06678294039968041, 0.009159753177691438, -0.009159753177691434]	0.16812296886344394	[-0.6259965492866937, -1.1229150454820309e-16, 0.6259965492866938]	2.650133917782452
7	[0.07227587025157346, 0.95646664736232, 0.2827503334442972]	0.8625222990137328	0.13747770098626722	[0.06233954977260548, 0.8249738116129055, 0.24387846764927473]	0.921837817955443	0.15004638667864914	[0.06662663052354129, 0.8081643300659156, 0.26064995040846484]	[1.468454488119857e-17, -0.07354279708572366, 0.0]	0.27258985143982106	[0.12575868644595362, 0.7329753392540465, 0.42936701284999984]	2.650133917782452
7	[0.2017951317312817, -0.9505822173789635, 0.235949513270207]	0.8444819788171922	0.1555180211828079	[0.1704123521601088, -0.8027495519606214, 0.19925511186737777]	0.9116185638459066	0.16940898781654842	[0.18396018817996665, -0.7834103025470817, 0.2150959564275268]	[1.6604464357580575e-17, 0.08315809327738649, 0.0]	0.2127323800374655	[0.20199571119528245, -0.773325859822417, 0.11832634807699774]	2.650133917782452
7	[0.8693840676576888, 0.2901848781877038, 0.39995509669731516]	0.8469672184478083	0.15303278155219163	[0.736339805546874, 0.24577707911425556, 0.33874885575374925]	0.9128450719178852	0.16599536597275286	[0.7090726815255951, 0.2648938359987372, 0.36509703900858537]	[-0.08454028023965136, 0.0, 0.0]	0.21565800362417822	[0.7329753392540465, 0.12575868644595345, 0.42936701284999984]	2.650133917782452
7	[0.19112905340289493, 0.955407186083941, -0.22509285578284977]	0.8469263915574374	0.15307360844256265	[0.16187223952030264, 0.8091595605781172, -0.19063708011352762]	0.9101481646268881	0.16703999359662577	[0.17395575716151945, 0.8097821639590321, -0.14508791663477888]	[0.0, -0.059779932926606626, 0.05977993292660664]	0.2956477079688586	[1.8787276016459633e-16, 0.9409, 0.0]	2.650133917782452
7	[0.3173518584167609, 0.4803910367019424, -0.8176259840635334]	0.8415487156418815	0.1584512843581185	[0.26706704885718935, 0.4042724599423916, -0.688072096764096]	0.915156713976132	0.1593404439568144	[0.29042668392290155, 0.439633082571737, -0.6659579213939324]	[0.0, 0.0, 0.08229798744315205]	0.23204573018848187	[0.44264640499999985, 0.44264640499999997, -0.6259965492866938]	2.650133917782452
7	[0.7128643642357262, 0.3641446114649132, -0.5993522337856607]	0.8479782144647182	0.15202178553528192	[0.6044934507401375, 0.3087866974369657, -0.5082376370410049]	0.9050102477741369	0.17583702551268465	[0.5856862977953389, 0.3295546050474779, -0.4829566564913549]	[-0.05946325711098834, -1.0666542194103192e-17, 0.05946325711098835]	0.19561509562824025	[0.6259965492866938, 0.44264640499999997, -0.44264640499999985]	2.650133917782452
7	[0.7312398246119238, -0.5217161373985356, -0.4394321231765779]	0.8763779105205889	0.12362208947941096	[0.6408424295828399, -0.4572204983782011, -0.3851086059251154]	0.9335565597917431	0.12156203571425853	[0.6303823577531998, -0.46045756420201955, -0.4102347411747076]	[-0.05227137729422543, 0.02659395821559382, 0.0]	0.13167574260431797	[0.6259965492866938, -0.44264640499999997, -0.44264640499999985]	2.650133917782452
7	[-0.5233582104380237, 0.36780142117461495, -0.7686470569442408]	0.8432605555158941	0.15673944448410596	[-0.441327335267772, 0.3101524307392411, -0.6481697442344576]	0.9095651022975094	0.16678620217791806	[-0.41941643031844833, 0.33453933727585805, -0.6425226050833139]	[0.05661193389685421, 1.0155070726675496e-17, 0.05661193389685422]	0.1801813932564721	[-0.44264640499999985, 0.44264640499999997, -0.6259965492866938]	2.650133917782452
7	[-0.3229166087420399, -0.915894291117339, -0.2384586154811929]	0.8164998622178037	0.18350013778219626	[-0.263661366545716, -0.7478275625033803, -0.19470142668504226]	0.8976193644728861	0.19533744687517648	[-0.2196339807226612, -0.7519022311229823, -0.2140450708813127]	[0.07022222039410829, 0.07022222039410828, 0.0]	0.26867904030788947	[-0.4039914223905648, -0.6896564967041322, -0.11832634807699774]	2.650133917782452
7	[-0.8610281677669389, 0.09672338193413532, -0.49927455542930654]	0.8309095044589089	0.16909049554109118	[-0.7154364882043894, 0.08036837735248219, -0.4148519734407071]	0.8720200989312626	0.23897768111899406	[-0.6707188915916479, 0.08434473308317096, -0.35526247077224404]	[0.08011497644708201, 1.4371055642938698e-17, 0.08011497644708203]	0.17321884714386523	[-0.710986079076425, 0.12198592585257484, -0.4164860024644998]	2.650133917782452
7	[0.773680262255319, -0.4033464444766593, -0.488600550065775]	0.8612614235984768	0.1387385764015232	[0.6663409640800589, -0.34738673297335154, -0.42081280532064824]	0.9190617262411798	0.14845302312521066	[0.6603928373088591, -0.3707002795339606, -0.398386984907598]	[-0.050667080078243165, -9.088680535912259e-18, 0.05066708007824317]	0.15958304866765058	[0.6259965492866938, -0.44264640499999997, -0.44264640499999985]	2.650133917782452
7	[-0.5425391588143534, 0.6413296677530546, -0.542538034070212]	0.8387967196711199	0.16120328032888	[-0.4550800667066085, 0.5379452215390315, -0.45507912327491207]	0.9079970112348207	0.17114996491389303	[-0.4926239346812866, 0.5211142901819026, -0.4314117820628762]	[0.0, -0.06121113135409154, 0.06121113135409155]	0.18578721965880837	[-0.4164860024644998, 0.5890001532238502, -0.4164860024644998]	2.650133917782452
7	[-0.10531262668904444, 0.1430812267902794, 0.984091973953676]	0.9012284059259359	0.09877159407406413	[-0.0949107306748407, 0.12894886593813082, 0.886891640970779]	0.9472990933736027	0.10187995938805304	[-0.09976255578332446, 0.1355407164172145, 0.8826431516777791]	[0.0, 0.0, -0.049586283044777246]	0.17821776154432106	[0.0, 0.0, 0.97]	2.650133917782452
7	[0.9321178315257292, -0.3469511665556093, 0.10383273172499087]	0.8711156713688936	0.12888432863110644	[0.8119824506044528, -0.30223459838631045, 0.09045031980668164]	0.931118994617358	0.133373417445857	[0.8010980429339862, -0.32305282138457847, 0.09668062877214735]	[-0.06681457522116269, 0.0, 0.0]	0.2154925502914297	[0.773325859822417, -0.2019957111952826, 0.11832634807699774]	2.650133917782452
7	[0.6544874205137956, 0.7551186024487893, -0.03797515799816128]	0.9290975341561452	0.07090246584385478	[0.6080826485355836, 0.7015788315306046, -0.03528262565528166]	0.96226310027634	0.06471201609058978	[0.6297890943554696, 0.7015157752189596, -0.011435101019045152]	[0.0, -0.025106992249749355, 0.025106992249749358]	0.08497389823826232	[0.6858935777509512, 0.6858935777509511, 0.0]	2.650133917782452
7	[0.5619623156357962, 0.7192070340136566, 0.40858242501425923]	0.843865886799648	0.15613411320035206	[0.4742208278319848, 0.6069142815504789, 0.34478877041540856]	0.9137274757837305	0.16346445900986137	[0.4560818509640624, 0.5997606705677884, 0.37333298785787444]	[-0.05739855718741362, -0.057398557187413615, 0.0]	0.19539615153691206	[0.4164860024645, 0.58900015322385, 0.4164860024644998]	2.650133917782452
7	[0.07615057952748802, 0.3647990422109022, -0.9279669972793408]	0.8443649976166934	0.15563500238330658	[0.06429888390123724, 0.3080235424069805, -0.7835428514461408]	0.9167940560415834	0.16093750324050346	[0.0698143986749229, 0.3344455935486177, -0.7700448616687916]	[0.0, 0.0, 0.08070976563966419]	0.3728867314879097	[0.0, 0.0, -0.9409]	2.650133917782452
7	[-0.9131033657298079, 0.32277505933446543, -0.24911544425131257]	0.8381432562264021	0.1618567437735979	[-0.7653114282240685, 0.270531739259259, -0.20879442962108186]	0.9021023960714557	0.18139432799664698	[-0.7624291718430661, 0.2478421319806436, -0.18139361672043028]	[0.0612835622427042, -0.043334022437084, 0.04333402243708399]	0.33042484386790305	[-0.710986079076425, 0.12198592585257484, -0.4164860024644998]	2.650133917782452
7	[-0.962433976043306, 0.09758660131552688, 0.2533726445399293]	0.8604020920454793	0.13959790795452068	[-0.8280802064433093, 0.08396371592748744, 0.21800235342925078]	0.9232686899016471	0.13937679607482406	[-0.8405516208345202, 0.05613381498256478, 0.1999661910153202]	[0.04803353534381611, -0.03396483856597607, -0.03396483856597606]	0.2547560480829654	[-0.773325859822417, 0.2019957111952826, 0.11832634807699774]	2.650133917782452
7	[-0.12823029057876226, 0.7068368935540821, 0.6956569546039927]	0.8939550507439106	0.10604494925608947	[-0.11463211592124381, 0.6318804110448075, 0.6218860481533666]	0.9444837042427907	0.09753242192720586	[-0.08303314912156658, 0.6295176567990344, 0.657036657366638]	[0.03807827072039222, -0.038078270720392215, 0.0]	0.1381573553001376	[0.0, 0.6653167704184225, 0.6653167704184226]	2.650133917782452
7	[0.20277089217358854, -0.8400177881465345, 0.5032435602017488]	0.8474804752091302	0.15251952479087005	[0.17184437205785208, -0.7118986742825473, 0.4264890915457125]	0.9113911111297592	0.16496581931903143	[0.18480358872285943, -0.6822126417696232, 0.4586517075011676]	[1.6647196527170103e-17, 0.08337210353800949, 0.0]	0.1511512816503773	[0.12575868644595362, -0.7329753392540465, 0.42936701284999984]	2.650133917782452
7	[-0.2397304049013131, -0.9271160155267727, -0.28807156527434874]	0.8178243088356321	0.1821756911643679	[-0.19605735269530256, -0.758218014608628, -0.23559192876569293]	0.8978364684325565	0.19226202023934352	[-0.14516538993003558, -0.7623252590253549, -0.2586411568217599]	[0.07007331018246611, 0.0700733101824661, 0.0]	0.2776079599999851	[-0.12198592585257499, -0.710986079076425, -0.4164860024644998]	2.650133917782452
7	[-0.5010744317203609, -0.853498243722666, -0.14305649876339802]	0.8380941124606638	0.1619058875393363	[-0.41994753112940725, -0.7153118530594831, -0.11989480936284011]	0.9114440690355132	0.1726065137833688	[-0.395961374616565, -0.7171759678529528, -0.13038799733488535]	[0.06073994432029812, 0.06073994432029811, 0.0]	0.19204376876010995	[-0.4039914223905648, -0.6896564967041322, -0.11832634807699774]	2.650133917782452
7	[-0.803524882586472, -0.5945025423763795, -0.030240538560309515]	0.8919697021017791	0.10803029789822091	[-0.7167198501520224, -0.5302782556222095, -0.026973644171036638]	0.943499133629417	0.10330286152747042	[-0.7227556831903217, -0.5359027282942759, -0.003522016553815032]	[0.035369347379693584, 0.02500990537832398, 0.025009905378323972]	0.1582107054995463	[-0.6653167704184226, -0.6653167704184225, 0.0]	2.650133917782452
7	[-0.9103263181417157, -0.3426501571735635, -0.23215698199166843]	0.8383154261886805	0.16168457381131948	[-0.7631405953637448, -0.2872489125445742, -0.19462077930102334]	0.9030944645529547	0.17953272629966566	[-0.7614481280540255, -0.26655057333141047, -0.1667647984537611]	[0.06066253079662975, 0.04289488689023467, 0.04289488689023466]	0.34986629115072454	[-0.710986079076425, -0.12198592585257484, -0.4164860024644998]	2.650133917782452
7	[-0.7609264231653305, 0.10779343393573584, 0.6398215017715165]	0.8489985077195775	0.15100149228042245	[-0.6460253977517614, 0.09151646455340853, 0.5432075002109167]	0.9171459913453558	0.15273650795164945	[-0.6460142952024657, 0.06218728675669336, 0.550134696455495]	[0.05186632351237712, -0.03667502907081713, -0.03667502907081712]	0.1732530651266242	[-0.6259965492866937, 1.1229150454820309e-16, 0.6259965492866938]	2.650133917782452
7	[0.44412791507195065, 0.14775282305008647, 0.8836964967309602]	0.8422505847221357	0.15774941527786424	[0.37406699616077344, 0.12444490160828163, 0.7442938910885541]	0.9131805804207883	0.16353960179214688	[0.4055689872664785, 0.13492500871168805, 0.7252860879185152]	[0.0, 0.0, -0.08168839188208024]	0.1767962010060993	[0.4164860024644998, 0.12198592585257484, 0.710986079076425]	2.650133917782452
7	[0.6948111802242122, 0.33907938251097447, -0.6342417490132716]	0.8429277582449732	0.1570722417550268	[0.5856756305499392, 0.28581942376706554, -0.534619975681128]	0.899106807029064	0.1873385408727222	[0.5615506710931645, 0.30486858093882896, -0.5070922831935292]	[-0.06315879064632249, -1.1329448437378601e-17, 0.0631587906463225]	0.22840831295264433	[0.6259965492866938, 0.44264640499999997, -0.44264640499999985]	2.650133917782452
7	[0.591116268130519, 0.6924416741982583, -0.41364971338677553]	0.8415541617080488	0.15844583829195127	[0.49745635549856904, 0.5827271726616331, -0.3481086377899825]	0.9120824343894771	0.16537722643335498	[0.4990267706644802, 0.5914438936962462, -0.3205443976797281]	[-0.040119994179226376, -0.04011999417922639, 0.056738239890591596]	0.20298749341724412	[0.4164860024645, 0.58900015322385, -0.4164860024644998]	2.650133917782452
7	[0.7289919636923541, -0.6821459459181708, 0.05698794029765985]	0.9397138052718924	0.06028619472810738	[0.6850438122139715, -0.6410219625895589, 0.053552354231721354]	0.9688040220248167	0.05716236295126229	[0.6784227756949879, -0.6555539845375836, 0.055210145767282996]	[-0.027827570753934033, 0.005311751475863456, 0.0]	0.0715481722651098	[0.6858935777509512, -0.6858935777509511, 0.0]	2.650133917782452
7	[-0.44022353477072934, -0.7492615479290251, 0.49478315677573903]	0.824060159086354	0.17593984091364603	[-0.3627706760967243, -0.6174365903836803, 0.4077310868858639]	0.9036362961723057	0.18214066526308725	[-0.33170671886439185, -0.6109646844512026, 0.44710401919727005]	[0.06609524558371024, 0.06609524558371023, 0.0]	0.1799378488425244	[-0.4164860024644998, -0.5890001532238502, 0.4164860024644998]	2.650133917782452
7	[-0.613298059809126, 0.5768430418467008, -0.5395531437285924]	0.8466491162774652	0.15335088372253483	[-0.5192482603520805, 0.48838365161031405, -0.45681219232254094]	0.9154709755471849	0.15903874395871398	[-0.5085416954926235, 0.49066659346480906, -0.4565287740565694]	[0.05291487762203276, -0.03741646879219566, 0.037416468792195644]	0.18419323027120807	[-0.607216652808093, 0.42936701284999995, -0.42936701284999984]	2.650133917782452
7	[-0.22113979653785154, 0.9626339272238313, 0.15631094825642014]	0.840855707038185	0.15914429296181504	[-0.18594665997211543, 0.8094362314947394, 0.13143495291396132]	0.9147530288730479	0.16095173551447878	[-0.14381794866867195, 0.8221019506052598, 0.14298591336357858]	[0.058470350018697194, -0.05847035001869719, 0.0]	0.19402801405377676	[-0.20199571119528245, 0.773325859822417, 0.11832634807699774]	2.650133917782452
7	[-0.6066581071144435, 0.7945865036677933, -0.02445872566820194]	0.8906603468888973	0.10933965311110277	[-0.5403263201255118, 0.7077066909899928, -0.021784417088101114]	0.9426890796284897	0.10103304039804098	[-0.5563508562920542, 0.7104519298859464, 0.0]	[0.015539116352822313, -0.03859608994186531, 0.023056973589043]	0.14404767258198037	[-0.6653167704184226, 0.6653167704184225, 0.0]	2.650133917782452
7	[-0.15944504690285147, 0.9398884288335697, 0.30197188339796]	0.8319086678031087	0.16809133219689126	[-0.13264371655675525, 0.781901330714492, 0.25121302723159256]	0.9095133981292328	0.16804586297710541	[-0.0829532273278208, 0.792776939675099, 0.274647473808763]	[0.062064179095666444, -0.06206417909566643, 0.0]	0.2515538333451609	[-0.20199571119528245, 0.773325859822417, 0.11832634807699774]	2.650133917782452
7	[-0.2641374861835351, 0.909451129797771, -0.32113864747519977]	0.8130981552634429	0.18690184473655705	[-0.21476970275175547, 0.7394730359408216, -0.26111724184588203]	0.8946468540367425	0.1985232871038916	[-0.1640487248352163, 0.7413765459616801, -0.2873056806733019]	[0.07226104621205688, -0.07226104621205687, 0.0]	0.26208120986787403	[-0.12198592585257499, 0.710986079076425, -0.4164860024644998]	2.650133917782452
7	[0.6376693614897745, -0.7553821390143266, -0.15091590199632382]	0.8889276685594892	0.11107233144051096	[0.5668419388209232, -0.6714800837054853, -0.1341533209101445]	0.9394488648575124	0.10859730429145747	[0.5770012322396564, -0.6794580401312336, -0.10245680789157725]	[-0.022056525566326937, 0.03018485289941525, 0.03932096492781678]	0.17300244118457592	[0.6858935777509512, -0.6858935777509511, 0.0]	2.650133917782452
7	[-0.9924673931361903, 0.10604832309750324, 0.06133699315798273]	0.9109963503896552	0.08900364961034496	[-0.9041341730278043, 0.09660963530676842, 0.05587777691079751]	0.9525588890741398	0.08452630413192347	[-0.9156856657142012, 0.08001763563739492, 0.037427460861177916]	[0.029697971733915744, -0.020999637200538233, -0.020999637200538226]	0.12455222726146245	[-0.97, 0.0, 0.0]	2.650133917782452
7	[-0.8868057231454599, 0.400954733224076, -0.22980624730774385]	0.8366736980676044	0.16332630193239556	[-0.7419670238516282, 0.3354682794042974, -0.1922728427740085]	0.9023066143122429	0.18152120278965017	[-0.7390149472754304, 0.31854048186092043, -0.16411207098908825]	[0.06115572232867001, -0.04324362596696412, 0.04324362596696411]	0.34467637724315553	[-0.607216652808093, 0.42936701284999995, -0.42936701284999984]	2.650133917782452
7	[-0.8786866946585518, 0.135314876185378, -0.457820463624077]	0.8334821423691797	0.16651785763082028	[-0.732369668735303, 0.11278253289740915, -0.38158518084184684]	0.8782466282914809	0.2263775045492244	[-0.6954864363549059, 0.11883983376748741, -0.3258620879871351]	[0.07621719055355311, -1.3671869292966233e-17, 0.07621719055355312]	0.17323306573212632	[-0.710986079076425, 0.12198592585257484, -0.4164860024644998]	2.650133917782452
7	[0.8093359817034141, -0.3425904395121471, -0.4770818163324238]	0.8529096314477784	0.14709036855222157	[0.6902904538720849, -0.2921986855018378, -0.4069076761385243]	0.9083565735488441	0.1688411579771483	[0.677797190466671, -0.3111942777658465, -0.37599193526294694]	[-0.05736846872323247, -1.0290778238152882e-17, 0.05736846872323248]	0.2116845324113805	[0.6259965492866938, -0.44264640499999997, -0.44264640499999985]	2.650133917782452
7	[-0.6657555092997294, 0.09732453223248418, -0.7397956050577662]	0.8390383797329117	0.16096162026708835	[-0.5585944238211044, 0.08165901783260698, -0.6207169058011972]	0.8693966429602111	0.24584962891304588	[-0.4970483539852846, 0.08461362160059457, -0.5614185646817742]	[0.08175725083216584, 1.4665647461044043e-17, 0.08175725083216585]	0.17457388370899404	[-0.6072166528080929, 1.0892275941175699e-16, -0.607216652808093]	2.650133917782452
7	[-0.30498993107257155, 0.5849120837535815, 0.7515710187489878]	0.8844432844862798	0.11555671551372011	[-0.2697462963730693, 0.5173215644907316, 0.6647219403470542]	0.9378028449238742	0.11732022637771995	[-0.2860204250329939, 0.5083928301403321, 0.6646860535110072]	[0.0, -0.040139386034127957, -0.04013938603412796]	0.22520840494817126	[-0.45633649999999987, 0.4563365, 0.64535726730587]	2.650133917782452
7	[0.9333327359455623, 0.0076175893800653465, 0.35893171543401975]	0.8579201580034159	0.14207984199658408	[0.8007249682921773, 0.006535283484550754, 0.3079347540175913]	0.9227943762039893	0.14953925180871225	[0.7863847447755175, 0.007029468640155477, 0.331220168443764]	[-0.07488945508213035, 0.0, 0.0]	0.24302579358374826	[0.7329753392540465, 0.12575868644595345, 0.42936701284999984]	2.650133917782452
7	[-0.0944092052144279, 0.8361755244825448, 0.5402752948517275]	0.8560870671066934	0.1439129328933067	[-0.0808224995998935, 0.7158390523406628, 0.46252269259981943]	0.9235548252758359	0.13712193648418156	[-0.034758822632888, 0.7198206860200537, 0.49897385553763796]	[0.05243325439335345, -0.052433254393353446, 0.0]	0.17820398893396533	[-0.12198592585257499, 0.710986079076425, 0.4164860024644998]	2.650133917782452
7	[0.7167984462644281, 0.17175503083258364, 0.675795972773292]	0.85714763715158	0.14285236284841996	[0.6144020945294784, 0.14721941884704592, 0.5792569212591807]	0.9219661643778937	0.14407733129849537	[0.6259965492866938, 0.12408453897773442, 0.5745990503613032]	[-0.03486736484775483, -0.03426778801158967, -0.04846197055851627]	0.20056110712362543	[0.6259965492866937, 1.1229150454820309e-16, 0.6259965492866938]	2.650133917782452
7	[0.25793719630420137, 0.8048166856442277, 0.5345451386659203]	0.841585329101787	0.15841467089821312	[0.21707616023926354, 0.6773219152545067, 0.4498653464439189]	0.9111004311106474	0.1603300883408569	[0.18380666405340387, 0.6708309703400246, 0.48702430628662086]	[-0.0512000266988257, -0.06243785891547364, 0.0]	0.18356136758493194	[0.12575868644595362, 0.7329753392540465, 0.42936701284999984]	2.650133917782452
7	[-0.22631558260738288, -0.8439481474434798, 0.4863463595996165]	0.8259722479330722	0.1740277520669277	[-0.1869303905085029, -0.697077748482843, 0.40170859591256153]	0.9060080579200517	0.17354369493424868	[-0.14057527204218406, -0.7001553526175167, 0.44063372073733564]	[0.06446846943297589, 0.06446846943297588, 0.0]	0.18287716752527483	[-0.12198592585257499, -0.710986079076425, 0.4164860024644998]	2.650133917782452
7	[0.5109749349446353, 0.46263670952312524, -0.7244804282104115]	0.8710678253243043	0.12893217467569573	[0.44509382537745135, 0.40298795247950053, -0.6310715910912639]	0.9318800367644842	0.12431706561441669	[0.43352447923896725, 0.43112191387900994, -0.6324859861528981]	[-0.0426428619229694, 7.649293161484363e-18, 0.042642861922969406]	0.12152149886824024	[0.44264640499999985, 0.44264640499999997, -0.6259965492866938]	2.650133917782452
7	[0.6108412428660861, 0.5627208847354543, 0.5569723349470446]	0.8755834520419682	0.1244165479580318	[0.5348424840782939, 0.49270909479277963, 0.48767575972480864]	0.9327229357102308	0.12490497376940744	[0.5249850781624403, 0.48010211645940976, 0.5195008713611895]	[-0.04476055913650177, -0.04476055913650176, 0.0]	0.16648718345476066	[0.6259965492866938, 0.44264640499999997, 0.44264640499999985]	2.650133917782452
7	[0.4732267562466389, 0.6436198970217282, 0.6015063302493369]	0.855752157346543	0.1442478426534571	[0.40496481757216785, 0.5507791153875037, 0.5147403397684721]	0.9207215808554242	0.147041155532794	[0.43571008711448983, 0.5414318251203781, 0.5026569553462416]	[0.0, -0.0511629039354728, -0.05116290393547281]	0.19308872633277022	[0.45633649999999987, 0.4563365, 0.64535726730587]	2.650133917782452
7	[-0.6056136601508405, 0.49226818207101697, 0.6252232653694184]	0.8747196703090746	0.12528032969092542	[-0.5297421811418151, 0.4305966619248075, 0.5468950885535007]	0.9264422641382208	0.13525172009500952	[-0.5089670226584233, 0.4095797643099702, 0.5792332575607356]	[0.05209906784475653, -0.046478284851108755, 0.0]	0.154855204475437	[-0.45633649999999987, 0.4563365, 0.64535726730587]	2.650133917782452
7	[-0.18693257288013515, -0.8013266046304215, 0.5682709616968765]	0.8445062411038365	0.15549375889616346	[-0.15786572446287192, -0.6767253187729374, 0.47990837379109147]	0.9168760389396494	0.15092393574093252	[-0.11437980592262101, -0.6777029721019846, 0.5210340284050573]	[0.057014191048514636, 0.05701419104851463, 0.0]	0.18819710775319862	[-0.12198592585257499, -0.710986079076425, 0.4164860024644998]	2.650133917782452
7	[0.002819458647443705, -0.6973179621469923, -0.7167563814296327]	0.9074957693692276	0.09250423063077241	[0.002558646794466647, -0.6328131005535667, -0.6504533838157881]	0.9522080927287547	0.08834985372424219	[0.0, -0.6453572673058698, -0.64535726730587]	[-0.0026847113412099646, 0.01863453945561974, 0.03714395960640452]	0.08834985372424219	[0.0, -0.6453572673058698, -0.64535726730587]	2.650133917782452
7	[-0.8555866756498043, -0.37234580260102185, -0.35962486529148335]	0.8324260674025716	0.1675739325974284	[-0.7122126517332061, -0.30995035217302286, -0.2993611123547691]	0.8931663880311574	0.19995132313180078	[-0.697303788297392, -0.2852772413365439, -0.2739153277074126]	[0.06687747244032913, 0.047289514271173165, 0.04728951427117315]	0.2642026756312741	[-0.607216652808093, -0.42936701284999995, -0.42936701284999984]	2.650133917782452
7	[0.670897516479804, -0.3308724047014078, -0.6636414500227807]	0.8413026616636033	0.15869733833639657	[0.5644278663179605, -0.2783638347463313, -0.5583233182944586]	0.8971998005336612	0.19106951089326468	[0.5375765478322969, -0.2968586555001959, -0.5310664064543968]	[-0.06435257013191191, -1.1543589065930571e-17, 0.06435257013191192]	0.2516909492259255	[0.6259965492866938, -0.44264640499999997, -0.44264640499999985]	2.650133917782452
7	[-0.542816183435004, -0.3304546552852426, -0.7721077073837352]	0.837177392224101	0.1628226077758989	[-0.45443343690515603, -0.2766491665600136, -0.6463911169836448]	0.9025062703268211	0.18056141415938193	[-0.4288642708324652, -0.29823739845361963, -0.6358013089289876]	[0.06103073835249981, 1.0947717589017065e-17, 0.061030738352499815]	0.20968892134835174	[-0.44264640499999985, -0.44264640499999997, -0.6259965492866938]	2.650133917782452
7	[0.26912825269004914, 0.03529700841057871, 0.9624573262234875]	0.8691249107319731	0.1308750892680269	[0.23390606859469085, 0.03067750928394988, 0.836495637737322]	0.9289899858092481	0.1365248550593033	[0.25001745164739647, 0.03279056734245238, 0.827299895478286]	[0.0, 0.0, -0.0668133223520784]	0.27153781896162144	[0.0, 0.0, 0.97]	2.650133917782452
7	[-0.25997242779030083, 0.9582914325026617, 0.11870917058430358]	0.8437456527010522	0.15625434729894766	[-0.2193506057702044, 0.8085542301947848, 0.10016034661625377]	0.9164344147955562	0.1588207579178296	[-0.18093058151225633, 0.8208941499364442, 0.10878916927529211]	[0.057317098212727915, -0.0573170982127279, 0.0]	0.19383939046835158	[-0.20199571119528245, 0.773325859822417, 0.11832634807699774]	2.650133917782452
7	[-0.2721718199665877, -0.694133976820097, -0.6664086753937051]	0.8446293369260455	0.15537066307395458	[-0.22988430382833397, -0.5862859205793975, -0.5628683176195494]	0.912962148599446	0.16732280464853783	[-0.2484825695449175, -0.5758103046955787, -0.5504981539347726]	[0.0, 0.05790774219797515, 0.057907742197975155]	0.2773081837188374	[0.0, -0.6453572673058698, -0.64535726730587]	2.650133917782452
7	[0.7696664563693288, 0.5162155319953196, 0.3756794783677559]	0.8661964246761518	0.1338035753238482	[0.666682332700276, 0.4471440481766435, 0.32541222098635186]	0.9283014512542175	0.13286599900054535	[0.6449348961459298, 0.47920362751122314, 0.3487438049752152]	[-0.06954759228340901, 0.0, 0.0]	0.1747513316417211	[0.6259965492866938, 0.44264640499999997, 0.44264640499999985]	2.650133917782452
7	[-0.06314638359111156, -0.20009060559607456, 0.9777403969313943]	0.8936984267067696	0.10630157329323038	[-0.05643382366759858, -0.17882065942001657, 0.8738050544652395]	0.9430594640656914	0.10989972886023194	[-0.05955079466712023, -0.1886973392780137, 0.8684919844649062]	[0.0, 0.0, -0.05357535026059095]	0.20996102008014536	[0.0, 0.0, 0.97]	2.650133917782452
7	[-0.26577590768446113, -0.9471085310317797, 0.17985715815981654]	0.8314071746961721	0.1685928253038278	[-0.22096799651024843, -0.787432827915774, 0.14953453171453565]	0.9092181696388019	0.17235927569005763	[-0.17938160989773475, -0.798861610612787, 0.1635293961385049]	[0.0622666744212221, 0.06226667442122209, 0.0]	0.19507529537670226	[-0.20199571119528245, -0.773325859822417, 0.11832634807699774]	2.650133917782452
7	[-0.3291920728580172, 0.7155988871664101, 0.6160769528667969]	0.8441668327086074	0.15583316729139268	[-0.2778930294973335, 0.6040848460690724, 0.5200717300063339]	0.9155382192617941	0.15514621752618366	[-0.24345613120578347, 0.5972263378883123, 0.5640419963558996]	[0.05793179297374438, -0.05793179297374437, 0.0]	0.25196034819886404	[-0.4164860024644998, 0.5890001532238502, 0.4164860024644998]	2.650133917782452
7	[0.3827587229385273, -0.8321056707083291, 0.4013675532345752]	0.8293627581476174	0.17063724185238266	[0.31744583016135663, -0.6901174541289329, 0.3328793009815879]	0.9033464880194032	0.1768604245760501	[0.31210598020518376, -0.6746799498245781, 0.3625739696193944]	[-0.033657767920126626, 0.07699978547082104, 0.0]	0.24589914502237956	[0.4164860024645, -0.58900015322385, 0.4164860024644998]	2.650133917782452
7	[0.47552094709255976, -0.1984297990429953, -0.8570329303637938]	0.817841266947254	0.182158733052746	[0.3889006538301372, -0.1622840782494123, -0.7009168975842428]	0.8877539736194462	0.2085509306071879	[0.3518799851353325, -0.17615684258492723, -0.6905687642678061]	[-0.07026562518536986, -1.260427518182968e-17, 0.07026562518536987]	0.19886655401394776	[0.4039914223905648, -0.11832634807699759, -0.6896564967041322]	2.650133917782452
7	[-0.2691052909429353, -0.8396755536097938, -0.4717280011368885]	0.8151107085434721	0.18488929145652783	[-0.21935060437329318, -0.6844285354495113, -0.38451054524648504]	0.8941257355429086	0.19699190300145217	[-0.16799548816261567, -0.6781570439485313, -0.42178414599270647]	[0.07261847804022475, 0.07261847804022474, 0.0]	0.20311761828454347	[-0.12198592585257499, -0.710986079076425, -0.4164860024644998]	2.650133917782452
7	[-0.7925675299183911, -0.48918774518014896, 0.3640495302628776]	0.8380348599160502	0.16196514008394977	[-0.6641992189091688, -0.40995638350469465, 0.30508619709635454]	0.9018640971377133	0.1844171093500176	[-0.6533554632375916, -0.39774135953430845, 0.28488369632051835]	[0.06143273655292566, 0.04343950460342042, -0.04343950460342041]	0.20542599931262637	[-0.607216652808093, -0.42936701284999995, 0.42936701284999984]	2.650133917782452
7	[0.800988583967639, -0.29950906587560844, 0.5183740037963296]	0.8533791760838259	0.14662082391617418	[0.6835469778388541, -0.255594799866563, 0.44236958026298573]	0.9133601221750788	0.16196832986632387	[0.6475503494233525, -0.27355963700068947, 0.4734621434398004]	[-0.08404068149017355, 0.0, 0.0]	0.20672987264964907	[0.7329753392540465, -0.12575868644595345, 0.42936701284999984]	2.650133917782452
7	[-0.37652641502640966, -0.9216461821438335, 0.09378791887581]	0.8427554344633365	0.1572445655366635	[-0.3173196824825043, -0.7767223286541018, 0.07904027831959541]	0.9158589042565916	0.1623229052239432	[-0.2871332326944184, -0.7863860252951907, 0.08589650061410545]	[0.057711837195331746, 0.05771183719533174, 0.0]	0.2162627458672789	[-0.4164860024644998, -0.710986079076425, 0.12198592585257499]	2.650133917782452
7	[0.8661068170909243, -0.3186680382648219, -0.3851099359625488]	0.8477221568250068	0.15227784317499315	[0.7342179390251601, -0.27014195670904856, -0.3264662255289121]	0.914220621006157	0.15700809008528324	[0.7381151169284297, -0.29133289183727923, -0.2983778495612215]	[-0.0536975952501012, -9.632295526429154e-18, 0.053697595250101204]	0.23853028584401773	[0.7329753392540465, -0.12575868644595345, -0.42936701284999984]	2.650133917782452
7	[0.8188195228428631, -0.15935434817193742, -0.5514896016518198]	0.8484616018181995	0.15153839818180048	[0.6947369239512694, -0.13520604550665705, -0.46791775080358383]	0.8824482066702684	0.21989918919826415	[0.6489788025324148, -0.14062195876943576, -0.41307399298807446]	[-0.07358701698687456, -1.3200067735334986e-17, 0.07358701698687457]	0.15300921226676387	[0.7329753392540465, -0.12575868644595345, -0.42936701284999984]	2.650133917782452
