9	[0.056057202245361565, 0.4011216630813606, 0.9143079358089735]	0.8274693558251547	0.17253064417484562	[0.0463856170313298, 0.33191588415744816, 0.7565617986696779]	0.9029538823028386	0.17340277353318115	[0.05061706832968699, 0.3219140425442285, 0.7601486686181071]	[-6.879770665261318e-11, -0.040280320410856996, -0.06542923164090043]	0.3701206725235197	[0.0, 0.6247995518564333, 0.6247995518564334]	2.0583620102475484
9	[-0.23769481941201118, -0.11551148820200527, 0.9644471312197728]	0.8185295938991045	0.18147040610089607	[-0.19456024400523442, -0.09454957152866866, 0.7894285186544764]	0.8974406129247886	0.177838867309884	[-0.18336186753385322, -0.07370958399009458, 0.800352055515087]	[0.029955116888309055, 0.02995511678176748, -0.06518196906033907]	0.2654042074022705	[0.0, 0.0, 0.94]	2.0583620102475484
9	[0.6546620075265115, -0.33805347936521724, 0.6761194428430739]	0.7698993069030108	0.23010069309698894	[0.5040238258503953, -0.260267139459432, 0.5205438904285324]	0.8694471646241764	0.2266897747203364	[0.4579523374165777, -0.28576734469251586, 0.5763210472197673]	[-0.11124168881451872, 0.008152294432909392, -0.011529085307421492]	0.2667407473535784	[0.41529199999999983, -0.41529199999999994, 0.5873115787450474]	2.0583620102475484
9	[-0.9705434889992891, -0.09632939327280118, 0.2208302152169867]	0.8161857100095302	0.18381428999046937	[-0.7921437266640119, -0.07862267424314848, 0.1802384659984336]	0.8987910273254854	0.1948955240781759	[-0.7771793453217349, -0.08657999432264805, 0.19848021598513488]	[0.09513643421999662, 1.8653662489169423e-11, -1.424877174217057e-11]	0.24285436105068478	[-0.94, 0.0, 0.0]	2.0583620102475484
9	[0.9594294997721994, -0.10872397539467572, 0.2601425227471381]	0.8023546976669161	0.19764530233308392	[0.7698027662224436, -0.08723519240694053, 0.20872657518908871]	0.8903405072874472	0.2105727099266157	[0.7511390244114418, -0.09680135940619901, 0.2316154256670008]	[-0.10307992312227908, 1.0046270019573943e-12, -2.722669016256701e-12]	0.2826173038373008	[0.94, 0.0, 0.0]	2.0583620102475484
9	[-0.5443705237841608, -0.47920061531305314, -0.6884965527281526]	0.7655816546060054	0.23441834539399486	[-0.4167600863174156, -0.3668671999595828, -0.5271003300281498]	0.8708046345924875	0.2338710623071815	[-0.41805549901667455, -0.3707138872269465, -0.5242686070798859]	[0.05598487603011239, 0.04657622948723225, 0.07527738193674059]	0.22408989535345822	[-0.3903744799999998, -0.3903744799999999, -0.5520728840203445]	2.0583620102475484
9	[0.8849441313699953, 0.3652531521974345, 0.28890140041827816]	0.7809512618985797	0.21904873810142014	[0.6910982361031405, 0.28524491012102043, 0.22561791322092123]	0.8770046419563247	0.23165270314862915	[0.6604844745802829, 0.32032870995018076, 0.25336786923033405]	[-0.1156156365032099, -1.6149139975142656e-11, -4.1787040822333466e-12]	0.34889989151972345	[0.5520728840203445, 0.3903744799999999, 0.3903744799999998]	2.0583620102475484
9	[-0.5578337547883747, -0.6983624372220631, 0.4484544662459758]	0.7730690557141098	0.2269309442858901	[-0.4312440140597048, -0.5398823898894654, 0.34668627075155106]	0.8754778242634343	0.23473463632067748	[-0.40560363562578555, -0.5286333807413333, 0.39261194038525005]	[0.08276744631704275, 0.08276744634514742, -4.99671488122386e-12]	0.3168183768031584	[-0.34493489052799975, -0.48781160032037635, 0.3449348905279998]	2.0583620102475484
9	[-0.5743041548288251, 0.15661431879424942, -0.8035214327539509]	0.7183585314082355	0.28164146859176403	[-0.41255628924448284, 0.11250523204653823, -0.57721647638817]	0.8236934297477547	0.3119624686145101	[-0.375716482342605, 0.12900218539245129, -0.5645212481314986]	[0.09733407666673542, -2.7923226996606337e-12, 0.09733407668943331]	0.3295057510345816	[-0.5189485109791236, 9.308918579071496e-17, -0.5189485109791238]	2.0583620102475484
9	[-0.8665279513224694, 0.3243358013141649, 0.3793884520683025]	0.7618978305309855	0.23810216946901452	[-0.6602057662070488, 0.24711074338479078, 0.28905523855934856]	0.8671512686133013	0.23826205360924307	[-0.6712285072118734, 0.21272526952632015, 0.30083896120922365]	[0.08018230506629138, -0.06852293203996963, -0.028148216299041583]	0.35040301619121045	[-0.5189485109791238, 0.3669520111999999, 0.3669520111999998]	2.0583620102475484
9	[0.4700823827733239, -0.48173766045396643, -0.7395616133267688]	0.7719316873824065	0.22806831261759364	[0.3628714869429545, -0.3718685651098831, -0.5708910440985872]	0.8747705785428221	0.22456588862571317	[0.3779345114108818, -0.3846321229389977, -0.5592587494516877]	[-0.03327972653052711, 0.036777809002183255, 0.08768799090623228]	0.22327696729426305	[0.3903744799999998, -0.3903744799999999, -0.5520728840203445]	2.0583620102475484
9	[-0.0946035957855353, 0.7127331833516167, -0.6950263081451793]	0.7960845555361339	0.20391544446386645	[-0.07531246150304802, 0.5673958794843253, -0.5532997096056749]	0.8895903322780161	0.19451806032924268	[-0.04200410998534417, 0.5794141050304427, -0.5635097949485505]	[0.042154334224205225, -0.05462644437289042, 0.05477888945628236]	0.19048066087501705	[0.0, 0.5873115787450472, -0.5873115787450474]	2.0583620102475484
9	[-0.27321334538383074, 0.9284012335025322, -0.25184443121727373]	0.756104833050324	0.2438951669496761	[-0.20657793089856186, 0.7019686596611469, -0.19042079162019054]	0.8648306092506587	0.24318023785742618	[-0.173648697874619, 0.7146979557246737, -0.1922254902860545]	[0.06263456606909001, -0.08821184867438454, 0.0255772825999659]	0.37427035703395617	[1.7643147080607643e-16, 0.8835999999999999, 0.0]	2.0583620102475484
9	[0.6508980740440835, 0.5825619344962585, -0.48677848112019056]	0.7743435574546707	0.22565644254532913	[0.5040187301956897, 0.4511030807955076, -0.3769337807629895]	0.8762692256056804	0.22429571342479424	[0.5189775505363146, 0.4590966944558133, -0.3538804862522135]	[-0.05138440075452317, -0.051384400752569837, 0.07266851644048526]	0.23663509308841182	[0.5520728840203445, 0.3903744799999999, -0.3903744799999998]	2.0583620102475484
9	[-0.3998260039937436, -0.6053196966017631, 0.6882784548686267]	0.8035592359033014	0.1964407640966983	[-0.3212838782634829, -0.4864102328785311, 0.5530725092829389]	0.8925388222995936	0.188006636685012	[-0.30469524165668793, -0.4710861305273077, 0.5972950320174526]	[0.052164989072640486, 0.06918519859237705, -0.01702020950517562]	0.2157406604754688	[-0.41529199999999983, -0.41529199999999994, 0.5873115787450474]	2.0583620102475484
9	[-0.4822535042821636, 0.2076785807285885, 0.8510588491485958]	0.7702598939774185	0.22974010602258157	[-0.37146053307861826, 0.1599664815733832, 0.6555364989137409]	0.8667435018832704	0.23308384011567312	[-0.3806959164407615, 0.14270988569750653, 0.6515765152418991]	[0.03729417465623987, -0.03729417462933781, -0.08607321197790091]	0.3146249801016222	[-0.3449348905279998, 0.1010290903678117, 0.588840690688188]	2.0583620102475484
9	[-0.16509556563678984, -0.6493980067248306, 0.7423110419957967]	0.8341902738645469	0.16580972613545347	[-0.13772111511237636, -0.5417215010768776, 0.61922865141515]	0.907064562229601	0.16722621436164747	[-0.14975233694535578, -0.5423317766450441, 0.6147727556675249]	[2.5027299667415406e-11, 0.046714142037590396, -0.058551284678590984]	0.20413373089623826	[0.0, -0.6247995518564333, 0.6247995518564334]	2.0583620102475484
9	[-0.7667129585341538, -0.21717061744090388, 0.6041425015144536]	0.7521161523391828	0.24788384766081675	[-0.5766572003212995, -0.16333752919077726, 0.45438533370362]	0.8585231650818508	0.2579778920911715	[-0.5252526111267147, -0.18644600578563666, 0.518670332498358]	[0.13298822474329716, 6.250795837139194e-11, -6.229730426370151e-11]	0.3097493885917127	[-0.5520728840203444, -9.903104871352656e-17, 0.5520728840203445]	2.0583620102475484
9	[-0.5627379067032513, -0.09880880506420255, -0.8207087597930384]	0.7180159473193417	0.2819840526806584	[-0.40405479117403825, -0.07094629777166561, -0.5892819776360804]	0.8210781652735748	0.3169036403502627	[-0.36327391466995146, -0.08112975237448182, -0.5750881494090919]	[0.09877789329584619, 5.078028303044406e-13, 0.09877789330572682]	0.320530714441433	[-0.5189485109791236, -9.308918579071496e-17, -0.5189485109791238]	2.0583620102475484
9	[-0.7172335228967242, 0.3236780153508262, 0.6170969259457582]	0.7591915281776546	0.2408084718223453	[-0.5445176143082072, 0.24573360711170456, 0.46849475824249254]	0.863114125317503	0.24609015829188005	[-0.490381662725647, 0.27937106701462106, 0.5326250733901436]	[0.1286727220377505, -8.941254651057546e-11, -8.364937499333646e-11]	0.31693685860177107	[-0.41529199999999983, 0.41529199999999994, 0.5873115787450474]	2.0583620102475484
9	[0.42091944114580687, -0.7688266056295766, -0.4813859932960296]	0.7544794622925111	0.2455205377074886	[0.31757507362415255, -0.58006388401158, -0.3631958453771345]	0.8637992892855	0.24808164481766637	[0.3587884052710783, -0.5814360103824862, -0.33115616373640755]	[-0.004801508837119349, 0.08267586514412492, 0.08466471514469741]	0.32149959344940304	[0.3449348905279999, -0.4878116003203762, -0.3449348905279998]	2.0583620102475484
9	[0.42956351779516044, -0.4598919234815048, 0.7771580295512159]	0.812258715158272	0.1877412848417281	[0.34891671104316463, -0.37355122287875325, 0.631253382558205]	0.8935419237719193	0.18631485971036282	[0.38383301196409025, -0.3931651263316677, 0.6093203629580131]	[-1.0883134923314778e-10, 0.017767587703163886, -0.08510291784197424]	0.1955364525566337	[0.41529199999999983, -0.41529199999999994, 0.5873115787450474]	2.0583620102475484
9	[-0.8400077372572654, 0.5216390497379884, 0.14926387083409495]	0.7944067163352858	0.20559328366471433	[-0.6673077882507774, 0.41439356461461446, 0.11857622149680754]	0.8885741815842633	0.21414986464274063	[-0.6723466334173874, 0.38945243775603655, 0.1326320219161092]	[0.07406255424043605, -0.07406255394728942, 4.960421326344261e-11]	0.2814895298181194	[-0.6247995518564334, 0.6247995518564333, 0.0]	2.0583620102475484
9	[-0.4441015089686827, -0.5054954125191813, -0.7397622845575473]	0.7697605377083341	0.2302394622916662	[-0.3418518163408157, -0.3891104205498609, -0.5694398139373631]	0.8734178902984204	0.2266828758407407	[-0.37524390156784954, -0.38842700405833824, -0.5582719436495348]	[0.012642301473922672, 0.053081732699694927, 0.08784967025105814]	0.2266423036855701	[-0.3903744799999998, -0.3903744799999999, -0.5520728840203445]	2.0583620102475484
9	[-0.3470600964699847, -0.9352897083220022, 0.06915526693744163]	0.7976948411978125	0.20230515880218747	[-0.276848048539722, -0.7460757753538679, 0.055164799677654815]	0.8905637254846043	0.20730319939014533	[-0.236338988835838, -0.7601949432848135, 0.06158717218184149]	[0.07274014364351777, 0.0727401437658375, 2.1151187912273053e-11]	0.3479186383909335	[-0.3449348905279998, -0.588840690688188, 0.10102909036781184]	2.0583620102475484
9	[0.5903105937608876, -0.7751860602889039, 0.22498883267272618]	0.8266964815293286	0.17330351847067155	[0.48800769087161444, -0.6408435885714188, 0.18599747635393354]	0.9024792998705584	0.16657065986795316	[0.5110385609365593, -0.6410120648828748, 0.16617498653487497]	[-0.021704530426940035, 0.05857730807607159, -0.03687277765430105]	0.2614619393327455	[0.6646803743153546, -0.6646803743153545, 0.0]	2.0583620102475484
9	[0.898295633071446, 0.35603163766722934, -0.2575003467662926]	0.786614408848885	0.2133855911511152	[0.7066122883800302, 0.28005961619510794, -0.20255348304995024]	0.8805642726430463	0.22574287025832188	[0.6787374573463252, 0.31350873995611456, -0.22674560542495506]	[-0.11226958340765752, -1.0424162305491927e-10, 1.3063741475075336e-10]	0.3724314139040966	[0.5520728840203445, 0.3903744799999999, -0.3903744799999998]	2.0583620102475484
9	[-0.5823232659116057, -0.7904095113060299, 0.1901378931591604]	0.7957683425380722	0.20423165746192776	[-0.46339442013583565, -0.6289828667383269, 0.1513057160929463]	0.8893989747409513	0.2129883163508026	[-0.4444033849700305, -0.6294750782352979, 0.16910844725078236]	[0.0735143306995542, 0.07351433074578136, 1.5620348096850617e-11]	0.25570160725261015	[-0.6247995518564334, -0.6247995518564333, 0.0]	2.0583620102475484
9	[0.046814467694287085, -0.31486946972487456, -0.9479797585653803]	0.7868446988439612	0.21315530115603853	[0.03683571573445166, -0.24775337308082684, -0.7459128476385479]	0.8839698888865268	0.20490757815090202	[8.284631244113782e-12, -0.2328214763125102, -0.7661456364211885]	[-0.041382579797716354, 0.04551365385394681, 0.07183992542452705]	0.324775508102535	[0.0, 0.0, -0.8835999999999999]	2.0583620102475484
9	[-0.5005802197939991, -0.3153195029069573, -0.8062214674873777]	0.7337738812061548	0.26622611879384556	[-0.3673126907332729, -0.23137321546803352, -0.5915842553099343]	0.8456037068916422	0.2697506277220452	[-0.3380544826600823, -0.26663534051236426, -0.5965058546745704]	[0.08523800679435611, 9.886184412358875e-13, 0.08523800680837584]	0.2870018417158318	[-0.3903744799999998, -0.3903744799999999, -0.5520728840203445]	2.0583620102475484
9	[-0.04834958995474442, -0.2654909294318255, -0.9629002458929136]	0.7935300961607608	0.20646990383923924	[-0.03836685476612169, -0.21067504276184623, -0.7640903247166239]	0.8880424920001582	0.1969712567229801	[0.0, -0.1928307362254794, -0.7863202655739242]	[0.04293649035059705, 0.042936490350597066, 0.06877606833638386]	0.2812679246875531	[0.0, 0.0, -0.8835999999999999]	2.0583620102475484
9	[0.5083228987278984, -0.8547325921274783, -0.10507153079644761]	0.8218304412299436	0.17816955877005633	[0.41775523214883276, -0.702445263321739, -0.08635098251515015]	0.9049401228832584	0.16410207626544251	[0.46000178643919853, -0.7140884483300985, -0.03569007536840159]	[0.0, 0.05939336862206778, 0.059393368622067795]	0.26759583750742044	[0.6646803743153546, -0.6646803743153545, 0.0]	2.0583620102475484
9	[-0.9284253285745718, -0.13808181841230865, -0.3449055242891136]	0.7554821398156585	0.2445178601843414	[-0.7014087538905734, -0.10431834764376813, -0.2605699635241811]	0.8602056740502179	0.2427560494619715	[-0.7214600788750083, -0.11877876368143975, -0.21951303230798444]	[0.07717665669677627, 1.3843978703007482e-17, 0.0771766566967763]	0.34160010510294325	[-0.588840690688188, -0.1010290903678117, -0.3449348905279998]	2.0583620102475484
9	[-0.06889079567394185, 0.3975793607448141, 0.9149779834406706]	0.8250670064448926	0.17493299355510714	[-0.05683952255830596, 0.32802961299399785, 0.7549181457603789]	0.8869751891691219	0.175749224779401	[0.0, 0.29153860218146416, 0.7929238732875056]	[0.06110442652490591, -0.06110442652490589, -0.018638896660364866]	0.374937967047987	[0.0, 0.6247995518564333, 0.6247995518564334]	2.0583620102475484
9	[0.6325661785202784, 0.28148587773129363, 0.7215439906409687]	0.7733421907170497	0.22665780928295032	[0.48919011427038445, 0.21768490534063026, 0.5580004104210091]	0.8694382421814782	0.2258079372906324	[0.48496943102875956, 0.2037384638897077, 0.5693606659489376]	[-0.06500779528736653, -0.040996122843898794, -0.05797727293055514]	0.2883235810884121	[0.41529199999999983, 0.41529199999999994, 0.5873115787450474]	2.0583620102475484
9	[0.4627939954675316, 0.4749993593769372, -0.7484633099562714]	0.7699208836765514	0.23007911632344866	[0.3563147619505638, 0.36571192651728734, -0.576257533001009]	0.8735179086888373	0.22577678319395036	[0.3903744799999998, 0.3903744799999999, -0.5520728840203445]	[-0.013884363074549632, -0.02454596703147973, 0.10172322122298263]	0.22577678319395036	[0.3903744799999998, 0.3903744799999999, -0.5520728840203445]	2.0583620102475484
9	[0.221476007748747, -0.4106734513418808, 0.8844748127304841]	0.8047869305010341	0.19521306949896594	[0.17824099645573732, -0.33050462634369804, 0.7118137696428433]	0.8888624530545208	0.20322657080306836	[0.19686170754027332, -0.36503221136411057, 0.6879753152275305]	[0.0, 0.0, -0.09820113648102542]	0.35481256668377537	[0.41529199999999983, -0.41529199999999994, 0.5873115787450474]	2.0583620102475484
9	[0.9860011347815463, -0.14997046261515515, -0.07287401836388196]	0.8621063791626888	0.13789362083731121	[0.8500378681568211, -0.1292904925065048, -0.06282515610672158]	0.9121807879842324	0.12658716000683595	[0.8833355122782999, -0.1368001747626521, 0.0]	[-0.016075779800078193, 0.0, 0.06647427949474327]	0.17296781958125346	[0.94, 0.0, 0.0]	2.0583620102475484
9	[-0.6557911630374385, -0.3963743825863497, 0.6425148241957486]	0.7741810589249233	0.22581894107507672	[-0.5077010970339311, -0.3068655392414129, 0.4974228069708255]	0.8727193372180891	0.2246958828744215	[-0.4526778061445168, -0.3459235884609884, 0.5607351115249107]	[0.11964382301499617, 0.0, 0.0]	0.24747751812762325	[-0.41529199999999983, -0.41529199999999994, 0.5873115787450474]	2.0583620102475484
9	[0.023793693056283344, 0.04289796032026491, 0.9987960878833599]	0.9138273031224939	0.08617269687750607	[0.02174332635694782, 0.03920132738892344, 0.9127271353597483]	0.9388032073452459	0.07594692895137024	[0.0, 0.0046127053971168515, 0.9376729707887825]	[-0.02233759535582711, -0.03566003734011694, 3.647572564847561e-18]	0.07657254585870474	[0.0, 0.0, 0.94]	2.0583620102475484
9	[-0.6503901416184334, 0.6509630825253956, 0.3914584637922513]	0.7904843216063572	0.2095156783936429	[-0.5141232098767099, 0.5145761106808704, 0.30944177818788443]	0.8861909725323566	0.2163439833792195	[-0.500723245148637, 0.5012309802081814, 0.3469069567340774]	[0.07564662697765971, -0.0756466269776597, 0.0]	0.3139104284970093	[-0.5189485109791238, 0.3669520111999999, 0.3669520111999998]	2.0583620102475484
9	[0.0436332048721218, -0.06677529962391429, -0.9968135245835722]	0.8451103099617818	0.15488969003821815	[0.036874871294104786, -0.056432494162957064, -0.842417386734919]	0.9170884988899599	0.14246438783991086	[0.005583027238941521, -0.02680637617603211, -0.865471334320499]	[-0.03443248311899075, 0.034432483118990755, 0.04869488461305938]	0.138492235724286	[0.0, 0.0, -0.8835999999999999]	2.0583620102475484
9	[-0.9242757874514296, -0.2829221709872863, 0.2562602464193005]	0.7803836602613102	0.21961633973868988	[-0.7212897221022513, -0.22078783936413474, 0.19998130908015904]	0.8800038827833251	0.22411990563169734	[-0.7336072176119045, -0.16921354488633109, 0.22551001185199612]	[0.07975906410796868, 0.07975906410796867, 0.0]	0.36440342743582604	[-0.6206623028493136, -0.16211939854816004, 0.09496734494574313]	2.0583620102475484
9	[-0.2943098771635715, -0.7679763716068763, 0.5688532225956892]	0.7791181932931477	0.2208818067068523	[-0.22930217976401007, -0.5983443631381764, 0.44320389503773816]	0.8792236048024675	0.2192602780976923	[-0.17848649156037172, -0.5949452542789622, 0.5001491809740823]	[0.08027769956835505, 0.08027769956835504, 0.0]	0.33203598791040556	[0.0, -0.6247995518564333, 0.6247995518564334]	2.0583620102475484
9	[-0.14906694810830792, -0.8342125868124517, -0.5309128035613311]	0.7592406592269552	0.24075934077304473	[-0.113177687950702, -0.6333681143469094, -0.40309058696793604]	0.8668147568752149	0.2379037866976268	[-0.040687813129169595, -0.6345821633666157, -0.460203052740954]	[0.08852561725346361, 0.08852561725346358, 0.0]	0.2938739264467824	[0.0, -0.5873115787450472, -0.5873115787450474]	2.0583620102475484
9	[0.2810337746450933, -0.8702618085745263, 0.4045545723945357]	0.7816734597287159	0.218326540271284	[0.21967664292745046, -0.6802605587782196, 0.316229572252708]	0.8774598459223122	0.22323424870119896	[0.2465958525990494, -0.6553433123208317, 0.3549803927604762]	[2.1619939616729673e-17, 0.10827648014304489, 0.0]	0.30164783407670853	[0.10747775571043813, -0.6264262666895618, 0.3669520111999998]	2.0583620102475484
9	[-0.3193872625986172, -0.1853516585086434, -0.9293204717307465]	0.7482337284056179	0.2517662715943822	[-0.23897632229942756, -0.13868636251208713, -0.695348921446764]	0.857319997464274	0.24664764405023748	[-0.19504732666923963, -0.15890568340262914, -0.7179552639757733]	[0.0787697604919283, 1.4129750281561575e-17, 0.07876976049192831]	0.3720938354198103	[0.0, 0.0, -0.8835999999999999]	2.0583620102475484
9	[-0.02326142392409699, 0.5206543965570728, -0.8534505876164207]	0.7860290342455153	0.21397096575448468	[-0.01828415458223348, 0.40924947250143745, -0.6708369411604027]	0.8834708432948608	0.2093426610137846	[0.0, 0.4394321889809928, -0.6619141449382088]	[0.020550789810461215, -0.020550789810461222, 0.09208456541376497]	0.2753438683233282	[0.0, 0.5873115787450472, -0.5873115787450474]	2.0583620102475484
9	[-0.14151953167809056, -0.9882797815310014, 0.0572301980657959]	0.8253280319645517	0.17467196803544838	[-0.11680003656442337, -0.8156550071213384, 0.04723368673858482]	0.9069908555348773	0.17113457287713987	[-0.0665355681537778, -0.8345393716007962, 0.0519072663061267]	[0.061821352957828576, 0.06182135295782856, 0.0]	0.1850970828468524	[1.7643147080607643e-16, -0.8835999999999999, 0.0]	2.0583620102475484
9	[-0.2408160895132035, -0.029964541649743767, -0.9701081059733959]	0.772569778976829	0.22743022102317106	[-0.1860472330492799, -0.023149699319484556, -0.7494762050154966]	0.8674487990232872	0.22753315249798328	[-0.13571770383013865, -0.025992705667353497, -0.7683411876458037]	[0.07317792380357416, 1.31266844409613e-17, 0.07317792380357417]	0.2576313550867106	[0.0, 0.0, -0.8835999999999999]	2.0583620102475484
9	[-0.9193028320914569, 0.3682507660334217, -0.13882966622600743]	0.7874217608480494	0.21257823915195062	[-0.7238790547980537, 0.28996866662368, -0.10931750023762975]	0.8843226655285773	0.19774950633587754	[-0.7649204593157815, 0.27761262741431, -0.054831582557995494]	[0.04803987158730602, -0.048039871587306035, 0.06793863793343011]	0.39409475468224764	[-0.94, 0.0, 0.0]	2.0583620102475484
9	[-0.4190967468538468, -0.005998420409635007, -0.9079217674057122]	0.7343205028568136	0.26567949714318645	[-0.30775133389537146, -0.004404763091549808, -0.6667055687960095]	0.833575232866848	0.2918271847257597	[-0.2574700671888204, -0.0050001346897947385, -0.6649424975264833]	[0.0918786011636134, 1.6481219221100483e-17, 0.09187860116361343]	0.3775195681934243	[-0.3242387970963198, -0.09496734494574299, -0.5535102492468967]	2.0583620102475484
9	[-0.049678028172980324, -0.3072325353012995, 0.9503369206598155]	0.8374478651758698	0.16255213482413017	[-0.041602758639609085, -0.2572912308006433, 0.7958576254043724]	0.8983655334865148	0.1560988149222996	[0.0, -0.23137809219818892, 0.823273798557028]	[0.04462902828217758, 0.044629028282177574, -0.03047613616345874]	0.31139458755660315	[0.0, 0.0, 0.94]	2.0583620102475484
9	[-0.006529993679506635, -0.13584444630828008, 0.9907086582793866]	0.8855467041232262	0.1144532958767738	[-0.0057826143808326, -0.12029660170174197, 0.8773187870856544]	0.9360309126022134	0.11293720297111845	[0.0, -0.12104232510676646, 0.8789362636310616]	[0.0061122759431152815, 0.006112275943115281, -0.04839766590110706]	0.14514724397918546	[0.0, 0.0, 0.94]	2.0583620102475484
9	[-0.28552847098575684, 0.9469432564362485, -0.1475532491897388]	0.7753250398055079	0.22467496019449212	[-0.22137737313263767, 0.7341888179899917, -0.11440172880146628]	0.8768778758066933	0.23106318052608948	[-0.16853673952501474, 0.7485167316179817, -0.12938617971787386]	[0.08183685959530868, -0.08183685959530866, 0.0]	0.32758332867510487	[1.7643147080607643e-16, 0.8835999999999999, 0.0]	2.0583620102475484
9	[0.6197702497589663, 0.19415633083075332, -0.7603868467510783]	0.7216934076066315	0.27830659239336847	[0.4472841034817615, 0.14012134400564674, -0.5487661745310473]	0.8238098346479761	0.31188464028311036	[0.41330301425175575, 0.15994789479754062, -0.5291443497685885]	[-0.09726981272191318, -1.7448296847820578e-17, 0.0972698127219132]	0.325813096410477	[0.5189485109791236, 9.308918579071496e-17, -0.5189485109791238]	2.0583620102475484
9	[-0.5624812591332691, 0.74274176037644, -0.3632485519816412]	0.7510066530465119	0.24899334695348793	[-0.4224271678230642, 0.5578040035381847, -0.2728020792477243]	0.8615891039135724	0.2632978456437603	[-0.3926287178047607, 0.5479392015418757, -0.3129709943997649]	[0.09199900622005042, -0.0919990062200504, 0.0]	0.3356355153963724	[-0.34493489052799975, 0.48781160032037635, -0.3449348905279998]	2.0583620102475484
9	[0.26614320307009814, 0.525598084651251, -0.8080312177574113]	0.7584908308652348	0.24150916913476514	[0.20186717922577366, 0.39866132792830344, -0.6128842697218664]	0.8663409805568201	0.2465528446267193	[0.23057076351628172, 0.4553471600355513, -0.5743910792358881]	[0.0, 0.0, 0.12563947827658908]	0.3150134949997657	[0.3903744799999998, 0.3903744799999999, -0.5520728840203445]	2.0583620102475484
9	[0.05651616896963574, -0.07584795636522534, -0.995516453987685]	0.8389147134990542	0.16108528650094578	[0.047412245699226106, -0.06362996658362179, -0.8351534007806731]	0.9113429985241253	0.15276725569760535	[0.014687071436965, -0.032304960528892514, -0.8551876667536432]	[-0.036818543456918956, 0.03681854345691897, 0.05206928350359799]	0.14653423665806964	[0.0, 0.0, -0.8835999999999999]	2.0583620102475484
9	[0.5973588228671314, -0.7944560794217789, -0.10955352396235898]	0.8443621000609579	0.15563789993904212	[0.5043871501660329, -0.6708086036267683, -0.09250284356193589]	0.9180101247736087	0.13987382721843306	[0.5483814475148713, -0.678091487298925, -0.04934400690385946]	[0.0, 0.051227237298214226, 0.05122723729821424]	0.18269072099544778	[0.6646803743153546, -0.6646803743153545, 0.0]	2.0583620102475484
9	[0.2017951317312817, -0.9505822173789635, 0.235949513270207]	0.792623398515938	0.20737660148406195	[0.15994754311682, -0.7534537077077302, 0.18701910508641287]	0.8843166938154756	0.21520260007319153	[0.17845080372066546, -0.7383979543277029, 0.20865409348248018]	[2.0410175857845322e-17, 0.10221776934464577, 0.0]	0.31761622352753893	[1.7643147080607643e-16, -0.8835999999999999, 0.0]	2.0583620102475484
9	[0.8693840676576888, 0.2901848781877038, 0.39995509669731516]	0.7647049065207929	0.2352950934792071	[0.6648222621888397, 0.2219058001482757, 0.30584762483243505]	0.8666660399652294	0.2500871001588327	[0.6281317246930679, 0.2514933792367297, 0.34662749981857255]	[-0.12533392243268432, 0.0, 0.0]	0.3057770254736836	[0.6264262666895618, 0.107477755710438, 0.3669520111999998]	2.0583620102475484
9	[-0.8610281677669389, 0.09672338193413532, -0.49927455542930654]	0.7279401316372424	0.2720598683627578	[-0.626776957787639, 0.0704088313775337, -0.36344198560233504]	0.8300302924285015	0.29981911746396145	[-0.6208437952256773, 0.08028333699146398, -0.3205773385900056]	[0.0938356666550918, 1.683227839033694e-17, 0.09383566665509181]	0.3129301742648974	[-0.588840690688188, 0.1010290903678117, -0.3449348905279998]	2.0583620102475484
9	[0.19112905340289493, 0.955407186083941, -0.22509285578284977]	0.7806253634781921	0.21937463652180786	[0.14920018678387773, 0.7458150819064532, -0.17571319236183142]	0.8801527847330766	0.21625368991445537	[0.168222768595955, 0.7660238089957582, -0.12323561745078074]	[0.0, -0.07488048639001525, 0.07488048639001527]	0.3038969903642666	[1.7643147080607643e-16, 0.8835999999999999, 0.0]	2.0583620102475484
9	[0.7128643642357262, 0.3641446114649132, -0.5993522337856607]	0.740692178205314	0.259307821794686	[0.5280130587107064, 0.2697190654476743, -0.4439355115549216]	0.8469727722983651	0.26762039924245207	[0.5192945239185649, 0.30842057108994847, -0.42315284010177934]	[-0.08448218293087952, -1.5154446841016526e-17, 0.08448218293087953]	0.2649785042046274	[0.5520728840203445, 0.3903744799999999, -0.3903744799999998]	2.0583620102475484
9	[0.07227587025157346, 0.95646664736232, 0.2827503334442972]	0.805182836915986	0.19481716308401384	[0.058195290249733723, 0.770130528538715, 0.2276657156216202]	0.8920789855188055	0.20106402776271057	[0.06447578501151255, 0.757884788065968, 0.2522356306140926]	[1.9040663315801018e-17, -0.09535900839558344, 0.0]	0.30080076592540156	[1.7643147080607643e-16, 0.8835999999999999, 0.0]	2.0583620102475484
9	[0.34368895639038327, 0.8521586299346748, -0.3945929176799136]	0.7588317403981255	0.24116825960187435	[0.26080208893333007, 0.6466450162486116, -0.29942963047182314]	0.8665564348517325	0.24382913157295788	[0.29782587674756306, 0.6550680645815665, -0.2585615522596868]	[0.0, -0.08337547970276228, 0.0833754797027623]	0.32789457277289036	[0.10747775571043813, 0.6264262666895618, -0.3669520111999998]	2.0583620102475484
9	[-0.3435991741891739, 0.9190390325182507, -0.19314984909244817]	0.7625108441811455	0.23748915581885469	[-0.26199809637093135, 0.7007772285209144, -0.14727885448494352]	0.8688761324295149	0.24747703612424418	[-0.2113896601970375, 0.7113756187477936, -0.16782329385879083]	[0.08715546137842707, -0.08715546137842706, 0.0]	0.3789801046513283	[-0.3242387970963198, 0.5535102492468967, -0.09496734494574313]	2.0583620102475484
9	[0.3173518584167609, 0.4803910367019424, -0.8176259840635334]	0.7556084283940111	0.24439157160598896	[0.23979373898620743, 0.3629875162569244, -0.6178050848323532]	0.8645158437156297	0.2505811189481912	[0.2743557096338891, 0.41530566240780586, -0.5794955105491996]	[0.0, 0.0, 0.12735510690730797]	0.2897477052297581	[0.3903744799999998, 0.3903744799999999, -0.5520728840203445]	2.0583620102475484
9	[0.7312398246119238, -0.5217161373985356, -0.4394321231765779]	0.7820298312246992	0.21797016877530076	[0.5718513566260415, -0.4079975828769788, -0.34364902912249046]	0.8772403032035282	0.21494888923641386	[0.56654960060985, -0.4256389964227607, -0.34018829171065784]	[-0.07492344484720878, 0.03203142613490417, 0.045299277262133494]	0.22750401298258743	[0.5520728840203445, -0.3903744799999999, -0.3903744799999998]	2.0583620102475484
9	[-0.7929808338988992, -0.00991516019342563, 0.6091658942089136]	0.7681620099170438	0.23183799008295627	[-0.6091377511934718, -0.007616449382831214, 0.46793809766843236]	0.8688819300592069	0.2408580047214943	[-0.5657557317136893, -0.008615103525709789, 0.5292932378864835]	[0.12325098574434547, 0.0, 0.0]	0.24777926170029166	[-0.5520728840203444, -9.903104871352656e-17, 0.5520728840203445]	2.0583620102475484
9	[-0.3229166087420399, -0.915894291117339, -0.2384586154811929]	0.7552466403758233	0.2447533596241767	[-0.24388168387397982, -0.6917260863057666, -0.18009506821084123]	0.8642863211952911	0.25499825913810786	[-0.1888861889948892, -0.7013886886459464, -0.20609651953156274]	[0.09020621882762764, 0.09020621882762762, 0.0]	0.38976106360728274	[-0.3242387970963198, -0.5535102492468967, -0.09496734494574313]	2.0583620102475484
9	[0.773680262255319, -0.4033464444766593, -0.488600550065775]	0.7565786384209864	0.24342136157901362	[0.585349959390321, -0.30516330377409684, -0.36966473890050905]	0.8646158360058588	0.23466033686811522	[0.5945649324745681, -0.347614356677447, -0.34761435667744695]	[-0.07437127427654658, 0.001125366613730411, 0.07483741639059562]	0.24274773488362228	[0.5520728840203445, -0.3903744799999999, -0.3903744799999998]	2.0583620102475484
9	[-0.5425391588143534, 0.6413296677530546, -0.542538034070212]	0.7473118895117729	0.25268811048822715	[-0.4054459639076823, 0.4792732858084927, -0.40544512337301264]	0.8592276713419815	0.2533472675519115	[-0.46289769111092927, 0.4628976911109293, -0.3812801526825155]	[0.003266966928965109, -0.08815050587505438, 0.08488353894608928]	0.29363839854899404	[-0.3903744799999998, 0.3903744799999999, -0.5520728840203445]	2.0583620102475484
9	[-0.5233582104380237, 0.36780142117461495, -0.7686470569442408]	0.7423278901677838	0.25767210983221633	[-0.388503396156445, 0.27302925298126435, -0.5705881480650946]	0.852503980942767	0.2570043996502108	[-0.3647364052350513, 0.31355217574776656, -0.5738461233624607]	[0.08142855262244633, 1.4606685448308088e-17, 0.08142855262244635]	0.25514424924661155	[-0.3903744799999998, 0.3903744799999999, -0.5520728840203445]	2.0583620102475484
9	[-0.9131033657298079, 0.32277505933446543, -0.24911544425131257]	0.7610820635240696	0.23891793647593043	[-0.6949465938004153, 0.24565830821237894, -0.1895972963665043]	0.8679764691527494	0.22901373392410102	[-0.737723919185034, 0.22533284015908214, -0.13868739537927874]	[0.05482831617261634, -0.054828316172616354, 0.07753894833339416]	0.40406747704813345	[-0.5834225646783547, 0.15239223463527043, -0.08926930424899852]	2.0583620102475484
9	[-0.10531262668904444, 0.1430812267902794, 0.984091973953676]	0.86034673417623	0.13965326582377	[-0.09060537443943986, 0.12309946619094539, 0.8466603159200847]	0.9227891503639427	0.1448570258553838	[-0.09718134930497839, 0.13203380370283252, 0.8398858897862677]	[0.0, 0.0, -0.06822350673842027]	0.1830494167351785	[0.0, 0.0, 0.94]	2.0583620102475484
9	[0.20277089217358854, -0.8400177881465345, 0.5032435602017488]	0.7922866864679083	0.2077133135320917	[0.16065267827235405, -0.6655349099447192, 0.3987131727985569]	0.8841070934129204	0.20941782145230667	[0.17927118410833603, -0.6402627128330395, 0.44492120128873813]	[2.044715596514968e-17, 0.10240297226034355, 0.0]	0.2706981828985654	[0.10747775571043813, -0.6264262666895618, 0.3669520111999998]	2.0583620102475484
9	[0.6544874205137956, 0.7551186024487893, -0.03797515799816128]	0.8926705392692147	0.1073294607307853	[0.5842416386149673, 0.6740721300601764, -0.03389930476905226]	0.9449493561853357	0.09165226614159977	[0.6184574666459123, 0.6791532196427436, -0.0014889835165885325]	[0.0, -0.03439561758481037, 0.03439561758481038]	0.09861583057552784	[0.6646803743153546, 0.6646803743153545, 0.0]	2.0583620102475484
9	[0.44412791507195065, 0.14775282305008647, 0.8836964967309602]	0.7721175688130687	0.2278824311869312	[0.3429189660273716, 0.11408255051870034, 0.682317590624535]	0.8679547550829947	0.23050913247032687	[0.3339358419308473, 0.07669567152231029, 0.694109977205317]	[-0.05154709382094861, -0.051547093820948624, -0.07289859918250392]	0.31458275488506104	[0.3449348905279998, 0.1010290903678117, 0.588840690688188]	2.0583620102475484
9	[-0.9103263181417157, -0.3426501571735635, -0.23215698199166843]	0.7632971559331526	0.23670284406684736	[-0.6948494896086699, -0.26154389045062876, -0.17720476408426467]	0.8693706070911982	0.2263799826656334	[-0.7371616020140764, -0.2436406333219932, -0.1251103013947816]	[0.054249341839882115, 0.05424934183988213, 0.07672015497977551]	0.4043278738446239	[-0.5834225646783547, -0.15239223463527043, -0.08926930424899852]	2.0583620102475484
9	[0.9321178315257292, -0.3469511665556093, 0.10383273172499087]	0.8274629236459817	0.1725370763540183	[0.7712929460568325, -0.2870892266404884, 0.08591773576330981]	0.9055865516495466	0.18002992223089145	[0.7553647313330121, -0.3141943105118818, 0.09402952547118698]	[-0.08874864144942611, 0.0, 0.0]	0.36224090979847773	[0.94, 0.0, 0.0]	2.0583620102475484
9	[-0.12823029057876226, 0.7068368935540821, 0.6956569546039927]	0.8346335701388061	0.16536642986119401	[-0.10702530522568884, 0.5899497999728667, 0.5806186476130197]	0.9109431911255068	0.1524488632630588	[-0.07539612380471282, 0.5867635258366931, 0.6179936228669662]	[0.041414386294055895, -0.05712472958270262, -0.015710343288646737]	0.16791040580875385	[0.0, 0.6247995518564333, 0.6247995518564334]	2.0583620102475484
9	[0.07615057952748802, 0.3647990422109022, -0.9279669972793408]	0.776275087368225	0.22372491263177496	[0.05911379777584173, 0.2831844083641129, -0.7203576618878498]	0.8741610295436719	0.2232046725344616	[0.0143079512813468, 0.26663318859687835, -0.737285901317901]	[-0.05225991771874939, -0.0522599177187494, 0.07390668440635743]	0.3752941278623327	[0.0, 0.0, -0.8835999999999999]	2.0583620102475484
9	[-0.2397304049013131, -0.9271160155267727, -0.28807156527434874]	0.75409048787246	0.24590951212753998	[-0.18077841798989353, -0.6991293684629553, -0.21723202719991686]	0.8635521874099029	0.2528801645699213	[-0.11632553239429345, -0.709918880044001, -0.2487648303232585]	[0.0906941831468971, 0.09069418314689709, 0.0]	0.37000228081306974	[-0.10102909036781184, -0.588840690688188, -0.3449348905279998]	2.0583620102475484
9	[0.5619623156357962, 0.7192070340136566, 0.40858242501425923]	0.7951019715485486	0.2048980284514515	[0.4468173450980093, 0.5718429306958424, 0.32486469166892445]	0.8827409209712277	0.21563230581449827	[0.4228037120271915, 0.5616100595459252, 0.3606724261497448]	[-0.07326342002827504, -0.07326342002827503, 0.0]	0.32356723973418733	[0.3449348905279999, 0.4878116003203762, 0.3449348905279998]	2.0583620102475484
9	[-0.7609264231653305, 0.10779343393573584, 0.6398215017715165]	0.7583164389650947	0.24168356103490532	[-0.5770230155291802, 0.08174153296596633, 0.48518716279667545]	0.8625483128752668	0.2502278301225739	[-0.527131216626218, 0.09297704458030041, 0.5518769568943411]	[0.12920458589724926, 0.0, 0.0]	0.2508765535682548	[-0.5520728840203444, 9.903104871352656e-17, 0.5520728840203445]	2.0583620102475484
9	[-0.803524882586472, -0.5945025423763795, -0.030240538560309515]	0.8372225554777426	0.16277744452225745	[-0.6727291555889992, -0.49773093776636734, -0.025318060972485547]	0.9084047931860071	0.1528108563303365	[-0.6884690014587138, -0.4985921057289095, 0.0]	[0.04145685332706102, 0.04145685332706101, 0.027470650176711436]	0.1837801480041131	[-0.6247995518564334, -0.6247995518564333, 0.0]	2.0583620102475484
9	[-0.962433976043306, 0.09758660131552688, 0.2533726445399293]	0.8056256761439409	0.19437432385605918	[-0.7753615226937898, 0.07861827166741052, 0.20412350807385893]	0.8923507089956977	0.20687090249706758	[-0.7576383073397482, 0.08708147287239086, 0.22609725899532077]	[0.10119033354404425, 0.0, 0.0]	0.27244104874006153	[-0.94, 0.0, 0.0]	2.0583620102475484
9	[-0.5010744317203609, -0.853498243722666, -0.14305649876339802]	0.7797253264225331	0.22027467357746705	[-0.39070042483514367, -0.6654941966877144, -0.11154477519515522]	0.8693785601199743	0.22722285127400244	[-0.4356233679619817, -0.6604008570926562, -0.04275803581084572]	[0.0, 0.08161221709988212, 0.08161221709988213]	0.29677627744220686	[-0.6247995518564334, -0.6247995518564333, 0.0]	2.0583620102475484
