0.3008	0.3153	0.296	0.4044
0.3294	0.3755	0.3239	0.344
0.2841	0.2872	0.2791	0.4416
0.2842	0.2827	0.2685	0.3987
0.2361	0.2356	0.2269	0.2361
0.2839	0.2648	0.2585	0.3216
0.2955	0.3074	0.2873	0.4131
0.3194	0.3361	0.3168	0.4359
0.3141	0.3188	0.3055	0.419
0.2782	0.2803	0.2708	0.3429
0.3	0.3469	0.2902	0.3477
0.2456	0.2483	0.2355	0.3718
0.2851	0.2898	0.2749	0.3584
0.3325	0.3331	0.3268	0.3473
0.3039	0.2943	0.2922	0.2923
0.3039	0.3088	0.297	0.3479
0.3059	0.3178	0.2998	0.4313
0.3193	0.3289	0.3122	0.4104
0.2625	0.2568	0.252	0.4384
0.2652	0.2581	0.2487	0.3204
0.2594	0.2561	0.2519	0.2536
0.297	0.2959	0.2866	0.3963
0.314	0.3402	0.3112	0.3145
0.2624	0.2458	0.2439	0.26
0.2282	0.2234	0.2138	0.2355
0.3026	0.3019	0.2955	0.3536
0.3088	0.306	0.3003	0.3794
0.2863	0.2704	0.2683	0.4082
0.2854	0.2765	0.2713	0.4192
0.328	0.3362	0.3246	0.3489
0.3035	0.3178	0.2938	0.311
0.3009	0.3093	0.2964	0.4002
0.3225	0.324	0.3133	0.4276
0.2948	0.311	0.2899	0.4194
0.2577	0.2423	0.2314	0.3365
0.2496	0.2427	0.2366	0.2463
0.2827	0.2829	0.2741	0.3753
0.3366	0.3803	0.3331	0.3493
0.3219	0.3243	0.3173	0.3296
0.3132	0.3291	0.3069	0.4031
0.3078	0.3	0.2959	0.3079
0.2569	0.264	0.2529	0.3343
0.292	0.2897	0.2786	0.379
0.2814	0.2803	0.2728	0.2997
0.3209	0.3303	0.3183	0.4208
0.313	0.3483	0.3082	0.3501
0.3033	0.3082	0.2958	0.3434
0.2659	0.2358	0.2319	0.3979
0.2974	0.3143	0.295	0.3931
0.3133	0.3243	0.3092	0.3713
0.2553	0.2507	0.2372	0.4058
0.2978	0.3015	0.294	0.3668
0.2555	0.2433	0.2393	0.3607
0.3005	0.3238	0.2935	0.3069
0.3138	0.3312	0.3096	0.3622
0.3225	0.3304	0.3196	0.4045
0.2819	0.2825	0.2717	0.3862
0.2714	0.2754	0.2656	0.3836
0.2985	0.3072	0.2907	0.4018
0.2968	0.3045	0.2903	0.4251
0.2933	0.2895	0.2845	0.3082
0.2723	0.2779	0.2612	0.4408
0.2604	0.2443	0.2389	0.344
0.2368	0.2244	0.2218	0.2879
0.2954	0.3027	0.2926	0.3963
0.2708	0.2692	0.2623	0.334
0.3083	0.3373	0.3049	0.4036
0.3186	0.322	0.3155	0.3468
0.2823	0.2783	0.2709	0.4024
0.3183	0.3226	0.3159	0.3262
0.2922	0.2825	0.2799	0.3677
0.3082	0.3203	0.3066	0.3635
0.2796	0.2695	0.2649	0.3131
0.3138	0.311	0.3026	0.3873
0.2948	0.2955	0.2853	0.3797
0.3304	0.342	0.3262	0.3987
0.2819	0.2823	0.2715	0.4001
0.2863	0.2464	0.2465	0.3548
0.2687	0.249	0.2455	0.2856
0.2759	0.2758	0.2719	0.3218
0.2373	0.2249	0.2169	0.2192
0.3082	0.321	0.305	0.3511
0.3325	0.347	0.3288	0.3431
0.2046	0.1477	0.1474	0.3203
0.3099	0.3261	0.3051	0.3373
0.2954	0.274	0.2702	0.3312
0.2793	0.2576	0.2558	0.42
0.2817	0.2768	0.2668	0.3901
0.2763	0.2525	0.2462	0.2929
0.2848	0.2988	0.2743	0.3812
0.2872	0.316	0.2778	0.4208
0.2826	0.2752	0.2654	0.425
0.3158	0.3232	0.3132	0.3948
0.3027	0.3119	0.301	0.3274
0.3236	0.3384	0.322	0.3645
0.2345	0.2112	0.2042	0.3069
0.3013	0.3042	0.2999	0.3477
0.2764	0.2699	0.2646	0.3705
0.2966	0.3081	0.2962	0.3766
0.2958	0.2901	0.2835	0.3863
0.2827	0.2907	0.279	0.3816
0.1691	0.1515	0.1398	0.1666
0.2823	0.2832	0.272	0.3425
0.2848	0.2865	0.2773	0.3652
0.289	0.2758	0.2723	0.2974
0.249	0.2272	0.2232	0.3553
0.325	0.324	0.3176	0.363
0.302	0.304	0.2954	0.4257
0.2053	0.1816	0.1787	0.3406
0.2464	0.2371	0.2272	0.2242
0.3227	0.3205	0.3078	0.3975
0.3043	0.3074	0.2957	0.3729
0.2718	0.2685	0.2664	0.3297
0.2875	0.29	0.2778	0.3988
0.3096	0.3167	0.3036	0.3733
0.2507	0.2512	0.2425	0.4032
0.3305	0.3694	0.3302	0.3981
0.3122	0.3029	0.299	0.3611
0.3114	0.3204	0.3066	0.337
0.2858	0.2874	0.2791	0.4038
0.2992	0.3023	0.2958	0.3194
0.2875	0.2997	0.2806	0.4389
0.2975	0.2866	0.2817	0.3396
0.278	0.2723	0.2592	0.3812
0.2916	0.295	0.2847	0.3931
0.3207	0.312	0.308	0.3872
0.2969	0.2925	0.2915	0.4003
0.2794	0.2737	0.2721	0.3426
0.3058	0.2927	0.287	0.3487
0.249	0.2337	0.2319	0.418
0.2644	0.2602	0.2534	0.2726
0.2884	0.2811	0.2806	0.2817
0.3169	0.3193	0.302	0.3847
0.3149	0.3085	0.3	0.3972
0.2875	0.2972	0.2758	0.3572
0.2519	0.229	0.2233	0.2682
0.2683	0.2581	0.2491	0.3906
0.3051	0.3126	0.2999	0.4433
0.3184	0.2913	0.2891	0.4045
0.277	0.2697	0.2585	0.3816
0.2372	0.2392	0.2288	0.3321
0.3083	0.3145	0.2999	0.4184
0.245	0.2426	0.2342	0.3885
0.3134	0.3255	0.3104	0.3213
0.2976	0.3031	0.2894	0.3
0.2646	0.2718	0.254	0.3472
0.2794	0.2647	0.2622	0.3477
0.3104	0.3234	0.3076	0.4151
0.2867	0.2824	0.2728	0.3062
0.3071	0.3101	0.3014	0.3743
0.2843	0.2636	0.258	0.3788
0.2959	0.3045	0.2907	0.3924
0.291	0.2934	0.2806	0.3207
0.275	0.2772	0.2649	0.3386
0.2996	0.306	0.2964	0.3455
0.2536	0.242	0.2354	0.2909
0.279	0.272	0.2626	0.4055
0.2268	0.228	0.2184	0.3549
0.2808	0.2832	0.2722	0.3397
0.3188	0.3224	0.3101	0.3649
0.3175	0.3227	0.3089	0.3526
0.2661	0.2633	0.2548	0.4288
0.3192	0.3238	0.3146	0.3855
0.2577	0.244	0.2391	0.246
0.3128	0.3052	0.3046	0.4273
0.3073	0.3027	0.3007	0.4167
0.2689	0.2656	0.2551	0.2926
0.2949	0.3031	0.2925	0.3728
0.3273	0.3851	0.3245	0.347
0.2729	0.2758	0.2601	0.3642
0.302	0.3074	0.2941	0.3859
0.3193	0.3399	0.3088	0.3709
0.2527	0.2505	0.2367	0.2394
0.299	0.2956	0.2928	0.31
0.3127	0.3146	0.3093	0.3878
0.2795	0.2756	0.2664	0.3485
0.306	0.3069	0.2979	0.3689
0.2858	0.2891	0.2747	0.3409
0.3029	0.3203	0.298	0.4083
0.3096	0.3169	0.3052	0.3795
0.2688	0.2658	0.2584	0.3874
0.3179	0.3209	0.3148	0.4017
0.3174	0.3234	0.3124	0.4102
0.3027	0.3116	0.3	0.376
0.2864	0.2799	0.2759	0.3409
0.2455	0.2522	0.2373	0.2635
0.2583	0.2554	0.2476	0.3107
0.2898	0.2937	0.2878	0.3359
0.3188	0.329	0.3155	0.3777
0.2861	0.2807	0.2735	0.392
0.3165	0.3334	0.3121	0.3874
0.2637	0.275	0.2606	0.4409
0.3141	0.3149	0.3105	0.3826
0.294	0.2984	0.2921	0.3612
0.2881	0.2879	0.2841	0.3903
0.2448	0.2436	0.2318	0.3519
0.2663	0.2532	0.2529	0.2976
0.2242	0.2115	0.2052	0.3632
0.3332	0.3404	0.3294	0.3606
0.2891	0.302	0.2819	0.3311
0.2608	0.264	0.2499	0.3116
0.2853	0.2799	0.2739	0.3378
0.219	0.2038	0.1943	0.2206
0.2965	0.3034	0.2951	0.3542
0.2873	0.2884	0.2828	0.2928
0.3179	0.321	0.3102	0.3577
0.2773	0.2756	0.2712	0.3573
0.3159	0.3249	0.311	0.405
0.2759	0.2571	0.2495	0.2986
0.2995	0.2923	0.2908	0.3281
0.3141	0.3279	0.3118	0.4067
0.2835	0.2644	0.2586	0.4077
0.2222	0.2177	0.2036	0.2135
0.2851	0.2932	0.284	0.4093
0.3185	0.3198	0.3136	0.4042
0.2869	0.2695	0.2643	0.3955
0.2866	0.2721	0.2685	0.3479
0.3137	0.3221	0.3101	0.3893
0.3224	0.3283	0.3205	0.3999
0.3237	0.3479	0.3143	0.3602
0.3093	0.3229	0.3088	0.3927
0.2792	0.2928	0.2731	0.3004
0.2565	0.2499	0.2473	0.2579
0.2848	0.2913	0.2698	0.4119
0.2977	0.293	0.2841	0.3904
0.2274	0.1775	0.1778	0.2756
0.3262	0.3641	0.3253	0.3637
0.2804	0.2799	0.2742	0.3536
0.3007	0.3091	0.2915	0.4238
0.3265	0.3501	0.3258	0.4235
0.282	0.2825	0.2771	0.3693
0.2991	0.3029	0.2959	0.4057
0.2884	0.2907	0.2808	0.2912
0.324	0.3262	0.3155	0.4156
0.3122	0.3075	0.2995	0.4288
0.291	0.3002	0.2772	0.411
0.3093	0.3154	0.2868	0.3638
0.2576	0.236	0.2324	0.3681
0.2852	0.28	0.2727	0.3937
0.3063	0.3005	0.2978	0.3096
0.3058	0.3137	0.2986	0.3284
0.3031	0.3073	0.2919	0.3536
0.2656	0.2796	0.2634	0.3558
0.3019	0.3066	0.2985	0.361
0.3092	0.3156	0.3056	0.4081
0.28	0.2561	0.251	0.2878
0.2863	0.2789	0.2738	0.2766
0.3071	0.3072	0.2996	0.3749
0.2396	0.238	0.2315	0.2378
0.2963	0.2989	0.2863	0.378
0.2924	0.313	0.2865	0.4387
0.2781	0.2805	0.271	0.3322
0.308	0.3301	0.3037	0.3161
0.2796	0.281	0.2686	0.3346
0.2985	0.2981	0.2925	0.3465
0.2836	0.2836	0.2801	0.351
0.2857	0.2783	0.2676	0.3345
0.264	0.2565	0.2547	0.2754
0.3116	0.3132	0.3025	0.3707
0.288	0.2748	0.2717	0.3454
0.2533	0.2205	0.2187	0.2929
0.2603	0.2376	0.2294	0.3461
0.3376	0.3498	0.3316	0.3673
0.2701	0.282	0.2615	0.3695
0.3216	0.3405	0.3204	0.4132
0.2859	0.288	0.2798	0.313
0.2358	0.2267	0.2209	0.2835
0.3221	0.3097	0.3046	0.3688
0.3245	0.3458	0.3244	0.3636
0.278	0.2888	0.2754	0.3411
0.2888	0.2828	0.279	0.4117
0.2731	0.2506	0.2499	0.2943
0.2812	0.2442	0.2417	0.2983
0.3065	0.3068	0.3007	0.3505
0.2939	0.3148	0.2848	0.3356
0.3136	0.3225	0.3104	0.4367
0.3027	0.3128	0.2956	0.3638
0.2844	0.2815	0.271	0.3891
0.3156	0.344	0.3133	0.3684
0.2954	0.3008	0.2871	0.3525
0.2984	0.2766	0.2736	0.3349
0.2276	0.2247	0.2087	0.2876
0.3218	0.3137	0.3037	0.3697
0.3139	0.3773	0.3094	0.3105
0.2146	0.1865	0.1848	0.268
0.2229	0.206	0.2038	0.2496
0.3092	0.3242	0.3079	0.3823
0.2551	0.2602	0.2509	0.3838
0.2966	0.3098	0.2954	0.3455
0.2979	0.2876	0.2819	0.3993
0.3252	0.3856	0.3213	0.337
0.3246	0.3218	0.312	0.401
0.2719	0.2788	0.2646	0.3953
0.2841	0.295	0.2768	0.4416
0.2875	0.2842	0.2815	0.3066
0.2838	0.2881	0.2752	0.3598
0.2962	0.2916	0.2834	0.3386
0.2675	0.2594	0.2457	0.3516
0.3149	0.3425	0.3043	0.4232
0.3098	0.3143	0.3062	0.4233
0.2802	0.2894	0.2753	0.3649
0.1656	0.1535	0.1478	0.1472
0.3069	0.3104	0.3009	0.3763
0.2659	0.2581	0.2484	0.2694
0.2955	0.2937	0.2884	0.3098
0.2394	0.2164	0.2154	0.3152
0.3018	0.3119	0.3001	0.3785
0.2929	0.2865	0.2786	0.3778
0.2954	0.2849	0.2835	0.3854
0.2631	0.2614	0.2568	0.3226
0.3	0.3098	0.2948	0.3853
0.2823	0.2905	0.2752	0.4363
0.2869	0.2897	0.2799	0.3745
0.2518	0.2523	0.2405	0.2666
0.2835	0.2783	0.2716	0.2956
0.321	0.3252	0.3186	0.3697
0.3027	0.3069	0.297	0.3342
0.2675	0.2585	0.2517	0.2689
0.3073	0.2978	0.2902	0.4187
0.2999	0.2956	0.286	0.3621
0.3061	0.3278	0.3057	0.3865
0.283	0.2785	0.2659	0.4234
0.3311	0.3349	0.3193	0.4101
0.2868	0.2772	0.2693	0.3438
0.3055	0.3073	0.3002	0.3542
0.2937	0.265	0.2643	0.3045
0.2239	0.2146	0.2102	0.2896
0.2629	0.2645	0.2597	0.3545
0.2482	0.242	0.2356	0.2407
0.2922	0.3012	0.2907	0.3447
0.3007	0.3047	0.2947	0.4007
0.2739	0.2774	0.2686	0.3574
0.3087	0.3021	0.295	0.3286
0.2969	0.3041	0.2906	0.3535
0.3192	0.3257	0.3132	0.3451
0.3181	0.3299	0.3149	0.3653
0.272	0.2707	0.2641	0.3703
0.2381	0.2283	0.2211	0.3362
0.3193	0.3323	0.3179	0.4443
0.3085	0.3072	0.3011	0.3551
0.3158	0.3378	0.3015	0.3579
0.2969	0.2985	0.2857	0.4147
0.2719	0.2695	0.2611	0.2706
0.2761	0.2633	0.2569	0.3917
0.2765	0.2736	0.2706	0.2842
0.2774	0.2751	0.2681	0.3686
0.1678	0.1523	0.1502	0.1486
0.3047	0.3063	0.2954	0.402
0.3002	0.3138	0.2988	0.3349
0.3255	0.334	0.3162	0.3879
0.319	0.3256	0.3175	0.3591
0.3279	0.3647	0.3268	0.3981
0.2783	0.2893	0.2725	0.3797
0.3081	0.3179	0.3032	0.3294
0.2801	0.294	0.2711	0.3191
0.3099	0.3177	0.2947	0.3863
0.3129	0.3321	0.3122	0.3607
0.2689	0.2655	0.2601	0.3323
0.2992	0.309	0.297	0.3357
0.2793	0.2831	0.2756	0.3016
0.3043	0.2925	0.2884	0.3387
0.3063	0.2956	0.2901	0.3878
0.2863	0.2892	0.2747	0.3461
0.2544	0.2499	0.2372	0.2375
0.278	0.2649	0.2589	0.3173
0.2992	0.3013	0.2901	0.384
0.3068	0.3171	0.3033	0.4276
0.3053	0.3129	0.2974	0.4138
0.2855	0.2888	0.2819	0.3212
0.3307	0.3209	0.3144	0.4337
0.271	0.2431	0.24	0.3872
0.2987	0.2942	0.29	0.318
0.2458	0.2327	0.2285	0.3899
0.2946	0.2935	0.2853	0.3578
0.2489	0.2454	0.2322	0.2671
0.2964	0.3046	0.2937	0.3733
0.2536	0.2509	0.2459	0.2896
0.3037	0.3144	0.2999	0.3837
0.2931	0.2949	0.2854	0.347
0.2961	0.2768	0.2727	0.3605
0.2766	0.2764	0.2675	0.4102
0.2946	0.2999	0.2886	0.4177
0.2915	0.2825	0.2796	0.3576
0.3142	0.3159	0.3105	0.3793
0.292	0.3072	0.2891	0.3775
0.2919	0.278	0.2749	0.3494
0.2867	0.2881	0.28	0.3724
0.2821	0.2809	0.2706	0.3961
0.2987	0.3	0.2914	0.3124
0.3076	0.3138	0.3038	0.3475
0.3186	0.32	0.3137	0.376
0.2627	0.2416	0.2349	0.3397
0.284	0.28	0.274	0.3927
0.2857	0.2561	0.2532	0.3119
0.2673	0.283	0.2539	0.3697
0.2998	0.3092	0.2994	0.3869
0.2739	0.26	0.2516	0.3507
0.2428	0.2126	0.2085	0.2578
0.2977	0.2963	0.2912	0.3927
0.3283	0.361	0.3206	0.3458
0.2622	0.2592	0.2502	0.2856
0.2947	0.2855	0.2785	0.3233
0.2966	0.2914	0.2766	0.3938
0.2186	0.228	0.2179	0.4398
0.2445	0.248	0.2353	0.3915
0.2976	0.3031	0.2934	0.3475
0.3014	0.2985	0.2921	0.3324
0.3117	0.3351	0.3084	0.348
0.3309	0.3415	0.3228	0.3771
0.3109	0.3283	0.3089	0.3818
0.2855	0.2883	0.2803	0.3121
0.2656	0.2661	0.2542	0.3268
0.3049	0.32	0.301	0.3752
0.2063	0.158	0.1572	0.3845
0.3021	0.2825	0.2747	0.4066
0.2852	0.279	0.2745	0.2731
0.2191	0.1906	0.1861	0.2558
0.2336	0.2345	0.2267	0.29
0.3128	0.3279	0.3115	0.3257
0.2999	0.2911	0.2884	0.3746
0.334	0.3382	0.3277	0.3744
0.3043	0.302	0.2952	0.3246
0.2733	0.2763	0.2658	0.3195
0.3004	0.3087	0.2991	0.348
0.2674	0.2765	0.2638	0.4458
0.2637	0.2525	0.2508	0.445
0.3015	0.3112	0.2964	0.4023
0.2614	0.2666	0.2564	0.4336
0.3147	0.3148	0.312	0.3639
0.265	0.2686	0.2512	0.358
