0.0109	0.0089	0.0081	0.0647
0.0193	0.021	0.0173	0.0873
0.0123	0.012	0.0111	0.0662
0.0298	0.0331	0.0285	0.2007
0.0299	0.0232	0.0231	0.1619
0.027	0.0238	0.0233	0.1937
0.0222	0.0195	0.0188	0.1369
0.0145	0.0149	0.0138	0.1118
0.0172	0.0191	0.0165	0.1483
0.0195	0.0164	0.0153	0.0843
0.021	0.0195	0.0181	0.1073
0.0138	0.015	0.0132	0.108
0.0126	0.0126	0.0121	0.0706
0.0225	0.0209	0.0188	0.1052
0.0286	0.0249	0.0233	0.1442
0.0198	0.0164	0.0161	0.1226
0.0287	0.0287	0.0255	0.2016
0.0285	0.0302	0.0263	0.1949
0.0244	0.0269	0.024	0.1859
0.026	0.0301	0.0245	0.1648
0.0227	0.0246	0.0205	0.1302
0.0287	0.0308	0.0271	0.1797
0.0211	0.0181	0.0176	0.1065
0.023	0.0233	0.0219	0.1456
0.0259	0.0279	0.025	0.2024
0.0285	0.0346	0.0282	0.2385
0.0448	0.0417	0.0391	0.2753
0.0376	0.0398	0.037	0.2109
0.0187	0.0219	0.0182	0.1011
0.0242	0.0247	0.0239	0.1129
0.02	0.0144	0.0143	0.0906
0.0095	0.0097	0.0084	0.0387
0.0201	0.0177	0.017	0.0986
0.0129	0.0114	0.0106	0.1065
0.0417	0.0481	0.0417	0.2716
0.0272	0.0246	0.0228	0.1796
0.0277	0.0321	0.0272	0.1722
0.0266	0.0271	0.0259	0.1145
0.0267	0.0277	0.0246	0.159
0.0331	0.0337	0.0312	0.1987
0.0327	0.0376	0.0325	0.1831
0.0184	0.015	0.0147	0.0922
0.0173	0.0161	0.0145	0.079
0.0275	0.0305	0.0269	0.1634
0.0164	0.0174	0.0161	0.0892
0.0128	0.0127	0.0122	0.1183
0.0275	0.0311	0.026	0.1963
0.0359	0.04	0.0352	0.2354
0.0237	0.0245	0.0221	0.2005
0.0252	0.0235	0.022	0.1836
0.0161	0.0166	0.0156	0.0946
0.031	0.0367	0.0309	0.2046
0.026	0.0216	0.0204	0.155
0.0283	0.0272	0.0259	0.1807
0.0221	0.0221	0.0216	0.1643
0.0252	0.0314	0.0248	0.1404
0.0201	0.0209	0.0192	0.1407
0.0245	0.0268	0.0241	0.226
0.0255	0.0222	0.0206	0.1632
0.0135	0.0137	0.0129	0.0865
0.0296	0.0293	0.0278	0.2203
0.0164	0.0171	0.0161	0.121
0.0339	0.0415	0.0337	0.2456
0.0202	0.0182	0.0176	0.1204
0.0296	0.0322	0.0294	0.1797
0.0248	0.0293	0.0242	0.1364
0.0181	0.0165	0.0153	0.0853
0.0202	0.0205	0.0193	0.1289
0.0313	0.0376	0.031	0.2105
0.0288	0.0257	0.025	0.1485
0.0301	0.0268	0.0246	0.2074
0.0188	0.0193	0.0181	0.1585
0.0338	0.0357	0.0331	0.1798
0.0276	0.0327	0.0273	0.1656
0.035	0.0365	0.0333	0.2158
0.0397	0.04	0.0384	0.2335
0.0048	0.0042	0.0039	0.0269
0.0352	0.0428	0.0352	0.29
0.0444	0.042	0.0392	0.2672
0.0289	0.0316	0.0278	0.1662
0.0226	0.0211	0.02	0.1293
0.0253	0.0287	0.025	0.1226
0.0346	0.0386	0.0326	0.1955
0.0348	0.043	0.0348	0.2851
0.0276	0.0219	0.0216	0.1847
0.029	0.0375	0.0289	0.1966
0.0284	0.0264	0.024	0.1723
0.0208	0.0226	0.0198	0.1126
0.0278	0.0343	0.0274	0.1941
0.0117	0.0115	0.0112	0.111
0.0183	0.0219	0.0183	0.1636
0.0227	0.0244	0.0218	0.1686
0.0247	0.0231	0.0224	0.1744
0.026	0.0228	0.0221	0.1522
0.0384	0.041	0.0383	0.2448
0.0314	0.0365	0.0313	0.1809
0.0228	0.0243	0.0225	0.1071
0.0067	0.0062	0.0058	0.0292
0.0334	0.0393	0.0333	0.1879
0.0328	0.0386	0.0318	0.2267
0.0159	0.015	0.0147	0.1186
0.0286	0.0275	0.0251	0.163
0.0268	0.0292	0.0251	0.2039
0.0373	0.0396	0.0363	0.2111
0.0282	0.0297	0.0263	0.2196
0.0296	0.035	0.029	0.2103
0.0409	0.0449	0.0397	0.2894
0.0246	0.0215	0.02	0.1532
0.0328	0.0389	0.0328	0.2299
0.0266	0.0223	0.0204	0.1395
0.0377	0.0383	0.0361	0.2047
0.0242	0.0241	0.0217	0.1775
0.0254	0.0261	0.0245	0.2108
0.0075	0.0084	0.0073	0.0354
0.0221	0.0204	0.0187	0.1136
0.0276	0.0217	0.0215	0.2024
0.0394	0.0417	0.0394	0.259
0.0282	0.0259	0.0253	0.1951
0.038	0.0425	0.0379	0.2429
0.0107	0.0108	0.01	0.0583
0.0266	0.0286	0.0247	0.2081
0.0203	0.018	0.0179	0.1526
0.0275	0.0352	0.0274	0.1805
0.0297	0.0376	0.029	0.2024
0.0267	0.0257	0.0236	0.1749
0.0294	0.0324	0.0279	0.2102
0.0129	0.0101	0.0098	0.0482
0.0393	0.0438	0.0374	0.2534
0.0267	0.0269	0.0244	0.1616
0.0253	0.0238	0.023	0.1628
0.0256	0.026	0.0233	0.173
0.0217	0.019	0.0184	0.1119
0.0271	0.0329	0.027	0.1568
0.033	0.0377	0.0325	0.2014
0.0246	0.0298	0.0238	0.1355
0.0273	0.0321	0.0269	0.2213
0.0266	0.0325	0.0262	0.1832
0.0241	0.023	0.0205	0.1365
0.0353	0.0428	0.0352	0.282
0.0276	0.0278	0.025	0.1861
0.0227	0.0203	0.0194	0.1086
0.0144	0.0163	0.0143	0.131
0.0196	0.0195	0.0187	0.1502
0.024	0.0218	0.0206	0.1324
0.0323	0.0297	0.0286	0.1643
0.0171	0.0145	0.0143	0.0745
0.0303	0.0338	0.03	0.1744
0.0143	0.0112	0.0109	0.059
0.0316	0.037	0.0315	0.1988
0.0374	0.042	0.0365	0.2395
0.0351	0.0406	0.0349	0.25
0.0084	0.0077	0.0074	0.0398
0.0248	0.0222	0.0214	0.156
0.0245	0.028	0.0234	0.1366
0.0244	0.0204	0.0199	0.1473
0.0281	0.0299	0.0267	0.1748
0.0293	0.034	0.0292	0.188
0.0127	0.0115	0.0111	0.0705
0.0265	0.0227	0.0223	0.1984
0.0254	0.0203	0.0201	0.173
0.0164	0.0162	0.0151	0.1292
0.0219	0.0201	0.0197	0.1773
0.0239	0.0194	0.0192	0.1375
0.0367	0.0382	0.0348	0.179
0.021	0.021	0.0196	0.0846
0.0428	0.0404	0.0395	0.2529
0.0376	0.0388	0.0375	0.2285
0.0247	0.0255	0.0234	0.1967
0.0359	0.0406	0.0358	0.2053
0.0116	0.0136	0.0111	0.0759
0.0251	0.0254	0.0229	0.145
0.0269	0.0258	0.0248	0.2029
0.0252	0.0211	0.0203	0.1676
0.0345	0.0379	0.0344	0.1878
0.0258	0.0303	0.0256	0.1473
0.0245	0.0227	0.021	0.1109
0.0248	0.0245	0.0224	0.1854
0.0253	0.0302	0.0246	0.1399
0.0133	0.0147	0.0122	0.0976
0.0235	0.0204	0.0196	0.1392
0.018	0.0206	0.0177	0.1445
0.0124	0.012	0.0113	0.09
0.0331	0.0387	0.0319	0.2237
0.0442	0.0428	0.0387	0.249
0.0331	0.0399	0.033	0.2503
0.0311	0.0283	0.027	0.2074
0.0325	0.039	0.0324	0.2335
0.0341	0.0355	0.034	0.2092
0.0207	0.0161	0.0158	0.0971
0.0271	0.0244	0.0231	0.1639
0.0385	0.0425	0.0384	0.2234
0.019	0.02	0.0184	0.1219
0.0266	0.0279	0.0244	0.1237
0.0317	0.0374	0.0314	0.2378
0.0187	0.0223	0.0174	0.1549
0.0216	0.0237	0.0213	0.0948
0.0287	0.037	0.0286	0.2198
0.0225	0.0265	0.0223	0.1334
0.0448	0.0394	0.0374	0.2363
0.0238	0.0213	0.0209	0.1645
0.0197	0.0188	0.0175	0.1284
0.0284	0.0346	0.0281	0.2017
0.0291	0.0278	0.0268	0.204
0.0269	0.0294	0.0252	0.1981
0.0301	0.0306	0.0299	0.1454
0.0307	0.0349	0.0296	0.2299
0.0258	0.0298	0.025	0.1546
0.0182	0.0184	0.0174	0.1357
0.027	0.0302	0.0253	0.169
0.0277	0.0282	0.0272	0.2209
0.0262	0.0289	0.0259	0.1352
0.0357	0.0357	0.0337	0.1985
0.0279	0.0262	0.0233	0.1715
0.0253	0.0251	0.0234	0.2212
0.029	0.027	0.025	0.2057
0.0364	0.0414	0.0358	0.2352
0.0354	0.04	0.0353	0.2189
0.0431	0.0435	0.0401	0.2945
0.0288	0.0268	0.0252	0.2009
0.0259	0.026	0.0235	0.1574
0.0237	0.0253	0.0218	0.2013
0.0265	0.0228	0.0226	0.1652
0.0252	0.0231	0.0222	0.1409
0.0263	0.0314	0.0259	0.1439
0.0149	0.0125	0.0116	0.0586
0.0323	0.0419	0.0322	0.2682
0.0365	0.0392	0.0354	0.2431
0.0268	0.0251	0.0236	0.1683
0.0161	0.0158	0.0155	0.1233
0.0179	0.0184	0.0166	0.1386
0.0247	0.026	0.0232	0.2122
0.025	0.0251	0.0223	0.1802
0.024	0.0226	0.0212	0.141
0.0247	0.026	0.0224	0.1401
0.0155	0.0177	0.0152	0.1291
0.0218	0.0197	0.0188	0.1384
0.0309	0.0366	0.0305	0.2433
0.0262	0.0221	0.0209	0.1797
0.0282	0.0275	0.0246	0.1703
0.0347	0.0364	0.0346	0.1869
0.0247	0.0232	0.0199	0.1553
0.0276	0.0279	0.0239	0.133
0.0259	0.0305	0.0254	0.1439
0.0289	0.0328	0.0286	0.156
0.0427	0.0415	0.0378	0.2176
0.0399	0.0422	0.0368	0.2438
0.0329	0.0368	0.032	0.181
0.0302	0.0312	0.0285	0.2226
0.0255	0.0219	0.0215	0.165
0.0273	0.0229	0.0226	0.2043
0.013	0.0141	0.0127	0.1408
0.0233	0.0268	0.022	0.1193
0.0303	0.0273	0.025	0.113
0.026	0.0306	0.0256	0.2029
0.029	0.03	0.0276	0.2043
0.0263	0.0283	0.026	0.1223
0.0359	0.0386	0.0355	0.1875
0.0267	0.027	0.0255	0.1785
0.0249	0.0236	0.0218	0.1581
0.0323	0.043	0.0322	0.2325
0.0367	0.0422	0.0365	0.257
0.0334	0.0401	0.0332	0.2258
0.0267	0.0233	0.0225	0.1807
0.0319	0.0322	0.0313	0.1567
0.0237	0.0206	0.0202	0.152
0.0279	0.0212	0.0197	0.1549
0.0274	0.0271	0.0253	0.1913
0.0295	0.0379	0.0294	0.205
0.0304	0.0336	0.0302	0.1689
0.0358	0.0408	0.0357	0.2082
0.0337	0.0376	0.0318	0.207
0.0376	0.0446	0.0376	0.2531
0.0332	0.0428	0.0331	0.28
0.0233	0.0188	0.0185	0.1199
0.028	0.0272	0.0259	0.1759
0.0198	0.0218	0.019	0.1289
0.0423	0.0451	0.0403	0.2818
0.027	0.0258	0.0235	0.1526
0.03	0.025	0.0238	0.1837
0.0218	0.0206	0.0183	0.1285
0.0313	0.0409	0.0312	0.2303
0.0372	0.0433	0.0371	0.2507
0.0299	0.03	0.0267	0.1879
0.0189	0.016	0.0158	0.0883
0.0343	0.0334	0.0327	0.1927
0.0272	0.027	0.0254	0.209
0.0334	0.039	0.0332	0.2077
0.02	0.0191	0.0188	0.1573
0.0363	0.0418	0.0362	0.256
0.0313	0.0372	0.0307	0.2215
0.0326	0.0337	0.0308	0.1797
0.0267	0.0227	0.0221	0.1791
0.0088	0.0081	0.0079	0.0546
0.0196	0.018	0.0174	0.1266
0.0296	0.0266	0.0244	0.18
0.0335	0.0391	0.0323	0.2086
0.0265	0.0267	0.0254	0.1841
0.0329	0.0399	0.0327	0.216
0.0243	0.0289	0.0237	0.1297
0.0275	0.0278	0.0241	0.2104
0.022	0.0189	0.0181	0.1293
0.0239	0.0175	0.0171	0.116
0.0435	0.0427	0.04	0.2676
0.037	0.0388	0.0369	0.2165
0.0257	0.0233	0.0227	0.1873
0.0375	0.0464	0.0375	0.2738
0.0286	0.0335	0.0283	0.1547
0.0403	0.0421	0.0399	0.2498
0.0276	0.0259	0.0226	0.1368
0.027	0.0261	0.0256	0.1873
0.0253	0.0217	0.0214	0.187
0.0162	0.0196	0.0162	0.1509
0.0187	0.019	0.0184	0.0793
0.0261	0.0232	0.0222	0.1931
0.0338	0.0375	0.0336	0.2162
0.0386	0.0439	0.0385	0.2283
0.0259	0.0265	0.0246	0.2034
0.0377	0.0405	0.0349	0.2158
0.0247	0.0286	0.0246	0.1547
0.021	0.0228	0.0207	0.1492
0.0357	0.0395	0.0339	0.2332
0.0231	0.0262	0.0228	0.1626
0.0267	0.0276	0.0253	0.2193
0.03	0.0328	0.0277	0.1923
0.0331	0.0391	0.0325	0.2398
0.0299	0.038	0.0298	0.2317
0.0248	0.0254	0.023	0.1487
0.0268	0.0297	0.0259	0.2256
0.0277	0.0255	0.0249	0.1699
0.0165	0.0144	0.0142	0.0913
0.0281	0.0277	0.0245	0.1811
0.0264	0.0273	0.0246	0.19
0.0238	0.0235	0.0228	0.2268
0.0219	0.0193	0.0186	0.1327
0.0411	0.0424	0.0394	0.258
0.042	0.0451	0.04	0.2641
0.0292	0.0315	0.027	0.1804
0.0217	0.0272	0.0215	0.1455
0.0261	0.0274	0.025	0.142
0.0284	0.0317	0.028	0.2172
0.0286	0.031	0.0273	0.1494
0.0282	0.0322	0.0274	0.1894
0.0287	0.0334	0.0277	0.1689
0.0289	0.034	0.028	0.2048
0.0229	0.0238	0.0213	0.1202
0.0315	0.0371	0.0299	0.2117
0.0104	0.0093	0.0088	0.045
0.0075	0.0054	0.0054	0.0443
0.0276	0.0312	0.026	0.1742
0.0248	0.0224	0.0216	0.1897
0.0324	0.0376	0.0313	0.1923
0.042	0.0435	0.0398	0.2514
0.0164	0.0182	0.0148	0.1012
0.027	0.0285	0.0262	0.211
0.0247	0.0221	0.0211	0.1183
0.027	0.0205	0.0197	0.1411
0.0325	0.0331	0.0323	0.1961
0.0268	0.0281	0.0255	0.122
0.0243	0.0222	0.0218	0.1763
0.0274	0.034	0.0272	0.2267
0.0271	0.034	0.0268	0.1842
0.0384	0.0405	0.0352	0.2154
0.0224	0.0228	0.0197	0.1105
0.0267	0.0234	0.0228	0.1643
0.0311	0.0358	0.0311	0.2038
0.0134	0.0111	0.0107	0.0609
0.0134	0.0115	0.0114	0.0955
0.0292	0.0305	0.0265	0.2082
0.0267	0.0225	0.0223	0.1488
0.0232	0.0196	0.0187	0.117
0.036	0.038	0.0349	0.226
0.0413	0.0402	0.037	0.254
0.026	0.0283	0.0245	0.1872
0.0259	0.0326	0.0256	0.1621
0.0289	0.0267	0.0246	0.1651
0.0208	0.017	0.0164	0.0952
0.0253	0.0252	0.0242	0.225
0.0235	0.0199	0.0196	0.1291
0.0206	0.0184	0.0167	0.1038
0.0355	0.0407	0.0351	0.2233
0.0264	0.027	0.0245	0.1239
0.0279	0.022	0.0207	0.1474
0.0281	0.0284	0.0255	0.2048
0.0424	0.0458	0.0399	0.2994
0.017	0.0201	0.0165	0.1554
0.0289	0.0332	0.0272	0.2109
0.0101	0.0094	0.0092	0.0561
0.0257	0.0226	0.0217	0.1632
0.032	0.036	0.0303	0.193
0.0354	0.0404	0.035	0.2063
0.0181	0.019	0.0162	0.0857
0.0322	0.0407	0.0321	0.2269
0.0309	0.0355	0.0303	0.1788
0.0324	0.0411	0.0324	0.2511
0.0186	0.0169	0.0159	0.0863
0.0421	0.0447	0.0401	0.2765
0.0298	0.038	0.0297	0.1952
0.0314	0.0364	0.0314	0.2319
0.0319	0.0309	0.0287	0.1905
0.0205	0.0189	0.0181	0.0976
0.0264	0.025	0.0231	0.1733
0.0454	0.039	0.0376	0.2495
0.0338	0.0378	0.0317	0.1705
0.0136	0.0157	0.0136	0.1381
0.0153	0.0151	0.0146	0.0708
0.026	0.0238	0.0228	0.2065
0.0268	0.0245	0.0238	0.1814
0.0396	0.0419	0.0396	0.2607
0.032	0.0371	0.0317	0.1919
0.0227	0.0253	0.0211	0.1199
0.0278	0.0244	0.0239	0.1699
0.0275	0.0241	0.0234	0.2062
0.0205	0.0192	0.0174	0.0984
0.0354	0.0422	0.0354	0.2841
0.0356	0.0427	0.0353	0.2768
0.0174	0.0142	0.0137	0.0774
0.0382	0.0371	0.0363	0.2489
0.0224	0.0198	0.0191	0.1431
0.0262	0.0239	0.0226	0.147
0.0401	0.0415	0.0396	0.2613
0.0275	0.0271	0.0264	0.2014
0.0321	0.0386	0.0319	0.2165
0.0264	0.0239	0.0234	0.2046
0.0297	0.031	0.0275	0.2077
0.0196	0.0195	0.0181	0.1618
0.02	0.0204	0.0193	0.146
0.0214	0.0192	0.0178	0.1288
0.0113	0.0128	0.0104	0.0885
0.0274	0.0255	0.0242	0.1858
0.01	0.0115	0.0095	0.054
