0.2677	0.2833	0.2635	0.3393
0.2818	0.2981	0.2792	0.2883
0.2548	0.2606	0.2507	0.3874
0.2538	0.2476	0.2384	0.3499
0.2021	0.2019	0.1941	0.212
0.2502	0.234	0.2277	0.3147
0.2628	0.2788	0.2569	0.3631
0.2824	0.3019	0.2809	0.3913
0.2781	0.2895	0.2725	0.3585
0.2456	0.2505	0.2415	0.3308
0.26	0.274	0.2519	0.2931
0.2199	0.2224	0.2102	0.3547
0.2515	0.2636	0.2474	0.3195
0.2819	0.3217	0.281	0.2926
0.2569	0.2526	0.2478	0.2519
0.2674	0.2806	0.2619	0.3282
0.271	0.2841	0.2655	0.396
0.2829	0.2979	0.2768	0.3597
0.2354	0.2344	0.2284	0.3911
0.2367	0.2309	0.222	0.3134
0.2202	0.2182	0.2128	0.2189
0.2662	0.2639	0.2553	0.3419
0.266	0.2676	0.2624	0.2651
0.2258	0.2095	0.2074	0.2266
0.2002	0.1998	0.187	0.2226
0.2599	0.2588	0.2542	0.3346
0.2705	0.2659	0.2608	0.3445
0.2559	0.2369	0.2345	0.3991
0.2554	0.2401	0.2384	0.3646
0.285	0.302	0.2842	0.2946
0.2617	0.2578	0.2551	0.2607
0.2628	0.2784	0.26	0.3366
0.2876	0.2917	0.2804	0.3915
0.2619	0.2798	0.2578	0.3589
0.2251	0.2303	0.2069	0.3369
0.2179	0.2119	0.2066	0.2238
0.2524	0.2511	0.242	0.3586
0.2886	0.3096	0.2866	0.2951
0.2745	0.2736	0.2701	0.2842
0.2781	0.296	0.2731	0.3891
0.2669	0.2571	0.2528	0.271
0.2273	0.23	0.2247	0.3215
0.2577	0.2637	0.2503	0.3749
0.2408	0.2376	0.2312	0.2609
0.2798	0.2966	0.2777	0.3929
0.277	0.2775	0.272	0.2962
0.2644	0.2795	0.2605	0.3012
0.2381	0.2113	0.2049	0.3976
0.2655	0.2827	0.2632	0.3499
0.2727	0.2914	0.2717	0.3349
0.2306	0.234	0.2162	0.3439
0.2603	0.2616	0.2562	0.3403
0.2261	0.214	0.2099	0.3425
0.2533	0.2622	0.248	0.2697
0.2796	0.2992	0.2766	0.3116
0.2816	0.2895	0.2778	0.374
0.2497	0.2542	0.2433	0.329
0.2426	0.2503	0.2392	0.3383
0.2623	0.2759	0.2587	0.3709
0.2632	0.2738	0.258	0.3663
0.2531	0.2507	0.2452	0.2833
0.2444	0.2528	0.2376	0.3745
0.2348	0.2193	0.2144	0.3382
0.2115	0.2037	0.2002	0.2847
0.2641	0.2704	0.2594	0.3419
0.241	0.2394	0.2334	0.3211
0.2694	0.2764	0.2661	0.3681
0.2749	0.2854	0.2714	0.3054
0.2504	0.2443	0.2382	0.3792
0.2701	0.275	0.2676	0.2799
0.2565	0.247	0.2441	0.3502
0.2659	0.27	0.2638	0.3257
0.2462	0.2345	0.2315	0.2934
0.2694	0.2708	0.2649	0.3539
0.2586	0.2603	0.2496	0.3335
0.2864	0.2904	0.2842	0.3673
0.2492	0.2507	0.2397	0.3359
0.2565	0.2146	0.2144	0.3436
0.2333	0.2232	0.2192	0.2765
0.2373	0.2392	0.2333	0.2988
0.206	0.1941	0.1855	0.1921
0.2669	0.2787	0.2629	0.2974
0.2832	0.3036	0.2807	0.3008
0.1913	0.1341	0.1339	0.3182
0.2689	0.2779	0.2647	0.3059
0.2626	0.2415	0.2379	0.3181
0.2479	0.2299	0.2256	0.3634
0.2507	0.2484	0.2376	0.3475
0.2436	0.221	0.2163	0.2843
0.2503	0.2682	0.2449	0.323
0.2571	0.282	0.2514	0.3607
0.2537	0.2496	0.2409	0.386
0.2824	0.29	0.2799	0.34
0.2573	0.2602	0.2535	0.2814
0.2788	0.2949	0.2776	0.3268
0.2145	0.1907	0.1846	0.3043
0.2612	0.2642	0.2589	0.2931
0.2435	0.2399	0.2342	0.3084
0.2538	0.266	0.2535	0.3514
0.263	0.2558	0.2474	0.3607
0.2514	0.2631	0.25	0.3229
0.148	0.1371	0.1257	0.1647
0.246	0.2501	0.2379	0.3121
0.2502	0.2497	0.242	0.3541
0.254	0.2408	0.2369	0.2709
0.2254	0.2051	0.2013	0.3501
0.2824	0.2813	0.2782	0.3358
0.2649	0.2744	0.2619	0.3864
0.192	0.1676	0.1636	0.341
0.2108	0.2065	0.1958	0.198
0.2799	0.2869	0.2717	0.3659
0.2661	0.2776	0.2645	0.3368
0.233	0.2308	0.2273	0.297
0.2526	0.2608	0.2465	0.3364
0.2711	0.2751	0.2649	0.3476
0.2283	0.2292	0.2208	0.3506
0.2895	0.2982	0.2894	0.3561
0.2709	0.2762	0.2605	0.3337
0.2681	0.2787	0.2646	0.3056
0.2518	0.2555	0.2476	0.3385
0.2592	0.261	0.2547	0.2848
0.2577	0.2632	0.2529	0.3817
0.2636	0.2517	0.2474	0.3189
0.2455	0.2463	0.2345	0.3667
0.2601	0.2649	0.2547	0.3525
0.2824	0.2718	0.2684	0.3427
0.2646	0.267	0.2618	0.3638
0.2406	0.2356	0.2339	0.3122
0.268	0.2593	0.2519	0.3193
0.2261	0.2148	0.2125	0.3883
0.2299	0.223	0.2189	0.2419
0.245	0.2366	0.2359	0.2387
0.2809	0.2822	0.266	0.3689
0.2799	0.2725	0.2647	0.3502
0.2541	0.268	0.2462	0.3275
0.226	0.2028	0.1981	0.2579
0.2358	0.2343	0.2228	0.3436
0.2717	0.2794	0.2673	0.3778
0.2822	0.2536	0.2519	0.3674
0.2468	0.2416	0.2309	0.353
0.2075	0.2077	0.2	0.3191
0.2741	0.2832	0.2682	0.3577
0.2207	0.2206	0.2124	0.3319
0.2681	0.2748	0.2641	0.2738
0.2541	0.2624	0.2464	0.2614
0.2344	0.2435	0.2249	0.3406
0.2451	0.2337	0.2286	0.336
0.2742	0.2906	0.2724	0.3864
0.2507	0.2512	0.2398	0.2908
0.2695	0.2698	0.2625	0.3488
0.2541	0.2331	0.227	0.3503
0.2617	0.2747	0.2585	0.3491
0.2549	0.259	0.2455	0.2975
0.2422	0.2524	0.2349	0.3278
0.2595	0.267	0.2562	0.3156
0.2275	0.216	0.21	0.2821
0.2502	0.2438	0.2353	0.3685
0.2051	0.2084	0.1996	0.313
0.2497	0.2527	0.2425	0.3273
0.2799	0.2906	0.2756	0.315
0.2808	0.2906	0.2765	0.2994
0.2387	0.242	0.2312	0.3826
0.2851	0.2912	0.2804	0.3281
0.2242	0.214	0.2085	0.2234
0.2751	0.2654	0.2647	0.3857
0.2704	0.2633	0.2613	0.3726
0.2334	0.2304	0.222	0.2759
0.263	0.2731	0.2611	0.3249
0.2796	0.2807	0.2763	0.3057
0.2397	0.2436	0.2317	0.3631
0.2637	0.2745	0.2585	0.3522
0.2757	0.2941	0.2685	0.3276
0.2179	0.2189	0.2055	0.2158
0.2558	0.2505	0.2485	0.2735
0.2744	0.2761	0.2711	0.331
0.2502	0.2481	0.238	0.2941
0.2694	0.2773	0.2656	0.3201
0.2509	0.2583	0.2406	0.3286
0.2677	0.2894	0.2643	0.3445
0.2703	0.2866	0.2678	0.3447
0.2396	0.2392	0.2334	0.3869
0.2771	0.2868	0.2745	0.3688
0.2782	0.2914	0.2756	0.3594
0.2601	0.2666	0.2565	0.3508
0.247	0.2399	0.2368	0.3102
0.2134	0.2209	0.2062	0.2434
0.2244	0.2221	0.2159	0.2958
0.2498	0.2525	0.2474	0.3043
0.2755	0.292	0.2718	0.3179
0.2557	0.252	0.2452	0.3364
0.2711	0.2802	0.2683	0.3541
0.2379	0.2486	0.2363	0.3746
0.2756	0.2842	0.2744	0.3242
0.2586	0.2653	0.2572	0.3229
0.2563	0.2628	0.2553	0.3575
0.2203	0.2207	0.2102	0.3174
0.2275	0.2167	0.2167	0.271
0.2065	0.1958	0.189	0.3524
0.2849	0.2951	0.282	0.3221
0.2533	0.2679	0.2469	0.3093
0.2266	0.2359	0.2197	0.3042
0.2539	0.246	0.2404	0.3168
0.1944	0.1806	0.1739	0.2148
0.2556	0.2628	0.2536	0.3256
0.2449	0.2456	0.2395	0.2525
0.2716	0.2789	0.2658	0.3186
0.2397	0.2478	0.2342	0.3387
0.2749	0.2961	0.2724	0.3706
0.2445	0.2261	0.2201	0.2904
0.2588	0.2513	0.2499	0.2951
0.2728	0.2866	0.2715	0.3766
0.254	0.2286	0.2283	0.3722
0.1928	0.1896	0.1779	0.1983
0.2555	0.2638	0.2549	0.3584
0.2804	0.2839	0.2775	0.3519
0.2577	0.242	0.2337	0.3872
0.255	0.2388	0.235	0.3349
0.2685	0.2874	0.266	0.3563
0.2841	0.2955	0.2821	0.361
0.2775	0.2862	0.2727	0.309
0.2761	0.2896	0.2757	0.3495
0.2383	0.2498	0.2343	0.2619
0.2192	0.212	0.2096	0.2242
0.2513	0.2681	0.2375	0.3796
0.2591	0.259	0.2502	0.3648
0.2054	0.1572	0.1578	0.272
0.2828	0.2906	0.2819	0.3258
0.2427	0.243	0.2368	0.325
0.2674	0.2757	0.2627	0.3647
0.2867	0.3133	0.286	0.3961
0.2455	0.2536	0.2423	0.3325
0.2681	0.2729	0.2656	0.3653
0.2455	0.2554	0.2379	0.2505
0.2872	0.2924	0.2822	0.3541
0.2784	0.2813	0.2717	0.3795
0.2569	0.2468	0.2446	0.3783
0.2685	0.2513	0.2481	0.326
0.2317	0.2077	0.205	0.3312
0.2566	0.2513	0.2432	0.3386
0.2609	0.2592	0.2545	0.273
0.2641	0.2846	0.2616	0.2827
0.2655	0.2773	0.2585	0.3006
0.2284	0.2457	0.227	0.33
0.2625	0.2669	0.2581	0.3336
0.27	0.2742	0.2674	0.3568
0.2478	0.2228	0.2185	0.2705
0.2473	0.2421	0.2364	0.2466
0.2675	0.2751	0.2649	0.3367
0.2088	0.2071	0.2015	0.214
0.2641	0.2675	0.2544	0.3314
0.2596	0.285	0.2564	0.3822
0.246	0.249	0.2409	0.3192
0.2613	0.2578	0.2562	0.2672
0.2482	0.2513	0.2379	0.3218
0.2598	0.2578	0.253	0.3167
0.2458	0.2459	0.242	0.2973
0.2538	0.2466	0.2345	0.3209
0.2262	0.218	0.2161	0.2451
0.271	0.2839	0.2684	0.3342
0.2563	0.2385	0.2367	0.3254
0.2271	0.1928	0.1922	0.2843
0.2312	0.2117	0.2044	0.3446
0.2883	0.325	0.284	0.3181
0.2388	0.2541	0.23	0.365
0.2865	0.3046	0.2861	0.3743
0.2491	0.252	0.2445	0.2888
0.2122	0.2033	0.1979	0.2743
0.2822	0.2716	0.2654	0.3425
0.2813	0.2969	0.281	0.3134
0.2383	0.248	0.2359	0.3205
0.2528	0.2472	0.2441	0.3695
0.243	0.2179	0.217	0.2777
0.243	0.2116	0.2109	0.29
0.2733	0.2774	0.2686	0.2966
0.2518	0.2746	0.2454	0.2916
0.2756	0.2857	0.2725	0.3812
0.2603	0.2579	0.254	0.3459
0.2528	0.2531	0.2417	0.3327
0.2734	0.3074	0.2724	0.3193
0.2646	0.2728	0.2567	0.2992
0.265	0.2412	0.2382	0.3136
0.2029	0.194	0.1887	0.2875
0.2819	0.2786	0.2659	0.3211
0.2645	0.2608	0.2592	0.2601
0.195	0.1731	0.1667	0.2677
0.1937	0.1829	0.1793	0.2451
0.2643	0.2924	0.2635	0.3481
0.2318	0.2373	0.2281	0.3385
0.2545	0.2581	0.2513	0.3156
0.2646	0.2538	0.2489	0.359
0.277	0.2853	0.2736	0.2934
0.2885	0.2921	0.2812	0.3596
0.2427	0.2515	0.2374	0.3405
0.2546	0.2609	0.2502	0.3756
0.2425	0.2388	0.2356	0.2694
0.2484	0.2497	0.2411	0.349
0.2529	0.2475	0.2422	0.2954
0.2364	0.2164	0.2163	0.3112
0.274	0.2715	0.2659	0.3763
0.2745	0.2808	0.2711	0.3769
0.2498	0.2595	0.2447	0.3545
0.1443	0.1358	0.13	0.1362
0.2677	0.2657	0.2607	0.351
0.2309	0.2232	0.2159	0.25
0.255	0.2506	0.2468	0.2732
0.2142	0.1983	0.1975	0.3154
0.2585	0.271	0.2575	0.3536
0.2592	0.2504	0.2438	0.3683
0.26	0.2522	0.2503	0.3279
0.228	0.225	0.2218	0.2998
0.2638	0.2753	0.2609	0.3404
0.2526	0.2627	0.2468	0.4049
0.2537	0.2597	0.2501	0.3564
0.2212	0.2202	0.211	0.2468
0.2442	0.2398	0.2342	0.2687
0.274	0.2782	0.272	0.3435
0.2643	0.2693	0.2588	0.3024
0.2322	0.2273	0.219	0.2495
0.2742	0.2647	0.2567	0.3581
0.2668	0.2642	0.254	0.3115
0.2678	0.2949	0.2675	0.3419
0.2526	0.2381	0.2365	0.3642
0.2927	0.2999	0.2858	0.3593
0.2536	0.2352	0.2351	0.3236
0.2667	0.271	0.2613	0.3257
0.2593	0.228	0.2273	0.279
0.2011	0.1916	0.1874	0.2808
0.226	0.2275	0.2236	0.326
0.2162	0.2109	0.2043	0.2173
0.2612	0.2726	0.2599	0.2892
0.2678	0.2768	0.2649	0.3592
0.2367	0.2396	0.2326	0.3294
0.2676	0.2589	0.2553	0.2957
0.264	0.2725	0.2584	0.3005
0.2752	0.2865	0.2713	0.3151
0.2767	0.2827	0.2742	0.3384
0.242	0.2436	0.2358	0.3338
0.2148	0.2079	0.2007	0.3048
0.2842	0.2992	0.2823	0.3791
0.271	0.2721	0.2645	0.3268
0.2715	0.2756	0.2639	0.3061
0.2645	0.2713	0.2589	0.3651
0.2328	0.2297	0.2215	0.2395
0.248	0.2355	0.2298	0.3562
0.2331	0.2288	0.2273	0.2419
0.2406	0.2421	0.234	0.3423
0.1419	0.1262	0.1245	0.1228
0.2706	0.2758	0.2641	0.3661
0.2638	0.2827	0.2607	0.2908
0.2848	0.3028	0.2789	0.3512
0.2778	0.2853	0.2762	0.3313
0.2868	0.2926	0.2853	0.3666
0.2441	0.2565	0.2403	0.355
0.2626	0.2608	0.2567	0.2966
0.2441	0.2619	0.2372	0.3049
0.2707	0.2802	0.2631	0.3291
0.2674	0.2974	0.2669	0.3222
0.2371	0.2339	0.2289	0.3193
0.2643	0.2784	0.2637	0.2918
0.2424	0.2434	0.2383	0.2757
0.2613	0.2548	0.2483	0.2954
0.2717	0.2675	0.2606	0.379
0.2539	0.2585	0.2432	0.3343
0.2209	0.2078	0.2049	0.2136
0.2407	0.227	0.2229	0.2823
0.2641	0.267	0.2553	0.3681
0.2731	0.2844	0.2691	0.3697
0.2677	0.2848	0.2669	0.364
0.251	0.2542	0.247	0.2981
0.2933	0.2921	0.2845	0.3736
0.2421	0.2176	0.2124	0.3825
0.2576	0.2559	0.2518	0.2944
0.2236	0.2139	0.208	0.3703
0.2615	0.2594	0.2519	0.3392
0.2202	0.2178	0.2068	0.2568
0.2578	0.2724	0.2555	0.3175
0.2242	0.2232	0.2175	0.2726
0.2688	0.28	0.2654	0.3257
0.2599	0.265	0.251	0.2922
0.2644	0.2439	0.2398	0.3498
0.2444	0.252	0.2354	0.38
0.2615	0.2694	0.2572	0.3688
0.2543	0.2533	0.2484	0.3185
0.2687	0.271	0.2654	0.3545
0.256	0.2721	0.2532	0.3524
0.2531	0.2461	0.2421	0.3085
0.2578	0.2598	0.2504	0.311
0.2534	0.2528	0.2436	0.3457
0.2547	0.2503	0.2472	0.2763
0.2628	0.2717	0.2589	0.3062
0.2761	0.283	0.2712	0.3156
0.2371	0.2132	0.2071	0.3189
0.2537	0.2479	0.2421	0.3416
0.2495	0.2276	0.2227	0.3044
0.2385	0.2399	0.2254	0.3425
0.2632	0.263	0.2621	0.3632
0.242	0.2294	0.2206	0.3313
0.2174	0.1883	0.1845	0.2467
0.2604	0.2577	0.2537	0.3666
0.2799	0.2901	0.2767	0.2907
0.2322	0.228	0.2206	0.2681
0.2586	0.2512	0.2464	0.3095
0.2603	0.2576	0.2482	0.3386
0.2025	0.212	0.2021	0.3851
0.2233	0.226	0.2146	0.3769
0.2612	0.273	0.2588	0.3063
0.2618	0.2609	0.2554	0.3002
0.2688	0.2699	0.2662	0.3185
0.2881	0.2888	0.2831	0.3419
0.2736	0.2964	0.2724	0.3233
0.2506	0.2533	0.2461	0.2878
0.2378	0.2384	0.2278	0.3202
0.2654	0.2826	0.2623	0.3498
0.1935	0.1438	0.1434	0.384
0.2649	0.2491	0.2406	0.3663
0.2396	0.2365	0.2294	0.2278
0.2003	0.1675	0.1661	0.2515
0.2096	0.2105	0.2033	0.2812
0.2712	0.2771	0.2677	0.2793
0.2669	0.2534	0.2507	0.3578
0.2857	0.3264	0.2814	0.3269
0.2647	0.2646	0.2577	0.302
0.2423	0.2455	0.2357	0.3054
0.2649	0.275	0.2645	0.3069
0.241	0.2499	0.2381	0.3842
0.2382	0.2333	0.2276	0.3801
0.2667	0.278	0.2626	0.3805
0.2369	0.2445	0.2332	0.3773
0.2732	0.2726	0.2709	0.3368
0.2345	0.2335	0.2256	0.3569
