0.1191	0.1109	0.1099	0.2754
0.1153	0.1157	0.1138	0.1402
0.1166	0.1166	0.1145	0.2419
0.105	0.0984	0.0979	0.1746
0.1158	0.116	0.1111	0.19
0.107	0.1081	0.1058	0.1335
0.1161	0.1288	0.116	0.2298
0.1098	0.1105	0.1095	0.164
0.1172	0.1271	0.1164	0.17
0.1107	0.1103	0.1086	0.2229
0.1157	0.1274	0.115	0.2183
0.1205	0.1264	0.1189	0.2696
0.1073	0.1037	0.1027	0.213
0.1124	0.1123	0.1102	0.2405
0.1093	0.0992	0.0969	0.2282
0.1183	0.1197	0.1165	0.2416
0.1142	0.1161	0.1115	0.1713
0.1089	0.097	0.0957	0.2213
0.1167	0.1157	0.1145	0.2179
0.1098	0.1	0.0975	0.2381
0.1077	0.1058	0.0978	0.2753
0.1122	0.1105	0.1081	0.1629
0.109	0.1136	0.1082	0.1535
0.1096	0.1113	0.1081	0.2226
0.1168	0.124	0.1166	0.2027
0.1109	0.1025	0.1	0.2476
0.1133	0.1117	0.1103	0.1896
0.0943	0.0851	0.0833	0.1799
0.1199	0.1208	0.1126	0.1859
0.1176	0.1259	0.1165	0.2186
0.0993	0.0981	0.0976	0.1338
0.115	0.1127	0.1093	0.2592
0.0983	0.0873	0.0864	0.2381
0.1212	0.1248	0.1193	0.2602
0.1073	0.1031	0.1016	0.1684
0.1047	0.1017	0.1004	0.1592
0.1024	0.1038	0.1012	0.1855
0.0973	0.091	0.0901	0.1987
0.1139	0.1156	0.1135	0.1573
0.0906	0.0869	0.0859	0.1018
0.101	0.102	0.0997	0.1005
0.1097	0.1087	0.1069	0.1863
0.1236	0.1293	0.1231	0.2148
0.1148	0.1192	0.1122	0.2663
0.0985	0.0984	0.0962	0.1041
0.1128	0.1088	0.1073	0.1816
0.1007	0.1022	0.0985	0.1912
0.1186	0.128	0.1183	0.2364
0.0961	0.0961	0.0943	0.1154
0.0956	0.0888	0.0878	0.2082
0.1063	0.11	0.1051	0.1749
0.1052	0.1003	0.0982	0.1838
0.1201	0.1149	0.1096	0.2278
0.1002	0.1011	0.098	0.1406
0.1153	0.1132	0.1113	0.2066
0.1056	0.0947	0.0943	0.179
0.0981	0.0948	0.0911	0.1814
0.1099	0.1076	0.1062	0.2649
0.1135	0.1136	0.1126	0.2
0.1153	0.1187	0.1148	0.234
0.1093	0.111	0.1063	0.2188
0.1206	0.1231	0.1143	0.245
0.1128	0.1119	0.1092	0.1691
0.1061	0.1156	0.1051	0.208
0.1094	0.1138	0.108	0.2576
0.1206	0.1181	0.1088	0.223
0.1138	0.1156	0.1084	0.2467
0.1101	0.1127	0.1089	0.1952
0.107	0.0963	0.0961	0.1769
0.0961	0.0954	0.0942	0.0962
0.0751	0.0714	0.0672	0.0982
0.1155	0.1192	0.1148	0.1595
0.1061	0.1056	0.1028	0.1275
0.1088	0.1063	0.1054	0.275
0.111	0.1181	0.1097	0.2327
0.1085	0.1165	0.1076	0.2174
0.1081	0.1054	0.1043	0.2199
0.106	0.1067	0.1024	0.1823
0.1178	0.1186	0.1156	0.147
0.101	0.0975	0.0947	0.2071
0.1137	0.1173	0.1126	0.1777
0.0952	0.0828	0.0795	0.1779
0.1198	0.1255	0.1122	0.1656
0.1095	0.1042	0.102	0.2005
0.096	0.0968	0.0927	0.1886
0.1035	0.0937	0.0935	0.2088
0.1079	0.1109	0.1079	0.1916
0.1078	0.1111	0.1066	0.1366
0.1166	0.1177	0.1155	0.1713
0.1161	0.1245	0.113	0.2241
0.1205	0.1216	0.1179	0.1967
0.0661	0.0566	0.0561	0.1011
0.1219	0.1169	0.1118	0.2347
0.1024	0.0953	0.0942	0.1744
0.0826	0.0738	0.0728	0.1504
0.1045	0.1064	0.1025	0.1409
0.1229	0.131	0.1228	0.2115
0.1066	0.1089	0.104	0.1743
0.0959	0.0903	0.0901	0.1071
0.1085	0.105	0.1037	0.1493
0.1125	0.1133	0.1113	0.1492
0.0968	0.0981	0.0925	0.2016
0.0984	0.0959	0.095	0.1615
0.0983	0.1009	0.0964	0.1763
0.1047	0.1068	0.1031	0.2238
0.1091	0.1096	0.1074	0.2062
0.1096	0.1093	0.108	0.1975
0.1114	0.1201	0.111	0.1986
0.1097	0.1148	0.1079	0.2357
0.0957	0.0946	0.0933	0.1127
0.1022	0.1066	0.0996	0.2134
0.1094	0.1076	0.1025	0.2089
0.1181	0.1248	0.116	0.1233
0.1097	0.1119	0.108	0.1984
0.1157	0.1191	0.1148	0.2215
0.1033	0.0995	0.0982	0.1343
0.09	0.08	0.0784	0.1381
0.1069	0.097	0.0959	0.1972
0.1039	0.0993	0.0968	0.1813
0.1045	0.1036	0.0967	0.2548
0.1026	0.1031	0.102	0.2248
0.1132	0.1154	0.1121	0.2627
0.1077	0.1123	0.1069	0.2359
0.096	0.0884	0.0872	0.1745
0.11	0.1049	0.1005	0.2239
0.1135	0.1146	0.1081	0.212
0.0949	0.0888	0.0879	0.1116
0.0818	0.0798	0.075	0.1261
0.1049	0.1009	0.0966	0.1726
0.0996	0.0944	0.0889	0.2132
0.1139	0.1178	0.1129	0.1828
0.1113	0.1087	0.1083	0.2345
0.1134	0.1174	0.1125	0.1649
0.1014	0.0999	0.0978	0.1518
0.1152	0.1161	0.1132	0.1267
0.1112	0.1172	0.1104	0.1599
0.1094	0.1015	0.1003	0.1742
0.0963	0.0928	0.0903	0.1792
0.1175	0.1156	0.114	0.2509
0.1194	0.1223	0.1141	0.1604
0.1082	0.1078	0.1059	0.2551
0.1049	0.0993	0.0972	0.1806
0.1037	0.1055	0.103	0.1319
0.1249	0.1356	0.1244	0.2053
0.0862	0.0876	0.0808	0.1406
0.1109	0.1056	0.1046	0.2099
0.1077	0.1116	0.1067	0.1891
0.0991	0.0985	0.0965	0.1007
0.116	0.1079	0.1068	0.1831
0.1141	0.1207	0.1133	0.2312
0.1105	0.1093	0.1064	0.2518
0.114	0.122	0.1119	0.2245
0.104	0.1059	0.1027	0.132
0.1113	0.1149	0.109	0.2045
0.0962	0.0848	0.0833	0.169
0.1102	0.123	0.1097	0.1656
0.1034	0.1073	0.0971	0.2031
0.1141	0.1177	0.1133	0.2255
0.1035	0.1123	0.1022	0.2012
0.1076	0.1092	0.1053	0.1283
0.0987	0.0936	0.0925	0.1498
0.1051	0.0972	0.0952	0.2046
0.1086	0.104	0.1019	0.2318
0.1085	0.1105	0.1075	0.1404
0.1139	0.1154	0.1121	0.1281
0.1124	0.109	0.1075	0.2133
0.1068	0.1104	0.1022	0.2327
0.1083	0.1079	0.1074	0.2403
0.0975	0.094	0.089	0.1813
0.1048	0.1046	0.1004	0.2006
0.1055	0.0961	0.0956	0.1465
0.1187	0.1241	0.1179	0.2457
0.1115	0.1146	0.1106	0.1619
0.109	0.1068	0.106	0.1734
0.108	0.1111	0.1054	0.187
0.106	0.1006	0.0982	0.1843
0.1111	0.1145	0.1052	0.1964
0.1098	0.1047	0.1017	0.2985
0.1146	0.1133	0.113	0.1796
0.1105	0.1091	0.1046	0.2032
0.1101	0.1163	0.1091	0.1478
0.111	0.113	0.1096	0.1894
0.112	0.1106	0.106	0.1937
0.0962	0.0924	0.0908	0.1131
0.116	0.1193	0.1155	0.1294
0.1218	0.1172	0.1125	0.2741
0.0998	0.1003	0.0978	0.1332
0.1094	0.1143	0.1082	0.2349
0.1018	0.1061	0.1012	0.122
0.1124	0.1165	0.1091	0.2395
0.1111	0.1135	0.1104	0.1941
0.1062	0.1046	0.1028	0.2076
0.1107	0.1145	0.1104	0.2471
0.1018	0.0967	0.0961	0.128
0.1116	0.1131	0.111	0.1491
0.1063	0.1077	0.1057	0.1352
0.0994	0.0942	0.0914	0.2064
0.1121	0.1059	0.0987	0.2063
0.1236	0.1313	0.1236	0.2297
0.111	0.1133	0.1103	0.1193
0.1184	0.1196	0.1173	0.1717
0.1041	0.1055	0.1019	0.1589
0.0997	0.0911	0.0905	0.1494
0.1067	0.1084	0.1021	0.1559
0.1124	0.1241	0.1118	0.1478
0.1056	0.1068	0.1037	0.2026
0.1064	0.1069	0.1019	0.2068
0.0822	0.0809	0.0766	0.1435
0.1012	0.1074	0.1008	0.1685
0.1144	0.1213	0.1124	0.1948
0.0961	0.0938	0.0932	0.1102
0.1133	0.1202	0.111	0.2354
0.1023	0.1028	0.1007	0.16
0.1074	0.1091	0.1064	0.2833
0.1092	0.1146	0.1067	0.1352
0.1023	0.1127	0.1011	0.2316
0.1057	0.104	0.1023	0.1785
0.1066	0.1107	0.1057	0.2167
0.1144	0.1183	0.1142	0.245
0.1016	0.1022	0.0999	0.1594
0.1128	0.1098	0.1062	0.2214
0.1126	0.1164	0.1124	0.1395
0.117	0.1225	0.1164	0.2029
0.1132	0.1161	0.1118	0.181
0.124	0.139	0.1209	0.1681
0.1081	0.1087	0.106	0.1843
0.1084	0.1209	0.107	0.1842
0.1009	0.1036	0.1	0.1934
0.105	0.0963	0.0943	0.2774
0.1095	0.1021	0.1008	0.1584
0.1093	0.1096	0.1036	0.2265
0.1155	0.1158	0.1133	0.184
0.1019	0.1047	0.1008	0.1249
0.1113	0.1147	0.1107	0.2032
0.1048	0.1055	0.1025	0.1804
0.1174	0.1223	0.1173	0.1666
0.0987	0.0902	0.0901	0.1844
0.1118	0.1213	0.1111	0.1643
0.1155	0.1232	0.1138	0.197
0.117	0.1176	0.1129	0.1859
0.1144	0.1176	0.1137	0.1363
0.1028	0.1034	0.1014	0.1325
0.0962	0.096	0.0939	0.1466
0.1079	0.11	0.1072	0.1368
0.1108	0.109	0.1022	0.2061
0.0991	0.0985	0.0959	0.1661
0.1132	0.1137	0.1106	0.2773
0.0896	0.0862	0.0841	0.1685
0.1038	0.114	0.1027	0.2379
0.1132	0.1155	0.1113	0.1234
0.1054	0.0992	0.094	0.2196
0.1109	0.1014	0.1003	0.2316
0.1106	0.1126	0.1085	0.1826
0.111	0.1152	0.1104	0.1435
0.1001	0.1002	0.0988	0.1402
0.1156	0.1093	0.1056	0.2658
0.1053	0.1074	0.1046	0.1486
0.1019	0.1075	0.1004	0.1489
0.1141	0.1145	0.1126	0.1816
0.1069	0.1141	0.1056	0.1779
0.1132	0.1161	0.1121	0.2012
0.1116	0.1161	0.1112	0.2272
0.1173	0.1135	0.1109	0.2081
0.1133	0.1143	0.1126	0.1783
0.1074	0.1131	0.1069	0.2185
0.1154	0.1242	0.1143	0.1528
0.1084	0.115	0.108	0.1238
0.1044	0.0997	0.0991	0.2154
0.095	0.0952	0.0906	0.1696
0.1	0.1004	0.0973	0.1865
0.1031	0.0992	0.0988	0.1174
0.1151	0.1067	0.1059	0.1822
0.1096	0.1154	0.109	0.1968
0.0805	0.0682	0.067	0.1236
0.1103	0.1081	0.1065	0.1915
0.1118	0.1153	0.1073	0.2145
0.1055	0.1036	0.0994	0.2394
0.1135	0.1204	0.1128	0.2295
0.0966	0.093	0.0914	0.2099
0.1189	0.1174	0.1168	0.2598
0.1076	0.114	0.1068	0.2563
0.1074	0.1072	0.1061	0.1989
0.1049	0.1014	0.0977	0.2039
0.1136	0.1176	0.1134	0.2032
0.1015	0.1021	0.1003	0.1314
0.1084	0.0978	0.0971	0.1816
0.117	0.1172	0.1124	0.2473
0.1132	0.11	0.1021	0.2683
0.1146	0.1162	0.1129	0.2805
0.1073	0.1094	0.1063	0.2341
0.1193	0.1247	0.1186	0.2862
0.1104	0.1125	0.1099	0.2755
0.1194	0.1187	0.1173	0.1967
0.115	0.1102	0.108	0.1704
0.1179	0.1196	0.1148	0.1796
0.1062	0.1131	0.1054	0.2252
0.1137	0.1088	0.1073	0.1501
0.0893	0.0838	0.0827	0.1058
0.1088	0.1038	0.1017	0.1982
0.1084	0.1119	0.1059	0.2154
0.1153	0.1137	0.1123	0.1498
0.1155	0.1178	0.1134	0.2143
0.1111	0.1087	0.1068	0.2082
0.1068	0.1116	0.1038	0.2305
0.1147	0.1206	0.113	0.1276
0.1017	0.1062	0.0997	0.1987
0.1154	0.1278	0.1149	0.1794
0.1134	0.1154	0.1121	0.2604
0.1075	0.1207	0.1066	0.1071
0.1134	0.1157	0.1111	0.2016
0.1065	0.1067	0.1001	0.1893
0.1118	0.1217	0.1114	0.1337
0.1176	0.1172	0.1151	0.2426
0.1069	0.1072	0.1045	0.1409
0.1166	0.1203	0.1153	0.1958
0.1096	0.1118	0.1087	0.219
0.104	0.0973	0.0959	0.2004
0.0998	0.1031	0.0969	0.202
0.1143	0.1211	0.1103	0.1263
0.118	0.1161	0.1136	0.2312
0.105	0.1119	0.1032	0.1915
0.1031	0.1029	0.1013	0.188
0.1027	0.1035	0.0983	0.1418
0.1182	0.1225	0.1178	0.232
0.1196	0.122	0.1188	0.1571
0.1111	0.1073	0.1069	0.2207
0.1068	0.1116	0.1064	0.1502
0.1164	0.118	0.1138	0.2085
0.1181	0.1258	0.1171	0.1809
0.0983	0.0985	0.0945	0.1983
0.1043	0.1035	0.1018	0.1488
0.1035	0.1059	0.1022	0.1804
0.1039	0.0921	0.0915	0.2223
0.1146	0.1143	0.1127	0.1847
0.1144	0.1143	0.1122	0.1963
0.1255	0.1378	0.1251	0.1764
0.1182	0.1269	0.117	0.1869
0.1136	0.1132	0.1091	0.1678
0.1068	0.1026	0.1015	0.1708
0.1163	0.1208	0.1108	0.2491
