0.4522	0.414	0.3634	0.4502
0.3811	0.3937	0.3536	0.6797
0.4513	0.3693	0.356	0.7853
0.4316	0.3293	0.3191	0.6489
0.5913	0.7546	0.5599	0.8556
0.5612	0.6173	0.506	0.7843
0.4533	0.4264	0.3797	0.7382
0.4787	0.4761	0.4272	0.6601
0.3095	0.2724	0.2475	0.4545
0.4301	0.3347	0.3188	0.5688
0.6383	0.7748	0.6235	1.0
0.4441	0.3836	0.368	0.8092
0.5096	0.4568	0.4274	0.7473
0.5475	0.6145	0.5035	0.9009
0.14	0.1246	0.1193	0.2811
0.6361	0.7352	0.6177	1.0
0.6326	0.7398	0.6113	1.0
0.4487	0.4565	0.3941	0.6865
0.4758	0.47	0.4201	0.729
0.3547	0.2513	0.2226	0.3124
0.3322	0.2133	0.206	0.2755
0.583	0.6501	0.5387	0.9292
0.2786	0.26	0.2354	0.5398
0.4505	0.4025	0.3708	0.7243
0.5178	0.5425	0.4521	0.7783
0.3483	0.2606	0.2389	0.3464
0.2727	0.2578	0.1996	0.284
0.2459	0.1562	0.1454	0.1799
0.3766	0.3271	0.2925	0.355
0.4921	0.5342	0.4489	0.7206
0.3745	0.3417	0.2924	0.5343
0.4372	0.3869	0.341	0.3906
0.3204	0.3537	0.313	0.6694
0.4426	0.3815	0.369	0.805
0.4768	0.4211	0.3876	0.6506
0.6414	0.7736	0.6321	1.0
0.4054	0.3104	0.2938	0.5578
0.327	0.3522	0.3194	0.6431
0.3074	0.2524	0.2431	0.4923
0.5055	0.4961	0.4553	0.9903
0.6049	0.6617	0.5625	0.7596
0.3292	0.2676	0.2579	0.4162
0.5855	0.649	0.5381	0.9431
0.6201	0.7354	0.5935	0.9547
0.4249	0.3614	0.3471	0.6043
0.5037	0.5307	0.454	0.6433
0.4021	0.3426	0.3237	0.6913
0.5053	0.4977	0.4546	0.7803
0.3845	0.3395	0.3133	0.7576
0.4122	0.3404	0.3211	0.6515
0.3354	0.3456	0.3171	0.6082
0.4727	0.5048	0.4241	0.8037
0.1715	0.1518	0.1521	0.3964
0.387	0.2933	0.29	0.5014
0.525	0.5517	0.4929	0.8654
0.4151	0.4135	0.3602	0.6384
0.4117	0.3609	0.3307	0.7573
0.5615	0.5972	0.5257	0.813
0.431	0.3963	0.3533	0.6706
0.4478	0.3964	0.3652	0.7346
0.4097	0.3481	0.3208	0.524
0.2635	0.2682	0.2136	0.3436
0.4122	0.345	0.322	0.6529
0.4144	0.3328	0.3118	0.5904
0.4485	0.3589	0.3365	0.7741
0.1947	0.1638	0.1579	0.3635
0.5574	0.6652	0.5123	0.7284
0.3752	0.3032	0.2778	0.4604
0.427	0.4228	0.3648	0.6211
0.4061	0.3979	0.3389	0.5627
0.328	0.3661	0.3155	0.7118
0.43	0.4417	0.3578	0.4971
0.3132	0.3015	0.2425	0.3943
0.3794	0.3866	0.3583	0.7682
0.5026	0.5652	0.4293	0.7482
0.4764	0.4383	0.3936	0.7504
0.2011	0.1339	0.1327	0.2672
0.2978	0.2622	0.2233	0.2739
0.3608	0.3254	0.2809	0.472
0.4955	0.4799	0.4237	0.5908
0.3371	0.3045	0.2662	0.3701
0.2549	0.1805	0.1691	0.1779
0.2603	0.2049	0.1968	0.3777
0.422	0.3331	0.3291	0.7688
0.4321	0.4373	0.3825	0.6708
0.5253	0.5555	0.4831	0.8499
0.3923	0.3306	0.3028	0.5531
0.55	0.5931	0.53	0.891
0.4737	0.4701	0.4213	0.67
0.4919	0.5013	0.4145	0.5632
0.5148	0.5447	0.4619	0.7073
0.1248	0.092	0.08	0.1011
0.452	0.4701	0.3608	0.4231
0.475	0.5363	0.4194	0.6108
0.1886	0.1168	0.1165	0.1504
0.4487	0.462	0.395	0.643
0.2914	0.2812	0.2603	0.5791
0.5384	0.5851	0.5162	0.983
0.4773	0.405	0.3831	0.3951
0.4602	0.4618	0.4187	0.7561
0.4032	0.3556	0.3153	0.6339
0.5265	0.5562	0.4938	0.8364
0.4612	0.4334	0.3869	0.7381
0.4588	0.4562	0.3959	0.7512
0.4912	0.5007	0.4348	0.8002
0.4193	0.3454	0.3248	0.6775
0.5271	0.5609	0.4677	0.8789
0.398	0.2981	0.2958	0.5177
0.528	0.5851	0.4762	0.8474
0.3071	0.2856	0.2341	0.341
0.4581	0.4584	0.4176	0.8452
0.5006	0.5288	0.4568	0.6873
0.3279	0.2591	0.2494	0.4101
0.4068	0.4192	0.3424	0.6022
0.3897	0.308	0.2768	0.4564
0.4405	0.3973	0.3621	0.6085
0.3921	0.4406	0.3647	0.7334
0.552	0.5888	0.5353	1.0
0.4983	0.5416	0.4614	0.8242
0.4511	0.4769	0.4122	0.748
0.4821	0.4705	0.4082	0.5467
0.404	0.3473	0.3364	0.7365
0.4501	0.4652	0.3992	0.7676
0.1326	0.1122	0.1149	0.2577
0.1981	0.1574	0.1545	0.298
0.4773	0.5059	0.4338	0.8088
0.4501	0.3381	0.3408	0.7271
0.5131	0.5184	0.4394	0.6571
0.2932	0.2366	0.2	0.2743
0.2875	0.2356	0.1908	0.2132
0.3948	0.352	0.3228	0.4729
0.5045	0.4182	0.3942	0.8401
0.5997	0.6849	0.5575	0.8929
0.4757	0.3427	0.333	0.7553
0.5737	0.6355	0.5604	0.9098
0.3145	0.2689	0.2558	0.4595
0.561	0.649	0.5244	0.9404
0.4473	0.3848	0.354	0.7125
0.5574	0.6075	0.5073	0.7306
0.2719	0.201	0.1987	0.388
0.438	0.3393	0.3319	0.7117
0.4965	0.5229	0.4196	0.5839
0.4068	0.3123	0.3064	0.5535
0.6136	0.7363	0.5833	1.0
0.4483	0.4454	0.4002	0.6985
0.5388	0.6005	0.5142	0.8041
0.4196	0.3891	0.345	0.5204
0.5753	0.6448	0.5629	1.0
0.3816	0.2933	0.288	0.416
0.4238	0.3662	0.3368	0.7641
0.3915	0.3528	0.3298	0.7916
0.5816	0.6494	0.5739	1.0
0.3706	0.2901	0.2862	0.5161
0.4922	0.4671	0.4242	0.6604
0.5255	0.5542	0.4704	0.6542
0.4212	0.4096	0.369	0.7248
0.6203	0.7334	0.5985	0.9605
0.38	0.4077	0.3515	0.5868
0.4869	0.5112	0.446	0.8766
0.5388	0.5924	0.4833	0.8016
0.4888	0.4356	0.4232	0.7328
0.4439	0.4201	0.3778	0.7389
0.4016	0.4055	0.3555	0.7903
0.5284	0.6025	0.46	0.7504
0.4913	0.4771	0.4479	0.7758
0.5132	0.5433	0.4747	0.9312
0.5215	0.5464	0.4561	0.7375
0.4029	0.3113	0.299	0.5383
0.5058	0.5512	0.4223	0.6855
0.4144	0.3642	0.3313	0.7487
0.5589	0.6213	0.5442	0.952
0.6211	0.7458	0.5934	0.9552
0.5508	0.6185	0.479	0.6205
0.3657	0.3091	0.2565	0.2806
0.4174	0.3587	0.3398	0.7138
0.3994	0.3341	0.3099	0.5027
0.65	0.8072	0.6443	1.0
0.338	0.2272	0.2127	0.2989
0.4881	0.4802	0.4124	0.5464
0.3219	0.2487	0.2227	0.3173
0.3657	0.3465	0.33	0.7111
0.4295	0.4563	0.4064	0.7509
0.3404	0.2673	0.2292	0.3472
0.4841	0.4942	0.4379	0.7837
0.4702	0.4997	0.427	0.7999
0.4001	0.3912	0.3105	0.4052
0.413	0.3401	0.2986	0.5408
0.4122	0.3264	0.297	0.5497
0.3606	0.3075	0.2945	0.5314
0.423	0.4329	0.386	0.7534
0.4623	0.4507	0.4071	0.6162
0.4346	0.3827	0.3521	0.75
0.5953	0.7172	0.5554	0.9515
0.4741	0.3676	0.3553	0.581
0.4875	0.4545	0.4182	0.6442
0.3149	0.2859	0.2447	0.4015
0.5081	0.5002	0.4424	0.6644
0.1922	0.1542	0.1428	0.2601
0.5152	0.5831	0.4816	0.8132
0.2986	0.2397	0.2345	0.4417
0.4536	0.4301	0.3986	0.6955
0.3845	0.3654	0.3115	0.627
0.3565	0.3763	0.3213	0.6288
0.4624	0.4253	0.3739	0.6582
0.4095	0.3869	0.3417	0.5227
0.4137	0.3514	0.3279	0.6139
0.3667	0.345	0.3281	0.6715
0.155	0.1151	0.113	0.1435
0.4516	0.3568	0.3507	0.6945
0.4008	0.3551	0.3243	0.5541
0.4569	0.4342	0.369	0.5899
0.3133	0.296	0.2732	0.4776
0.3795	0.3506	0.3179	0.5485
0.4112	0.3695	0.3472	0.8071
0.3419	0.3085	0.2501	0.3434
0.4323	0.3558	0.3406	0.7449
0.4279	0.3398	0.3168	0.6254
0.3489	0.3641	0.334	0.7361
0.4392	0.3585	0.3479	0.7106
0.3699	0.3263	0.316	0.5799
0.3792	0.2818	0.2567	0.4089
0.3084	0.2923	0.2816	0.5315
0.521	0.5513	0.4594	0.8106
0.6299	0.7248	0.6082	0.9556
0.2819	0.2857	0.2277	0.4782
0.517	0.5405	0.475	0.8017
0.2984	0.2832	0.2611	0.5461
0.4812	0.3609	0.3445	0.7581
0.299	0.1926	0.1972	0.2776
0.1999	0.1844	0.1795	0.3954
0.4987	0.5023	0.4462	0.6014
0.5307	0.5638	0.501	0.9022
0.3956	0.3329	0.3173	0.6593
0.3864	0.3807	0.3281	0.4873
0.3819	0.4075	0.3349	0.5407
0.4954	0.4861	0.4405	0.7674
0.3661	0.3357	0.3013	0.6284
0.3829	0.3272	0.3006	0.5263
0.5199	0.525	0.4691	0.897
0.3604	0.2728	0.27	0.4414
0.348	0.3197	0.287	0.5135
0.1976	0.2027	0.1669	0.3299
0.4421	0.3617	0.3388	0.7626
0.5656	0.643	0.5073	0.7454
0.3142	0.2559	0.2421	0.3113
0.4096	0.3634	0.3294	0.7165
0.5753	0.6295	0.5225	0.836
0.343	0.3809	0.3253	0.71
0.4148	0.4009	0.3582	0.5441
0.5157	0.5359	0.4772	0.7519
0.1803	0.1372	0.1346	0.2272
0.4603	0.4512	0.4075	0.7313
0.6322	0.7801	0.6151	1.0
0.3802	0.3587	0.3129	0.4219
0.3566	0.3782	0.3305	0.5291
0.3431	0.3108	0.2538	0.3092
0.4153	0.3347	0.3132	0.6057
0.489	0.5139	0.4313	0.8367
0.6064	0.6685	0.5706	1.0
0.6203	0.7024	0.5985	0.9468
0.4005	0.4119	0.3799	0.6527
0.3988	0.3965	0.3303	0.525
0.3891	0.379	0.3041	0.3645
0.5867	0.6564	0.5352	0.7499
0.4488	0.486	0.3935	0.5985
0.5584	0.5879	0.5055	0.7975
0.4558	0.4196	0.3973	0.7735
0.5039	0.5373	0.4656	0.8504
0.3615	0.3108	0.2966	0.5597
0.4311	0.4053	0.3503	0.5759
0.4358	0.4365	0.3747	0.5934
0.1937	0.1604	0.1537	0.3026
0.4525	0.3444	0.337	0.5394
0.2182	0.1247	0.1158	0.1236
0.451	0.387	0.3535	0.8383
0.5447	0.6191	0.4993	0.8986
0.3301	0.2159	0.2126	0.2998
0.3936	0.2787	0.275	0.4752
0.1946	0.1711	0.1534	0.2099
0.3654	0.2995	0.2634	0.4026
0.4529	0.3733	0.3581	0.7939
0.3992	0.3543	0.3086	0.5022
0.3521	0.3371	0.324	0.7321
0.3648	0.3121	0.2989	0.5745
0.362	0.3266	0.3053	0.6536
0.5799	0.6072	0.5568	1.0
0.5379	0.5546	0.4919	0.7183
0.3074	0.2433	0.2199	0.3441
0.4529	0.3675	0.3403	0.8111
0.5903	0.6814	0.5479	0.9489
0.5708	0.6355	0.5175	0.8215
0.4077	0.3594	0.3365	0.8128
0.3939	0.4092	0.3549	0.5474
0.3573	0.3229	0.2706	0.3839
0.5611	0.6147	0.5417	0.8757
0.4496	0.3685	0.3521	0.7534
0.2664	0.2476	0.2052	0.4262
0.4606	0.505	0.4234	0.7228
0.2676	0.2877	0.2563	0.6031
0.4514	0.4572	0.397	0.7076
0.3506	0.3163	0.2663	0.5019
0.5788	0.6293	0.5242	0.8121
0.3391	0.2791	0.2609	0.4774
0.4958	0.4645	0.4085	0.5429
0.3794	0.3636	0.3037	0.3512
0.476	0.4983	0.4338	0.9175
0.4969	0.5236	0.4473	0.8431
0.4573	0.4704	0.4082	0.7729
0.2943	0.2402	0.2397	0.4161
0.4989	0.5373	0.4515	0.8893
0.2303	0.1786	0.1728	0.2443
0.3319	0.2606	0.26	0.4439
0.5592	0.6121	0.51	0.7385
0.5104	0.5383	0.4533	0.6215
0.4372	0.4224	0.4017	0.8085
0.4245	0.3444	0.3298	0.6821
0.2232	0.1847	0.1582	0.2291
0.3032	0.3372	0.2877	0.6062
0.4204	0.4316	0.3782	0.6113
0.4267	0.4082	0.3733	0.7749
0.3548	0.295	0.2683	0.4664
0.4142	0.4116	0.3362	0.7436
0.4022	0.3172	0.2887	0.5018
0.4778	0.5057	0.4273	0.7647
0.4805	0.4984	0.4343	0.6703
0.4698	0.4656	0.4161	0.7002
0.608	0.6546	0.5679	0.7189
0.3543	0.3371	0.2807	0.4214
0.4605	0.4597	0.3915	0.5445
0.5291	0.573	0.4768	0.6976
0.4042	0.3449	0.319	0.6388
0.5654	0.5769	0.5416	0.7866
0.1388	0.1112	0.1054	0.2554
0.3313	0.3109	0.2625	0.471
0.5783	0.6299	0.5677	1.0
0.598	0.6792	0.5565	1.0
0.5068	0.4968	0.4607	0.8244
0.5543	0.613	0.5061	0.9376
0.3253	0.3231	0.3086	0.5691
0.3649	0.4083	0.3036	0.4541
