0.295	0.2992	0.2658	0.4487
0.1907	0.1847	0.1643	0.4461
0.3914	0.3665	0.3323	0.7818
0.2747	0.298	0.2598	0.5858
0.2978	0.2869	0.2701	0.4418
0.2739	0.2827	0.2562	0.5384
0.3848	0.3451	0.3315	0.735
0.2783	0.2312	0.2211	0.4537
0.2866	0.2691	0.2357	0.453
0.378	0.3329	0.3092	0.5665
0.3084	0.3358	0.3039	0.6233
0.3871	0.3656	0.3442	0.8056
0.3618	0.36	0.325	0.6516
0.3314	0.3528	0.329	0.6765
0.14	0.1238	0.1193	0.2809
0.238	0.2489	0.2258	0.3569
0.232	0.2634	0.2211	0.4714
0.3007	0.2627	0.2482	0.3685
0.2066	0.2147	0.1889	0.3527
0.2725	0.2513	0.2155	0.3119
0.2427	0.2147	0.1977	0.2753
0.1864	0.1729	0.167	0.3645
0.1925	0.2134	0.1843	0.5056
0.3295	0.3526	0.3223	0.6778
0.29	0.322	0.2756	0.565
0.3011	0.2603	0.2339	0.3456
0.1794	0.1586	0.1577	0.2838
0.1634	0.1315	0.1199	0.1799
0.2488	0.2301	0.2121	0.3542
0.2222	0.2269	0.1957	0.3048
0.359	0.3109	0.2921	0.5322
0.2561	0.214	0.2103	0.3895
0.1056	0.0956	0.0896	0.2468
0.3859	0.3661	0.3429	0.8014
0.365	0.3389	0.3235	0.6478
0.3251	0.3109	0.3009	0.625
0.1603	0.1891	0.1573	0.5006
0.1401	0.1269	0.1178	0.2177
0.277	0.2533	0.2324	0.4905
0.2125	0.1991	0.1908	0.3869
0.2168	0.2253	0.2109	0.5482
0.3035	0.2709	0.2579	0.4149
0.2773	0.2821	0.2622	0.5016
0.241	0.2376	0.2203	0.3386
0.3693	0.3397	0.3203	0.6019
0.3255	0.3133	0.2798	0.5067
0.3852	0.3522	0.3237	0.6883
0.3065	0.3372	0.2966	0.6468
0.3839	0.3264	0.3133	0.7543
0.3515	0.3491	0.3166	0.6488
0.1843	0.1544	0.1507	0.3019
0.3553	0.3471	0.3291	0.7355
0.1715	0.1562	0.1521	0.3952
0.3179	0.2992	0.2884	0.4995
0.2924	0.3038	0.2817	0.4885
0.3312	0.3464	0.3164	0.6357
0.3168	0.34	0.309	0.7209
0.1949	0.1957	0.1772	0.2649
0.363	0.3297	0.3126	0.6677
0.3893	0.3632	0.3373	0.7313
0.2817	0.2748	0.2578	0.5221
0.1629	0.1336	0.1307	0.3429
0.3651	0.3296	0.318	0.6501
0.252	0.2792	0.2311	0.4895
0.378	0.3569	0.3316	0.7706
0.1666	0.1641	0.15	0.3626
0.1874	0.1954	0.1671	0.2467
0.3194	0.2791	0.2646	0.4588
0.346	0.3349	0.3191	0.6185
0.3316	0.3459	0.3035	0.5605
0.0866	0.0802	0.0761	0.0982
0.2795	0.245	0.241	0.4953
0.198	0.1873	0.1771	0.3932
0.1558	0.1184	0.1169	0.2872
0.272	0.2395	0.2303	0.3265
0.3287	0.3151	0.3046	0.5695
0.1391	0.1336	0.1276	0.2672
0.2017	0.1898	0.1787	0.2738
0.253	0.2394	0.2152	0.4704
0.3247	0.3506	0.3105	0.5885
0.2354	0.2155	0.201	0.3692
0.1878	0.1575	0.1408	0.1779
0.2097	0.2	0.1795	0.3767
0.2462	0.247	0.2236	0.4175
0.3464	0.348	0.3144	0.668
0.2907	0.3095	0.2817	0.5942
0.2938	0.2853	0.2683	0.551
0.1872	0.1906	0.1748	0.3531
0.2524	0.2433	0.2203	0.4779
0.2966	0.2659	0.2498	0.4275
0.2462	0.2591	0.2323	0.4486
0.087	0.0767	0.0727	0.1011
0.1717	0.1347	0.1322	0.3781
0.3249	0.3438	0.318	0.6083
0.1396	0.1184	0.1092	0.1504
0.3309	0.3381	0.3022	0.5388
0.2885	0.2805	0.2573	0.5768
0.233	0.2381	0.2159	0.4739
0.1768	0.168	0.1635	0.394
0.3727	0.3732	0.339	0.6831
0.3247	0.344	0.3137	0.6313
0.3408	0.3844	0.3328	0.8326
0.33	0.3536	0.3251	0.6505
0.3421	0.3538	0.3309	0.7478
0.3452	0.3631	0.3359	0.759
0.3818	0.3499	0.3236	0.6746
0.3111	0.3589	0.3012	0.6117
0.3663	0.3039	0.2957	0.5158
0.3444	0.3227	0.3059	0.5514
0.2064	0.1911	0.1701	0.3403
0.3853	0.3647	0.3373	0.7016
0.1979	0.168	0.1603	0.3084
0.2704	0.2477	0.2294	0.4089
0.2657	0.2427	0.2232	0.3644
0.3389	0.3033	0.2701	0.4548
0.3656	0.3328	0.311	0.606
0.1288	0.1325	0.1092	0.1381
0.2807	0.3401	0.2769	0.6817
0.362	0.3496	0.3339	0.7111
0.122	0.114	0.1105	0.262
0.3165	0.33	0.3001	0.5445
0.3747	0.3496	0.3364	0.7333
0.3417	0.3451	0.3226	0.6375
0.1326	0.1251	0.1149	0.2577
0.1466	0.1696	0.136	0.2976
0.3747	0.3623	0.3422	0.7693
0.3939	0.3251	0.3219	0.7239
0.1107	0.1006	0.0932	0.1261
0.2175	0.1973	0.1828	0.2741
0.1797	0.1539	0.1461	0.2132
0.3341	0.2978	0.283	0.4712
0.3722	0.3534	0.3331	0.7245
0.247	0.1711	0.1703	0.3037
0.3868	0.337	0.3234	0.752
0.266	0.2503	0.2237	0.3737
0.2472	0.26	0.2254	0.458
0.3081	0.3409	0.298	0.6665
0.3189	0.3835	0.314	0.7094
0.271	0.3194	0.2611	0.4998
0.202	0.2087	0.1808	0.3869
0.3347	0.3548	0.3266	0.7086
0.1515	0.1446	0.1324	0.2494
0.3787	0.3121	0.3047	0.5513
0.3035	0.312	0.2919	0.623
0.1176	0.1056	0.1019	0.1406
0.2199	0.2215	0.2052	0.4296
0.3087	0.3178	0.2971	0.5184
0.303	0.334	0.281	0.5926
0.3292	0.2701	0.2621	0.4147
0.3422	0.3619	0.3337	0.7608
0.3784	0.3572	0.3294	0.7881
0.2673	0.3238	0.2578	0.5803
0.2936	0.2993	0.2741	0.5141
0.2704	0.2749	0.2527	0.4736
0.3235	0.348	0.3163	0.6514
0.157	0.1616	0.155	0.35
0.3149	0.3332	0.3019	0.6307
0.2209	0.1752	0.1729	0.4173
0.3653	0.3198	0.3155	0.5941
0.3093	0.3322	0.2995	0.5515
0.3819	0.3436	0.3336	0.7296
0.2004	0.1902	0.1655	0.2174
0.3421	0.3664	0.3339	0.7736
0.3063	0.3278	0.2916	0.5103
0.2265	0.2313	0.214	0.5892
0.3525	0.3676	0.331	0.6976
0.2256	0.2004	0.1862	0.246
0.2309	0.2243	0.207	0.5363
0.1797	0.1595	0.1489	0.1813
0.3728	0.3689	0.329	0.7454
0.2446	0.243	0.2284	0.4291
0.2546	0.2252	0.2139	0.3673
0.2918	0.3133	0.2663	0.505
0.2516	0.2077	0.1978	0.2804
0.3837	0.3466	0.3281	0.7107
0.1573	0.165	0.149	0.3967
0.3168	0.3266	0.2931	0.624
0.275	0.2402	0.2092	0.2985
0.2323	0.233	0.2082	0.4739
0.2851	0.2581	0.2227	0.3168
0.2598	0.2718	0.2449	0.4872
0.3548	0.3157	0.2972	0.5066
0.261	0.2171	0.2074	0.3464
0.1879	0.1722	0.1669	0.4361
0.3438	0.3225	0.3085	0.5574
0.1688	0.1428	0.1319	0.3724
0.3559	0.3401	0.2975	0.5387
0.3624	0.3031	0.291	0.5475
0.3488	0.3049	0.2945	0.5294
0.2308	0.2148	0.2048	0.2805
0.371	0.3279	0.3221	0.6137
0.3843	0.3572	0.3334	0.7467
0.3297	0.3592	0.3234	0.745
0.356	0.3247	0.3032	0.5786
0.2383	0.2677	0.2273	0.4305
0.3026	0.264	0.2447	0.4003
0.336	0.3658	0.3253	0.6616
0.1463	0.1422	0.1315	0.2601
0.2842	0.3136	0.2582	0.4588
0.274	0.2395	0.2345	0.4402
0.3698	0.3577	0.3361	0.6925
0.299	0.3508	0.2905	0.6244
0.2401	0.2272	0.2174	0.4684
0.3266	0.3508	0.322	0.6554
0.2866	0.2724	0.2466	0.4417
0.2329	0.2204	0.2061	0.5596
0.2718	0.2652	0.2572	0.5769
0.1367	0.12	0.1074	0.1435
0.3389	0.3804	0.3283	0.6915
0.3073	0.307	0.2863	0.5519
0.2413	0.2311	0.218	0.3388
0.1868	0.183	0.1705	0.4563
0.2757	0.2715	0.2563	0.4786
0.2379	0.2179	0.2007	0.319
0.2242	0.2109	0.1873	0.3427
0.3635	0.3515	0.3301	0.7417
0.3877	0.3402	0.3141	0.6228
0.2563	0.2665	0.2412	0.5041
0.381	0.3549	0.3236	0.7076
0.2886	0.2893	0.2717	0.5775
0.3394	0.28	0.2567	0.4076
0.2466	0.2629	0.2269	0.5295
0.3045	0.3355	0.2911	0.6199
0.2835	0.2875	0.2609	0.5474
0.1645	0.1613	0.1548	0.4068
0.2352	0.1753	0.1692	0.2919
0.2657	0.2783	0.2427	0.5439
0.3815	0.3593	0.3296	0.7547
0.264	0.1978	0.1966	0.2774
0.1784	0.1821	0.1635	0.3942
0.2942	0.261	0.2507	0.4041
0.1757	0.1776	0.1632	0.3582
0.2507	0.274	0.2363	0.387
0.2136	0.1934	0.1911	0.4856
0.138	0.1138	0.1097	0.3022
0.3633	0.3334	0.324	0.6272
0.3523	0.3365	0.3013	0.6258
0.33	0.3081	0.2856	0.5243
0.2419	0.2445	0.2262	0.4492
0.3374	0.2806	0.2647	0.44
0.3322	0.3094	0.2859	0.5116
0.1791	0.189	0.1651	0.3293
0.3849	0.3479	0.3304	0.7592
0.2888	0.3222	0.2792	0.5844
0.2516	0.2203	0.2081	0.3108
0.3734	0.3642	0.3252	0.7134
0.2368	0.1902	0.1764	0.2773
0.1563	0.1484	0.1356	0.1685
0.3358	0.2982	0.2975	0.542
0.2424	0.1928	0.1859	0.3625
0.1562	0.1407	0.1281	0.2272
0.3803	0.356	0.3401	0.7281
0.2655	0.2843	0.2455	0.4441
0.3045	0.2569	0.256	0.4206
0.1897	0.1768	0.1713	0.3228
0.1632	0.1318	0.1234	0.3087
0.3541	0.3243	0.3043	0.6032
0.3271	0.3648	0.3078	0.5374
0.2339	0.224	0.1961	0.4837
0.2982	0.3139	0.2842	0.5392
0.2834	0.2845	0.2672	0.5246
0.2966	0.2778	0.2589	0.4643
0.1671	0.1527	0.146	0.3636
0.2361	0.203	0.1911	0.4485
0.3408	0.3268	0.2959	0.5358
0.2348	0.2281	0.2093	0.3982
0.2169	0.1957	0.1808	0.3493
0.1979	0.1755	0.1716	0.4282
0.3415	0.32	0.2926	0.5575
0.3291	0.3138	0.2964	0.5736
0.2486	0.2242	0.2157	0.333
0.1628	0.1495	0.1431	0.3022
0.3572	0.3044	0.2987	0.5374
0.1569	0.1274	0.1096	0.1236
0.324	0.3788	0.3197	0.7028
0.3106	0.3347	0.3027	0.5853
0.2526	0.2338	0.2103	0.2995
0.3619	0.2835	0.275	0.4735
0.1284	0.119	0.1098	0.2099
0.3246	0.2694	0.2562	0.4015
0.3328	0.3839	0.3296	0.7904
0.3205	0.2931	0.2662	0.5004
0.2549	0.2599	0.2394	0.5277
0.2515	0.21	0.2004	0.5722
0.3461	0.3266	0.3053	0.6509
0.2402	0.2279	0.2068	0.4633
0.1946	0.1894	0.1745	0.2702
0.2975	0.2345	0.2199	0.3434
0.3955	0.37	0.3351	0.8074
0.3314	0.3838	0.3277	0.7349
0.3453	0.3861	0.3338	0.7765
0.3332	0.3564	0.3307	0.8092
0.2849	0.3018	0.257	0.4887
0.2926	0.272	0.2509	0.3828
0.2909	0.2772	0.2516	0.4246
0.3305	0.3785	0.3269	0.75
0.256	0.2382	0.2051	0.4248
0.3514	0.3405	0.3183	0.6006
0.262	0.2773	0.2563	0.6006
0.2968	0.308	0.2797	0.4797
0.1623	0.158	0.1521	0.3734
0.2534	0.2283	0.2122	0.4336
0.3027	0.2695	0.2552	0.4757
0.1539	0.1553	0.1421	0.2737
0.2802	0.2455	0.223	0.3504
0.3017	0.3092	0.2921	0.5742
0.2758	0.2653	0.2577	0.5166
0.3843	0.3506	0.3393	0.7695
0.235	0.2393	0.2115	0.4149
0.257	0.261	0.2372	0.5772
0.2107	0.1801	0.169	0.2443
0.29	0.2673	0.2475	0.4425
0.2666	0.3095	0.255	0.4842
0.2811	0.2986	0.2693	0.5972
0.246	0.2464	0.2244	0.3951
0.2685	0.2948	0.2532	0.4648
0.184	0.1712	0.1477	0.2291
0.1032	0.1035	0.1014	0.3052
0.3045	0.2905	0.2624	0.4247
0.3334	0.3457	0.3228	0.7081
0.3057	0.2981	0.2685	0.4648
0.3252	0.3812	0.3208	0.7403
0.355	0.3134	0.2831	0.4999
0.3627	0.3687	0.3389	0.7614
0.2904	0.2777	0.2613	0.4428
0.1587	0.1504	0.1404	0.3451
0.2321	0.2367	0.2169	0.5768
0.2429	0.2305	0.2095	0.4201
0.2684	0.2654	0.2501	0.5424
0.3326	0.3577	0.3277	0.6946
0.2771	0.3148	0.266	0.4873
0.2106	0.179	0.1699	0.2994
0.1388	0.1127	0.1054	0.2554
0.1721	0.1754	0.1552	0.4001
0.26	0.2077	0.1978	0.4548
0.2941	0.3148	0.2847	0.6108
0.2637	0.2953	0.2443	0.4727
0.294	0.2937	0.2754	0.4391
0.2158	0.2033	0.1913	0.5057
0.1692	0.1597	0.1498	0.3363
