0.1585	0.1191	0.1177	0.3226
0.1708	0.1847	0.163	0.4448
0.3202	0.3559	0.3064	0.6632
0.2039	0.1897	0.1828	0.4316
0.1525	0.1352	0.1321	0.4003
0.1638	0.1582	0.1521	0.3257
0.29	0.3139	0.2751	0.5039
0.219	0.2077	0.1966	0.4524
0.2226	0.2414	0.2101	0.4516
0.2883	0.2932	0.2671	0.5644
0.1729	0.1816	0.1725	0.4431
0.2937	0.3339	0.2917	0.6256
0.2942	0.3133	0.2781	0.649
0.1681	0.1617	0.1557	0.2871
0.14	0.124	0.1193	0.2809
0.1646	0.1539	0.1501	0.3564
0.1629	0.1581	0.1553	0.3639
0.2515	0.2627	0.2399	0.3678
0.1694	0.1451	0.1403	0.3522
0.2253	0.2406	0.2005	0.3118
0.1915	0.1767	0.1567	0.2753
0.1652	0.1724	0.1513	0.3639
0.1576	0.1857	0.1571	0.504
0.1945	0.1855	0.1717	0.3934
0.1941	0.1998	0.1803	0.5319
0.257	0.2424	0.2229	0.3452
0.1655	0.1586	0.1462	0.2838
0.1373	0.1194	0.1124	0.1799
0.1601	0.1453	0.1397	0.3536
0.1859	0.1897	0.1695	0.3047
0.2635	0.2902	0.2522	0.5304
0.1962	0.2053	0.1771	0.3887
0.0993	0.0885	0.0879	0.2468
0.2964	0.3396	0.2936	0.6496
0.2435	0.266	0.2319	0.3941
0.1537	0.1513	0.1432	0.2805
0.1572	0.1891	0.1567	0.4989
0.1093	0.1125	0.1024	0.2177
0.1834	0.1736	0.1719	0.4889
0.1662	0.166	0.1525	0.3861
0.1614	0.1778	0.1576	0.4024
0.1573	0.1465	0.1385	0.3719
0.1707	0.1747	0.1653	0.391
0.1671	0.1649	0.1561	0.3382
0.2818	0.327	0.2751	0.5996
0.237	0.2255	0.2013	0.505
0.2691	0.3	0.2579	0.5615
0.1589	0.1712	0.1561	0.3364
0.3307	0.3178	0.3056	0.7511
0.271	0.2992	0.2599	0.6462
0.1415	0.1479	0.1326	0.3018
0.2073	0.2168	0.1994	0.4431
0.1632	0.1562	0.1451	0.3943
0.191	0.1899	0.1765	0.4457
0.1989	0.1821	0.1785	0.4753
0.249	0.2908	0.2447	0.6138
0.1103	0.1091	0.1015	0.1814
0.1466	0.1142	0.1121	0.2649
0.2779	0.2957	0.2625	0.5339
0.31	0.3539	0.3082	0.7283
0.2095	0.1955	0.1866	0.5203
0.1627	0.1336	0.1307	0.3424
0.2222	0.2293	0.2081	0.5712
0.193	0.1796	0.173	0.488
0.3088	0.3604	0.2981	0.7673
0.159	0.1298	0.1287	0.362
0.1441	0.1235	0.118	0.2467
0.2286	0.2597	0.2139	0.4574
0.1817	0.1777	0.1674	0.2438
0.2152	0.2159	0.1983	0.5509
0.0854	0.0802	0.0756	0.0982
0.206	0.2175	0.194	0.4937
0.1692	0.1604	0.1503	0.3924
0.1509	0.1196	0.1157	0.2872
0.2166	0.2262	0.1957	0.3262
0.2305	0.2595	0.2133	0.4413
0.1382	0.1336	0.1276	0.2672
0.1376	0.153	0.1286	0.2738
0.1812	0.1886	0.1674	0.4689
0.137	0.1376	0.1251	0.2211
0.2071	0.2041	0.1806	0.3685
0.1229	0.1024	0.0965	0.1779
0.1602	0.147	0.1441	0.376
0.1867	0.1857	0.1735	0.4165
0.2288	0.2417	0.2213	0.5566
0.1308	0.1275	0.1181	0.2088
0.2142	0.2026	0.1913	0.549
0.158	0.1593	0.147	0.3526
0.1933	0.209	0.1826	0.4764
0.2226	0.2245	0.1941	0.4264
0.1584	0.145	0.1365	0.3635
0.0766	0.0677	0.065	0.1011
0.1633	0.1349	0.1311	0.3774
0.1324	0.1441	0.1289	0.2488
0.1145	0.1029	0.0941	0.1504
0.1978	0.19	0.1785	0.4876
0.263	0.2805	0.25	0.5746
0.1633	0.1843	0.1611	0.4724
0.1556	0.1649	0.1521	0.3931
0.2649	0.2669	0.2432	0.4911
0.2675	0.3142	0.2655	0.6288
0.1635	0.1562	0.1488	0.2016
0.1896	0.1803	0.1713	0.3545
0.1468	0.1483	0.1308	0.1763
0.1721	0.1734	0.1587	0.2238
0.2375	0.2188	0.2013	0.5088
0.1859	0.1984	0.1764	0.4874
0.3023	0.2974	0.2874	0.514
0.2448	0.2774	0.2301	0.5052
0.1772	0.1945	0.1635	0.3399
0.2801	0.3016	0.2773	0.6148
0.1489	0.1577	0.1416	0.3082
0.1989	0.2061	0.187	0.4079
0.227	0.2427	0.213	0.3638
0.2091	0.2011	0.188	0.4535
0.2917	0.3044	0.2731	0.6036
0.1107	0.0916	0.0881	0.1381
0.1368	0.1256	0.1221	0.1972
0.2796	0.2992	0.2722	0.6089
0.1077	0.1058	0.1029	0.262
0.1415	0.1406	0.1317	0.2726
0.1835	0.2162	0.1764	0.3392
0.234	0.2695	0.2264	0.5298
0.1268	0.121	0.1122	0.2577
0.145	0.1405	0.1258	0.2976
0.2943	0.3173	0.2895	0.6843
0.2966	0.2978	0.2838	0.4964
0.1056	0.0895	0.0852	0.1261
0.1307	0.1344	0.1243	0.2741
0.124	0.1095	0.1062	0.2132
0.2527	0.2634	0.2353	0.4698
0.3125	0.3441	0.2954	0.7215
0.187	0.1616	0.1574	0.3036
0.3374	0.3269	0.3135	0.7488
0.1879	0.1803	0.1707	0.373
0.1642	0.1826	0.1632	0.4566
0.1961	0.2065	0.1809	0.4339
0.1555	0.1441	0.1323	0.1792
0.1534	0.1346	0.1302	0.2856
0.1644	0.1779	0.1547	0.3861
0.2706	0.3092	0.269	0.7053
0.1366	0.1368	0.1291	0.2494
0.3029	0.3108	0.2975	0.5493
0.1889	0.2023	0.177	0.5419
0.1048	0.1018	0.0976	0.1406
0.1636	0.1714	0.1565	0.4285
0.1641	0.1668	0.1607	0.3678
0.1853	0.1831	0.172	0.4303
0.2483	0.2678	0.2382	0.4137
0.1828	0.1801	0.1686	0.425
0.2924	0.3449	0.279	0.6201
0.163	0.1715	0.161	0.3671
0.2264	0.2507	0.2184	0.5124
0.182	0.1695	0.1632	0.4228
0.1089	0.1126	0.1017	0.169
0.157	0.1616	0.155	0.3495
0.1299	0.1317	0.1244	0.2031
0.1602	0.1661	0.1537	0.4162
0.2968	0.3196	0.2925	0.5919
0.1961	0.1759	0.1722	0.4112
0.3098	0.3392	0.3081	0.7265
0.1314	0.1308	0.1246	0.2174
0.2713	0.311	0.2698	0.7056
0.1752	0.1795	0.1721	0.4632
0.1576	0.168	0.1534	0.3387
0.2493	0.2607	0.2418	0.5341
0.1733	0.1491	0.1456	0.246
0.1499	0.157	0.1452	0.322
0.1529	0.1529	0.134	0.1813
0.2939	0.3298	0.2794	0.6688
0.1584	0.1721	0.1556	0.428
0.1904	0.1786	0.1691	0.3666
0.2044	0.1916	0.1805	0.5033
0.1892	0.1601	0.1515	0.2804
0.2855	0.3066	0.2774	0.5082
0.1554	0.1652	0.149	0.3958
0.1442	0.1455	0.1412	0.2508
0.248	0.2128	0.2017	0.2985
0.1698	0.1781	0.1693	0.4725
0.2433	0.2558	0.2132	0.3165
0.1514	0.1333	0.1244	0.3165
0.259	0.2844	0.2532	0.505
0.203	0.2024	0.1851	0.3459
0.1611	0.1722	0.1577	0.4349
0.2555	0.2819	0.2462	0.5554
0.1578	0.1318	0.1261	0.3717
0.3149	0.3355	0.289	0.5368
0.2383	0.2678	0.2204	0.4955
0.216	0.2279	0.2012	0.4107
0.1549	0.1344	0.1242	0.2805
0.2738	0.2564	0.2366	0.5264
0.2833	0.3187	0.2806	0.7197
0.1669	0.1371	0.1353	0.3108
0.2892	0.2979	0.2703	0.5765
0.1733	0.1684	0.1598	0.4293
0.1976	0.1886	0.1762	0.3994
0.133	0.1357	0.1236	0.2064
0.1387	0.1249	0.1163	0.2601
0.2185	0.2284	0.2069	0.4574
0.2464	0.2395	0.2215	0.439
0.2467	0.2617	0.2353	0.4089
0.1726	0.1713	0.1579	0.3512
0.165	0.1688	0.1594	0.4319
0.1466	0.1399	0.1314	0.2955
0.2367	0.2444	0.2114	0.4405
0.1597	0.1696	0.1577	0.3567
0.1439	0.1729	0.141	0.3389
0.0987	0.1006	0.0904	0.1435
0.2506	0.3046	0.2459	0.6623
0.1676	0.1772	0.1666	0.5126
0.156	0.1585	0.1534	0.3384
0.1651	0.1757	0.1641	0.455
0.2161	0.236	0.2071	0.4771
0.1877	0.1882	0.1719	0.3187
0.1514	0.1509	0.1436	0.3422
0.2735	0.2991	0.2599	0.5698
0.2953	0.3041	0.2874	0.5435
0.1506	0.1283	0.1237	0.2856
0.3076	0.3227	0.2946	0.6
0.171	0.1787	0.1614	0.3457
0.2706	0.2763	0.2542	0.4067
0.168	0.1866	0.1675	0.4459
0.2002	0.2077	0.1835	0.5032
0.1664	0.1819	0.1649	0.4074
0.1645	0.1613	0.1548	0.4059
0.1873	0.169	0.1597	0.2919
0.1449	0.1393	0.1313	0.273
0.2978	0.3312	0.285	0.5809
0.1567	0.1515	0.1407	0.2774
0.1387	0.1406	0.1314	0.3934
0.2263	0.2559	0.2114	0.4032
0.1601	0.1578	0.1426	0.3576
0.1811	0.1995	0.1719	0.3862
0.1621	0.1877	0.1601	0.4284
0.1219	0.11	0.1085	0.3021
0.2575	0.2791	0.2451	0.4803
0.2819	0.3031	0.2692	0.6234
0.2499	0.2747	0.2336	0.5225
0.1631	0.1607	0.1523	0.3865
0.2618	0.2701	0.2501	0.4388
0.2846	0.2985	0.2747	0.5099
0.1185	0.1149	0.1109	0.329
0.2566	0.3014	0.2503	0.6268
0.1603	0.1723	0.1499	0.3413
0.1417	0.1128	0.1112	0.3107
0.2908	0.3267	0.276	0.6729
0.1812	0.1596	0.1517	0.2773
0.117	0.11	0.1037	0.1685
0.2013	0.1846	0.1834	0.4507
0.1937	0.1773	0.1712	0.3619
0.1306	0.1368	0.1171	0.2272
0.2826	0.3106	0.2808	0.6852
0.1809	0.1818	0.1707	0.4428
0.1805	0.1738	0.1693	0.4195
0.1544	0.1521	0.1418	0.3226
0.1601	0.1184	0.1166	0.3086
0.2735	0.2911	0.2615	0.6009
0.167	0.1755	0.1623	0.3967
0.193	0.1916	0.1759	0.4822
0.1533	0.1607	0.1404	0.2917
0.1941	0.1734	0.1707	0.4163
0.2469	0.2778	0.2352	0.4629
0.1586	0.1455	0.1393	0.363
0.1751	0.1813	0.1688	0.4472
0.2702	0.2846	0.2459	0.5339
0.1637	0.1682	0.1611	0.3973
0.1601	0.1708	0.1576	0.3488
0.1611	0.1733	0.157	0.427
0.2644	0.2901	0.2537	0.5555
0.2158	0.1923	0.1873	0.498
0.2074	0.2224	0.1924	0.3326
0.154	0.1525	0.1384	0.3021
0.2509	0.2468	0.2246	0.5355
0.1248	0.1198	0.1008	0.1236
0.2144	0.234	0.2052	0.379
0.1977	0.1873	0.177	0.4168
0.1996	0.2144	0.179	0.2994
0.2779	0.2781	0.2664	0.472
0.1284	0.1119	0.1081	0.2099
0.2277	0.2487	0.2183	0.4005
0.2443	0.2706	0.2386	0.5552
0.2758	0.2773	0.2514	0.4987
0.1487	0.1741	0.1459	0.4256
0.2026	0.1964	0.1838	0.5701
0.2906	0.3341	0.2764	0.6483
0.1648	0.1723	0.1587	0.4304
0.1483	0.1304	0.125	0.2702
0.249	0.2203	0.2139	0.3429
0.3387	0.3605	0.3265	0.77
0.1486	0.1355	0.1297	0.2379
0.1871	0.1684	0.1575	0.3195
0.1456	0.1427	0.1358	0.3304
0.1897	0.1812	0.1731	0.4871
0.2066	0.1974	0.1821	0.382
0.1871	0.1882	0.173	0.4235
0.2509	0.273	0.2462	0.5904
0.1725	0.1745	0.1605	0.4237
0.2716	0.2792	0.2509	0.5934
0.1367	0.1296	0.1255	0.2307
0.1824	0.1648	0.1617	0.3767
0.1605	0.1605	0.1521	0.3726
0.1668	0.1733	0.1642	0.4324
0.1777	0.1741	0.1678	0.4742
0.1426	0.1387	0.1336	0.2737
0.2184	0.1806	0.1699	0.3499
0.1387	0.111	0.1096	0.1987
0.163	0.1616	0.1544	0.3317
0.265	0.2746	0.2444	0.3891
0.1656	0.1817	0.1576	0.4138
0.1662	0.1877	0.1645	0.402
0.1816	0.1801	0.1659	0.2443
0.1704	0.165	0.1604	0.4413
0.154	0.1337	0.1272	0.2973
0.122	0.12	0.1149	0.3238
0.1622	0.1581	0.1524	0.3942
0.1585	0.1729	0.1542	0.356
0.1524	0.1265	0.1231	0.2291
0.1031	0.1035	0.1014	0.3051
0.2288	0.2457	0.2031	0.4236
0.2189	0.2389	0.2113	0.3942
0.236	0.2616	0.221	0.4634
0.2046	0.2196	0.192	0.4821
0.2862	0.3165	0.2697	0.4983
0.2525	0.2652	0.2433	0.4576
0.2344	0.2773	0.2231	0.4416
0.1563	0.1504	0.1404	0.3446
0.1626	0.175	0.1521	0.3606
0.1956	0.2323	0.1874	0.4191
0.1487	0.1524	0.141	0.3169
0.1248	0.1339	0.1193	0.1983
0.1964	0.2256	0.1891	0.4848
0.1549	0.1467	0.1372	0.2994
0.1388	0.1142	0.1054	0.2554
0.1614	0.1574	0.1482	0.3991
0.1906	0.1876	0.1731	0.4535
0.1757	0.1884	0.1679	0.4026
0.1782	0.1663	0.1544	0.3671
0.2144	0.1894	0.1872	0.4379
0.1659	0.1776	0.165	0.4841
0.166	0.1327	0.1313	0.3359
