0.151	0.1191	0.1162	0.3226
0.1638	0.1847	0.1621	0.4438
0.2189	0.2419	0.2115	0.4349
0.1668	0.1801	0.1652	0.4306
0.1525	0.1352	0.1321	0.3996
0.1563	0.1582	0.1494	0.3257
0.2035	0.2276	0.196	0.4675
0.1554	0.1681	0.152	0.3163
0.171	0.1768	0.1658	0.4505
0.2094	0.2118	0.1982	0.51
0.1729	0.1816	0.1725	0.4421
0.1857	0.1838	0.1748	0.4392
0.1623	0.1658	0.154	0.3263
0.1463	0.1556	0.1424	0.2871
0.1229	0.124	0.1157	0.2809
0.1615	0.1539	0.1501	0.356
0.1555	0.1581	0.1519	0.3635
0.1132	0.107	0.0993	0.2213
0.1578	0.1451	0.1372	0.3519
0.1537	0.1463	0.1381	0.3118
0.1654	0.1697	0.1437	0.2753
0.1589	0.1724	0.1513	0.3635
0.1437	0.1656	0.1428	0.3638
0.1556	0.1823	0.1543	0.3928
0.1711	0.1976	0.1702	0.5302
0.1925	0.1942	0.1779	0.3449
0.1454	0.116	0.1138	0.2838
0.1161	0.1134	0.1044	0.1799
0.1502	0.1463	0.1396	0.3533
0.1518	0.16	0.1481	0.3047
0.1927	0.1928	0.1828	0.5287
0.1439	0.1172	0.115	0.3881
0.0993	0.0885	0.0879	0.2468
0.177	0.1774	0.17	0.4079
0.1272	0.1252	0.1175	0.2655
0.1461	0.1513	0.1412	0.2805
0.1553	0.1929	0.1551	0.4975
0.1054	0.1125	0.1018	0.2177
0.1577	0.1761	0.1564	0.4875
0.1594	0.166	0.1525	0.3856
0.1592	0.1776	0.1573	0.4017
0.1486	0.1219	0.1218	0.3715
0.167	0.1747	0.1653	0.3904
0.1557	0.1677	0.1524	0.338
0.1824	0.1873	0.1753	0.43
0.1851	0.1961	0.1755	0.5035
0.1485	0.1578	0.1457	0.2818
0.1428	0.1676	0.1407	0.3363
0.1789	0.198	0.1777	0.5081
0.1118	0.1122	0.1069	0.2082
0.1336	0.1479	0.1306	0.3018
0.1166	0.1251	0.1124	0.1838
0.1558	0.1334	0.1304	0.3937
0.1406	0.1444	0.1353	0.3418
0.174	0.1815	0.1735	0.474
0.1229	0.1294	0.1186	0.2381
0.1031	0.1031	0.0966	0.1814
0.1466	0.1142	0.1121	0.2649
0.1948	0.231	0.1906	0.4471
0.1759	0.1658	0.1618	0.329
0.1673	0.181	0.167	0.4799
0.15	0.1318	0.1236	0.3422
0.1742	0.1983	0.1703	0.4432
0.1671	0.1828	0.1654	0.4866
0.1443	0.1473	0.1402	0.2576
0.1497	0.1341	0.1243	0.3617
0.1441	0.1235	0.1139	0.2467
0.1496	0.1651	0.1446	0.3966
0.1396	0.1419	0.1343	0.2438
0.1593	0.1638	0.1567	0.4102
0.0827	0.0802	0.0755	0.0982
0.1539	0.1652	0.1503	0.4014
0.1549	0.1604	0.1483	0.3917
0.1236	0.1069	0.1063	0.2872
0.1583	0.1394	0.135	0.3261
0.149	0.1465	0.136	0.34
0.1315	0.1336	0.123	0.2672
0.1341	0.1528	0.1286	0.2738
0.162	0.1723	0.1608	0.4677
0.12	0.1158	0.1093	0.2211
0.1751	0.1614	0.1561	0.3681
0.1154	0.0945	0.0911	0.1779
0.1496	0.1497	0.1369	0.3755
0.1438	0.1601	0.1418	0.4157
0.1225	0.1262	0.1177	0.1886
0.1228	0.1275	0.118	0.2088
0.1638	0.185	0.1632	0.405
0.1536	0.1593	0.147	0.3523
0.166	0.1867	0.1629	0.4751
0.1827	0.1817	0.168	0.4255
0.1523	0.145	0.1325	0.3631
0.0766	0.0684	0.0651	0.1011
0.1394	0.1349	0.1249	0.3769
0.1239	0.1441	0.1202	0.2488
0.1036	0.0944	0.0913	0.1504
0.1703	0.1821	0.1672	0.4862
0.168	0.1847	0.1617	0.3838
0.162	0.1843	0.161	0.4711
0.1499	0.164	0.1489	0.3925
0.1814	0.1963	0.17	0.4227
0.1705	0.1708	0.166	0.3765
0.1332	0.1215	0.1161	0.2016
0.1068	0.1036	0.1015	0.1615
0.1141	0.1051	0.1025	0.1763
0.1415	0.1147	0.1146	0.2238
0.183	0.1987	0.1793	0.5073
0.1643	0.1982	0.1637	0.486
0.2119	0.2329	0.1992	0.4687
0.154	0.1393	0.1321	0.2729
0.1454	0.1557	0.1423	0.3397
0.1364	0.1433	0.1307	0.2134
0.1473	0.1604	0.1412	0.3082
0.1592	0.1674	0.1547	0.4072
0.1165	0.1131	0.1108	0.2686
0.176	0.1896	0.169	0.4524
0.1734	0.1781	0.1656	0.2973
0.1096	0.0932	0.0881	0.1381
0.1343	0.1263	0.1221	0.1972
0.1328	0.1183	0.1141	0.1813
0.1077	0.1058	0.1029	0.262
0.1326	0.1408	0.1277	0.2726
0.1422	0.1316	0.1287	0.3193
0.132	0.1314	0.1285	0.2486
0.1132	0.1202	0.1071	0.2577
0.1339	0.1288	0.118	0.2976
0.128	0.1392	0.1246	0.26
0.2283	0.2338	0.2141	0.495
0.0997	0.0896	0.085	0.1261
0.1232	0.1344	0.121	0.2741
0.1109	0.1119	0.0998	0.2132
0.1795	0.1889	0.1726	0.4685
0.1623	0.1511	0.1503	0.2431
0.152	0.1617	0.1462	0.3036
0.1962	0.217	0.1943	0.4737
0.1454	0.1644	0.1421	0.3725
0.1492	0.1643	0.1476	0.4555
0.1661	0.1841	0.1611	0.4329
0.1369	0.1322	0.1233	0.1792
0.1532	0.1346	0.1236	0.2856
0.148	0.1587	0.1455	0.3855
0.1528	0.1559	0.1496	0.2551
0.1359	0.1368	0.1284	0.2494
0.2201	0.2155	0.2021	0.5475
0.1769	0.2023	0.1765	0.5402
0.1048	0.1018	0.0976	0.1406
0.1636	0.1714	0.1565	0.4276
0.1584	0.1682	0.1518	0.3674
0.1678	0.1767	0.1607	0.4294
0.1509	0.1399	0.1386	0.4129
0.147	0.14	0.134	0.3781
0.1386	0.1393	0.1334	0.3556
0.1627	0.1717	0.1611	0.3667
0.1514	0.1674	0.1496	0.441
0.165	0.1728	0.1625	0.4219
0.1014	0.1031	0.0961	0.169
0.1534	0.1616	0.15	0.3492
0.1283	0.1337	0.1244	0.2031
0.1536	0.1661	0.1497	0.4154
0.126	0.1293	0.1215	0.2012
0.17	0.1759	0.1663	0.4104
0.1106	0.1047	0.1011	0.1498
0.129	0.1308	0.1216	0.2174
0.1124	0.1123	0.1067	0.2318
0.1697	0.1795	0.1689	0.462
0.156	0.168	0.1534	0.3385
0.1551	0.1853	0.154	0.4007
0.1292	0.1338	0.1244	0.246
0.1478	0.157	0.1452	0.322
0.121	0.1173	0.1101	0.1813
0.1173	0.1184	0.1121	0.2006
0.1575	0.1721	0.1556	0.4271
0.1601	0.1789	0.1571	0.3662
0.1705	0.1912	0.1689	0.5019
0.1429	0.1473	0.1365	0.2804
0.2167	0.2028	0.1972	0.5067
0.1498	0.1623	0.1471	0.3952
0.1442	0.1455	0.1412	0.2508
0.1807	0.1628	0.157	0.2985
0.1676	0.1781	0.1666	0.4712
0.1764	0.1799	0.1643	0.3165
0.1321	0.1333	0.1244	0.3165
0.1648	0.1596	0.1538	0.3316
0.147	0.1474	0.1315	0.3457
0.1595	0.1722	0.1577	0.4339
0.1655	0.1872	0.1638	0.3821
0.1561	0.1257	0.1228	0.3712
0.2202	0.2374	0.216	0.5351
0.1825	0.1847	0.177	0.4941
0.1498	0.1377	0.1289	0.3623
0.1517	0.1344	0.1242	0.2805
0.2134	0.2095	0.2007	0.5247
0.1281	0.1287	0.123	0.2076
0.161	0.1374	0.132	0.3108
0.1538	0.1591	0.1511	0.3031
0.1713	0.1684	0.1596	0.4284
0.1584	0.1669	0.1559	0.3987
0.1188	0.1187	0.1093	0.2064
0.1387	0.1214	0.1148	0.2601
0.1748	0.1923	0.1741	0.4563
0.1773	0.1966	0.1702	0.438
0.1703	0.1666	0.1572	0.4082
0.1594	0.167	0.1545	0.3509
0.131	0.1404	0.1275	0.2695
0.1212	0.123	0.1171	0.2955
0.1844	0.1762	0.1688	0.4395
0.1597	0.1696	0.1577	0.3564
0.1109	0.1113	0.106	0.2694
0.0887	0.0918	0.0824	0.1435
0.1876	0.1934	0.1867	0.5311
0.1579	0.1767	0.1574	0.5111
0.1486	0.1585	0.1462	0.3382
0.1407	0.1246	0.1236	0.3138
0.1327	0.1471	0.1297	0.2975
0.1221	0.1393	0.1184	0.3187
0.147	0.152	0.1434	0.342
0.1225	0.1253	0.1215	0.259
0.2242	0.2186	0.2059	0.5418
0.1176	0.1183	0.1156	0.2856
0.2112	0.2424	0.2083	0.483
0.1445	0.1546	0.1436	0.3454
0.1998	0.2121	0.1877	0.4059
0.141	0.1489	0.1352	0.3367
0.1727	0.1988	0.1718	0.5017
0.1664	0.1819	0.1649	0.4066
0.152	0.1592	0.144	0.4051
0.1353	0.1459	0.1309	0.2919
0.1281	0.1393	0.1233	0.273
0.1429	0.1229	0.1201	0.1934
0.124	0.1281	0.1163	0.2774
0.138	0.1483	0.1314	0.3927
0.1171	0.1096	0.1077	0.2265
0.1585	0.1578	0.1426	0.3573
0.1505	0.1363	0.1329	0.3719
0.1615	0.1877	0.16	0.4274
0.1194	0.11	0.1085	0.3021
0.1666	0.1616	0.154	0.327
0.1193	0.1131	0.1099	0.1844
0.1385	0.1354	0.1298	0.3519
0.1566	0.1607	0.1523	0.3859
0.1966	0.1866	0.1782	0.4378
0.1744	0.19	0.1686	0.3558
0.1139	0.1149	0.1101	0.3289
0.1231	0.1073	0.1037	0.1466
0.1516	0.1723	0.1493	0.3412
0.1369	0.1129	0.1112	0.3107
0.1107	0.1144	0.1071	0.1661
0.1482	0.1571	0.1423	0.2773
0.1006	0.0979	0.0937	0.1685
0.1293	0.117	0.1159	0.2472
0.1517	0.1711	0.1487	0.3615
0.1306	0.1233	0.1117	0.2272
0.1187	0.1073	0.102	0.2316
0.1645	0.1818	0.1628	0.4418
0.1403	0.1233	0.1186	0.3496
0.1312	0.1398	0.1261	0.3226
0.1436	0.1184	0.1153	0.3086
0.1567	0.1712	0.1499	0.3178
0.1635	0.1755	0.1603	0.3961
0.1684	0.1916	0.1672	0.4808
0.1517	0.1606	0.1404	0.2917
0.1687	0.1761	0.1659	0.4155
0.1419	0.1203	0.1195	0.2644
0.1548	0.1455	0.1386	0.3626
0.1717	0.1813	0.1688	0.4462
0.2016	0.1861	0.1827	0.4701
0.1587	0.1682	0.1552	0.3966
0.1563	0.1708	0.1524	0.3486
0.1611	0.1733	0.157	0.4261
0.1146	0.1085	0.1047	0.1696
0.1639	0.1881	0.1634	0.4965
0.1333	0.1556	0.13	0.3325
0.1434	0.1384	0.1322	0.3021
0.1535	0.1493	0.1405	0.2708
0.0966	0.0857	0.0811	0.1236
0.1608	0.1628	0.1568	0.3785
0.1662	0.1822	0.1639	0.4159
0.143	0.1196	0.1176	0.2994
0.2115	0.2166	0.1955	0.4708
0.125	0.1119	0.1078	0.2099
0.1487	0.139	0.1317	0.3811
0.1799	0.2031	0.1777	0.4518
0.2121	0.2025	0.1921	0.4973
0.1057	0.114	0.1012	0.2039
0.1718	0.1848	0.1708	0.4848
0.1349	0.1308	0.1283	0.3432
0.1643	0.1723	0.1572	0.4294
0.1483	0.1304	0.1201	0.2702
0.1554	0.1619	0.1523	0.3427
0.2398	0.2867	0.2365	0.5968
0.1451	0.1372	0.1296	0.2379
0.1595	0.1684	0.1558	0.3195
0.1285	0.1286	0.1255	0.3303
0.1738	0.1807	0.1721	0.4857
0.1584	0.1552	0.1482	0.3815
0.1529	0.1422	0.1374	0.4067
0.1706	0.2024	0.1696	0.3875
0.1573	0.1644	0.1557	0.4228
0.1866	0.186	0.1772	0.3827
0.1367	0.1296	0.1254	0.2307
0.133	0.1381	0.1293	0.2154
0.1484	0.1539	0.1393	0.3722
0.1668	0.1733	0.1642	0.4315
0.1561	0.1754	0.1552	0.473
0.1426	0.1412	0.1332	0.2737
0.1839	0.1763	0.1636	0.3497
0.1207	0.111	0.1096	0.1987
0.157	0.1616	0.1544	0.3316
0.2023	0.2191	0.1898	0.3885
0.1491	0.163	0.1471	0.413
0.1658	0.1877	0.1645	0.4013
0.1382	0.1233	0.1206	0.2443
0.1546	0.1714	0.1513	0.4402
0.1534	0.1337	0.123	0.2973
0.1206	0.12	0.1144	0.3238
0.1622	0.1581	0.1477	0.3935
0.1581	0.1309	0.1308	0.3557
0.1253	0.1262	0.1147	0.2291
0.1031	0.1035	0.1014	0.3051
0.1702	0.1801	0.166	0.4227
0.1432	0.1374	0.135	0.3936
0.1378	0.1255	0.1227	0.311
0.1787	0.1937	0.1765	0.4808
0.2045	0.2172	0.2006	0.4969
0.1571	0.1352	0.1329	0.3371
0.1669	0.1915	0.1657	0.4027
0.1518	0.1504	0.1394	0.3444
0.1526	0.175	0.1489	0.3602
0.1607	0.1823	0.1592	0.4182
0.1412	0.1524	0.1356	0.3169
0.1233	0.1145	0.1081	0.1983
0.1626	0.1638	0.151	0.3812
0.1516	0.1467	0.1367	0.2994
0.1198	0.1026	0.0971	0.2554
0.1581	0.1573	0.1456	0.3985
0.1654	0.1876	0.1638	0.4524
0.1693	0.1884	0.1679	0.4019
0.1661	0.164	0.1494	0.3667
0.1632	0.1687	0.1572	0.4232
0.1293	0.1365	0.1263	0.2778
0.1493	0.1372	0.1284	0.3358
