0.1407	0.1191	0.1157	0.3226
0.1505	0.1676	0.1486	0.4062
0.1515	0.1707	0.1499	0.3132
0.1267	0.132	0.1238	0.2491
0.1502	0.1352	0.1321	0.3992
0.1421	0.1482	0.1372	0.3257
0.143	0.1499	0.1392	0.3144
0.141	0.1579	0.1389	0.3163
0.1576	0.167	0.1565	0.4497
0.138	0.1449	0.1343	0.2379
0.1707	0.1816	0.1689	0.4412
0.1509	0.1423	0.14	0.3475
0.1199	0.1155	0.1133	0.2712
0.1267	0.1338	0.1237	0.2871
0.1229	0.1236	0.1136	0.2809
0.1562	0.1539	0.1484	0.356
0.1378	0.1517	0.1345	0.2991
0.1103	0.0985	0.0976	0.2213
0.1476	0.1451	0.1361	0.3519
0.1109	0.0998	0.098	0.278
0.1198	0.1082	0.1052	0.2753
0.1511	0.155	0.1381	0.3634
0.1437	0.1656	0.1428	0.3636
0.1201	0.1256	0.1179	0.263
0.1434	0.1636	0.1407	0.2883
0.114	0.1055	0.1031	0.2476
0.1398	0.116	0.1135	0.2838
0.0992	0.0925	0.0906	0.1799
0.1407	0.1463	0.1317	0.3533
0.1422	0.1403	0.1294	0.3047
0.1538	0.1743	0.1519	0.362
0.1391	0.1172	0.115	0.3877
0.0984	0.0885	0.0879	0.2468
0.1508	0.1449	0.1412	0.3896
0.1221	0.1252	0.1175	0.2655
0.1451	0.1513	0.1412	0.2805
0.1142	0.1128	0.1094	0.1855
0.1054	0.1125	0.1018	0.2177
0.1407	0.169	0.1395	0.3869
0.0943	0.0871	0.0864	0.1018
0.1447	0.1545	0.1427	0.3762
0.1305	0.1218	0.1177	0.3712
0.1594	0.1747	0.1573	0.39
0.1541	0.1677	0.1511	0.338
0.1527	0.1644	0.1509	0.3656
0.1681	0.1846	0.1657	0.4126
0.1047	0.1037	0.1016	0.1912
0.1328	0.1474	0.1312	0.3363
0.1551	0.1697	0.1532	0.3363
0.0956	0.0888	0.0878	0.2082
0.1336	0.1479	0.1306	0.3018
0.1085	0.1038	0.0986	0.1838
0.1427	0.1277	0.1203	0.3933
0.1209	0.1235	0.1194	0.3418
0.1335	0.1498	0.1307	0.2393
0.1223	0.1294	0.118	0.2381
0.1024	0.1031	0.096	0.1814
0.1171	0.1076	0.1069	0.2649
0.1548	0.1727	0.1541	0.3998
0.1471	0.1505	0.1414	0.329
0.1319	0.1404	0.1244	0.2395
0.1437	0.1318	0.1229	0.3422
0.1584	0.1649	0.1572	0.4386
0.1147	0.1156	0.1129	0.208
0.1256	0.1264	0.1228	0.2576
0.1429	0.1341	0.1243	0.3615
0.1395	0.1235	0.1139	0.2467
0.1448	0.1651	0.1434	0.3962
0.1226	0.1301	0.1199	0.2438
0.1532	0.1638	0.1518	0.4096
0.0774	0.0728	0.0701	0.0982
0.147	0.1652	0.1457	0.401
0.1386	0.1405	0.1339	0.3913
0.1126	0.1067	0.1056	0.2872
0.1261	0.1264	0.1199	0.3254
0.1222	0.1214	0.12	0.2383
0.127	0.1336	0.123	0.2672
0.1268	0.1416	0.123	0.2738
0.1552	0.1699	0.1548	0.4667
0.12	0.1158	0.1093	0.2211
0.1312	0.1255	0.1228	0.3372
0.1092	0.0851	0.0838	0.1779
0.1428	0.1497	0.1369	0.3752
0.1102	0.1062	0.1022	0.2005
0.1225	0.1262	0.1177	0.1886
0.1075	0.0949	0.0947	0.2088
0.135	0.1412	0.1328	0.2972
0.1536	0.1593	0.147	0.3523
0.1554	0.1775	0.1548	0.4274
0.1471	0.1622	0.1447	0.3891
0.1493	0.145	0.1325	0.363
0.0738	0.0684	0.0634	0.1011
0.1388	0.1349	0.1249	0.3766
0.1236	0.1441	0.1202	0.2488
0.0893	0.0799	0.078	0.1504
0.1651	0.1805	0.1647	0.4654
0.1526	0.1771	0.1522	0.3834
0.1599	0.1863	0.1597	0.4701
0.1499	0.1684	0.1489	0.3921
0.1525	0.1575	0.1511	0.4099
0.1406	0.1543	0.1394	0.3628
0.1031	0.0981	0.0955	0.2016
0.1068	0.1036	0.1015	0.1615
0.1124	0.1051	0.1025	0.1763
0.1156	0.1098	0.1068	0.2238
0.1317	0.1414	0.1282	0.2062
0.1252	0.1292	0.1195	0.1975
0.1297	0.1306	0.1266	0.2882
0.1437	0.1393	0.1303	0.2729
0.1454	0.1573	0.1415	0.3397
0.1299	0.1291	0.1213	0.2134
0.1421	0.1555	0.1387	0.3082
0.153	0.1691	0.1512	0.4066
0.1149	0.1131	0.1108	0.2686
0.1467	0.1447	0.1329	0.3363
0.1503	0.1664	0.1488	0.2973
0.094	0.0811	0.079	0.1381
0.1131	0.1117	0.1013	0.1972
0.1082	0.1095	0.1057	0.1813
0.1046	0.1066	0.099	0.262
0.1326	0.1408	0.1277	0.2726
0.1317	0.127	0.1255	0.3193
0.1289	0.1245	0.1214	0.2486
0.1084	0.1201	0.1005	0.2577
0.1307	0.1288	0.118	0.2976
0.118	0.1202	0.113	0.26
0.0986	0.0941	0.0924	0.1116
0.0931	0.0817	0.0802	0.1261
0.1232	0.1344	0.121	0.2741
0.1105	0.1119	0.0997	0.2132
0.1629	0.1791	0.162	0.4369
0.1131	0.1138	0.11	0.2431
0.1508	0.1617	0.1462	0.3036
0.1081	0.1011	0.099	0.1518
0.1448	0.1644	0.1422	0.3723
0.1398	0.1565	0.139	0.3887
0.1111	0.1064	0.1042	0.1742
0.1026	0.0929	0.0918	0.1792
0.1495	0.1346	0.1236	0.2856
0.1399	0.1237	0.1221	0.3651
0.1179	0.125	0.1156	0.2551
0.1215	0.1217	0.114	0.2494
0.1389	0.1353	0.1324	0.3507
0.1676	0.202	0.1673	0.4657
0.0987	0.0996	0.0917	0.1406
0.1595	0.1714	0.1565	0.4269
0.1248	0.1304	0.1215	0.2526
0.1647	0.1767	0.1605	0.4287
0.1496	0.1399	0.1366	0.4123
0.1397	0.14	0.134	0.3778
0.1167	0.1286	0.1142	0.3154
0.1611	0.1717	0.1588	0.3666
0.1514	0.1674	0.1496	0.4402
0.1419	0.1347	0.1319	0.336
0.1014	0.1031	0.0961	0.169
0.1361	0.1276	0.1257	0.3492
0.1263	0.1337	0.121	0.2031
0.1518	0.1661	0.1497	0.4148
0.1136	0.1123	0.1099	0.2012
0.1427	0.1569	0.1399	0.322
0.1061	0.1033	0.0999	0.1498
0.1246	0.1186	0.1102	0.2174
0.1124	0.1123	0.1067	0.2318
0.15	0.1612	0.1478	0.3538
0.1548	0.1694	0.1526	0.3385
0.1162	0.1192	0.1111	0.2133
0.1215	0.1175	0.1126	0.246
0.1232	0.131	0.1208	0.2403
0.1107	0.1039	0.0993	0.1813
0.1116	0.1096	0.108	0.2006
0.1555	0.1721	0.1546	0.4264
0.1596	0.1789	0.1571	0.366
0.1705	0.1909	0.1689	0.5006
0.1298	0.1438	0.1263	0.2804
0.1275	0.1289	0.119	0.187
0.1114	0.1049	0.102	0.1971
0.1377	0.1455	0.1345	0.2508
0.1276	0.125	0.1211	0.2985
0.1609	0.1781	0.1605	0.4702
0.1124	0.1131	0.1098	0.3017
0.1321	0.1333	0.1244	0.3165
0.1501	0.1624	0.1482	0.3316
0.1437	0.1443	0.1315	0.3457
0.1556	0.1702	0.1551	0.4331
0.1404	0.1467	0.1379	0.345
0.1431	0.1172	0.1168	0.371
0.1463	0.145	0.1402	0.3123
0.1378	0.1279	0.1211	0.2349
0.1215	0.1294	0.1203	0.348
0.1412	0.125	0.1195	0.2805
0.1513	0.1595	0.1489	0.2808
0.1231	0.1202	0.116	0.2076
0.1299	0.1228	0.1195	0.3108
0.1346	0.1441	0.1327	0.3031
0.155	0.1663	0.1543	0.4277
0.151	0.1725	0.1498	0.3982
0.1153	0.1187	0.1093	0.2064
0.13	0.1211	0.1108	0.2601
0.15	0.1372	0.1333	0.3283
0.1411	0.1582	0.1398	0.3817
0.1519	0.1562	0.1453	0.4076
0.1381	0.1477	0.1344	0.3509
0.1293	0.1404	0.1268	0.2695
0.1212	0.123	0.1171	0.2955
0.1465	0.1322	0.1282	0.3301
0.1271	0.1401	0.1248	0.2026
0.1109	0.117	0.106	0.2694
0.0883	0.0918	0.0824	0.1435
0.1218	0.1282	0.1201	0.2954
0.1577	0.1767	0.1574	0.5097
0.1269	0.1325	0.1236	0.3382
0.1201	0.1202	0.1145	0.3138
0.1318	0.1471	0.1297	0.2975
0.122	0.1251	0.1184	0.3187
0.1382	0.152	0.1364	0.342
0.1097	0.1127	0.1067	0.2316
0.1227	0.1293	0.1173	0.1785
0.1161	0.1183	0.1135	0.2856
0.155	0.172	0.1536	0.3424
0.1445	0.1546	0.1436	0.3454
0.1497	0.1306	0.1295	0.3916
0.1355	0.1489	0.1334	0.3367
0.1403	0.1557	0.1365	0.2579
0.1604	0.1819	0.1592	0.4061
0.1483	0.1592	0.1434	0.4046
0.1302	0.144	0.1271	0.2919
0.1277	0.1288	0.1194	0.273
0.1156	0.1112	0.1071	0.1934
0.1126	0.1095	0.1051	0.2774
0.1365	0.1483	0.1314	0.3923
0.1154	0.1096	0.1077	0.2265
0.1549	0.1578	0.1426	0.3572
0.1321	0.143	0.1284	0.3717
0.1568	0.1877	0.1558	0.4267
0.1194	0.11	0.1085	0.3021
0.1467	0.1367	0.1337	0.327
0.1151	0.111	0.1092	0.1844
0.1346	0.1351	0.1279	0.3519
0.1268	0.1311	0.1262	0.3856
0.1513	0.1708	0.1498	0.437
0.1426	0.15	0.1372	0.3558
0.1137	0.1149	0.1098	0.3289
0.1057	0.1019	0.098	0.1466
0.1467	0.1751	0.1451	0.3412
0.1369	0.1129	0.1112	0.3107
0.1076	0.1042	0.1033	0.1661
0.1441	0.1571	0.1397	0.2773
0.1006	0.0979	0.0937	0.1685
0.1287	0.117	0.1158	0.2472
0.1435	0.1599	0.1419	0.3614
0.1226	0.1121	0.1056	0.2272
0.1143	0.1017	0.1004	0.2316
0.1645	0.1818	0.1628	0.441
0.1402	0.1233	0.1186	0.3496
0.1309	0.1398	0.1261	0.3226
0.138	0.1114	0.1111	0.3086
0.1473	0.1646	0.1448	0.3178
0.1356	0.1354	0.1293	0.3093
0.1598	0.197	0.1588	0.4791
0.1503	0.1606	0.1398	0.2917
0.1612	0.1761	0.1605	0.4149
0.1332	0.1203	0.1183	0.2644
0.1416	0.1325	0.127	0.3625
0.1637	0.1804	0.1621	0.4453
0.1357	0.1321	0.1273	0.2537
0.1446	0.1385	0.1326	0.3962
0.1458	0.1413	0.1309	0.3486
0.1588	0.1733	0.157	0.4254
0.0959	0.0952	0.0906	0.1696
0.1172	0.1223	0.1126	0.1865
0.1277	0.1556	0.1252	0.3325
0.1351	0.1293	0.1204	0.3021
0.1427	0.1492	0.1392	0.2708
0.0828	0.0722	0.0683	0.1236
0.1195	0.1221	0.1167	0.3062
0.1268	0.1251	0.1208	0.235
0.1067	0.1077	0.1	0.2994
0.1465	0.1381	0.1298	0.3103
0.1179	0.1066	0.1002	0.2099
0.1469	0.139	0.1313	0.3808
0.1193	0.1171	0.1152	0.2779
0.1186	0.1351	0.1143	0.1989
0.1057	0.114	0.1012	0.2039
0.1623	0.1841	0.1622	0.4837
0.1338	0.129	0.1281	0.3432
0.1347	0.1505	0.1306	0.2359
0.1289	0.1304	0.1199	0.2702
0.1462	0.1535	0.143	0.3427
0.156	0.1691	0.1534	0.3269
0.1373	0.1372	0.1296	0.2379
0.1572	0.1701	0.155	0.3195
0.1251	0.1286	0.1237	0.3303
0.1642	0.1807	0.1638	0.4846
0.1488	0.1552	0.1449	0.3812
0.1503	0.1422	0.137	0.4062
0.1162	0.1154	0.1113	0.2252
0.1527	0.1665	0.1511	0.4222
0.0893	0.0838	0.0827	0.1058
0.1267	0.1296	0.1196	0.2307
0.1219	0.1283	0.1191	0.2154
0.1454	0.1539	0.1393	0.372
0.1615	0.1733	0.1593	0.4307
0.1364	0.1571	0.1341	0.3956
0.1416	0.1292	0.118	0.2737
0.1447	0.1667	0.142	0.3497
0.1065	0.1063	0.1041	0.1987
0.1294	0.1344	0.1284	0.3316
0.126	0.1262	0.1239	0.2604
0.1491	0.163	0.1471	0.4125
0.1247	0.1287	0.1219	0.2381
0.1236	0.1207	0.1114	0.2443
0.1532	0.1714	0.1513	0.4394
0.1505	0.1337	0.123	0.2973
0.1199	0.12	0.1144	0.3238
0.1501	0.1339	0.1321	0.3931
0.1404	0.1332	0.1296	0.3556
0.1209	0.1262	0.1147	0.2291
0.0998	0.1035	0.0978	0.3051
0.1632	0.1787	0.1623	0.4221
0.1432	0.1374	0.135	0.3932
0.1134	0.1146	0.1115	0.2439
0.1327	0.1385	0.1303	0.3491
0.1548	0.1711	0.1536	0.4025
0.1337	0.1352	0.1273	0.3371
0.1518	0.1601	0.1472	0.4022
0.1378	0.1276	0.1228	0.3444
0.1523	0.1787	0.1487	0.3601
0.1561	0.1716	0.1538	0.4176
0.1367	0.1524	0.1351	0.3169
0.1132	0.1145	0.108	0.1983
0.1351	0.1471	0.1337	0.3576
0.1446	0.1244	0.1236	0.2994
0.1192	0.1026	0.0967	0.2554
0.1467	0.1494	0.1402	0.398
0.1654	0.1823	0.1638	0.3579
0.1605	0.1884	0.1595	0.4014
0.147	0.1336	0.131	0.3665
0.1397	0.1409	0.1343	0.4113
0.1158	0.1202	0.1127	0.2778
0.1407	0.121	0.1197	0.3358
