0.1401	0.1186	0.1145	0.3226
0.1185	0.1263	0.1181	0.2271
0.1168	0.1166	0.1145	0.2419
0.1052	0.1005	0.0986	0.1746
0.1167	0.116	0.1111	0.2401
0.1355	0.1306	0.129	0.3257
0.124	0.1329	0.1223	0.3144
0.1188	0.1362	0.118	0.3163
0.137	0.1312	0.1288	0.3188
0.1131	0.1191	0.1106	0.2229
0.1221	0.1274	0.1214	0.239
0.122	0.1264	0.1193	0.2696
0.1074	0.1041	0.1027	0.213
0.113	0.1142	0.1115	0.2871
0.1105	0.1066	0.0985	0.2809
0.1233	0.1342	0.1221	0.2718
0.1176	0.1317	0.1157	0.2991
0.1093	0.0976	0.0963	0.2213
0.1253	0.1205	0.116	0.2179
0.1098	0.0996	0.0975	0.278
0.1077	0.1058	0.1005	0.2753
0.1147	0.1105	0.109	0.1629
0.1269	0.1298	0.1239	0.3431
0.1154	0.1256	0.1133	0.263
0.1322	0.1308	0.1295	0.2883
0.1115	0.1057	0.1007	0.2476
0.1305	0.116	0.1134	0.2838
0.095	0.0922	0.085	0.1799
0.1342	0.1385	0.1268	0.3533
0.1218	0.1273	0.1204	0.3047
0.1034	0.1069	0.1015	0.1338
0.1294	0.1195	0.115	0.3419
0.0983	0.0896	0.0874	0.2468
0.1226	0.1248	0.1195	0.2602
0.1137	0.1256	0.1122	0.2655
0.1052	0.1043	0.1012	0.1592
0.1027	0.1108	0.1015	0.1855
0.099	0.096	0.0952	0.2177
0.1141	0.1203	0.1139	0.208
0.0919	0.0871	0.0862	0.1018
0.13	0.1377	0.1268	0.3762
0.1137	0.1114	0.1085	0.2434
0.1282	0.1333	0.1256	0.2896
0.1156	0.1204	0.1133	0.2663
0.0986	0.0984	0.0962	0.1041
0.1205	0.1255	0.1181	0.1816
0.1031	0.1037	0.1005	0.1912
0.1222	0.1354	0.1216	0.3363
0.0961	0.0961	0.0943	0.1154
0.0956	0.0888	0.0878	0.2082
0.112	0.1201	0.1105	0.2884
0.1061	0.1009	0.0983	0.1838
0.1396	0.1198	0.117	0.3931
0.1012	0.1016	0.0988	0.1406
0.1157	0.1132	0.1118	0.2393
0.1056	0.0947	0.0943	0.179
0.0981	0.0936	0.0916	0.1814
0.1156	0.1076	0.1062	0.2649
0.1283	0.1328	0.1258	0.2385
0.1203	0.1197	0.1183	0.234
0.113	0.1115	0.1096	0.2188
0.1373	0.1318	0.1229	0.3422
0.1233	0.1168	0.1157	0.1691
0.1104	0.1156	0.1087	0.208
0.1101	0.1138	0.1081	0.2576
0.1339	0.1181	0.1132	0.3615
0.1231	0.1235	0.1139	0.2467
0.1228	0.1341	0.1215	0.27
0.114	0.1232	0.112	0.2438
0.0963	0.0954	0.0942	0.0962
0.0751	0.0714	0.0674	0.0982
0.1346	0.1495	0.1321	0.3074
0.1173	0.1145	0.1112	0.2129
0.1103	0.1067	0.1054	0.2872
0.1126	0.1264	0.1113	0.3254
0.1136	0.1165	0.1122	0.2383
0.1265	0.1336	0.1221	0.2672
0.1101	0.1154	0.1081	0.2738
0.142	0.157	0.1392	0.3762
0.1022	0.0975	0.0956	0.2071
0.1275	0.1255	0.1228	0.3372
0.0998	0.0851	0.0835	0.1779
0.131	0.1255	0.1205	0.3735
0.1098	0.1045	0.102	0.2005
0.096	0.0968	0.0927	0.1886
0.1035	0.0937	0.0935	0.2088
0.1179	0.1361	0.1172	0.2547
0.1258	0.127	0.1228	0.3523
0.1347	0.1347	0.1316	0.3094
0.1263	0.1293	0.1256	0.2475
0.1397	0.145	0.1321	0.363
0.0692	0.0643	0.0602	0.1011
0.1387	0.1349	0.1236	0.3766
0.1024	0.0954	0.0942	0.1744
0.0826	0.0799	0.0777	0.1504
0.1097	0.1089	0.1064	0.1409
0.1436	0.15	0.143	0.3833
0.114	0.1157	0.1108	0.1743
0.0959	0.0903	0.0901	0.1071
0.1095	0.1053	0.1037	0.1493
0.1281	0.1359	0.1254	0.3002
0.0989	0.0981	0.0933	0.2016
0.0993	0.0959	0.0953	0.1615
0.1034	0.103	0.1003	0.1763
0.1126	0.1098	0.1064	0.2238
0.1181	0.1147	0.1132	0.2062
0.119	0.1177	0.1147	0.1975
0.1195	0.1306	0.1187	0.2882
0.1133	0.1148	0.112	0.2437
0.0957	0.0946	0.0933	0.1127
0.1042	0.1066	0.1003	0.2134
0.1098	0.108	0.1036	0.2089
0.1425	0.1408	0.1332	0.3724
0.1109	0.1131	0.1087	0.2686
0.1293	0.1279	0.1248	0.3363
0.1037	0.1017	0.0991	0.1343
0.0905	0.0811	0.0784	0.1381
0.1084	0.1011	0.0972	0.1972
0.1046	0.0993	0.0983	0.1813
0.1046	0.1036	0.0968	0.262
0.1026	0.1031	0.102	0.2248
0.114	0.1153	0.1131	0.2796
0.1093	0.1154	0.1082	0.2486
0.1076	0.1201	0.0992	0.2577
0.1152	0.1049	0.103	0.2976
0.1135	0.1121	0.1083	0.26
0.095	0.0947	0.0896	0.1116
0.0861	0.0812	0.0784	0.1261
0.107	0.1036	0.1016	0.2741
0.1041	0.1069	0.098	0.2132
0.1182	0.1215	0.1156	0.1828
0.1122	0.1138	0.11	0.2431
0.1177	0.1295	0.1153	0.3036
0.1024	0.0999	0.0981	0.1518
0.1182	0.119	0.1136	0.2413
0.1227	0.1307	0.1206	0.3138
0.1106	0.1099	0.1027	0.1742
0.0969	0.0928	0.0905	0.1792
0.1332	0.1346	0.1231	0.2856
0.1347	0.1237	0.1221	0.3651
0.1091	0.1078	0.106	0.2551
0.1125	0.1193	0.1087	0.2494
0.1244	0.134	0.1226	0.3154
0.1324	0.1356	0.1293	0.2579
0.0862	0.0876	0.0824	0.1406
0.1181	0.1225	0.1147	0.2099
0.1172	0.1287	0.1155	0.2526
0.0996	0.0985	0.0968	0.1007
0.1196	0.1079	0.1069	0.1831
0.115	0.1207	0.1133	0.2312
0.1105	0.1093	0.1064	0.2518
0.1186	0.122	0.1168	0.2245
0.1043	0.1059	0.1031	0.132
0.1139	0.1149	0.1109	0.2045
0.0962	0.0848	0.0833	0.169
0.1156	0.123	0.1149	0.2902
0.1043	0.1073	0.0996	0.2031
0.1317	0.1648	0.1307	0.2467
0.1061	0.1123	0.1044	0.2012
0.132	0.1407	0.1305	0.322
0.0987	0.0936	0.093	0.1498
0.1079	0.1081	0.1042	0.2174
0.1087	0.104	0.1019	0.2318
0.1301	0.1361	0.1288	0.3159
0.1227	0.1301	0.1186	0.2899
0.1124	0.118	0.1092	0.2133
0.1096	0.1171	0.1058	0.246
0.1089	0.1105	0.1081	0.2403
0.1017	0.1039	0.0974	0.1813
0.1054	0.1046	0.1004	0.2006
0.1055	0.0961	0.0956	0.1465
0.1224	0.1342	0.1214	0.2796
0.1181	0.1229	0.1157	0.1619
0.1104	0.1233	0.1067	0.2804
0.1129	0.1154	0.1088	0.187
0.106	0.1006	0.0982	0.1971
0.1166	0.116	0.1118	0.2508
0.1098	0.1185	0.107	0.2985
0.1411	0.1571	0.1399	0.291
0.1107	0.1156	0.1075	0.3017
0.1213	0.1296	0.1187	0.3165
0.1127	0.1186	0.1114	0.1894
0.1135	0.1198	0.1098	0.2776
0.0962	0.0924	0.0908	0.1131
0.1298	0.1392	0.128	0.345
0.1324	0.1172	0.1168	0.3488
0.1007	0.1003	0.0983	0.1332
0.119	0.1211	0.1162	0.2349
0.1197	0.1294	0.1188	0.348
0.1149	0.1188	0.1104	0.2805
0.1216	0.1325	0.1201	0.2749
0.1064	0.1046	0.1033	0.2076
0.1154	0.1237	0.1115	0.3108
0.1027	0.0982	0.0963	0.128
0.1399	0.1497	0.1366	0.4032
0.1167	0.1162	0.1138	0.2395
0.0994	0.0942	0.0914	0.2064
0.1206	0.1089	0.1021	0.2601
0.1305	0.1326	0.1285	0.3126
0.1354	0.1498	0.1318	0.3529
0.1376	0.1385	0.1364	0.347
0.1086	0.1142	0.1074	0.1589
0.0997	0.0911	0.0905	0.1494
0.1116	0.1139	0.109	0.2955
0.1308	0.1322	0.1282	0.3301
0.1089	0.1173	0.1078	0.2026
0.1074	0.1156	0.1049	0.2694
0.083	0.0807	0.0779	0.1435
0.1012	0.1074	0.1008	0.1685
0.1237	0.1239	0.118	0.1948
0.0963	0.0938	0.0932	0.1102
0.1135	0.1202	0.1121	0.3138
0.1023	0.1028	0.1007	0.16
0.1074	0.1103	0.1064	0.3187
0.1287	0.1431	0.1276	0.342
0.1025	0.1127	0.1014	0.2316
0.1131	0.116	0.1094	0.1785
0.1091	0.1107	0.1079	0.2167
0.1182	0.1197	0.1164	0.245
0.1044	0.1108	0.1024	0.1594
0.1171	0.1155	0.111	0.2214
0.1255	0.1304	0.1225	0.3367
0.13	0.1336	0.1262	0.2579
0.1254	0.1305	0.1236	0.2832
0.1472	0.1592	0.1431	0.4042
0.1089	0.1152	0.1073	0.2919
0.1201	0.1209	0.1153	0.273
0.101	0.1036	0.0999	0.1934
0.105	0.0965	0.0946	0.2774
0.1113	0.1021	0.1008	0.2003
0.1108	0.1096	0.1077	0.2265
0.1249	0.1271	0.1213	0.2958
0.1031	0.1047	0.1011	0.1249
0.117	0.1258	0.1163	0.2304
0.1157	0.11	0.1085	0.3021
0.1279	0.1347	0.1269	0.3208
0.0987	0.0903	0.0901	0.1844
0.1218	0.1351	0.1203	0.2826
0.1161	0.1232	0.1148	0.197
0.1362	0.1371	0.1322	0.3835
0.1339	0.1448	0.1308	0.3558
0.1092	0.1209	0.1056	0.3289
0.099	0.0984	0.0952	0.1466
0.1259	0.1357	0.1244	0.3338
0.1164	0.109	0.1044	0.2995
0.0991	0.0985	0.0959	0.1661
0.1136	0.1241	0.1107	0.2773
0.0896	0.0862	0.0842	0.1685
0.1097	0.114	0.1074	0.2405
0.1162	0.1248	0.115	0.2947
0.1125	0.0992	0.0955	0.2272
0.1112	0.1012	0.1003	0.2316
0.1113	0.1115	0.1085	0.1826
0.1208	0.12	0.1166	0.32
0.104	0.1035	0.0989	0.1402
0.1227	0.1093	0.1067	0.3086
0.1127	0.1142	0.1106	0.1486
0.1053	0.1076	0.1032	0.1489
0.1153	0.1276	0.1143	0.1816
0.1126	0.1141	0.1075	0.1779
0.1143	0.1218	0.1137	0.2012
0.1164	0.1164	0.1135	0.2644
0.1285	0.1277	0.122	0.2896
0.1265	0.1394	0.1261	0.3229
0.114	0.1147	0.1112	0.2185
0.1274	0.1321	0.1248	0.3022
0.1248	0.1271	0.1231	0.3486
0.1044	0.0997	0.0991	0.2154
0.0952	0.0952	0.0906	0.1696
0.1013	0.1011	0.098	0.1865
0.1121	0.1129	0.1103	0.3136
0.1308	0.1293	0.1204	0.3021
0.1191	0.1256	0.1182	0.2708
0.0807	0.0689	0.0671	0.1236
0.1104	0.1081	0.1065	0.2371
0.1209	0.124	0.1197	0.235
0.1065	0.1039	0.1	0.2994
0.1261	0.1303	0.1243	0.3103
0.1106	0.1066	0.1002	0.2099
0.1227	0.1223	0.1185	0.2599
0.1076	0.114	0.1068	0.2563
0.1177	0.1351	0.1144	0.1989
0.1049	0.1039	0.0989	0.2039
0.1214	0.1359	0.1208	0.2493
0.1028	0.106	0.1009	0.1314
0.1093	0.0978	0.0971	0.1816
0.1277	0.1304	0.1198	0.2702
0.1132	0.11	0.1021	0.2683
0.1146	0.1162	0.1129	0.2805
0.1098	0.1172	0.1073	0.2341
0.1249	0.1367	0.1244	0.3195
0.1113	0.1125	0.1104	0.2755
0.1195	0.1187	0.1174	0.2839
0.1161	0.1114	0.109	0.2126
0.1182	0.1196	0.1148	0.2243
0.1062	0.1131	0.1054	0.2252
0.141	0.129	0.1273	0.3435
0.0893	0.0838	0.0827	0.1058
0.1168	0.1216	0.1104	0.2307
0.1096	0.1136	0.1085	0.2154
0.126	0.1333	0.1219	0.3009
0.1201	0.1241	0.1178	0.2158
0.1111	0.1087	0.1072	0.2082
0.1079	0.1116	0.1048	0.2305
0.1293	0.1412	0.1279	0.3497
0.1022	0.1063	0.0997	0.1987
0.121	0.1334	0.1201	0.2766
0.1158	0.1203	0.1121	0.2604
0.1146	0.1207	0.1144	0.2545
0.1156	0.1219	0.1145	0.2381
0.1157	0.1156	0.1113	0.2443
0.1197	0.1217	0.1184	0.2449
0.1334	0.1337	0.1227	0.2973
0.1178	0.12	0.114	0.3238
0.1244	0.1313	0.1205	0.284
0.1106	0.1118	0.1097	0.219
0.1139	0.125	0.1074	0.2291
0.0998	0.1035	0.0978	0.3051
0.1201	0.1211	0.1152	0.2086
0.118	0.1161	0.1136	0.2312
0.1119	0.1141	0.1112	0.2439
0.1033	0.103	0.1013	0.188
0.1046	0.1073	0.1019	0.1418
0.1306	0.1352	0.1273	0.3371
0.1303	0.1334	0.1279	0.3247
0.1143	0.1073	0.1069	0.2401
0.1219	0.1181	0.1149	0.2603
0.1199	0.129	0.1188	0.2318
0.135	0.1524	0.1321	0.3169
0.0983	0.0985	0.0945	0.1983
0.1046	0.1035	0.1018	0.1488
0.1052	0.1059	0.1022	0.1804
0.1155	0.1035	0.0965	0.2554
0.1274	0.1299	0.1232	0.292
0.116	0.1186	0.1145	0.1963
0.128	0.1378	0.1261	0.2973
0.1321	0.1312	0.1283	0.3665
0.1139	0.1132	0.1095	0.1678
0.1068	0.1026	0.1015	0.1708
0.1231	0.121	0.1134	0.2535
