0.033	0.0377	0.0319	0.2303
0.0081	0.0064	0.0063	0.0379
0.0274	0.0254	0.0246	0.1619
0.0383	0.0421	0.038	0.2403
0.027	0.0225	0.0223	0.2117
0.0329	0.0357	0.0321	0.2138
0.0428	0.0502	0.0425	0.2161
0.0275	0.0304	0.0253	0.1731
0.0268	0.0223	0.0212	0.1564
0.0415	0.0508	0.041	0.2094
0.0347	0.038	0.0345	0.191
0.0405	0.042	0.0389	0.2522
0.0253	0.0238	0.0234	0.1518
0.0324	0.0367	0.0319	0.18
0.0295	0.0359	0.0292	0.1838
0.0449	0.0468	0.0428	0.2233
0.0523	0.0571	0.0504	0.3085
0.0233	0.0232	0.0215	0.1642
0.0303	0.035	0.0298	0.2303
0.0435	0.0464	0.0419	0.2415
0.0116	0.0102	0.0095	0.0394
0.0196	0.016	0.0154	0.0816
0.0298	0.0242	0.0236	0.1579
0.0273	0.0329	0.0262	0.1638
0.0179	0.0199	0.0178	0.1521
0.024	0.0228	0.0223	0.1202
0.0346	0.0359	0.0344	0.207
0.0318	0.0324	0.0302	0.1659
0.0502	0.0471	0.0435	0.2323
0.0356	0.0346	0.0325	0.1987
0.0287	0.026	0.0241	0.1698
0.0257	0.0265	0.0231	0.1365
0.0469	0.0472	0.0441	0.2889
0.0322	0.0391	0.0319	0.2075
0.0248	0.0284	0.0244	0.2205
0.038	0.0398	0.0371	0.2133
0.0392	0.0411	0.0387	0.2613
0.0404	0.0438	0.0394	0.2528
0.0387	0.039	0.0353	0.1742
0.033	0.0378	0.032	0.2134
0.0375	0.0403	0.036	0.2092
0.0347	0.0376	0.0338	0.1493
0.0407	0.0449	0.0395	0.2538
0.0254	0.0295	0.0246	0.1199
0.0333	0.0306	0.0303	0.2133
0.0275	0.0338	0.0257	0.1712
0.0281	0.0278	0.027	0.2127
0.0287	0.0311	0.0261	0.1626
0.0244	0.0258	0.0229	0.105
0.0329	0.0365	0.0312	0.2267
0.0426	0.0459	0.0416	0.2458
0.0262	0.0315	0.0253	0.2248
0.0225	0.018	0.0166	0.1151
0.0331	0.0375	0.0322	0.1703
0.0286	0.0346	0.0279	0.2355
0.0403	0.042	0.0402	0.2828
0.0492	0.0448	0.0428	0.2335
0.0276	0.0299	0.0256	0.1281
0.0255	0.0222	0.0216	0.1967
0.047	0.0559	0.0463	0.237
0.0224	0.024	0.0215	0.1388
0.0449	0.041	0.0386	0.2442
0.0373	0.0436	0.0363	0.2452
0.0443	0.0505	0.043	0.2365
0.0356	0.0389	0.0355	0.2294
0.015	0.016	0.0146	0.1288
0.0498	0.0521	0.0485	0.284
0.0252	0.0259	0.0229	0.1741
0.0356	0.0402	0.0346	0.2137
0.0377	0.0362	0.0333	0.1701
0.0395	0.043	0.0385	0.2454
0.0283	0.0345	0.0271	0.1664
0.0256	0.0299	0.0253	0.234
0.0272	0.0254	0.0235	0.1507
0.0319	0.0338	0.031	0.1528
0.0329	0.0336	0.0324	0.1671
0.03	0.0242	0.0229	0.1887
0.0391	0.0424	0.0391	0.2549
0.0392	0.0421	0.0382	0.224
0.0258	0.0278	0.0242	0.1447
0.0306	0.0289	0.0266	0.1712
0.0507	0.0539	0.0496	0.2545
0.0438	0.0444	0.0402	0.27
0.0269	0.0216	0.0212	0.1524
0.0353	0.0421	0.0351	0.26
0.0426	0.0436	0.0421	0.2514
0.0269	0.0264	0.0257	0.1819
0.03	0.0314	0.0297	0.1501
0.0304	0.0291	0.0273	0.1272
0.0372	0.0398	0.0368	0.2023
0.0298	0.0266	0.0245	0.1773
0.0315	0.0377	0.0313	0.2378
0.0406	0.0442	0.0392	0.2725
0.0416	0.0507	0.0409	0.2194
0.0278	0.0255	0.0248	0.1801
0.0179	0.0182	0.0171	0.0677
0.0256	0.0222	0.0215	0.1748
0.033	0.0371	0.0328	0.2093
0.0252	0.0215	0.0211	0.1371
0.0474	0.0508	0.0464	0.2373
0.0319	0.0383	0.0311	0.1707
0.03	0.025	0.0248	0.1482
0.0299	0.0353	0.0296	0.179
0.0489	0.056	0.0474	0.2898
0.034	0.0367	0.0335	0.202
0.025	0.0258	0.0234	0.1558
0.0412	0.0428	0.0392	0.2596
0.036	0.0432	0.0354	0.238
0.0302	0.0355	0.0295	0.1715
0.0405	0.0441	0.0396	0.2278
0.0271	0.0242	0.0227	0.2013
0.0269	0.0251	0.0222	0.1638
0.0285	0.0324	0.0283	0.1434
0.0449	0.0463	0.0423	0.3055
0.0407	0.0464	0.0403	0.2684
0.028	0.0256	0.0252	0.1844
0.0507	0.055	0.0505	0.2676
0.0328	0.0375	0.0325	0.2113
0.0393	0.0442	0.0393	0.2458
0.0272	0.0223	0.0216	0.2056
0.036	0.039	0.0356	0.2098
0.0176	0.0177	0.0159	0.1376
0.0385	0.0399	0.0385	0.229
0.0365	0.0446	0.0363	0.2763
0.04	0.0436	0.04	0.2793
0.0424	0.0469	0.0414	0.2511
0.0286	0.0276	0.0266	0.2119
0.0415	0.0387	0.0358	0.2186
0.019	0.0225	0.0188	0.135
0.0204	0.0223	0.0185	0.1096
0.0276	0.0332	0.0273	0.2032
0.0236	0.023	0.0209	0.1386
0.0297	0.0374	0.0296	0.2089
0.0466	0.0456	0.043	0.2905
0.0267	0.0298	0.0243	0.1633
0.0242	0.0229	0.0202	0.1162
0.0256	0.0223	0.0217	0.1802
0.0375	0.0419	0.0371	0.2181
0.0339	0.035	0.0325	0.1913
0.0313	0.0379	0.03	0.1715
0.0417	0.0452	0.0402	0.2923
0.0341	0.0392	0.0336	0.2118
0.0449	0.0554	0.0432	0.2094
0.0271	0.0311	0.0264	0.1744
0.0343	0.0335	0.031	0.2002
0.0224	0.0218	0.02	0.1393
0.0419	0.0413	0.0395	0.2066
0.0273	0.0224	0.022	0.1818
0.0393	0.0402	0.0373	0.2375
0.038	0.0418	0.0377	0.2299
0.0314	0.0346	0.0312	0.154
0.0304	0.036	0.0295	0.1655
0.0343	0.0379	0.0339	0.1904
0.0178	0.0151	0.0146	0.0891
0.0264	0.0282	0.0262	0.2156
0.0312	0.0332	0.0291	0.1941
0.0295	0.0274	0.0245	0.1804
0.0351	0.043	0.0348	0.2557
0.0408	0.0469	0.0402	0.2467
0.0248	0.0234	0.0209	0.1232
0.038	0.0404	0.0377	0.215
0.0477	0.0608	0.0467	0.2692
0.0357	0.038	0.0356	0.2209
0.0274	0.0288	0.0249	0.1246
0.0331	0.0267	0.0252	0.2
0.038	0.0422	0.0365	0.2516
0.0256	0.0279	0.0254	0.2082
0.034	0.0336	0.0309	0.1952
0.0248	0.0222	0.0219	0.1899
0.0266	0.0251	0.0243	0.1752
0.0254	0.0226	0.022	0.1338
0.0387	0.0448	0.0379	0.187
0.029	0.0263	0.0261	0.1314
0.0379	0.0422	0.0377	0.2415
0.0256	0.0234	0.0222	0.2089
0.0286	0.0272	0.0264	0.2118
0.0178	0.0154	0.0154	0.1015
0.0208	0.0166	0.016	0.1007
0.0295	0.0306	0.0272	0.2118
0.0363	0.0384	0.0361	0.2359
0.037	0.0402	0.0367	0.2365
0.0357	0.0401	0.035	0.2387
0.0384	0.0357	0.0336	0.1774
0.0279	0.0335	0.0265	0.2235
0.0296	0.0363	0.0294	0.2419
0.0322	0.0309	0.0294	0.1989
0.0375	0.042	0.0366	0.2381
0.026	0.0313	0.0254	0.1555
0.0244	0.0219	0.0207	0.1269
0.0345	0.0358	0.0343	0.1759
0.0332	0.029	0.0275	0.1854
0.0361	0.0389	0.0356	0.2076
0.0441	0.0423	0.041	0.2191
0.0189	0.0149	0.0146	0.0896
0.0429	0.0417	0.0387	0.2497
0.0344	0.0372	0.0343	0.184
0.032	0.0397	0.0313	0.2473
0.0271	0.0213	0.0212	0.1858
0.0334	0.0351	0.0332	0.1655
0.0358	0.0358	0.0332	0.1665
0.0221	0.0188	0.0181	0.104
0.0302	0.0386	0.0301	0.2027
0.0426	0.0432	0.0397	0.2354
0.038	0.0424	0.0378	0.2541
0.0285	0.0259	0.0251	0.1467
0.0247	0.0213	0.0208	0.1194
0.0341	0.0357	0.0329	0.2093
0.0215	0.0248	0.021	0.109
0.0441	0.0503	0.0434	0.2503
0.04	0.0438	0.0391	0.267
0.0327	0.0343	0.0317	0.192
0.0185	0.0143	0.0135	0.074
0.0453	0.0548	0.045	0.2031
0.0363	0.0376	0.0353	0.1505
0.024	0.0184	0.0176	0.1064
0.0229	0.0254	0.0221	0.1628
0.039	0.0436	0.0384	0.2463
0.0429	0.0431	0.0396	0.3022
0.0367	0.0386	0.0342	0.2342
0.0334	0.0367	0.0329	0.2004
0.0439	0.0432	0.0413	0.2384
0.038	0.0381	0.0361	0.1846
0.0337	0.0388	0.0328	0.2098
0.0252	0.025	0.0233	0.1803
0.039	0.0428	0.039	0.245
0.042	0.0443	0.0398	0.2614
0.0269	0.0261	0.0236	0.198
0.0361	0.0394	0.0357	0.2134
0.0333	0.0326	0.0312	0.1323
0.0396	0.0435	0.039	0.2483
0.0423	0.0417	0.039	0.2376
0.0292	0.0219	0.0217	0.1748
0.0264	0.0255	0.0242	0.1714
0.0294	0.0317	0.027	0.1473
0.0237	0.0196	0.0191	0.1161
0.0174	0.0135	0.0127	0.0779
0.0367	0.0337	0.0334	0.1827
0.0265	0.026	0.0235	0.1661
0.0155	0.0164	0.0148	0.1224
0.0306	0.0308	0.0285	0.1483
0.0177	0.0185	0.0173	0.1435
0.0417	0.044	0.0403	0.2703
0.0303	0.0297	0.0259	0.202
0.0094	0.0072	0.007	0.0335
0.0196	0.0189	0.0178	0.1001
0.0326	0.0329	0.0324	0.166
0.0288	0.0297	0.0285	0.1356
0.0328	0.0382	0.0325	0.2362
0.0397	0.0431	0.0375	0.2668
0.0455	0.046	0.0432	0.2894
0.028	0.0288	0.0272	0.1199
0.0349	0.0366	0.034	0.2022
0.0251	0.0252	0.0238	0.1736
0.026	0.0271	0.0234	0.1579
0.0269	0.0232	0.0228	0.1743
0.0444	0.0527	0.0436	0.2393
0.0386	0.0403	0.0384	0.2436
0.0222	0.0192	0.0181	0.1017
0.0382	0.0416	0.0381	0.2421
0.0287	0.0228	0.0225	0.1854
0.0346	0.037	0.0345	0.197
0.0255	0.0227	0.022	0.1582
0.0438	0.0393	0.0376	0.204
0.03	0.0342	0.0295	0.1584
0.0358	0.0417	0.0357	0.2134
0.0242	0.0206	0.0204	0.1782
0.0265	0.0201	0.0197	0.1469
0.0254	0.0254	0.0247	0.1517
0.0374	0.0398	0.0358	0.2088
0.0271	0.0215	0.0203	0.1271
0.0371	0.0397	0.037	0.2064
0.0343	0.0372	0.0342	0.2036
0.0432	0.0444	0.0403	0.2729
0.0421	0.038	0.036	0.2012
0.0415	0.0473	0.0403	0.2875
0.0411	0.0435	0.0375	0.2453
0.0368	0.0387	0.0344	0.2113
0.0358	0.0386	0.0353	0.2013
0.0389	0.0364	0.0343	0.1755
0.0405	0.0436	0.0395	0.2674
0.0251	0.0256	0.0218	0.14
0.0204	0.0259	0.0197	0.1022
0.0292	0.0306	0.0278	0.2177
0.0245	0.0229	0.0215	0.1727
0.0297	0.0326	0.029	0.2381
0.0351	0.0377	0.0349	0.1877
0.0394	0.0392	0.0378	0.1817
0.0184	0.0157	0.0154	0.0817
0.0271	0.0246	0.0239	0.1876
0.0343	0.0341	0.0331	0.1967
0.0433	0.0427	0.0414	0.2775
0.0225	0.0242	0.0208	0.1083
0.0199	0.0164	0.0159	0.0932
0.0385	0.0402	0.0382	0.2282
0.0338	0.0415	0.0338	0.2532
0.0334	0.0374	0.0331	0.1766
0.0384	0.0393	0.038	0.2171
0.0362	0.0386	0.036	0.2163
0.0285	0.0319	0.0278	0.2115
0.0447	0.0425	0.0394	0.2645
0.0366	0.0415	0.0356	0.2285
0.0258	0.0268	0.0234	0.1644
0.0447	0.0424	0.0394	0.2542
0.0389	0.0377	0.036	0.1943
0.0341	0.0368	0.034	0.1837
0.0312	0.0289	0.0271	0.1809
0.0195	0.0205	0.0183	0.1023
0.0308	0.0344	0.0304	0.1893
0.023	0.0222	0.0219	0.2255
0.0337	0.0362	0.0326	0.2081
0.0301	0.0262	0.0246	0.1555
0.0345	0.0425	0.0341	0.2682
0.0247	0.0243	0.0221	0.1839
0.0386	0.0405	0.0381	0.2181
0.0439	0.0475	0.0419	0.2807
0.0253	0.023	0.0216	0.1306
0.0327	0.0387	0.0324	0.2216
0.0209	0.0186	0.0176	0.0987
0.0381	0.0422	0.0366	0.2428
0.0421	0.0449	0.0403	0.2745
0.0248	0.0262	0.0234	0.1533
0.0444	0.0452	0.0424	0.2497
0.0395	0.0439	0.0381	0.2757
0.0256	0.0285	0.024	0.1562
0.0385	0.0341	0.0331	0.1719
0.0191	0.0194	0.0176	0.1459
0.0239	0.0194	0.0189	0.1412
0.0253	0.0236	0.0224	0.2011
0.0437	0.0479	0.0427	0.2798
0.0386	0.0405	0.0378	0.2162
0.0271	0.0297	0.0263	0.1642
0.0217	0.0196	0.0191	0.1408
0.03	0.0296	0.0272	0.1892
0.0349	0.0336	0.032	0.1616
0.0273	0.0219	0.0209	0.1828
0.0304	0.0285	0.0272	0.1102
0.0341	0.0372	0.0335	0.1956
0.0167	0.0193	0.0164	0.1469
0.0262	0.0235	0.0218	0.1477
0.0234	0.0214	0.0195	0.1661
0.0258	0.0261	0.0234	0.1803
0.0297	0.0362	0.029	0.1657
0.021	0.0207	0.0194	0.0936
0.0409	0.0425	0.0397	0.2753
0.0279	0.0302	0.0254	0.1667
0.0279	0.033	0.0274	0.2162
0.0422	0.044	0.0401	0.2189
0.0234	0.0214	0.0206	0.1496
0.0353	0.0387	0.0351	0.2162
0.0266	0.0218	0.0208	0.1529
0.032	0.036	0.0311	0.2244
0.0265	0.0276	0.0257	0.1087
0.0291	0.032	0.0271	0.2257
0.0262	0.0238	0.0219	0.159
0.0289	0.0272	0.0259	0.195
0.0297	0.0325	0.028	0.1745
0.0305	0.036	0.0292	0.2108
0.0262	0.0233	0.022	0.1394
0.0269	0.0246	0.0243	0.2035
0.0307	0.0286	0.0259	0.2097
0.0343	0.0284	0.028	0.1355
0.0266	0.0223	0.0205	0.1384
0.0377	0.0394	0.0376	0.2437
0.0261	0.0246	0.0229	0.1444
0.0365	0.0434	0.0362	0.264
0.0392	0.042	0.0391	0.2396
0.0329	0.0359	0.0321	0.2272
0.0399	0.0448	0.039	0.2661
0.0397	0.0438	0.0396	0.2559
0.052	0.0683	0.0518	0.3578
0.0477	0.0483	0.0436	0.2696
0.019	0.0171	0.0159	0.1068
0.0259	0.0229	0.0224	0.1352
0.0485	0.0411	0.0399	0.2538
0.0364	0.039	0.036	0.1944
0.0322	0.027	0.0263	0.1222
0.0253	0.0252	0.0231	0.1767
0.0283	0.0275	0.027	0.2189
0.0274	0.0267	0.026	0.1964
0.0333	0.0379	0.033	0.2269
0.0451	0.0457	0.0428	0.2728
0.0166	0.0139	0.013	0.0695
0.0384	0.0327	0.0326	0.1867
0.038	0.0399	0.037	0.217
0.042	0.0405	0.0372	0.2179
0.0271	0.0292	0.0261	0.2135
0.0355	0.0382	0.0354	0.2008
0.0459	0.0461	0.0441	0.2637
0.036	0.0382	0.0347	0.1786
0.0277	0.0257	0.0256	0.1274
0.0396	0.0393	0.0366	0.1946
0.0258	0.0248	0.0233	0.1251
0.0359	0.0419	0.0358	0.2344
0.0328	0.0326	0.0312	0.1724
0.0447	0.0425	0.0402	0.2714
0.0403	0.0387	0.0378	0.1703
0.0262	0.0247	0.0227	0.1723
0.041	0.0436	0.0391	0.2479
0.0364	0.0393	0.036	0.1921
0.0289	0.027	0.0246	0.1758
0.0288	0.0352	0.0287	0.1768
0.0468	0.045	0.0434	0.2838
0.0457	0.0464	0.0433	0.296
0.0407	0.0412	0.0369	0.2269
0.0257	0.0246	0.023	0.1561
0.0306	0.0325	0.0303	0.1454
0.0274	0.0229	0.0218	0.1818
0.0509	0.0542	0.0481	0.263
0.0352	0.0387	0.0348	0.1848
0.0464	0.0526	0.0457	0.2705
0.0416	0.0498	0.0411	0.2008
0.0339	0.0347	0.0336	0.1926
0.0354	0.0428	0.0353	0.2868
0.0212	0.0233	0.02	0.0898
0.0193	0.0188	0.018	0.1487
0.0202	0.0208	0.0197	0.1065
0.0278	0.0237	0.0236	0.1863
0.0369	0.0404	0.0367	0.2215
0.0373	0.0413	0.0368	0.2194
0.0284	0.0287	0.0281	0.131
0.0531	0.066	0.0529	0.3238
0.0241	0.0208	0.0199	0.1263
0.0463	0.0562	0.0459	0.2708
0.0267	0.0272	0.0246	0.1779
0.0288	0.0253	0.0244	0.1823
0.0414	0.0412	0.0405	0.2566
0.0262	0.0218	0.0215	0.1638
0.025	0.0294	0.0236	0.1385
0.0274	0.0309	0.0251	0.204
0.0271	0.0256	0.0242	0.1198
0.0279	0.0282	0.026	0.1471
0.0412	0.0383	0.0354	0.1922
0.0335	0.0354	0.0315	0.1606
0.0449	0.0414	0.0397	0.261
0.0301	0.0371	0.03	0.1878
0.0437	0.0516	0.0432	0.2107
0.0304	0.0309	0.0293	0.1545
0.0293	0.0361	0.0287	0.2277
0.0412	0.0422	0.04	0.2615
0.0389	0.04	0.037	0.2184
0.0557	0.0686	0.0554	0.3141
0.0316	0.0357	0.0304	0.179
0.0403	0.0436	0.0397	0.2712
0.0246	0.0236	0.0224	0.1244
0.0434	0.0449	0.0408	0.293
0.0287	0.0355	0.028	0.1658
0.0331	0.0424	0.0324	0.2538
0.0234	0.0203	0.0199	0.1184
0.0289	0.0318	0.0279	0.2176
0.0425	0.042	0.0398	0.1942
0.0416	0.0444	0.0402	0.2207
0.0316	0.0316	0.0298	0.195
0.0102	0.0093	0.0086	0.0427
0.0415	0.0449	0.0402	0.2808
0.0132	0.012	0.0118	0.0739
0.0357	0.0385	0.0355	0.2173
0.0173	0.0166	0.0165	0.0659
0.0258	0.0278	0.024	0.1637
0.0324	0.0365	0.0321	0.1848
0.0363	0.034	0.0324	0.1577
0.0373	0.0402	0.0356	0.2083
0.0279	0.0337	0.0277	0.1934
0.0191	0.0227	0.0185	0.1265
0.0189	0.0187	0.0176	0.0683
0.041	0.0396	0.0372	0.203
0.026	0.0271	0.0254	0.1244
0.037	0.0377	0.0357	0.1917
0.03	0.0312	0.0297	0.1424
0.0285	0.0288	0.0273	0.2098
0.0153	0.015	0.0146	0.1263
0.0375	0.0439	0.0375	0.2709
0.0396	0.0409	0.0382	0.2562
0.038	0.0414	0.038	0.2334
0.037	0.0434	0.0365	0.2283
0.0279	0.0267	0.025	0.186
0.0188	0.0188	0.0169	0.0764
0.025	0.0239	0.0211	0.135
0.0446	0.0535	0.0441	0.2573
0.0249	0.0232	0.0217	0.1029
0.0197	0.0242	0.019	0.1031
0.025	0.0212	0.0208	0.1772
0.0393	0.0463	0.0384	0.2471
0.0166	0.0137	0.0132	0.0663
0.0388	0.0414	0.0387	0.2503
0.0273	0.0277	0.0243	0.1633
0.0055	0.005	0.0044	0.0202
0.0179	0.0199	0.0166	0.0826
0.0468	0.0495	0.0437	0.2721
0.0471	0.0465	0.0433	0.2769
0.0255	0.0297	0.0242	0.1249
0.027	0.0212	0.0202	0.15
0.0343	0.0387	0.0342	0.209
0.0181	0.0207	0.0176	0.1234
0.0336	0.0377	0.0321	0.2359
0.02	0.0211	0.0175	0.1261
0.0319	0.0332	0.0305	0.2069
0.0302	0.0246	0.0229	0.193
0.025	0.0275	0.024	0.1646
0.0342	0.0433	0.0341	0.2599
0.0338	0.039	0.0326	0.2311

0.0404	0.0461	0.0386	0.1766

0.0341	0.0353	0.034	0.1834

0.0302	0.0238	0.0226	0.203

0.0272	0.0303	0.0255	0.2035

0.0318	0.0368	0.0314	0.2185

0.0217	0.0202	0.019	0.1152

0.0196	0.023	0.0189	0.0971

0.0344	0.0355	0.034	0.1798

0.0279	0.0243	0.0227	0.1423

0.0142	0.0105	0.0105	0.0535

0.0279	0.0339	0.0272	0.1742

0.0293	0.0309	0.0284	0.2237

0.0326	0.0361	0.0324	0.1808

0.0298	0.0312	0.0295	0.1444

0.0462	0.0486	0.0429	0.2412

0.0276	0.0272	0.0244	0.1653

0.0371	0.0406	0.0365	0.2305

0.0474	0.0463	0.0437	0.2947

0.0365	0.0391	0.0343	0.1388

0.0345	0.0387	0.0342	0.1961

0.0416	0.0512	0.0412	0.2282

0.0343	0.0387	0.0337	0.2009

0.0237	0.0203	0.0192	0.1196

0.0526	0.0652	0.0525	0.2749

0.0316	0.0362	0.031	0.1814

0.0406	0.0436	0.0394	0.2582

0.0463	0.045	0.0433	0.2729

0.0316	0.0303	0.0293	0.1679

0.0453	0.0459	0.0434	0.2183

0.0304	0.0276	0.0265	0.1646

0.0359	0.031	0.0301	0.1476

0.034	0.0354	0.0339	0.2027

0.0243	0.02	0.0196	0.1431

0.0304	0.0333	0.0301	0.1693

0.0417	0.0476	0.0408	0.2297

0.0262	0.0215	0.0214	0.1697

0.0265	0.024	0.0232	0.1507

0.0265	0.0303	0.0257	0.2145

0.0273	0.0297	0.0253	0.196

0.032	0.0314	0.0297	0.1533

0.0315	0.0359	0.0311	0.1703

0.0402	0.0412	0.039	0.2388

0.045	0.0433	0.0413	0.2733

0.0378	0.0391	0.0354	0.2059

0.0311	0.0322	0.0292	0.2018

0.0271	0.0226	0.0218	0.18

0.0202	0.0194	0.0183	0.1173

0.0347	0.0423	0.0342	0.2126

0.0317	0.0328	0.0309	0.1495

0.0274	0.0298	0.0249	0.1975

0.0294	0.0248	0.0243	0.2031

0.027	0.033	0.0262	0.1506

0.0328	0.0348	0.0313	0.1865

0.0249	0.0238	0.0216	0.1768

0.0429	0.0505	0.0425	0.2786

0.0287	0.0297	0.0264	0.1607

0.0376	0.0382	0.0358	0.1748

0.0375	0.0431	0.0361	0.1581

0.0388	0.0425	0.0384	0.2282

0.0227	0.0184	0.0177	0.1036

0.0307	0.0262	0.0257	0.184

0.0085	0.0058	0.005	0.0461

0.013	0.0137	0.0126	0.0599

0.0428	0.0461	0.0415	0.2728

0.0353	0.0413	0.0352	0.2188

0.0544	0.0643	0.0541	0.2878

0.0366	0.0378	0.0364	0.213

0.0491	0.0577	0.0487	0.2281

0.0167	0.0203	0.0156	0.081

0.0272	0.0261	0.0243	0.199

0.0388	0.0445	0.0387	0.2688

0.0306	0.0252	0.0235	0.1785

0.018	0.0191	0.0177	0.1365

0.0274	0.0257	0.0239	0.2067

0.0367	0.043	0.0358	0.2806

0.0188	0.0201	0.0174	0.098

0.0304	0.0342	0.0292	0.19

0.0533	0.0634	0.0529	0.2749

0.0308	0.0338	0.0305	0.1572

0.0356	0.0382	0.0352	0.2243

0.0265	0.0277	0.0261	0.1194

0.0265	0.0263	0.024	0.212

0.0252	0.0243	0.0215	0.1627

0.0323	0.0344	0.0301	0.222

0.028	0.0273	0.0261	0.1701

0.0269	0.0222	0.0214	0.1761

0.0408	0.0467	0.0398	0.2434

0.0271	0.021	0.0197	0.1491

0.0332	0.0355	0.0324	0.1992

0.0259	0.0277	0.0256	0.1314

0.0382	0.0426	0.0377	0.2462

0.0421	0.0448	0.0405	0.2867

0.0299	0.0322	0.028	0.1914

0.0303	0.0291	0.0265	0.1323

0.0395	0.0431	0.0385	0.2588

0.0179	0.0143	0.0139	0.0795

0.0417	0.0399	0.0373	0.2104

0.0247	0.0237	0.0222	0.1469

0.0414	0.0437	0.0397	0.2677

0.0325	0.0333	0.0323	0.1733

0.0415	0.0403	0.0371	0.2072

0.0185	0.0148	0.0143	0.0722

0.0407	0.0449	0.0392	0.2804

0.0283	0.0311	0.028	0.1383

0.0329	0.0396	0.0321	0.1526

0.0433	0.0454	0.0423	0.2884

0.0436	0.0432	0.0411	0.2237

0.0283	0.0275	0.026	0.1139

0.0381	0.0404	0.0378	0.2537

0.0253	0.0219	0.0216	0.1433

0.057	0.0686	0.0568	0.3093

0.033	0.0411	0.0329	0.2333

0.0455	0.0384	0.0368	0.2486

0.0297	0.0277	0.0256	0.2092

0.0313	0.0319	0.0297	0.1857

0.0296	0.0262	0.0252	0.1656

0.0223	0.0247	0.0205	0.1062

0.0263	0.0268	0.0259	0.1148

0.0241	0.0246	0.0229	0.2182

0.0296	0.0327	0.0293	0.1882

0.0283	0.0245	0.0236	0.1866

0.0253	0.0306	0.0246	0.1683

0.0437	0.043	0.0394	0.1809

0.0359	0.0425	0.0355	0.2837

0.0299	0.0224	0.0217	0.1337

0.0421	0.0463	0.0408	0.288

0.0276	0.0307	0.0259	0.1636

0.0249	0.0275	0.0244	0.222

0.0373	0.0419	0.0359	0.243

0.0301	0.0319	0.0287	0.1658

0.0367	0.0406	0.0365	0.2491

0.0273	0.0289	0.027	0.1542

0.026	0.0305	0.0254	0.1327

0.0383	0.0408	0.0381	0.2437

0.0551	0.0675	0.055	0.2998

0.0328	0.0363	0.0315	0.2227

0.0264	0.0308	0.0259	0.2044

0.0578	0.0716	0.0575	0.3168

0.0338	0.032	0.0294	0.1404

0.034	0.0389	0.0335	0.1934

0.0326	0.0353	0.0317	0.1646

0.0268	0.03	0.0254	0.2119

0.0288	0.0213	0.0211	0.1947

0.0258	0.0215	0.021	0.1914

0.0226	0.0231	0.021	0.1454

0.0295	0.0333	0.0277	0.224

0.0415	0.0435	0.0395	0.2807

0.038	0.0426	0.0374	0.2234

0.0182	0.019	0.0178	0.0993

0.0381	0.0404	0.0353	0.2018

0.0252	0.0254	0.0214	0.1356

0.0329	0.0332	0.0319	0.1883

0.0377	0.0415	0.0361	0.2523

0.0381	0.0408	0.0361	0.242

0.0177	0.0172	0.0167	0.1261

0.0455	0.0409	0.0383	0.2699

0.0324	0.0274	0.0266	0.1542

0.0249	0.0231	0.0206	0.1584

0.0359	0.0398	0.0357	0.2196

0.028	0.0264	0.0256	0.2105

0.0411	0.0414	0.0385	0.2405

0.0452	0.0484	0.0437	0.2356

0.0429	0.0398	0.0374	0.2174

0.0172	0.0164	0.0141	0.0757

0.0257	0.0277	0.0234	0.1735

0.0365	0.0417	0.0361	0.2213

0.0361	0.0398	0.0357	0.246

0.0271	0.0277	0.0244	0.1617

0.0327	0.0347	0.0315	0.1778

0.0314	0.0309	0.0292	0.1823

0.037	0.0418	0.0369	0.2323

0.0337	0.0349	0.0316	0.2092

0.0413	0.0439	0.0393	0.2614

0.0406	0.0435	0.0402	0.2524

0.0281	0.0255	0.0239	0.1919

0.0423	0.0445	0.0397	0.2556

0.0402	0.0447	0.0401	0.2825

0.0295	0.035	0.029	0.2018

0.0227	0.0191	0.0183	0.091

0.0317	0.0399	0.0317	0.22

0.0377	0.0385	0.0355	0.2003

0.0269	0.0241	0.0229	0.2037

0.0439	0.0505	0.0427	0.2932

0.0278	0.0264	0.0243	0.1049

0.0381	0.0424	0.0375	0.2429

0.0411	0.0451	0.0399	0.2801

0.0403	0.0433	0.0389	0.2095

0.0529	0.0477	0.0439	0.2783

0.0362	0.0381	0.0361	0.1951

0.0403	0.0424	0.0401	0.2766

0.0347	0.0379	0.0344	0.1845

0.0369	0.041	0.0358	0.2271

0.0394	0.0419	0.0392	0.2418

0.0323	0.0322	0.0317	0.1723

0.0338	0.0355	0.033	0.2062

0.0326	0.0351	0.0324	0.1846

0.0276	0.0289	0.0252	0.1662

0.0442	0.0403	0.0381	0.2071

0.0401	0.0394	0.0371	0.2055

0.0284	0.0248	0.0239	0.1482

0.0223	0.0227	0.0206	0.1094

0.0299	0.0313	0.0274	0.1692

0.0351	0.038	0.0349	0.2024

0.043	0.0415	0.0386	0.2386

0.0121	0.0132	0.0109	0.0468

0.0307	0.0359	0.0289	0.2121

0.0302	0.0271	0.0249	0.1917

0.0265	0.0255	0.0243	0.1805

0.017	0.0163	0.0159	0.1322

0.044	0.0558	0.0429	0.2447

0.0285	0.029	0.0282	0.1533

0.0374	0.0419	0.0372	0.2284

0.0382	0.0382	0.0363	0.2095

0.0304	0.0356	0.0301	0.1664

0.0425	0.0436	0.0399	0.2491

0.0277	0.0285	0.024	0.2055

0.0391	0.0394	0.0391	0.2433

0.034	0.0369	0.0326	0.2121

0.046	0.0438	0.0404	0.2629

0.0472	0.0382	0.0363	0.1749

0.0386	0.0408	0.0385	0.2355

0.0286	0.0291	0.0252	0.1531

0.0334	0.0318	0.0302	0.2069

0.031	0.0276	0.0261	0.1632

0.0316	0.0406	0.0315	0.2585

0.0339	0.0347	0.0337	0.1811

0.0205	0.0195	0.0188	0.1447

0.0352	0.0344	0.0317	0.1525

0.0425	0.0429	0.0402	0.2605

0.0269	0.0284	0.026	0.124

0.0562	0.0708	0.0559	0.2909

0.046	0.0475	0.0441	0.2947

0.03	0.0319	0.0294	0.1438

0.0371	0.0392	0.037	0.2038

0.0307	0.0326	0.0305	0.1652

0.0353	0.0367	0.035	0.1862

0.0278	0.0304	0.0275	0.1323

0.0383	0.0423	0.0377	0.2445

0.0442	0.0403	0.0377	0.2285

0.0243	0.0278	0.0235	0.1217

0.0285	0.0328	0.0282	0.1812

0.0449	0.0477	0.0435	0.2946

0.0269	0.0268	0.0239	0.142

0.0252	0.024	0.0222	0.1631

0.0207	0.0151	0.015	0.0949
