1.0	1.0	0.9092	1.0
1.0	1.0	0.8978	1.0
1.0	1.0	0.8916	1.0
1.0	1.0	0.9974	1.0
1.0	0.9617	0.6112	0.5797
1.0	1.0	0.8865	0.9786
1.0	1.0	0.9861	1.0
1.0	1.0	0.9978	1.0
1.0	1.0	0.6352	0.591
1.0	1.0	0.9999	1.0
1.0	1.0	0.9557	1.0
1.0	1.0	0.7332	0.834
1.0	1.0	0.9689	1.0
1.0	1.0	0.9531	1.0
1.0	1.0	0.5606	0.6373
1.0	1.0	1.0	1.0
1.0	1.0	0.6965	0.6666
1.0	1.0	0.4924	0.5207
1.0	1.0	0.9991	1.0
1.0	1.0	0.9905	1.0
1.0	1.0	0.5978	0.5421
1.0	1.0	0.4527	0.5396
1.0	1.0	1.0	1.0
1.0	1.0	0.9998	1.0
1.0	1.0	0.9281	1.0
1.0	1.0	0.9901	1.0
1.0	1.0	0.4794	0.5395
1.0	1.0	0.982	1.0
1.0	1.0	0.9009	1.0
1.0	1.0	0.9908	1.0
1.0	1.0	0.9983	1.0
1.0	1.0	1.0	1.0
1.0	1.0	0.9997	1.0
1.0	1.0	0.8207	0.9387
1.0	1.0	1.0	1.0
1.0	0.9976	0.6451	0.8728
1.0	1.0	0.784	1.0
1.0	1.0	0.7662	0.79
1.0	1.0	0.8839	0.973
1.0	1.0	0.9352	1.0
1.0	1.0	0.9802	1.0
1.0	1.0	0.8689	0.9428
1.0	1.0	0.8769	1.0
1.0	1.0	0.8447	0.9787
1.0	1.0	0.993	1.0
1.0	1.0	0.9204	1.0
1.0	1.0	0.9856	1.0
1.0	1.0	0.9928	1.0
1.0	1.0	0.7363	0.8339
1.0	1.0	1.0	1.0
1.0	1.0	0.5685	0.5075
1.0	1.0	0.9979	1.0
1.0	1.0	0.8295	0.9323
1.0	1.0	0.8879	0.9814
1.0	1.0	0.9121	1.0
1.0	1.0	0.7381	1.0
1.0	1.0	0.9196	1.0
1.0	1.0	0.3432	0.3483
1.0	1.0	0.6425	0.5962
1.0	1.0	0.9968	1.0
1.0	1.0	0.9434	1.0
1.0	1.0	0.7646	0.8931
1.0	1.0	0.6267	0.6895
1.0	1.0	0.7801	0.7903
1.0	1.0	0.3527	0.4122
1.0	1.0	0.9821	1.0
1.0	0.9959	0.7958	1.0
1.0	1.0	0.584	0.6501
1.0	1.0	1.0	1.0
1.0	1.0	0.7469	0.8304
1.0	1.0	0.8542	1.0
1.0	1.0	1.0	1.0
1.0	1.0	0.8101	1.0
1.0	1.0	1.0	1.0
1.0	1.0	0.886	1.0
1.0	1.0	0.8092	1.0
1.0	1.0	0.491	0.4553
1.0	1.0	0.9592	1.0
1.0	1.0	0.6841	0.8924
1.0	1.0	0.8956	1.0
1.0	1.0	0.9929	1.0
1.0	1.0	0.9799	1.0
1.0	1.0	0.3914	0.7064
1.0	1.0	0.743	0.8678
1.0	1.0	1.0	1.0
1.0	1.0	0.9977	1.0
1.0	1.0	0.9273	1.0
1.0	1.0	0.8937	0.9938
1.0	1.0	0.9335	1.0
1.0	1.0	0.9928	1.0
1.0	1.0	0.9952	1.0
1.0	1.0	0.5192	0.4524
1.0	1.0	0.9877	1.0
1.0	1.0	0.9267	1.0
1.0	1.0	0.5823	0.8829
1.0	0.964	0.7182	0.7684
1.0	1.0	0.9408	1.0
1.0	1.0	0.9888	1.0
1.0	1.0	0.9403	1.0
1.0	1.0	1.0	1.0
1.0	1.0	0.8046	1.0
1.0	1.0	0.7915	0.9566
1.0	1.0	0.8726	0.9501
1.0	1.0	0.977	1.0
1.0	0.9806	0.3986	0.7139
1.0	0.9789	0.6999	0.9377
1.0	1.0	0.9825	1.0
1.0	1.0	0.8415	1.0
1.0	0.9967	0.6601	0.8621
1.0	1.0	0.9901	1.0
1.0	1.0	0.9789	1.0
1.0	1.0	0.9561	1.0
1.0	1.0	0.6585	0.8831
1.0	1.0	0.7634	0.7624
1.0	1.0	0.6611	0.7818
1.0	1.0	1.0	1.0
1.0	1.0	0.9999	1.0
1.0	1.0	0.715	0.692
1.0	1.0	1.0	1.0
1.0	1.0	0.9423	1.0
1.0	1.0	0.9992	1.0
1.0	1.0	0.9755	1.0
1.0	1.0	0.7905	0.9521
1.0	1.0	0.4747	0.4051
1.0	1.0	0.7627	0.7613
1.0	1.0	0.9569	1.0
1.0	1.0	0.8021	0.8338
1.0	1.0	0.8897	0.9853
1.0	1.0	0.9808	1.0
1.0	1.0	0.4094	0.3393
1.0	1.0	0.983	1.0
1.0	1.0	0.9872	1.0
1.0	1.0	0.9715	1.0
1.0	1.0	0.7573	0.7531
1.0	1.0	1.0	1.0
1.0	1.0	0.7869	0.943
1.0	1.0	0.8835	0.9817
1.0	1.0	0.9406	1.0
1.0	1.0	0.9627	1.0
1.0	0.9955	0.769	1.0
1.0	1.0	0.52	0.456
1.0	0.986	0.8668	1.0
1.0	1.0	0.8096	1.0
1.0	1.0	0.6826	0.7372
1.0	1.0	1.0	1.0
1.0	1.0	0.9969	1.0
1.0	1.0	1.0	1.0
1.0	1.0	0.9367	1.0
1.0	1.0	0.8701	1.0
1.0	1.0	0.9972	1.0
1.0	1.0	0.8592	1.0
1.0	1.0	0.9994	1.0
1.0	1.0	0.9996	1.0
1.0	1.0	0.9777	1.0
1.0	0.9994	0.9071	1.0
1.0	1.0	0.7719	1.0
1.0	1.0	0.6342	0.5948
1.0	1.0	0.9996	1.0
1.0	1.0	0.8504	1.0
1.0	1.0	0.7144	0.6977
1.0	1.0	0.8213	1.0
1.0	1.0	1.0	1.0
1.0	0.9934	0.7391	0.7746
1.0	1.0	0.3764	0.361
1.0	1.0	0.8582	1.0
1.0	1.0	1.0	1.0
1.0	1.0	1.0	1.0
1.0	1.0	0.8867	0.9789
1.0	1.0	0.4619	0.4988
1.0	1.0	0.8518	0.9102
1.0	1.0	0.5925	0.5965
1.0	1.0	0.9649	1.0
1.0	1.0	0.8565	1.0
1.0	1.0	0.9742	1.0
1.0	1.0	0.9158	1.0
1.0	1.0	0.9881	1.0
1.0	1.0	1.0	1.0
1.0	0.9715	0.7335	0.7428
1.0	1.0	0.956	1.0
1.0	1.0	0.7168	0.7282
1.0	1.0	0.9992	1.0
1.0	1.0	0.9743	1.0
1.0	1.0	0.9982	1.0
1.0	1.0	0.7735	0.9624
1.0	1.0	0.8203	0.9194
1.0	1.0	0.8292	0.9935
1.0	1.0	0.9975	1.0
1.0	1.0	0.7031	0.9762
1.0	1.0	0.9612	1.0
1.0	1.0	0.6894	0.7231
1.0	1.0	0.998	1.0
1.0	1.0	0.8499	0.9065
1.0	1.0	1.0	1.0
1.0	1.0	0.9975	1.0
1.0	1.0	1.0	1.0
1.0	1.0	0.9581	1.0
1.0	1.0	0.7893	0.8778
1.0	1.0	0.9997	1.0
1.0	1.0	0.9647	1.0
1.0	1.0	1.0	1.0
1.0	1.0	0.9447	1.0
1.0	1.0	1.0	1.0
1.0	1.0	0.91	1.0
1.0	1.0	0.9995	1.0
1.0	1.0	0.9987	1.0
1.0	1.0	0.9998	1.0
1.0	1.0	0.8087	1.0
1.0	1.0	0.9687	1.0
1.0	1.0	0.9999	1.0
1.0	1.0	0.966	1.0
1.0	1.0	0.9579	1.0
1.0	1.0	0.4848	0.4156
1.0	1.0	0.8556	1.0
1.0	1.0	0.9078	1.0
1.0	1.0	0.6907	0.6588
1.0	1.0	0.4244	0.4749
1.0	1.0	0.9818	1.0
1.0	1.0	0.9818	1.0
1.0	1.0	0.9196	1.0
1.0	1.0	0.9806	1.0
1.0	1.0	0.9968	1.0
1.0	1.0	0.8586	0.923
1.0	1.0	0.8868	1.0
1.0	1.0	1.0	1.0
1.0	1.0	0.8292	0.9716
1.0	1.0	0.8658	0.9367
1.0	1.0	0.8426	0.8932
1.0	1.0	0.6595	0.8867
1.0	1.0	0.9314	1.0
1.0	1.0	0.7885	0.9011
1.0	1.0	1.0	1.0
1.0	0.9767	0.6599	0.8856
1.0	1.0	1.0	1.0
1.0	1.0	0.7572	0.8617
1.0	1.0	0.802	0.9908
1.0	1.0	0.635	0.7183
1.0	0.9596	0.6011	0.6039
1.0	1.0	0.6184	0.8389
1.0	1.0	0.8963	0.9995
1.0	1.0	0.3311	0.3005
1.0	1.0	0.9319	1.0
1.0	1.0	0.7513	0.8168
1.0	1.0	0.6886	0.656
1.0	1.0	0.7944	1.0
1.0	1.0	0.9321	1.0
1.0	1.0	0.9912	1.0
1.0	1.0	0.9998	1.0
1.0	1.0	1.0	1.0
1.0	1.0	0.9073	1.0
1.0	1.0	0.2332	0.2894
1.0	1.0	0.9012	1.0
1.0	1.0	0.9119	1.0
1.0	1.0	0.771	0.774
1.0	1.0	1.0	1.0
1.0	1.0	0.9962	1.0
1.0	1.0	0.8579	0.9256
1.0	1.0	1.0	1.0
1.0	1.0	0.9977	1.0
1.0	1.0	0.9997	1.0
1.0	1.0	0.999	1.0
1.0	1.0	0.8248	1.0
1.0	1.0	0.941	1.0
1.0	1.0	0.9959	1.0
1.0	1.0	0.8582	0.9623
1.0	1.0	0.8493	0.9055
1.0	1.0	0.9704	1.0
1.0	1.0	0.9842	1.0
1.0	1.0	0.9174	1.0
1.0	1.0	0.7107	0.9256
1.0	1.0	0.9957	1.0
1.0	1.0	0.8021	0.9381
1.0	1.0	0.7454	0.7478
1.0	1.0	0.6239	0.9246
1.0	1.0	1.0	1.0
1.0	1.0	0.9982	1.0
1.0	1.0	0.8768	0.9993
1.0	1.0	0.357	0.3749
1.0	0.9981	0.8953	1.0
1.0	1.0	0.823	0.8585
1.0	1.0	0.7753	0.7806
1.0	1.0	1.0	1.0
1.0	1.0	0.9744	1.0
1.0	1.0	0.7767	1.0
1.0	1.0	0.633	0.6637
1.0	1.0	0.6691	0.6495
1.0	1.0	0.9975	1.0
1.0	1.0	0.6096	0.5557
1.0	1.0	0.93	1.0
1.0	1.0	0.8199	1.0
1.0	1.0	0.7098	0.8479
1.0	1.0	0.9262	1.0
1.0	1.0	0.8913	1.0
1.0	1.0	0.9954	1.0
1.0	1.0	0.9716	1.0
1.0	1.0	0.9741	1.0
1.0	1.0	0.6378	0.8457
1.0	1.0	1.0	1.0
1.0	1.0	0.8707	0.9463
1.0	1.0	1.0	1.0
1.0	1.0	0.7671	0.8493
1.0	1.0	0.7944	0.8108
1.0	0.9975	0.8092	0.8434
1.0	1.0	0.7243	0.8694
1.0	1.0	0.9998	1.0
1.0	1.0	0.9946	1.0
1.0	1.0	0.9906	1.0
1.0	1.0	1.0	1.0
1.0	1.0	0.957	1.0
1.0	1.0	0.9829	1.0
1.0	1.0	0.9626	1.0
1.0	1.0	0.9387	1.0
1.0	1.0	0.9998	1.0
1.0	1.0	1.0	1.0
1.0	1.0	0.862	0.9293
1.0	1.0	0.9911	1.0
1.0	1.0	0.4268	0.5872
1.0	1.0	0.7616	0.7597
1.0	1.0	0.9901	1.0
1.0	1.0	1.0	1.0
1.0	1.0	0.7966	0.8145
1.0	1.0	0.9716	1.0
1.0	1.0	0.8658	0.9829
1.0	1.0	0.9202	1.0
1.0	1.0	0.5823	0.7578
1.0	1.0	0.7882	1.0
1.0	1.0	0.4743	0.6124
1.0	1.0	1.0	1.0
1.0	1.0	0.975	1.0
1.0	1.0	0.9159	1.0
1.0	1.0	0.9778	1.0
1.0	1.0	0.9947	1.0
1.0	1.0	1.0	1.0
1.0	1.0	0.8945	0.9954
1.0	1.0	0.8667	1.0
1.0	1.0	0.9966	1.0
1.0	1.0	0.9959	1.0
1.0	1.0	0.9988	1.0
1.0	1.0	0.9888	1.0
1.0	1.0	0.9331	1.0
1.0	1.0	0.9682	1.0
1.0	1.0	0.7789	1.0
1.0	1.0	0.8664	1.0
1.0	1.0	0.6544	0.7183
1.0	1.0	1.0	1.0
1.0	1.0	1.0	1.0
1.0	1.0	0.9272	1.0
1.0	1.0	0.9424	1.0
1.0	1.0	0.9126	1.0
1.0	1.0	0.6326	0.7689
1.0	1.0	0.9586	1.0
1.0	1.0	0.9798	1.0
1.0	1.0	0.9998	1.0
1.0	0.9892	0.7941	0.9619
1.0	1.0	0.9999	1.0
1.0	1.0	0.7567	0.9196
1.0	1.0	0.9659	1.0
1.0	1.0	0.9101	1.0
1.0	1.0	0.9031	1.0
1.0	1.0	0.7784	0.9321
1.0	1.0	1.0	1.0
1.0	1.0	0.8668	1.0
1.0	1.0	0.8974	1.0
1.0	1.0	0.9632	1.0
1.0	1.0	0.8565	0.9664
1.0	1.0	0.9559	1.0
1.0	1.0	1.0	1.0
1.0	0.9705	0.7739	0.8621
1.0	1.0	1.0	1.0
1.0	1.0	0.3316	0.4899
1.0	1.0	0.8761	1.0
1.0	1.0	0.786	0.7982
1.0	1.0	0.9867	1.0
1.0	1.0	0.7924	0.8076
1.0	1.0	0.9722	1.0
1.0	1.0	0.7145	0.8119
1.0	1.0	0.7887	0.8017
1.0	1.0	0.806	0.8744
1.0	1.0	0.7659	0.9379
1.0	1.0	0.7255	1.0
1.0	1.0	0.9817	1.0
1.0	1.0	1.0	1.0
1.0	1.0	1.0	1.0
1.0	1.0	0.9821	1.0
1.0	1.0	0.8116	0.9315
1.0	1.0	0.8432	0.8942
1.0	1.0	0.4417	0.4704
1.0	1.0	0.8395	1.0
1.0	1.0	0.9434	1.0
1.0	1.0	0.742	0.7305
1.0	1.0	0.9276	1.0
1.0	0.9688	0.4396	0.7298
1.0	1.0	0.8684	1.0
1.0	1.0	0.9873	1.0
1.0	1.0	0.7016	0.8276
1.0	1.0	0.9114	1.0
1.0	1.0	0.867	0.9391
1.0	1.0	0.9514	1.0
1.0	1.0	0.9981	1.0
1.0	1.0	0.9992	1.0
1.0	1.0	0.7814	1.0
1.0	1.0	0.9999	1.0
1.0	1.0	0.9984	1.0
1.0	1.0	0.9999	1.0
1.0	1.0	1.0	1.0
1.0	1.0	0.9837	1.0
1.0	1.0	0.9916	1.0
1.0	1.0	0.9996	1.0
1.0	1.0	0.9677	1.0
1.0	1.0	0.9001	1.0
1.0	1.0	0.9995	1.0
1.0	1.0	0.8612	1.0
1.0	1.0	0.7477	0.7389
1.0	1.0	0.654	0.6107
1.0	1.0	0.9338	1.0
1.0	1.0	1.0	1.0
1.0	1.0	0.995	1.0
1.0	1.0	0.9706	1.0
1.0	1.0	0.7981	0.8979
1.0	1.0	0.9029	1.0
1.0	1.0	0.6892	0.8639
1.0	1.0	0.7574	0.7533
1.0	1.0	0.9734	1.0
1.0	1.0	0.9597	1.0
1.0	1.0	0.9562	1.0
1.0	1.0	1.0	1.0
1.0	0.9976	0.7591	0.8066
1.0	1.0	0.9303	1.0
1.0	1.0	0.6946	0.7515
1.0	1.0	0.6956	0.9055
1.0	1.0	0.9239	1.0
1.0	1.0	0.932	1.0
1.0	1.0	0.8748	1.0
1.0	1.0	0.6802	0.6567
1.0	1.0	1.0	1.0
1.0	1.0	0.9915	1.0
1.0	1.0	0.9991	1.0
1.0	1.0	1.0	1.0
1.0	1.0	0.4609	0.6635
1.0	1.0	0.7821	0.9345
1.0	1.0	0.8164	0.9211
1.0	1.0	0.9886	1.0
1.0	1.0	1.0	1.0
1.0	1.0	0.9427	1.0
1.0	1.0	0.598	0.5923
1.0	1.0	0.964	1.0
1.0	1.0	0.8785	0.9619
1.0	1.0	0.9991	1.0
1.0	1.0	0.9914	1.0
1.0	1.0	0.9818	1.0
1.0	1.0	1.0	1.0
1.0	1.0	0.9302	1.0
1.0	1.0	0.9993	1.0
1.0	1.0	0.9177	1.0
1.0	1.0	0.7152	0.817
1.0	1.0	0.9232	1.0
1.0	1.0	0.7437	0.905
1.0	1.0	1.0	1.0
1.0	1.0	0.8682	1.0
1.0	0.9555	0.6429	0.6381
1.0	1.0	0.9447	1.0
1.0	1.0	0.9955	1.0
1.0	1.0	0.8952	1.0
1.0	1.0	0.8262	1.0
1.0	1.0	0.8919	1.0
1.0	1.0	0.9867	1.0
1.0	1.0	0.7934	0.9489
1.0	1.0	0.9666	1.0
1.0	1.0	1.0	1.0
1.0	1.0	1.0	1.0
1.0	1.0	0.6305	0.6678
1.0	1.0	0.9933	1.0
1.0	1.0	0.42	0.3497
1.0	1.0	0.9778	1.0
1.0	0.977	0.8405	0.9551
1.0	1.0	0.8262	0.9451
1.0	1.0	0.8774	1.0
1.0	1.0	0.8994	1.0
1.0	1.0	0.8671	0.9393
1.0	1.0	0.937	1.0
1.0	1.0	0.9893	1.0
1.0	1.0	0.9901	1.0
1.0	1.0	0.8815	0.9901
1.0	1.0	1.0	1.0
1.0	1.0	0.9998	1.0
1.0	1.0	0.8992	1.0
1.0	1.0	0.9953	1.0
1.0	1.0	0.9995	1.0
1.0	1.0	0.9797	1.0
1.0	1.0	0.4297	0.5428
1.0	1.0	0.4464	0.3761
1.0	1.0	0.9554	1.0
1.0	1.0	1.0	1.0
1.0	1.0	0.9885	1.0
1.0	1.0	0.9928	1.0
1.0	1.0	0.975	1.0
1.0	1.0	0.9552	1.0
1.0	1.0	0.9751	1.0
1.0	1.0	0.9479	1.0
1.0	1.0	0.9995	1.0
1.0	1.0	0.9771	1.0
1.0	1.0	0.7312	0.9064
1.0	1.0	1.0	1.0

1.0	1.0	0.7473	0.7537

1.0	1.0	0.9653	1.0

1.0	1.0	1.0	1.0

1.0	1.0	0.6842	1.0

1.0	0.9804	0.771	0.7743

1.0	1.0	0.9212	1.0

1.0	1.0	1.0	1.0

1.0	1.0	0.9185	1.0

1.0	1.0	0.5875	0.5641

1.0	1.0	0.9491	1.0

1.0	1.0	0.9697	1.0

1.0	1.0	0.8915	0.9891

1.0	1.0	0.9978	1.0

1.0	1.0	0.9604	1.0

1.0	1.0	0.7653	0.9732

1.0	1.0	0.9445	1.0

1.0	1.0	1.0	1.0

1.0	1.0	0.9863	1.0

1.0	1.0	0.9992	1.0

1.0	1.0	0.6655	0.6422

1.0	1.0	0.9731	1.0

1.0	1.0	0.9799	1.0

1.0	1.0	0.7501	0.7424

1.0	1.0	0.9383	1.0

1.0	1.0	1.0	1.0

1.0	1.0	0.9796	1.0

1.0	1.0	1.0	1.0

1.0	1.0	0.8687	0.9424

1.0	1.0	0.196	0.1646

1.0	1.0	0.9231	1.0

1.0	1.0	0.8171	0.9662

1.0	1.0	0.9461	1.0

1.0	1.0	0.8625	0.934

1.0	1.0	0.8153	0.9876

1.0	1.0	0.9501	1.0

1.0	1.0	1.0	1.0

1.0	1.0	0.7655	0.934

1.0	1.0	0.6037	0.6781

1.0	1.0	0.8146	1.0

1.0	1.0	0.8676	1.0

1.0	1.0	0.8033	0.894

1.0	1.0	0.9777	1.0

1.0	1.0	0.7408	0.7288

1.0	1.0	0.7505	0.887

1.0	1.0	0.5696	0.6425

1.0	1.0	0.6589	0.7201

1.0	1.0	0.7297	0.786

1.0	1.0	0.8667	1.0

1.0	1.0	0.9591	1.0

1.0	1.0	0.9401	1.0

1.0	0.9623	0.6601	0.6653

1.0	1.0	0.5272	0.4773

1.0	1.0	0.964	1.0

1.0	1.0	0.8875	0.9806

1.0	1.0	0.899	1.0

1.0	1.0	1.0	1.0

1.0	1.0	0.9931	1.0

1.0	1.0	0.993	1.0

1.0	1.0	0.9927	1.0

1.0	1.0	0.9394	1.0

1.0	1.0	0.9792	1.0

1.0	1.0	0.5813	0.5222

1.0	1.0	0.6148	0.5621

1.0	1.0	0.2737	0.2935

1.0	1.0	0.9019	1.0

1.0	1.0	0.9948	1.0

1.0	1.0	0.943	1.0

1.0	1.0	0.9933	1.0

1.0	0.9593	0.4695	0.5973

1.0	0.9836	0.4838	0.7548

1.0	1.0	0.5191	0.4835

1.0	1.0	0.637	0.6964

1.0	1.0	0.9936	1.0

1.0	1.0	0.9994	1.0

1.0	1.0	0.908	1.0

1.0	1.0	0.9997	1.0

1.0	1.0	0.9207	1.0

1.0	1.0	0.8488	0.9046

1.0	1.0	0.7834	0.9147

1.0	1.0	0.915	1.0

1.0	1.0	0.4973	0.669

1.0	1.0	0.4951	0.4543

1.0	1.0	0.4673	0.5687

1.0	1.0	0.9708	1.0

1.0	1.0	0.9897	1.0

1.0	1.0	0.8532	0.9264

1.0	1.0	0.9995	1.0

1.0	1.0	0.48	0.4204

1.0	1.0	0.7385	0.7254

1.0	1.0	0.7643	1.0

1.0	1.0	0.9974	1.0

1.0	1.0	0.3491	0.5376

1.0	1.0	0.9952	1.0

1.0	1.0	0.9017	1.0

1.0	0.9808	0.6265	0.6075

1.0	1.0	0.7269	0.7688

1.0	1.0	0.8413	0.8909

1.0	1.0	0.8254	0.8628

1.0	1.0	0.8824	0.9701

1.0	1.0	0.66	0.7944

1.0	1.0	0.9118	1.0

1.0	1.0	0.7916	0.9277

1.0	1.0	0.9122	1.0

1.0	1.0	0.562	0.5

1.0	1.0	0.9571	1.0

1.0	1.0	0.9078	1.0

1.0	1.0	0.9925	1.0

1.0	1.0	0.7918	0.9331

1.0	1.0	0.9361	1.0

1.0	1.0	0.7547	0.7492

1.0	1.0	0.9982	1.0

1.0	1.0	0.8464	1.0

1.0	1.0	0.9997	1.0

1.0	1.0	0.8779	1.0

1.0	1.0	0.9913	1.0

1.0	1.0	0.9373	1.0

1.0	1.0	0.9055	1.0

1.0	1.0	0.6236	0.6375

1.0	1.0	0.6843	0.7289

1.0	1.0	0.8556	1.0

1.0	1.0	0.9768	1.0

1.0	1.0	0.7352	0.7206

1.0	1.0	0.9512	1.0

1.0	1.0	1.0	1.0

1.0	1.0	0.9811	1.0

1.0	1.0	0.8619	0.9512

1.0	1.0	0.9445	1.0

1.0	1.0	0.8456	1.0

1.0	1.0	0.928	1.0

1.0	1.0	0.8829	0.9711

1.0	1.0	0.7949	1.0

1.0	1.0	0.9904	1.0

1.0	1.0	0.7288	0.795

1.0	1.0	0.7283	0.7108

1.0	1.0	0.9115	1.0

1.0	1.0	0.9853	1.0

1.0	1.0	0.9432	1.0

1.0	1.0	0.9175	1.0

1.0	1.0	0.8184	1.0

1.0	1.0	0.7655	1.0

1.0	1.0	0.8829	1.0

1.0	1.0	0.7566	0.8955

1.0	1.0	0.9558	1.0

1.0	1.0	0.9953	1.0

1.0	1.0	0.7461	0.9914

1.0	1.0	1.0	1.0

1.0	1.0	0.9054	1.0

1.0	1.0	0.5836	0.668

1.0	0.9955	0.8004	1.0

1.0	1.0	0.9998	1.0

1.0	1.0	0.9207	1.0

1.0	1.0	0.6862	0.7247

1.0	1.0	0.9862	1.0

1.0	1.0	0.9637	1.0

1.0	1.0	0.7817	0.8682

1.0	1.0	0.9871	1.0

1.0	1.0	0.767	1.0

1.0	1.0	0.9998	1.0

1.0	1.0	0.6432	0.7888

1.0	1.0	0.8429	0.8938

1.0	1.0	1.0	1.0

1.0	1.0	0.9596	1.0

1.0	1.0	0.9998	1.0

1.0	1.0	0.8956	1.0

1.0	1.0	0.6363	0.8205

1.0	1.0	0.9808	1.0

1.0	1.0	0.9584	1.0

1.0	1.0	1.0	1.0

1.0	1.0	0.999	1.0

1.0	1.0	0.7461	0.7405

1.0	1.0	0.503	0.5365

1.0	1.0	0.9871	1.0

1.0	1.0	0.6417	0.7779

1.0	1.0	0.9407	1.0

1.0	1.0	0.9791	1.0

1.0	1.0	0.8102	1.0

1.0	1.0	0.9164	1.0

1.0	1.0	0.8938	1.0

1.0	1.0	1.0	1.0

1.0	1.0	0.8025	0.8311

1.0	0.9788	0.6517	0.8772

1.0	1.0	0.9792	1.0

1.0	1.0	0.9966	1.0

1.0	1.0	0.8711	1.0

1.0	1.0	0.9941	1.0

1.0	1.0	0.9007	1.0

1.0	1.0	0.6405	0.7591

1.0	1.0	0.9552	1.0

1.0	1.0	0.7826	0.8052

1.0	1.0	0.9973	1.0

1.0	1.0	0.9827	1.0

1.0	1.0	0.8034	0.8881

1.0	1.0	1.0	1.0

1.0	1.0	0.9646	1.0

1.0	1.0	0.9467	1.0

1.0	1.0	0.8548	1.0

1.0	1.0	0.846	0.8995

1.0	1.0	0.9022	1.0

1.0	1.0	0.923	1.0

1.0	1.0	0.9959	1.0

1.0	1.0	0.9846	1.0

1.0	1.0	0.9753	1.0

1.0	1.0	0.9859	1.0

1.0	1.0	1.0	1.0

1.0	1.0	0.999	1.0

1.0	1.0	1.0	1.0

1.0	1.0	0.7556	0.9185

1.0	1.0	0.5157	0.6379

1.0	1.0	0.8101	0.8366

1.0	1.0	0.9075	1.0

1.0	1.0	0.9689	1.0

1.0	1.0	0.9559	1.0

1.0	1.0	0.9125	1.0

1.0	1.0	0.9725	1.0

1.0	1.0	0.8889	1.0

1.0	1.0	0.9943	1.0

1.0	1.0	0.9699	1.0

1.0	1.0	1.0	1.0

1.0	1.0	0.3455	0.418

1.0	1.0	0.9388	1.0

1.0	1.0	0.9555	1.0

1.0	1.0	0.9882	1.0

1.0	1.0	0.6786	1.0

1.0	1.0	0.9995	1.0

1.0	1.0	0.9519	1.0

1.0	1.0	0.6418	0.6898

1.0	1.0	0.7028	0.7159

1.0	1.0	0.9963	1.0

1.0	1.0	0.9967	1.0

1.0	1.0	0.6819	0.647

1.0	1.0	0.8179	0.8913

1.0	1.0	0.9442	1.0

1.0	1.0	0.9981	1.0

1.0	1.0	0.9407	1.0

1.0	1.0	0.9545	1.0

1.0	1.0	0.9474	1.0

1.0	1.0	0.9647	1.0

1.0	1.0	0.7883	0.8791

1.0	1.0	0.9499	1.0

1.0	1.0	1.0	1.0

1.0	1.0	0.847	1.0

1.0	1.0	0.9382	1.0

1.0	1.0	0.9546	1.0

1.0	1.0	1.0	1.0
