0.7033	0.5483	0.4059	0.4288
0.8216	0.5669	0.547	0.5835
0.8258	0.7622	0.6341	1.0
0.8287	0.9163	0.7063	0.8749
0.2324	0.1454	0.1478	0.2675
0.7172	0.6183	0.3977	0.3656
0.9048	1.0	0.8613	1.0
0.9144	1.0	0.9117	1.0
0.7795	0.5856	0.436	0.4842
0.8005	0.7537	0.5589	0.605
0.7646	0.5222	0.4624	0.7462
0.5986	0.5302	0.3996	0.834
0.8939	1.0	0.8236	1.0
0.7775	0.7801	0.571	0.7907
0.4098	0.3077	0.2789	0.4929
0.8942	1.0	0.8114	1.0
0.7678	0.7092	0.4865	0.6666
0.4696	0.3432	0.2584	0.5195
0.8922	0.9808	0.7991	1.0
0.8315	0.9736	0.7088	0.8825
0.8397	0.8749	0.5529	0.5421
0.7689	0.697	0.4326	0.5396
0.8742	0.9605	0.7884	1.0
0.8022	0.6164	0.603	0.8062
0.8738	1.0	0.7245	0.9289
0.8628	1.0	0.7667	0.9872
0.7784	0.6705	0.4634	0.5395
0.8465	0.8138	0.6753	0.9729
0.9023	1.0	0.8422	1.0
0.907	1.0	0.8774	1.0
0.7808	0.6876	0.5316	0.6747
0.8833	1.0	0.8485	1.0
0.8531	0.7741	0.6926	1.0
0.7694	0.442	0.4306	0.4851
0.8578	0.9768	0.7708	1.0
0.7689	0.5261	0.4662	0.8528
0.8157	0.7785	0.5256	0.6284
0.8207	0.8514	0.5556	0.79
0.8422	0.9001	0.6011	0.8987
0.6399	0.543	0.382	0.4912
0.8597	1.0	0.8136	1.0
0.7541	0.5457	0.4182	0.3554
0.8875	1.0	0.7723	0.9588
0.7874	0.4677	0.4612	0.4972
0.7127	0.6164	0.3753	0.3526
0.8951	0.9345	0.8048	1.0
0.7357	0.5429	0.5246	0.7111
0.8738	0.8952	0.736	0.9914
0.8207	0.7106	0.5287	0.6149
0.7872	0.817	0.5962	0.8906
0.6916	0.5876	0.3784	0.5075
0.8858	1.0	0.8134	1.0
0.5998	0.281	0.283	0.3687
0.7256	0.5777	0.4598	0.4393
0.7433	0.6726	0.4614	0.6953
0.7067	0.4508	0.3722	0.8104
0.7528	0.6645	0.5044	0.7488
0.5594	0.4027	0.2638	0.3483
0.5335	0.2945	0.1821	0.2335
0.9016	1.0	0.8436	1.0
0.8431	0.8709	0.6571	0.9747
0.746	0.7043	0.4742	0.8711
0.6302	0.5045	0.3858	0.4213
0.884	1.0	0.7287	0.7903
0.3774	0.2717	0.2439	0.4122
0.831	0.6285	0.5919	0.7089
0.6153	0.4104	0.3655	0.7247
0.7323	0.4902	0.3948	0.6501
0.7964	0.7118	0.5321	0.6344
0.8325	0.8746	0.6099	0.7323
0.8675	1.0	0.7242	0.8341
0.8874	0.9066	0.7894	1.0
0.8481	0.8966	0.6239	0.7577
0.896	1.0	0.8552	1.0
0.784	0.7077	0.6428	1.0
0.8399	0.8919	0.6079	0.7044
0.7894	0.7099	0.4637	0.4553
0.8834	0.9847	0.7556	0.8778
0.6131	0.5396	0.4058	0.8924
0.6206	0.5088	0.3628	0.5498
0.7157	0.5712	0.3696	0.3725
0.9053	1.0	0.8608	1.0
0.6461	0.4908	0.3567	0.7064
0.8032	0.792	0.5395	0.6114
0.833	1.0	0.7452	0.9206
0.8532	0.9285	0.7236	0.8089
0.4296	0.2481	0.2277	0.3463
0.7451	0.6941	0.4482	0.4367
0.8677	1.0	0.7131	0.9008
0.8468	1.0	0.674	0.7548
0.8473	0.9968	0.7654	0.9733
0.8179	0.6876	0.5207	0.4524
0.8757	1.0	0.7549	0.8844
0.9046	1.0	0.8526	1.0
0.4581	0.347	0.3234	0.805
0.7075	0.3222	0.3481	0.5538
0.8522	1.0	0.6619	0.7813
0.8824	0.8374	0.7652	0.998
0.8476	0.9891	0.7705	1.0
0.8166	0.7533	0.5925	0.7215
0.5147	0.335	0.3204	0.6792
0.8359	0.8984	0.6376	0.7058
0.7811	0.6029	0.453	0.4078
0.8995	1.0	0.8286	1.0
0.4722	0.3565	0.3229	0.7139
0.4435	0.3092	0.2915	0.6293
0.7558	0.6889	0.4533	0.4162
0.8561	0.6853	0.649	0.8699
0.696	0.4473	0.398	0.7937
0.7183	0.5627	0.5192	0.6341
0.8525	0.9942	0.6775	0.8267
0.7264	0.5998	0.4766	0.6275
0.8004	0.773	0.5004	0.8831
0.4971	0.4032	0.2834	0.3273
0.6252	0.5501	0.399	0.7818
0.8715	0.9749	0.7281	1.0
0.8997	1.0	0.8549	1.0
0.825	0.8318	0.5403	0.692
0.8419	0.8539	0.6468	0.7307
0.819	0.6263	0.5621	0.7224
0.8511	1.0	0.7151	0.7912
0.8093	0.7771	0.5568	0.6721
0.8231	0.8876	0.626	0.706
0.779	0.6261	0.4329	0.4051
0.6276	0.5815	0.4126	0.7613
0.5746	0.3749	0.2805	0.3678
0.7749	0.7381	0.5181	0.8338
0.8956	1.0	0.7869	0.9468
0.8556	1.0	0.8325	1.0
0.6956	0.4796	0.2593	0.3393
0.8361	0.6543	0.607	0.7272
0.7958	0.7962	0.5203	0.5411
0.7494	0.5541	0.4729	0.5759
0.5655	0.4351	0.2981	0.3239
0.8495	0.7466	0.6802	0.958
0.7985	0.865	0.6412	0.7052
0.8441	0.9293	0.6664	0.9817
0.5178	0.4087	0.3035	0.4242
0.826	0.833	0.5926	0.8081
0.8192	0.5736	0.5352	0.7772
0.8245	0.7762	0.5382	0.456
0.7669	0.4416	0.4209	0.4354
0.809	0.7464	0.5946	0.7829
0.8629	0.9601	0.6305	0.7372
0.8631	1.0	0.7458	1.0
0.8864	0.87	0.7848	1.0
0.8594	1.0	0.7859	1.0
0.895	1.0	0.8259	1.0
0.8688	0.74	0.6986	0.9595
0.753	0.5485	0.559	0.7167
0.8371	0.9547	0.6755	0.9301
0.9143	1.0	0.9109	1.0
0.8752	1.0	0.7836	0.9808
0.8502	0.7104	0.6388	0.7521
0.6842	0.3175	0.326	0.3189
0.8064	0.6758	0.5508	0.8943
0.8281	0.8358	0.5486	0.5948
0.9132	1.0	0.8943	1.0
0.8284	0.5811	0.5668	0.6681
0.7442	0.7403	0.538	0.6977
0.8286	0.9172	0.6694	0.7406
0.8707	0.9979	0.8094	1.0
0.6446	0.2581	0.2764	0.3391
0.6674	0.4347	0.2863	0.361
0.7299	0.4621	0.419	0.7231
0.7852	0.7044	0.6556	1.0
0.8926	1.0	0.8178	1.0
0.8558	0.9131	0.679	0.846
0.5777	0.346	0.2393	0.3925
0.4564	0.3651	0.2985	0.6232
0.718	0.6434	0.4624	0.5894
0.9025	1.0	0.8448	1.0
0.7333	0.6018	0.5479	0.8636
0.8136	0.9048	0.6711	0.8288
0.7456	0.5589	0.5333	0.731
0.8654	0.9682	0.7119	0.9847
0.9089	1.0	0.8854	1.0
0.4477	0.1873	0.1832	0.3007
0.8099	0.5524	0.5253	0.5794
0.7407	0.6749	0.5271	0.7282
0.8716	1.0	0.7757	0.991
0.7984	0.818	0.616	0.8587
0.7577	0.6271	0.5458	0.8818
0.7869	0.6996	0.5352	0.6409
0.8662	1.0	0.7389	0.9194
0.7598	0.6618	0.5965	0.8752
0.7426	0.5652	0.485	0.9799
0.6291	0.4146	0.3294	0.5352
0.9045	1.0	0.8576	1.0
0.7669	0.7077	0.5	0.7231
0.805	0.8722	0.6316	0.8091
0.8123	0.7891	0.566	0.7367
0.8567	0.8916	0.7332	1.0
0.8442	0.9769	0.6338	0.7014
0.8209	0.8579	0.6623	0.7373
0.8062	0.8612	0.6755	0.814
0.7904	0.7417	0.5812	0.8757
0.8298	0.7923	0.6674	1.0
0.7978	0.8879	0.6403	0.9039
0.8604	1.0	0.8432	1.0
0.7639	0.7002	0.5075	0.7144
0.8817	1.0	0.8517	1.0
0.8583	1.0	0.6394	0.687
0.8919	1.0	0.8235	1.0
0.8611	1.0	0.7568	0.9628
0.9127	1.0	0.9009	1.0
0.8053	0.8131	0.6041	0.6579
0.5569	0.3853	0.355	0.5146
0.9112	1.0	0.8921	1.0
0.8295	0.9756	0.6648	0.8592
0.8785	1.0	0.7436	1.0
0.7346	0.4946	0.3575	0.4156
0.8935	1.0	0.8102	1.0
0.892	1.0	0.8107	1.0
0.8479	0.7925	0.6087	0.6588
0.4291	0.3187	0.2348	0.4749
0.8883	0.8697	0.7867	1.0
0.8509	0.7779	0.6397	0.8298
0.8723	0.7643	0.7141	0.923
0.8518	0.9966	0.7328	0.9266
0.8545	0.8704	0.6798	0.8913
0.8458	0.8505	0.612	0.5941
0.8719	0.8826	0.7001	0.9734
0.7963	0.6407	0.5817	0.9011
0.6016	0.3192	0.3141	0.4767
0.7954	0.7824	0.575	0.8766
0.6938	0.5155	0.4346	0.7622
0.4413	0.3295	0.3175	0.7406
0.6071	0.4654	0.3978	0.646
0.7586	0.6626	0.5807	0.8253
0.8769	0.9731	0.805	1.0
0.4744	0.3662	0.317	0.6496
0.853	1.0	0.8257	1.0
0.7211	0.5386	0.416	0.686
0.8044	0.5195	0.5022	0.6323
0.7595	0.5602	0.4172	0.6002
0.3392	0.226	0.2292	0.4041
0.7875	0.741	0.4721	0.8389
0.8915	1.0	0.7669	0.9126
0.5985	0.3333	0.2099	0.3005
0.8379	0.6388	0.5951	0.6535
0.8633	0.7835	0.6632	0.8168
0.7883	0.6994	0.4196	0.5065
0.7929	0.7567	0.5528	0.5792
0.7948	0.7455	0.6073	0.8908
0.8028	0.8632	0.653	0.7981
0.8183	0.6575	0.6001	0.8013
0.8893	1.0	0.8336	1.0
0.8562	1.0	0.7085	1.0
0.3426	0.2457	0.1946	0.2894
0.8194	0.8409	0.5451	0.8006
0.8751	0.9376	0.7109	0.7795
0.8514	0.9113	0.6091	0.774
0.8541	0.7707	0.6816	0.9521
0.9104	1.0	0.8927	1.0
0.8382	0.7745	0.5798	0.5829
0.8641	1.0	0.848	1.0
0.8828	1.0	0.8067	1.0
0.709	0.6014	0.4479	0.7606
0.896	1.0	0.8335	1.0
0.7661	0.6163	0.5215	0.7516
0.9043	1.0	0.8513	1.0
0.7848	0.6745	0.6285	0.9755
0.7564	0.5415	0.4015	0.4973
0.8818	1.0	0.7189	0.9055
0.8092	0.8055	0.5726	0.6098
0.7182	0.6417	0.4486	0.4207
0.8499	0.6633	0.6388	0.7187
0.8403	0.8698	0.5991	0.9256
0.6508	0.5405	0.2773	0.2755
0.8364	0.7704	0.6287	0.9381
0.7487	0.688	0.5078	0.7478
0.4384	0.3345	0.3184	0.7431
0.8537	1.0	0.8199	1.0
0.8881	0.9686	0.7901	1.0
0.8904	0.9156	0.7795	0.9993
0.6022	0.382	0.2831	0.3749
0.6719	0.301	0.3062	0.2918
0.7805	0.6737	0.4844	0.4536
0.8616	0.9118	0.6597	0.7806
0.86	1.0	0.811	1.0
0.902	1.0	0.8425	1.0
0.7894	0.6981	0.5124	0.6055
0.6609	0.5723	0.4608	0.5762
0.7965	0.7372	0.5165	0.6495
0.8289	0.9549	0.7521	0.9176
0.7667	0.7063	0.4441	0.5557
0.7762	0.8232	0.5641	0.8025
0.872	0.9029	0.6962	0.8237
0.8117	0.7388	0.5103	0.4574
0.7049	0.638	0.5413	0.8919
0.8841	0.8689	0.7521	1.0
0.8618	1.0	0.7377	0.8334
0.7202	0.5573	0.5036	0.868
0.8916	1.0	0.8421	1.0
0.5357	0.321	0.1759	0.1766
0.8908	1.0	0.8568	1.0
0.7568	0.6897	0.4011	0.3776
0.8398	0.9435	0.7395	0.9366
0.873	0.9592	0.7192	0.8493
0.6388	0.5629	0.4395	0.6366
0.5693	0.2314	0.2263	0.3073
0.8772	0.9678	0.701	0.8694
0.8814	0.9798	0.7622	1.0
0.857	0.7539	0.6852	0.8958
0.7539	0.7209	0.5322	0.5116
0.8931	1.0	0.8486	1.0
0.8987	0.9887	0.8235	1.0
0.8188	0.5943	0.5735	0.6757
0.7347	0.6159	0.4626	0.5628
0.8049	0.5694	0.5185	0.5364
0.7265	0.6852	0.5059	0.4701
0.8623	0.9085	0.7541	1.0
0.6119	0.452	0.3195	0.3681
0.8285	0.6576	0.6061	0.8606
0.4355	0.3085	0.3022	0.5872
0.5193	0.3982	0.2485	0.3194
0.7984	0.6184	0.5365	0.8467
0.7921	0.6589	0.6348	1.0
0.7226	0.6835	0.4576	0.8145
0.8469	1.0	0.6538	0.7318
0.6971	0.34	0.3288	0.3583
0.8551	1.0	0.7905	1.0
0.5986	0.3964	0.3285	0.6164
0.7818	0.5938	0.4623	0.7387
0.8146	0.7507	0.5211	0.6124
0.8462	0.7913	0.6553	1.0
0.7948	0.5715	0.5364	0.6756
0.8345	0.6414	0.5847	0.6668
0.766	0.6588	0.536	0.7591
0.8203	0.9339	0.6825	0.7898
0.8785	1.0	0.8426	1.0
0.8236	0.7702	0.5769	0.5513
0.8435	0.9703	0.6805	0.9577
0.8442	0.9906	0.7014	0.9986
0.8157	0.7781	0.5724	0.6616
0.8103	0.6537	0.5751	0.891
0.8375	0.9352	0.6067	0.6202
0.7275	0.4971	0.4614	0.7295
0.8429	0.8162	0.6704	1.0
0.8014	0.7277	0.4862	0.5936
0.7701	0.7131	0.4697	0.7773
0.857	0.9283	0.6069	0.7183
0.8682	0.8351	0.7247	0.9958
0.8893	1.0	0.8491	1.0
0.8397	0.914	0.604	0.7264
0.7348	0.706	0.4593	0.7221
0.7096	0.4062	0.3892	0.5824
0.67	0.4516	0.2787	0.2189
0.7499	0.4515	0.439	0.5334
0.8986	1.0	0.8411	1.0
0.8914	0.9639	0.7993	1.0
0.8078	0.5196	0.5117	0.6758
0.7983	0.6325	0.566	0.8872
0.7851	0.8003	0.5414	0.5464
0.7712	0.7092	0.5378	0.9173
0.8355	0.9094	0.6762	0.9044
0.8091	0.8444	0.5955	0.8775
0.8543	0.7364	0.6342	0.9321
0.7935	0.7306	0.5997	0.9055
0.8156	0.5708	0.5305	0.6287
0.8176	0.6661	0.5692	0.8547
0.8956	1.0	0.8366	1.0
0.8707	0.9741	0.7161	0.9664
0.8256	0.9567	0.6459	0.8507
0.851	1.0	0.8314	1.0
0.7255	0.3588	0.3704	0.4317
0.8412	0.7888	0.656	1.0
0.4147	0.2862	0.2686	0.4899
0.8564	1.0	0.7424	0.9447
0.835	0.8904	0.6251	0.7982
0.8959	0.9837	0.8261	1.0
0.8552	0.928	0.5934	0.6337
0.8742	1.0	0.7213	0.8145
0.7029	0.5215	0.4199	0.5751
0.7834	0.7348	0.5297	0.6948
0.8028	0.8521	0.6429	0.8744
0.8113	0.8325	0.5497	0.6002
0.6087	0.4035	0.3136	0.6382
0.774	0.6619	0.5285	0.7397
0.8711	1.0	0.8504	1.0
0.8622	1.0	0.8121	1.0
0.7228	0.6504	0.3383	0.3472
0.6064	0.5185	0.3912	0.7504
0.894	1.0	0.7768	0.8942
0.3734	0.3238	0.2496	0.4704
0.8639	0.9295	0.67	0.8874
0.8797	1.0	0.7913	1.0
0.8697	0.9303	0.6874	0.7305
0.8097	0.7437	0.5571	0.6581
0.4463	0.3242	0.3193	0.7298
0.7121	0.4713	0.4011	0.6434
0.8088	0.8705	0.6711	0.884
0.7302	0.6038	0.4305	0.4618
0.9015	1.0	0.8353	1.0
0.8853	0.9643	0.7539	0.8602
0.6864	0.3947	0.4161	0.4598
0.8525	1.0	0.8217	1.0
0.874	1.0	0.8132	1.0
0.6787	0.53	0.3942	0.6426
0.9137	1.0	0.9071	1.0
0.8375	0.9984	0.735	0.9053
0.8321	0.8095	0.6459	0.8852
0.8746	1.0	0.8294	1.0
0.6562	0.5462	0.3192	0.296
0.8322	0.8319	0.6054	0.7743
0.7989	0.8481	0.636	0.6581
0.8757	0.9181	0.7565	1.0
0.7915	0.8153	0.5261	0.6652
0.9002	1.0	0.8386	1.0
0.7249	0.5128	0.4658	0.7588
0.8475	0.8453	0.614	0.7141
0.8377	0.7518	0.5765	0.6107
0.7147	0.6092	0.3979	0.5202
0.8689	1.0	0.7345	0.8639
0.7077	0.5593	0.4902	0.7368
0.8251	0.8387	0.5864	0.6739
0.8385	0.736	0.5789	0.7611
0.7929	0.7475	0.5867	0.6257
0.7566	0.6993	0.4595	0.8639
0.8775	1.0	0.6932	0.7533
0.8909	1.0	0.845	1.0
0.9041	1.0	0.8614	1.0
0.9094	1.0	0.8825	1.0
0.8688	1.0	0.8165	1.0
0.6635	0.2806	0.2959	0.3374
0.8946	1.0	0.8221	1.0
0.8031	0.7909	0.5745	0.6393
0.8355	0.8548	0.5856	0.9055
0.8538	0.9177	0.65	0.9687
0.8381	0.9654	0.6049	0.7105
0.8339	0.6932	0.5682	0.8462
0.7426	0.6974	0.4649	0.6567
0.871	0.8709	0.7238	1.0
0.8395	0.7103	0.6206	0.9866
0.8134	0.7895	0.5954	0.7082
0.8531	0.756	0.6812	0.9423
0.5471	0.4171	0.3479	0.6635
0.731	0.6488	0.5623	0.7318
0.8406	0.7862	0.6381	0.9211
0.8117	0.9335	0.7055	0.8835
0.881	1.0	0.7975	1.0
0.8981	1.0	0.8078	0.9481
0.7188	0.597	0.3997	0.5923
0.8894	1.0	0.8002	1.0
0.7285	0.6847	0.4668	0.4978
0.9034	1.0	0.8614	1.0
0.855	0.7594	0.6693	0.8017
0.7398	0.5419	0.467	0.6182
0.8654	1.0	0.8196	1.0
0.7076	0.5422	0.4301	0.4378
0.8995	1.0	0.834	1.0
0.9044	1.0	0.8464	1.0
0.8375	0.7068	0.5761	0.817
0.8763	1.0	0.7358	1.0
0.7811	0.6153	0.4857	0.7386
0.8425	0.7771	0.6718	1.0
0.8677	0.9501	0.7031	1.0
0.4534	0.2388	0.2222	0.3696
0.8738	1.0	0.7209	0.8596
0.8973	0.9629	0.8256	1.0
0.841	0.6667	0.5992	0.7468
0.8096	0.847	0.621	0.7453
0.8802	1.0	0.7432	1.0
0.7286	0.6225	0.459	0.6367
0.8141	0.8909	0.6626	0.7336
0.719	0.4422	0.4492	0.5097
0.8628	1.0	0.8285	1.0
0.9072	1.0	0.879	1.0
0.7369	0.6518	0.4366	0.5158
0.9081	1.0	0.8813	1.0
0.7812	0.666	0.3953	0.3497
0.8315	0.6893	0.6145	0.8865
0.6019	0.2655	0.2551	0.3183
0.8127	0.8888	0.7022	0.9217
0.8793	1.0	0.7411	1.0
0.8166	0.8589	0.6088	0.9139
0.8987	1.0	0.8203	0.9393
0.8961	1.0	0.8217	1.0
0.877	1.0	0.8494	1.0
0.8356	0.7758	0.6501	0.9973
0.7276	0.385	0.3609	0.3399
0.8416	0.7217	0.6548	1.0
0.8359	0.7391	0.6192	0.9421
0.7607	0.5734	0.5334	0.779
0.8086	0.8459	0.5679	0.5886
0.8947	1.0	0.836	1.0
0.8629	0.8664	0.7193	1.0
0.4297	0.3192	0.2968	0.5428
0.7072	0.5401	0.3231	0.3761
0.4496	0.3574	0.2648	0.3627
0.8961	1.0	0.8426	1.0
0.9099	1.0	0.8908	1.0
0.8302	0.7846	0.6434	1.0
0.5793	0.4189	0.3926	0.6266
0.9061	1.0	0.8612	1.0
0.908	1.0	0.8726	1.0
0.906	1.0	0.8609	1.0
0.7951	0.6959	0.6177	0.9014
0.8371	0.9479	0.733	0.9198
0.7748	0.6928	0.4397	0.4756
0.8712	1.0	0.7972	1.0

0.8655	0.9826	0.6722	0.7537

0.7744	0.7876	0.4742	0.5754

0.9106	1.0	0.8894	1.0

0.4983	0.3251	0.2676	0.4605

0.338	0.0994	0.0858	0.1152

0.8732	1.0	0.7778	1.0

0.8736	0.8581	0.7223	1.0

0.89	0.9225	0.7778	1.0

0.7529	0.6412	0.4243	0.5641

0.8439	0.948	0.6173	0.6533

0.7506	0.6901	0.6101	0.9637

0.8562	0.9512	0.6845	0.963

0.9079	1.0	0.8791	1.0

0.882	1.0	0.742	0.8362

0.8297	0.7834	0.5572	0.5628

0.8719	1.0	0.6944	0.7493

0.8689	0.9127	0.7586	1.0

0.9126	1.0	0.9004	1.0

0.8453	0.7916	0.6623	0.8949

0.7949	0.6163	0.4675	0.5376

0.7119	0.5565	0.5045	0.8321

0.885	1.0	0.8076	1.0

0.8282	0.7428	0.5516	0.5231

0.9036	1.0	0.8618	1.0

0.7981	0.7065	0.6232	1.0

0.8097	0.9553	0.6527	0.7357

0.9027	1.0	0.8673	1.0

0.8803	1.0	0.7057	0.7678

0.4648	0.2615	0.1393	0.1646

0.7289	0.5107	0.4474	0.7165

0.7999	0.8339	0.6003	0.8377

0.8956	0.9491	0.8096	1.0

0.7843	0.7618	0.5173	0.891

0.8384	0.9556	0.7016	0.7928

0.8809	1.0	0.8235	1.0

0.8131	0.8954	0.6288	0.8889

0.7854	0.8207	0.5583	0.5784

0.6247	0.412	0.2934	0.2775

0.8241	0.9407	0.6516	0.7222

0.8496	0.9246	0.6443	0.9527

0.8718	0.8361	0.6971	0.894

0.8426	1.0	0.8067	1.0

0.8401	0.8736	0.5394	0.6096

0.851	0.7332	0.6216	0.887

0.6138	0.5287	0.3718	0.6425

0.6365	0.3936	0.3159	0.5001

0.5887	0.3567	0.2775	0.409

0.8298	1.0	0.7464	0.8975

0.902	1.0	0.8497	1.0

0.9066	1.0	0.8595	1.0

0.2983	0.1827	0.1882	0.2947

0.8147	0.7103	0.5126	0.4773

0.8515	0.7699	0.6592	0.9272

0.8936	1.0	0.7951	0.9806

0.849	0.9239	0.6526	0.9063

0.8396	1.0	0.7782	1.0

0.8445	0.8156	0.6742	0.9988

0.7603	0.6814	0.6053	0.8453

0.7839	0.7283	0.5822	0.7277

0.8506	0.8059	0.6688	1.0

0.9085	1.0	0.8752	1.0

0.8268	0.838	0.498	0.5222

0.4741	0.3743	0.269	0.4458

0.2811	0.2399	0.1762	0.2935

0.8986	1.0	0.8185	1.0

0.9064	1.0	0.875	1.0

0.8871	1.0	0.774	1.0

0.7945	0.8326	0.6196	0.7748

0.42	0.3028	0.2919	0.5973

0.5497	0.4195	0.361	0.7548

0.6537	0.5496	0.3906	0.4835

0.6817	0.5501	0.4052	0.4491

0.8729	1.0	0.83	1.0

0.9055	1.0	0.8632	1.0

0.801	0.6444	0.4996	0.4961

0.8734	0.8355	0.7212	1.0

0.8987	1.0	0.8232	1.0

0.8021	0.7683	0.6195	0.9046

0.7382	0.6146	0.4766	0.7444

0.8549	1.0	0.7975	1.0

0.4386	0.368	0.3056	0.6174

0.7878	0.7366	0.4528	0.4543

0.6671	0.5227	0.3503	0.5687

0.8736	0.8002	0.724	0.8737

0.9114	1.0	0.8928	1.0

0.5202	0.2301	0.2256	0.2434

0.8517	0.753	0.6637	1.0

0.8002	0.7397	0.4539	0.4204

0.8091	0.8193	0.5038	0.7254

0.6138	0.4149	0.3501	0.7385

0.9043	1.0	0.8706	1.0

0.4343	0.2941	0.289	0.5376

0.8879	1.0	0.8033	1.0

0.8685	0.942	0.7173	1.0

0.2774	0.2132	0.1874	0.321

0.7874	0.7713	0.521	0.7688

0.7358	0.6779	0.5846	0.8909

0.8564	0.9144	0.6495	0.8628

0.704	0.5239	0.43	0.7015

0.7677	0.5309	0.4526	0.7662

0.8771	1.0	0.7358	0.9923

0.8105	0.8073	0.5395	0.9277

0.8765	1.0	0.7813	1.0

0.7747	0.5753	0.4259	0.5

0.8697	0.8321	0.6961	0.9451

0.8556	0.667	0.6571	0.8599

0.8769	0.9706	0.7742	0.9492

0.819	0.8085	0.5796	0.837

0.8711	1.0	0.7163	0.9262

0.8373	0.8427	0.6065	0.6851

0.8864	1.0	0.8537	1.0

0.8399	0.8405	0.6236	0.8811

0.8739	1.0	0.7826	1.0

0.8866	1.0	0.7854	1.0

0.8774	1.0	0.7582	0.8818

0.8661	1.0	0.7635	1.0

0.8614	1.0	0.6684	0.9746

0.7935	0.6393	0.4639	0.5927

0.7458	0.6148	0.4983	0.6752

0.634	0.5379	0.3838	0.6368

0.8574	1.0	0.7525	0.981

0.8612	0.9312	0.6114	0.7206

0.9077	1.0	0.8709	1.0

0.8498	0.967	0.7678	0.9374

0.7541	0.7551	0.5114	0.552

0.6415	0.4492	0.371	0.6328

0.7283	0.4323	0.4057	0.5536

0.8126	0.8689	0.6134	0.8644

0.8865	1.0	0.7765	1.0

0.5496	0.3674	0.2643	0.2706

0.8334	0.8369	0.5793	0.6771

0.8741	1.0	0.7704	0.9509

0.7601	0.643	0.5324	0.7441

0.846	0.784	0.6026	0.6316

0.836	0.8954	0.5921	0.7401

0.9103	1.0	0.8861	1.0

0.9057	1.0	0.8596	1.0

0.8707	1.0	0.6965	0.8187

0.8463	0.6492	0.6146	0.8351

0.6596	0.5731	0.4086	0.7944

0.7903	0.6491	0.5862	0.9582

0.782	0.4389	0.458	0.6787

0.7272	0.6981	0.4473	0.6358

0.8509	0.7787	0.6833	0.9804

0.8344	0.6276	0.5727	0.9073

0.851	1.0	0.8371	1.0

0.7245	0.4008	0.3892	0.4567

0.6847	0.4593	0.311	0.4123

0.712	0.4518	0.3708	0.7494

0.823	0.7568	0.6618	1.0

0.8114	0.9163	0.6438	0.8494

0.7111	0.6404	0.462	0.7247

0.8971	1.0	0.8322	1.0

0.8975	0.953	0.8223	1.0

0.8115	0.8535	0.6301	0.8367

0.7969	0.8352	0.5367	0.6284

0.7218	0.6078	0.4369	0.5021

0.7751	0.8548	0.5628	0.5628

0.4308	0.3015	0.2964	0.5864

0.7517	0.6287	0.5109	0.8577

0.899	1.0	0.8346	1.0

0.8716	0.911	0.7302	1.0

0.8887	0.9438	0.7894	1.0

0.8115	0.5973	0.5133	0.6724

0.6305	0.4059	0.357	0.7241

0.8538	0.8684	0.69	1.0

0.8608	1.0	0.767	1.0

0.7146	0.5754	0.5011	0.8347

0.8243	0.9877	0.7558	1.0

0.8445	0.908	0.6357	0.7405

0.6032	0.5112	0.3491	0.5365

0.7966	0.6775	0.5173	0.8003

0.7118	0.5191	0.333	0.2524

0.8405	0.8155	0.6622	1.0

0.7727	0.7073	0.6131	0.8774

0.8008	0.7294	0.5972	0.7926

0.8948	1.0	0.8227	1.0

0.8322	0.9831	0.7341	1.0

0.8821	1.0	0.8531	1.0

0.8406	0.9267	0.5918	0.8311

0.7491	0.4511	0.4391	0.7283

0.8305	1.0	0.7549	0.9476

0.791	0.7045	0.6256	0.9856

0.8187	0.6804	0.552	0.9112

0.8336	0.8962	0.6294	0.8504

0.8949	1.0	0.8051	1.0

0.5807	0.3069	0.2536	0.2783

0.8773	0.7897	0.739	0.9477

0.7739	0.7174	0.5938	0.8052

0.8318	0.9028	0.7094	0.7912

0.8097	0.8441	0.6541	0.7587

0.8335	0.8805	0.5956	0.8881

0.8382	0.9479	0.7404	0.985

0.8843	0.9602	0.7835	1.0

0.8994	1.0	0.8314	1.0

0.847	0.6737	0.6167	0.79

0.864	0.9626	0.6896	0.8833

0.8912	1.0	0.7913	1.0

0.7535	0.499	0.4397	0.6572

0.8782	1.0	0.7599	1.0

0.8635	1.0	0.7387	1.0

0.7346	0.5038	0.4657	0.9424

0.8115	0.6538	0.5709	0.8583

0.5296	0.3549	0.324	0.7635

0.8666	1.0	0.811	1.0

0.9058	1.0	0.86	1.0

0.7123	0.5731	0.4811	0.6196

0.7954	0.7272	0.4898	0.6379

0.6941	0.4949	0.3203	0.2969

0.6208	0.4017	0.3917	0.6762

0.8076	0.8321	0.6068	0.7361

0.8442	0.8387	0.6596	0.9281

0.84	0.6365	0.6108	0.6857

0.8584	0.7158	0.6814	0.8418

0.8025	0.6514	0.5714	0.9301

0.8208	0.9478	0.7328	0.9209

0.8361	0.9709	0.6924	0.892

0.8418	1.0	0.7912	1.0

0.6545	0.4957	0.3135	0.418

0.8729	0.9665	0.7302	1.0

0.8572	0.9049	0.6816	1.0

0.8452	0.8695	0.6453	0.8789

0.5171	0.3061	0.2057	0.3915

0.8957	1.0	0.8584	1.0

0.8002	0.7893	0.5758	0.7076

0.7221	0.6035	0.4067	0.4917

0.8653	0.9504	0.6707	0.7159

0.8673	0.9013	0.7396	0.9205

0.6818	0.6162	0.3319	0.3136

0.8006	0.7413	0.5141	0.5778

0.5486	0.2325	0.2381	0.2947

0.9063	1.0	0.8603	1.0

0.7742	0.5855	0.4943	1.0

0.7599	0.7102	0.5188	0.6911

0.8177	0.7473	0.5842	0.7676

0.8592	0.7552	0.6631	0.8141

0.8058	0.8354	0.6135	0.7399

0.745	0.6842	0.5001	0.8791

0.8449	0.9487	0.6317	0.7994

0.8943	1.0	0.8526	1.0

0.8878	1.0	0.7862	1.0

0.9083	1.0	0.8679	1.0

0.8039	0.7944	0.6167	0.9654

0.8913	1.0	0.8546	1.0
