0.3488	0.3583	0.3108	0.6912
0.2987	0.2568	0.2241	0.434
0.1881	0.1562	0.1477	0.2675
0.4487	0.4475	0.3971	0.7567
0.5016	0.502	0.462	0.7613
0.3297	0.2732	0.255	0.3656
0.3881	0.3794	0.3094	0.4842
0.5661	0.6026	0.5539	0.8946
0.3453	0.2891	0.2851	0.5399
0.2294	0.2009	0.1955	0.5054
0.5651	0.6491	0.5073	0.7157
0.4452	0.3626	0.3452	0.834
0.3261	0.3004	0.2577	0.4929
0.41	0.3191	0.3153	0.7757
0.4266	0.4093	0.3666	0.6666
0.4858	0.5489	0.4466	0.8741
0.5134	0.5734	0.4826	0.9005
0.3251	0.2611	0.244	0.5195
0.3523	0.3757	0.3102	0.5421
0.3514	0.3023	0.2691	0.3624
0.4404	0.4383	0.389	0.6046
0.2447	0.2266	0.1993	0.5396
0.5217	0.521	0.4433	0.6943
0.2971	0.2508	0.2138	0.2802
0.2854	0.2968	0.2428	0.5395
0.4064	0.3663	0.3223	0.4122
0.3865	0.2967	0.2915	0.3515
0.4662	0.4782	0.4069	0.832
0.2454	0.2148	0.2037	0.3775
0.5179	0.5114	0.4831	0.8464
0.422	0.4215	0.339	0.4565
0.4659	0.4441	0.3972	0.6686
0.4694	0.4972	0.4245	0.8973
0.1481	0.1138	0.1099	0.3147
0.437	0.4426	0.3781	0.6284
0.4311	0.344	0.3287	0.752
0.4555	0.5036	0.4118	0.8544
0.4912	0.397	0.3844	0.79
0.3853	0.3766	0.3181	0.4678
0.3864	0.2684	0.2699	0.4912
0.564	0.6521	0.5271	0.9588
0.3577	0.3587	0.2827	0.3554
0.2273	0.1883	0.1677	0.3526
0.2796	0.227	0.2071	0.4339
0.368	0.2771	0.2702	0.4863
0.5273	0.5619	0.4969	0.7491
0.4607	0.4468	0.3887	0.6149
0.3596	0.3787	0.3323	0.6992
0.4038	0.3072	0.3025	0.5075
0.3922	0.3403	0.3227	0.4957
0.3363	0.2339	0.231	0.3687
0.5224	0.5863	0.4586	0.6271
0.3778	0.296	0.2895	0.6136
0.3741	0.2691	0.2705	0.4393
0.4178	0.3378	0.3099	0.6585
0.3773	0.3451	0.3186	0.807
0.2082	0.1679	0.1392	0.2335
0.2923	0.2496	0.2132	0.3483
0.3916	0.3147	0.2848	0.5719
0.5321	0.5812	0.51	0.9856
0.3116	0.283	0.2478	0.4213
0.4437	0.3727	0.3407	0.8605
0.2997	0.2515	0.2362	0.4122
0.4222	0.4231	0.3741	0.6566
0.4191	0.333	0.3249	0.7247
0.347	0.3463	0.2712	0.4601
0.2183	0.1713	0.1668	0.376
0.4126	0.3377	0.3128	0.6501
0.5219	0.5492	0.4705	0.8341
0.4854	0.4502	0.4056	0.7323
0.4854	0.5258	0.4391	0.7577
0.5254	0.5065	0.4607	0.6314
0.3635	0.3326	0.3135	0.6293
0.5624	0.6061	0.5102	0.8039
0.2306	0.2298	0.1974	0.4553
0.4745	0.4776	0.4185	0.7044
0.4438	0.3778	0.3493	0.8924
0.5354	0.6251	0.5158	0.8778
0.2286	0.1805	0.1715	0.3725
0.4242	0.3151	0.3075	0.5498
0.2541	0.2619	0.2499	0.6623
0.5571	0.6052	0.5391	0.9591
0.3059	0.2687	0.2168	0.3172
0.4088	0.4145	0.3566	0.6114
0.1427	0.1101	0.1015	0.3463
0.2834	0.2917	0.2302	0.385
0.4984	0.4771	0.4142	0.6141
0.3732	0.3077	0.2929	0.4367
0.4494	0.4615	0.4008	0.765
0.3421	0.2972	0.2365	0.3095
0.4764	0.4819	0.3865	0.5312
0.437	0.4414	0.3669	0.4524
0.39	0.328	0.3198	0.805
0.622	0.7512	0.601	1.0
0.4556	0.3904	0.3605	0.5803
0.2123	0.1945	0.172	0.359
0.3561	0.3458	0.3308	0.5678
0.4876	0.4248	0.4041	0.4777
0.4038	0.3153	0.3001	0.6792
0.2191	0.2105	0.1754	0.3283
0.3855	0.3748	0.3144	0.4078
0.4216	0.4532	0.3883	0.7058
0.3833	0.3189	0.3129	0.7139
0.5904	0.6748	0.5477	0.8702
0.2974	0.2429	0.2151	0.4162
0.3935	0.3006	0.2913	0.6293
0.4228	0.3444	0.332	0.7937
0.4011	0.3364	0.317	0.4311
0.4155	0.4546	0.3418	0.4917
0.2096	0.1578	0.1438	0.2278
0.4076	0.3644	0.3148	0.6246
0.3745	0.3203	0.3046	0.6275
0.4361	0.3682	0.3414	0.7818
0.317	0.2174	0.2058	0.3273
0.5813	0.7145	0.5409	1.0
0.4912	0.5408	0.4197	0.6122
0.2604	0.2882	0.2244	0.5776
0.4563	0.5032	0.4112	0.692
0.3012	0.2658	0.219	0.2972
0.3916	0.3405	0.3151	0.517
0.4318	0.4062	0.3777	0.706
0.3413	0.2723	0.2561	0.4662
0.4396	0.3464	0.328	0.7613
0.404	0.3336	0.3101	0.4051
0.3988	0.3541	0.3254	0.7874
0.3601	0.2496	0.2294	0.3678
0.4006	0.3943	0.3528	0.6709
0.5934	0.7298	0.564	0.9468
0.3564	0.32	0.2718	0.4531
0.304	0.2939	0.2075	0.3393
0.3521	0.355	0.2814	0.4698
0.3064	0.2993	0.2377	0.5312
0.4008	0.3979	0.3228	0.4404
0.3108	0.2286	0.2103	0.3239
0.4077	0.3087	0.3044	0.6261
0.416	0.3954	0.3799	0.7052
0.3991	0.3956	0.3404	0.5342
0.3806	0.2579	0.2587	0.4242
0.4662	0.4566	0.3911	0.456
0.3844	0.2755	0.2627	0.4461
0.422	0.415	0.3732	0.7829
0.2991	0.2517	0.2206	0.4354
0.4918	0.4671	0.4414	0.874
0.2832	0.2585	0.239	0.4692
0.4281	0.3948	0.3585	0.5613
0.513	0.4987	0.4339	0.5053
0.3907	0.3598	0.3188	0.3912
0.3581	0.358	0.3178	0.5395
0.4051	0.3999	0.3582	0.7595
0.2607	0.1751	0.174	0.2642
0.4283	0.4018	0.3398	0.431
0.6428	0.8185	0.6408	1.0
0.1451	0.1121	0.111	0.3189
0.3987	0.3616	0.3059	0.5676
0.4869	0.4512	0.4051	0.5948
0.3349	0.3305	0.3082	0.6819
0.3624	0.279	0.2671	0.4262
0.5599	0.6005	0.5458	0.9147
0.4152	0.417	0.39	0.7406
0.4031	0.3225	0.3087	0.6977
0.1925	0.1822	0.1522	0.3391
0.4623	0.4745	0.415	0.737
0.4349	0.3499	0.3328	0.7231
0.3378	0.2698	0.2262	0.361
0.4726	0.5029	0.4291	0.889
0.3175	0.2742	0.2506	0.4482
0.2178	0.1958	0.1849	0.3925
0.5025	0.5501	0.4579	0.846
0.3423	0.3314	0.295	0.5894
0.4422	0.3131	0.2957	0.6232
0.4056	0.312	0.2985	0.6731
0.6068	0.6914	0.5825	1.0
0.3816	0.2859	0.2773	0.4974
0.4259	0.3748	0.3349	0.7686
0.5322	0.615	0.5136	0.9102
0.4607	0.4588	0.3823	0.6357
0.3091	0.2775	0.2353	0.4948
0.2045	0.1759	0.1659	0.3007
0.4515	0.4628	0.3688	0.4538
0.3921	0.3344	0.3209	0.7282
0.4095	0.3475	0.3215	0.7488
0.4098	0.3304	0.323	0.7338
0.4433	0.4721	0.4073	0.9194
0.4141	0.3935	0.3529	0.6409
0.396	0.3532	0.3114	0.6667
0.3749	0.3419	0.3169	0.696
0.6139	0.7531	0.5874	1.0
0.3995	0.3178	0.2913	0.5352
0.4155	0.393	0.3607	0.5766
0.3826	0.3648	0.3267	0.7231
0.4175	0.4042	0.3599	0.5956
0.45	0.4846	0.4027	0.7367
0.2455	0.1968	0.1797	0.2954
0.2685	0.2715	0.2216	0.5283
0.3881	0.3855	0.3456	0.7997
0.4376	0.3462	0.3431	0.7527
0.4034	0.3081	0.286	0.5152
0.3577	0.3666	0.2922	0.4765
0.4004	0.3316	0.321	0.7144
0.4191	0.4343	0.3755	0.7476
0.5036	0.546	0.4502	0.687
0.4588	0.4476	0.3949	0.7261
0.4905	0.5063	0.4502	0.9028
0.5565	0.6251	0.5043	0.743
0.4424	0.3798	0.356	0.6579
0.57	0.5983	0.5538	0.9767
0.6308	0.7556	0.621	1.0
0.2156	0.1881	0.1694	0.3551
0.5262	0.5939	0.4588	0.7755
0.4469	0.4088	0.3863	0.7618
0.2367	0.1728	0.1608	0.192
0.3325	0.3139	0.2596	0.4156
0.4842	0.5015	0.4356	0.6588
0.4907	0.4742	0.4411	0.923
0.5193	0.4771	0.4421	0.5095
0.2977	0.2361	0.2216	0.4749
0.4353	0.3816	0.3383	0.4005
0.4832	0.5052	0.442	0.8298
0.3185	0.3407	0.2834	0.4986
0.3676	0.337	0.2859	0.3928
0.5151	0.5543	0.4643	0.9059
0.4808	0.4781	0.4346	0.5941
0.3805	0.2761	0.2718	0.4767
0.3646	0.3192	0.302	0.5754
0.4431	0.3573	0.33	0.7622
0.4412	0.4428	0.3836	0.7812
0.3963	0.319	0.3018	0.646
0.3839	0.3231	0.3173	0.7406
0.4646	0.4943	0.4191	0.6744
0.369	0.3594	0.3258	0.7833
0.3681	0.3519	0.3099	0.4967
0.3975	0.334	0.3062	0.6496
0.3649	0.2827	0.2687	0.4728
0.442	0.334	0.3108	0.686
0.2868	0.2356	0.229	0.4041
0.4228	0.3696	0.3247	0.6002
0.581	0.683	0.5472	0.9126
0.3977	0.3609	0.3096	0.6264
0.3588	0.3257	0.2806	0.5445
0.2436	0.1906	0.1562	0.3005
0.3969	0.4096	0.326	0.5065
0.4836	0.4903	0.4349	0.8091
0.3804	0.2652	0.2619	0.4624
0.4198	0.375	0.3433	0.5792
0.2984	0.2932	0.242	0.4156
0.4294	0.3802	0.3566	0.7086
0.4277	0.4245	0.3715	0.7541
0.4676	0.5317	0.4227	0.6964
0.4398	0.4269	0.3789	0.7479
0.2785	0.1872	0.1854	0.2894
0.487	0.5836	0.4455	0.774
0.5224	0.5887	0.4953	0.7795
0.5054	0.5145	0.4691	0.695
0.4134	0.4076	0.3371	0.5358
0.4273	0.3584	0.3478	0.6915
0.4665	0.4787	0.415	0.5829
0.3006	0.1977	0.2016	0.2623
0.5117	0.5385	0.4782	0.9541
0.4314	0.3767	0.3391	0.7516
0.5388	0.6324	0.5226	1.0
0.1925	0.1585	0.1414	0.2581
0.5753	0.6478	0.5702	1.0
0.5567	0.6348	0.5109	0.9055
0.4187	0.3584	0.3148	0.4973
0.275	0.1986	0.1921	0.4207
0.3539	0.2768	0.2665	0.5869
0.3883	0.334	0.2855	0.5117
0.3503	0.2955	0.2442	0.4275
0.3155	0.3458	0.3135	0.7426
0.1467	0.1441	0.1209	0.2755
0.3802	0.3281	0.3184	0.7431
0.4043	0.3413	0.3175	0.7478
0.4309	0.4555	0.388	0.831
0.3731	0.2897	0.2759	0.4414
0.3418	0.2389	0.2241	0.3749
0.5288	0.5669	0.4967	0.7879
0.4002	0.3362	0.3172	0.4536
0.1379	0.1082	0.1068	0.2918
0.3714	0.3116	0.29	0.4159
0.5008	0.516	0.4607	0.7806
0.4192	0.402	0.3532	0.6055
0.6037	0.7491	0.576	1.0
0.3236	0.3492	0.305	0.6495
0.3365	0.324	0.2914	0.5762
0.4212	0.3896	0.3454	0.5557
0.2056	0.1559	0.144	0.1877
0.525	0.5723	0.4846	0.8237
0.4157	0.3273	0.3065	0.578
0.4166	0.3126	0.3012	0.6362
0.4312	0.4267	0.3583	0.4574
0.3999	0.3738	0.2986	0.3634
0.511	0.5469	0.4785	0.763
0.5424	0.6481	0.4817	0.8309
0.4298	0.3494	0.3273	0.7586
0.5271	0.5672	0.474	0.8608
0.2035	0.1473	0.1343	0.1766
0.3248	0.2803	0.2538	0.3587
0.3718	0.3012	0.2714	0.3776
0.4169	0.3233	0.3114	0.6366
0.2514	0.2381	0.2086	0.3675
0.189	0.1692	0.1424	0.2285
0.24	0.1901	0.1817	0.3073
0.3776	0.3582	0.3004	0.4621
0.5282	0.5764	0.4688	0.7484
0.5466	0.622	0.508	0.8223
0.2312	0.1685	0.1637	0.3425
0.3009	0.2666	0.2317	0.3825
0.5867	0.6585	0.5416	0.8035
0.2206	0.2017	0.178	0.5364
0.3468	0.2455	0.2438	0.4657
0.4377	0.4319	0.3855	0.6353
0.1382	0.0886	0.0848	0.3116
0.4227	0.4113	0.3457	0.5609
0.3315	0.2222	0.2181	0.3681
0.3224	0.235	0.1987	0.3194
0.3599	0.3067	0.2946	0.5872
0.2116	0.1689	0.1438	0.318
0.3555	0.3065	0.293	0.5772
0.4886	0.4741	0.4361	0.7318
0.4471	0.3599	0.3429	0.8145
0.4376	0.439	0.3775	0.6334
0.3012	0.2231	0.2114	0.3583
0.4474	0.4048	0.3568	0.7387
0.3985	0.3186	0.3063	0.6164
0.4618	0.4893	0.4155	0.8708
0.2417	0.1874	0.1745	0.4824
0.3963	0.3521	0.3165	0.6177
0.2646	0.2369	0.2295	0.5122
0.31	0.2397	0.214	0.2798
0.406	0.3713	0.3353	0.7591
0.4463	0.4185	0.3861	0.5513
0.4477	0.4306	0.3951	0.6936
0.4271	0.4071	0.3449	0.6723
0.4181	0.4116	0.3673	0.7792
0.3782	0.332	0.3094	0.6409
0.2514	0.2378	0.2117	0.4142
0.4275	0.3457	0.3313	0.7295
0.3052	0.2738	0.2422	0.5261
0.419	0.4209	0.3594	0.5936
0.4001	0.4007	0.3289	0.5599
0.2672	0.2425	0.2287	0.459
0.4139	0.3345	0.3101	0.6968
0.5268	0.5743	0.4785	0.7452
0.449	0.4465	0.379	0.6211
0.4011	0.3143	0.3035	0.6669
0.4252	0.3511	0.3394	0.672
0.2906	0.2238	0.1978	0.2189
0.3526	0.2822	0.282	0.5824
0.431	0.4832	0.3891	0.7442
0.2364	0.2112	0.2034	0.5094
0.3275	0.2308	0.2228	0.3576
0.4556	0.5038	0.4065	0.7868
0.404	0.3521	0.3363	0.5464
0.363	0.3242	0.3054	0.6137
0.4039	0.2939	0.2875	0.5515
0.3898	0.3192	0.3109	0.6623
0.459	0.4294	0.3887	0.659
0.3521	0.3294	0.2989	0.5859
0.3974	0.3345	0.3088	0.6014
0.3973	0.3823	0.3386	0.5254
0.5713	0.7006	0.517	0.8251
0.4356	0.4062	0.3585	0.6372
0.4444	0.3892	0.3759	0.7431
0.365	0.3123	0.3004	0.6013
0.2854	0.2292	0.2102	0.4317
0.3843	0.2852	0.2781	0.5083
0.3351	0.2721	0.2645	0.4899
0.4398	0.4543	0.3878	0.7591
0.3995	0.3543	0.3299	0.7982
0.4637	0.4567	0.4071	0.8097
0.502	0.5467	0.4417	0.6337
0.5784	0.6094	0.5299	0.8027
0.4324	0.304	0.2894	0.5751
0.534	0.5471	0.5059	0.8145
0.3916	0.3752	0.337	0.7388
0.4265	0.4453	0.3759	0.6948
0.3821	0.3075	0.2948	0.6382
0.4231	0.3987	0.3681	0.6002
0.445	0.4085	0.3835	0.7745
0.3804	0.3587	0.3317	0.7038
0.3078	0.2253	0.1976	0.3472
0.4401	0.4748	0.4	0.7525
0.5863	0.7491	0.5575	0.8942
0.4435	0.348	0.339	0.7504
0.5103	0.5883	0.4644	0.8874
0.3123	0.254	0.2334	0.4704
0.5174	0.5467	0.4829	0.7305
0.5099	0.547	0.4492	0.7698
0.3747	0.3296	0.3168	0.7298
0.4474	0.409	0.3619	0.6581
0.4247	0.3524	0.3407	0.7516
0.4292	0.3623	0.3252	0.6434
0.6082	0.7222	0.5768	0.9661
0.3627	0.3374	0.2906	0.4618
0.1819	0.142	0.1438	0.3605
0.5445	0.6139	0.5243	0.8602
0.4702	0.4702	0.4204	0.7409
0.3732	0.2882	0.2739	0.4517
0.6405	0.8055	0.6386	1.0
0.4059	0.3258	0.3031	0.6426
0.3522	0.3363	0.2709	0.3416
0.3116	0.2709	0.2401	0.3038
0.2859	0.1976	0.1816	0.296
0.4793	0.4866	0.4208	0.6839
0.1254	0.0716	0.0713	0.1561
0.3255	0.3049	0.2441	0.45
0.4532	0.3538	0.3237	0.6571
0.5157	0.5365	0.4703	0.8175
0.4244	0.346	0.3312	0.7298
0.5262	0.5883	0.5023	1.0
0.4675	0.4886	0.4121	0.6107
0.4815	0.482	0.4316	0.7141
0.3977	0.3544	0.3014	0.4496
0.3961	0.2892	0.2852	0.5202
0.3618	0.2917	0.2794	0.6492
0.361	0.3183	0.2801	0.4768
0.4316	0.3404	0.3367	0.6257
0.48	0.4685	0.4145	0.7611
0.5463	0.6366	0.504	0.7533
0.4322	0.3828	0.3372	0.7623
0.5358	0.5266	0.4897	0.9084
0.4879	0.4916	0.437	0.8594
0.4605	0.4722	0.4098	0.689
0.627	0.8248	0.6123	1.0
0.3839	0.2974	0.2737	0.5689
0.2246	0.1892	0.1685	0.3374
0.3871	0.3394	0.287	0.5197
0.384	0.3872	0.3571	0.6393
0.4533	0.3713	0.3435	0.6463
0.468	0.5205	0.42	0.7389
0.4039	0.3397	0.3099	0.6567
0.4731	0.4328	0.3963	0.8462
0.4625	0.4634	0.4053	0.7533
0.4777	0.4934	0.4323	0.8192
0.4092	0.4053	0.3326	0.4798
0.2816	0.2481	0.2345	0.5133
0.3929	0.3451	0.3173	0.7318
0.3975	0.3176	0.311	0.6635
0.4416	0.4096	0.381	0.7984
0.3166	0.344	0.315	0.7845
0.5962	0.7802	0.5669	0.9481
0.4969	0.4889	0.4368	0.7087
0.5237	0.5729	0.4894	0.7734
0.4378	0.3111	0.3049	0.5923
0.5477	0.5762	0.5144	0.8395
0.3982	0.3003	0.2949	0.4978
0.3425	0.3363	0.2732	0.4291
0.3822	0.3577	0.3001	0.5873
0.3263	0.2734	0.2498	0.4378
0.4429	0.4798	0.4036	0.8159
0.475	0.4233	0.3964	0.5603
0.5932	0.6611	0.5607	0.9989
0.4906	0.5153	0.4495	0.7271
0.4675	0.4488	0.3918	0.8146
0.3905	0.4074	0.32	0.5164
0.3552	0.3222	0.311	0.7386
0.187	0.1818	0.1559	0.3696
0.3968	0.3102	0.2947	0.6305
0.4756	0.4872	0.4276	0.7173
0.515	0.6048	0.4727	0.8596
0.4359	0.4162	0.3764	0.7453
0.4372	0.3765	0.3539	0.6641
0.3243	0.2299	0.2292	0.3853
0.5533	0.5801	0.4913	0.8086
0.224	0.1642	0.1602	0.3331
0.4144	0.3988	0.388	0.7336
0.6097	0.7752	0.5829	0.9505
0.3976	0.3203	0.3009	0.4874
0.4846	0.4601	0.4399	0.6791
0.3496	0.3298	0.282	0.5158
0.3156	0.2325	0.2135	0.3189
0.4006	0.3848	0.3028	0.3497
0.3965	0.3677	0.3643	0.7636
0.2715	0.1953	0.1899	0.3183
0.3631	0.3483	0.3097	0.6084
0.5354	0.6198	0.4947	1.0
0.3888	0.4202	0.3467	0.5945
0.5722	0.6388	0.5651	0.9393
0.4483	0.4534	0.3885	0.7974
0.4492	0.4331	0.3825	0.765
0.4282	0.431	0.373	0.5904
0.1936	0.1707	0.1459	0.3399
0.4086	0.3263	0.3066	0.5833
0.4597	0.4881	0.412	0.7777
0.5313	0.5913	0.5102	1.0
0.2698	0.2545	0.2088	0.396
0.3299	0.2991	0.2772	0.5428
0.4844	0.4998	0.4314	0.783
0.3595	0.2401	0.2263	0.3627
0.3446	0.3081	0.2669	0.3761
0.4862	0.4683	0.4415	0.6177
0.5567	0.6624	0.5081	0.7034
0.2812	0.2633	0.2215	0.4016
0.4266	0.4449	0.3735	0.6883
0.6281	0.7509	0.6129	1.0
0.6198	0.7034	0.597	0.9397
0.2135	0.1773	0.1432	0.193
0.6213	0.7292	0.6014	1.0
0.3835	0.3604	0.3229	0.4756
0.4391	0.4047	0.3724	0.6852

0.5016	0.5369	0.4633	0.9651

0.5436	0.5596	0.4859	0.7537

0.2938	0.2661	0.2309	0.5368

0.5559	0.6073	0.5425	0.9945

0.3547	0.2707	0.2572	0.4605

0.095	0.0787	0.0712	0.1152

0.5095	0.5246	0.4339	0.6273

0.4924	0.5055	0.4516	0.8019

0.5297	0.5778	0.506	0.8512

0.4477	0.3273	0.3176	0.5641

0.4896	0.4621	0.4329	0.6533

0.3924	0.3066	0.2944	0.5694

0.4685	0.4566	0.4144	0.7296

0.5605	0.5528	0.5207	0.9828

0.5424	0.6263	0.5196	0.8362

0.4549	0.4978	0.3999	0.5628

0.5307	0.573	0.496	0.7493

0.4806	0.5096	0.4402	0.8387

0.5484	0.521	0.5007	0.768

0.4696	0.5057	0.431	0.7399

0.4203	0.3948	0.3403	0.5376

0.4249	0.3384	0.3214	0.7165

0.517	0.5709	0.3984	0.5676

0.4535	0.4443	0.3985	0.5231

0.3957	0.3837	0.3306	0.4427

0.4162	0.3855	0.3502	0.7693

0.2508	0.1901	0.1744	0.2729

0.5928	0.7023	0.559	0.9731

0.5545	0.6563	0.5102	0.7678

0.1408	0.1241	0.1073	0.1646

0.4333	0.3729	0.3356	0.7165

0.4714	0.3464	0.3314	0.7342

0.5688	0.6192	0.5145	0.7129

0.3847	0.3404	0.3146	0.72

0.4177	0.4304	0.4042	0.7928

0.506	0.5551	0.4395	0.7551

0.4266	0.3634	0.3516	0.5814

0.4081	0.3655	0.3467	0.5784

0.2574	0.2143	0.1997	0.2775

0.4399	0.4218	0.3863	0.7222

0.4283	0.3362	0.3152	0.7631

0.4964	0.5103	0.4518	0.773

0.3456	0.3372	0.2942	0.446

0.4744	0.5088	0.4022	0.6096

0.461	0.4128	0.3821	0.6818

0.4102	0.3503	0.3168	0.6425

0.3834	0.3009	0.2806	0.5001

0.3631	0.2723	0.2469	0.409

0.4256	0.4423	0.4024	0.8975

0.449	0.4546	0.4079	0.6662

0.6194	0.7763	0.6024	1.0

0.2531	0.1929	0.1881	0.2947

0.4367	0.4225	0.3584	0.4773

0.4325	0.4286	0.359	0.5255

0.5903	0.6745	0.5555	0.9806

0.4225	0.3337	0.3097	0.705

0.4329	0.448	0.403	0.9079

0.4546	0.4002	0.3751	0.6773

0.3227	0.2268	0.2184	0.3262

0.3972	0.3622	0.3253	0.5137

0.3372	0.3322	0.3131	0.6683

0.629	0.762	0.6144	1.0

0.4561	0.4842	0.3807	0.5222

0.3316	0.2506	0.2385	0.4458

0.2297	0.1758	0.1634	0.2935

0.4886	0.4435	0.4312	0.7383

0.6101	0.7231	0.5837	0.9418

0.5582	0.6358	0.5034	0.8695

0.4149	0.3521	0.3368	0.6198

0.3485	0.3052	0.2883	0.5973

0.3998	0.3298	0.32	0.7548

0.3526	0.2807	0.2678	0.4835

0.3298	0.3024	0.2621	0.4491

0.434	0.3933	0.348	0.5552

0.6107	0.6572	0.5834	0.8573

0.4144	0.4071	0.3504	0.4961

0.4471	0.5064	0.3918	0.647

0.6032	0.7208	0.5675	0.9775

0.3994	0.3236	0.3124	0.6959

0.4511	0.3359	0.3159	0.7444

0.4344	0.4716	0.3967	0.7988

0.3727	0.3165	0.2928	0.6174

0.3296	0.3516	0.2938	0.4543

0.33	0.3175	0.2671	0.5687

0.3992	0.3962	0.3333	0.5535

0.5674	0.6297	0.5571	0.9747

0.2321	0.1618	0.1557	0.2434

0.4559	0.468	0.4068	0.6836

0.3169	0.3367	0.2769	0.4204

0.4509	0.4641	0.3927	0.7254

0.4154	0.3332	0.3235	0.7385

0.5992	0.7059	0.5649	0.8596

0.3484	0.2895	0.2818	0.5376

0.5449	0.6187	0.5208	1.0

0.342	0.3484	0.3271	0.7889

0.1518	0.1546	0.1313	0.321

0.4774	0.3571	0.349	0.7688

0.4042	0.2935	0.2918	0.6397

0.503	0.5757	0.4543	0.8628

0.4331	0.3552	0.3179	0.7015

0.4358	0.3656	0.3387	0.7662

0.5373	0.5509	0.4671	0.7331

0.4332	0.3513	0.3272	0.7656

0.524	0.5521	0.4548	0.6796

0.3786	0.3844	0.2997	0.5

0.4794	0.5077	0.4313	0.8294

0.3116	0.2431	0.2043	0.2237

0.5156	0.571	0.4839	0.9492

0.4194	0.4355	0.3759	0.837

0.4636	0.4747	0.4143	0.6669

0.4931	0.4731	0.4374	0.6851

0.4709	0.4685	0.4167	0.7849

0.4535	0.4787	0.404	0.8527

0.4634	0.4762	0.3811	0.47

0.3335	0.2797	0.2666	0.4802

0.4812	0.4795	0.3926	0.5731

0.4791	0.4731	0.3914	0.5324

0.484	0.5452	0.4358	0.7693

0.4288	0.4063	0.3435	0.5927

0.3541	0.3489	0.3112	0.6752

0.4411	0.3407	0.3294	0.6368

0.3767	0.3723	0.3005	0.44

0.5173	0.5806	0.4545	0.7206

0.6284	0.7329	0.6117	1.0

0.2808	0.2497	0.2132	0.2702

0.3207	0.2623	0.2338	0.4516

0.4465	0.3347	0.3131	0.6328

0.33	0.2644	0.2572	0.5536

0.4077	0.3481	0.325	0.7379

0.398	0.3739	0.3432	0.7185

0.2186	0.1671	0.1562	0.2706

0.4641	0.489	0.4121	0.6771

0.5124	0.5262	0.4794	0.9509

0.3609	0.3607	0.3207	0.7441

0.4795	0.5039	0.4293	0.6316

0.434	0.3591	0.3471	0.7016

0.6334	0.7279	0.6223	1.0

0.5166	0.4904	0.4578	0.7307

0.5143	0.5836	0.4677	0.8187

0.4005	0.3354	0.3047	0.4493

0.4513	0.3735	0.3501	0.7944

0.3432	0.3329	0.3027	0.6134

0.1663	0.136	0.1167	0.1947

0.381	0.2954	0.2838	0.6086

0.4178	0.3993	0.3313	0.4396

0.425	0.3198	0.3077	0.5418

0.3984	0.426	0.3767	0.8103

0.3425	0.2592	0.2521	0.4567

0.3604	0.2985	0.257	0.4123

0.3856	0.3235	0.3166	0.7494

0.3201	0.2919	0.2355	0.3788

0.3758	0.2765	0.2656	0.4785

0.4278	0.3551	0.3277	0.7247

0.5294	0.5207	0.4729	0.863

0.5723	0.5916	0.5171	0.6547

0.4054	0.4054	0.3418	0.8305

0.3105	0.2731	0.2457	0.5087

0.3663	0.3083	0.2904	0.5021

0.1615	0.135	0.1235	0.2464

0.371	0.2963	0.2965	0.5864

0.4394	0.3565	0.332	0.7847

0.5133	0.5642	0.4628	0.9736

0.3692	0.3788	0.349	0.7787

0.4286	0.4687	0.3749	0.7491

0.4155	0.3642	0.3358	0.6724

0.4163	0.3374	0.3237	0.7241

0.4477	0.4999	0.3957	0.72

0.3437	0.3431	0.3075	0.5065

0.3787	0.3281	0.2833	0.4697

0.3961	0.3693	0.3342	0.5417

0.378	0.4003	0.3562	0.7405

0.3815	0.3238	0.289	0.5365

0.4203	0.38	0.3316	0.7653

0.3171	0.27	0.2287	0.2524

0.3618	0.3185	0.3071	0.6554

0.4032	0.3682	0.3404	0.777

0.4127	0.404	0.363	0.7926

0.3337	0.3314	0.298	0.4644

0.4082	0.3945	0.3429	0.6311

0.4585	0.4331	0.4001	0.8184

0.498	0.4324	0.4122	0.8311

0.3867	0.3081	0.2909	0.5605

0.2918	0.2494	0.2216	0.2932

0.397	0.3639	0.3359	0.6749

0.4558	0.4384	0.3835	0.7731

0.4448	0.381	0.3636	0.7732

0.594	0.692	0.5547	0.9473

0.3161	0.1814	0.1773	0.2783

0.4557	0.3965	0.3604	0.3904

0.3843	0.3355	0.3234	0.8052

0.1948	0.1572	0.1354	0.1845

0.4379	0.4093	0.3751	0.7312

0.4246	0.3344	0.3214	0.7907

0.3485	0.3075	0.2785	0.427

0.5447	0.5887	0.4964	0.8775

0.5951	0.7279	0.5579	1.0

0.4275	0.3717	0.3414	0.5381

0.5214	0.5864	0.4781	0.8833

0.4335	0.4182	0.3918	0.7582

0.2946	0.2431	0.2384	0.4061

0.5072	0.5447	0.4431	0.7418

0.4456	0.4315	0.3691	0.5097

0.389	0.332	0.3166	0.76

0.4573	0.4363	0.3816	0.7927

0.076	0.0429	0.0396	0.0468

0.361	0.3265	0.2956	0.4085

0.5437	0.5886	0.5301	1.0

0.3887	0.3085	0.2919	0.6196

0.2744	0.2904	0.2412	0.55

0.3259	0.2714	0.226	0.2969

0.3736	0.3305	0.3056	0.6762

0.4067	0.3439	0.3272	0.7361

0.4701	0.5109	0.4211	0.8874

0.2178	0.2042	0.1747	0.3265

0.3471	0.2822	0.261	0.3185

0.3269	0.3202	0.3012	0.652

0.4405	0.405	0.3808	0.7881

0.4012	0.3792	0.3256	0.4743

0.325	0.2786	0.2482	0.3551

0.2339	0.2105	0.1948	0.418

0.4078	0.3443	0.3243	0.7685

0.4687	0.5236	0.4111	0.7021

0.383	0.3665	0.2952	0.4841

0.2498	0.2164	0.184	0.3915

0.5541	0.6133	0.5011	0.8898

0.4062	0.3274	0.3175	0.7076

0.3462	0.3283	0.2813	0.4917

0.5427	0.5752	0.4889	0.7159

0.5034	0.583	0.4677	0.8762

0.1435	0.1408	0.1225	0.3136

0.4494	0.4091	0.378	0.5778

0.2967	0.1974	0.195	0.2947

0.6201	0.7531	0.6002	1.0

0.3907	0.3482	0.3188	0.7779

0.3987	0.3222	0.3146	0.6911

0.453	0.436	0.384	0.7676

0.4405	0.4392	0.3664	0.699

0.4124	0.349	0.3268	0.7399

0.439	0.3538	0.3322	0.7916

0.4237	0.4665	0.3686	0.6444

0.4822	0.4995	0.4373	0.7294

0.2744	0.2283	0.2061	0.2946

0.4816	0.3997	0.3902	0.5084

0.4112	0.4057	0.3478	0.5683

0.5276	0.5856	0.4775	0.7107
