0.1285	0.1335	0.1234	0.3918
0.1442	0.1453	0.1324	0.434
0.1214	0.128	0.1129	0.2675
0.2411	0.262	0.2356	0.5478
0.1166	0.1205	0.1103	0.3147
0.1504	0.1482	0.1329	0.3656
0.1348	0.1438	0.1343	0.4842
0.1201	0.1093	0.1004	0.3033
0.1285	0.1214	0.1139	0.2581
0.19	0.2041	0.177	0.5054
0.1682	0.1477	0.1408	0.5001
0.2115	0.2503	0.2061	0.5356
0.2249	0.2554	0.2158	0.4929
0.285	0.3189	0.2816	0.6879
0.2475	0.2768	0.2349	0.5961
0.0915	0.097	0.0826	0.2233
0.1337	0.1327	0.1257	0.3803
0.2035	0.233	0.1934	0.5195
0.0991	0.074	0.0734	0.2528
0.2113	0.1792	0.1616	0.3624
0.1771	0.1999	0.1656	0.3646
0.1366	0.1438	0.1275	0.472
0.2271	0.2453	0.2081	0.4852
0.1548	0.1339	0.1297	0.2802
0.1366	0.1464	0.1346	0.5395
0.136	0.1414	0.1286	0.4122
0.1213	0.1259	0.1197	0.3515
0.118	0.1071	0.1024	0.2643
0.2071	0.2185	0.1937	0.3775
0.0895	0.1054	0.0865	0.2405
0.1374	0.1303	0.1239	0.4193
0.1339	0.1245	0.1153	0.3846
0.2314	0.2488	0.2276	0.5586
0.1183	0.0994	0.0965	0.3147
0.1387	0.1597	0.1364	0.5379
0.2431	0.2728	0.2343	0.5699
0.2542	0.2825	0.2385	0.5718
0.2855	0.3049	0.2728	0.7135
0.1458	0.1527	0.1309	0.4678
0.1968	0.2278	0.1824	0.4912
0.1307	0.1204	0.1127	0.2886
0.1319	0.111	0.1095	0.3554
0.1625	0.165	0.1406	0.3526
0.1505	0.1549	0.1391	0.4339
0.1821	0.1885	0.1739	0.4863
0.142	0.1502	0.1345	0.455
0.1032	0.1101	0.0955	0.2386
0.0735	0.0748	0.0642	0.1626
0.2608	0.2726	0.2419	0.5075
0.2317	0.2504	0.2231	0.4957
0.1651	0.1489	0.1437	0.3687
0.1199	0.1245	0.1178	0.3385
0.2341	0.2801	0.2315	0.6136
0.2011	0.2116	0.1889	0.4393
0.3028	0.3305	0.2926	0.6585
0.1081	0.0988	0.0941	0.2828
0.1085	0.0964	0.0925	0.2335
0.148	0.1502	0.1407	0.3483
0.1663	0.1642	0.1491	0.5528
0.125	0.1465	0.1237	0.411
0.1361	0.1349	0.1232	0.4213
0.1883	0.2128	0.1807	0.4127
0.2406	0.2449	0.217	0.4122
0.0687	0.078	0.0631	0.2365
0.1774	0.1546	0.1517	0.5339
0.155	0.1383	0.1292	0.4601
0.1585	0.1647	0.1447	0.376
0.2111	0.2373	0.2036	0.513
0.1038	0.0837	0.0793	0.2137
0.2307	0.2653	0.2183	0.4371
0.1377	0.1581	0.1349	0.4525
0.1012	0.1266	0.0979	0.2978
0.1676	0.1506	0.1425	0.3758
0.1111	0.117	0.0976	0.283
0.1149	0.1256	0.1069	0.4167
0.1355	0.1591	0.1323	0.4731
0.1872	0.1937	0.1718	0.4499
0.1164	0.1113	0.1032	0.2823
0.1285	0.1337	0.1243	0.3725
0.2026	0.1972	0.1821	0.5498
0.0827	0.075	0.068	0.1712
0.1579	0.1493	0.1351	0.3953
0.1909	0.1944	0.1687	0.3172
0.1778	0.1684	0.1564	0.432
0.1319	0.0891	0.0874	0.3463
0.1311	0.1017	0.0975	0.385
0.2286	0.254	0.208	0.5222
0.1728	0.1811	0.1591	0.4367
0.2352	0.2352	0.2148	0.5168
0.1383	0.1404	0.1202	0.3095
0.145	0.1618	0.1296	0.3309
0.139	0.1075	0.1034	0.3537
0.2723	0.308	0.261	0.7118
0.156	0.1647	0.141	0.5018
0.2389	0.2578	0.2221	0.5407
0.1613	0.1885	0.1507	0.359
0.169	0.1627	0.151	0.5635
0.1231	0.1192	0.1068	0.3643
0.2096	0.2262	0.1841	0.546
0.1319	0.1108	0.1068	0.3283
0.1321	0.104	0.1032	0.4078
0.0523	0.0494	0.0469	0.1482
0.3055	0.2973	0.2919	0.7139
0.1267	0.1306	0.1256	0.3767
0.2056	0.2067	0.1811	0.4162
0.2137	0.237	0.198	0.5083
0.2416	0.2649	0.2286	0.5183
0.182	0.1707	0.1566	0.4311
0.1978	0.2115	0.1736	0.4601
0.1188	0.1493	0.1087	0.2278
0.1083	0.1072	0.0931	0.2064
0.2624	0.291	0.2563	0.6275
0.1916	0.2068	0.1857	0.4869
0.201	0.2134	0.187	0.3273
0.1275	0.1073	0.1016	0.3086
0.0943	0.0998	0.0905	0.2378
0.124	0.1285	0.1221	0.3538
0.2187	0.236	0.2088	0.5266
0.1277	0.1212	0.1087	0.2972
0.1457	0.1582	0.1347	0.517
0.1572	0.1657	0.1406	0.3065
0.158	0.1506	0.1411	0.4662
0.3037	0.3317	0.2944	0.753
0.1932	0.1951	0.1789	0.4051
0.249	0.3001	0.2486	0.7874
0.2421	0.2302	0.2126	0.3678
0.1066	0.1074	0.1021	0.2739
0.1193	0.1191	0.1058	0.3822
0.1362	0.1296	0.1177	0.4322
0.1289	0.1236	0.1182	0.3393
0.1965	0.1534	0.1515	0.4698
0.1926	0.2031	0.1721	0.5312
0.1348	0.111	0.1061	0.3793
0.1867	0.2014	0.1721	0.3239
0.1884	0.1879	0.167	0.5308
0.0626	0.0639	0.0569	0.1162
0.2263	0.2496	0.2038	0.5132
0.1959	0.2087	0.1747	0.4242
0.1391	0.1298	0.1219	0.3691
0.2104	0.2212	0.1938	0.4461
0.155	0.164	0.1425	0.31
0.161	0.1523	0.1423	0.4354
0.2702	0.3041	0.2667	0.6925
0.1283	0.1063	0.0976	0.3705
0.2327	0.2638	0.2242	0.5613
0.1261	0.1443	0.125	0.5053
0.166	0.1444	0.1404	0.3912
0.1341	0.1546	0.1337	0.5395
0.1633	0.1734	0.1514	0.3567
0.1402	0.1303	0.1242	0.2642
0.137	0.1362	0.127	0.431
0.127	0.1095	0.1011	0.3345
0.1175	0.1123	0.1005	0.3189
0.1252	0.1325	0.1133	0.3567
0.233	0.2535	0.2247	0.5535
0.0963	0.0933	0.0843	0.2388
0.1779	0.1634	0.1515	0.4262
0.1281	0.0988	0.096	0.3784
0.0707	0.0616	0.0584	0.2467
0.2234	0.2742	0.2194	0.5662
0.1394	0.1443	0.1241	0.3391
0.2193	0.2677	0.2114	0.6223
0.1968	0.1675	0.1587	0.4439
0.1665	0.1713	0.1539	0.361
0.0859	0.0854	0.0794	0.2
0.1976	0.1795	0.1638	0.4482
0.1369	0.1307	0.1178	0.3925
0.0939	0.0898	0.0817	0.1952
0.1699	0.1946	0.1646	0.5242
0.3082	0.288	0.2857	0.6232
0.0667	0.0627	0.0591	0.1338
0.1581	0.1715	0.1422	0.5231
0.1325	0.1283	0.1151	0.3847
0.2644	0.3152	0.2603	0.6324
0.1213	0.1351	0.1172	0.3955
0.1279	0.1298	0.114	0.2419
0.147	0.1499	0.1343	0.4948
0.1192	0.0963	0.093	0.3007
0.1294	0.1213	0.1126	0.3901
0.2236	0.2729	0.2195	0.6103
0.2185	0.2673	0.2122	0.5492
0.2799	0.3319	0.2766	0.7247
0.1186	0.1009	0.095	0.3611
0.1479	0.1289	0.1256	0.3027
0.1879	0.2075	0.1819	0.5511
0.0969	0.097	0.0913	0.2187
0.1244	0.1142	0.1056	0.35
0.1696	0.1695	0.152	0.4497
0.236	0.2507	0.2263	0.5766
0.2227	0.2629	0.2157	0.6293
0.232	0.2654	0.2232	0.4703
0.1603	0.1767	0.1488	0.2549
0.1685	0.1721	0.1548	0.2954
0.1345	0.1407	0.1314	0.4239
0.2163	0.2567	0.2113	0.5273
0.2494	0.2871	0.2404	0.5281
0.2626	0.2506	0.2356	0.5152
0.1718	0.1612	0.1407	0.4765
0.2909	0.3293	0.2896	0.7144
0.1825	0.1738	0.1647	0.3283
0.0711	0.0534	0.0517	0.104
0.1287	0.1052	0.0975	0.3213
0.2143	0.2362	0.2085	0.4612
0.1094	0.0898	0.0872	0.2541
0.1812	0.1842	0.1649	0.4106
0.1287	0.1341	0.1215	0.3963
0.1056	0.0768	0.0729	0.2093
0.1542	0.1748	0.1426	0.3551
0.1848	0.1808	0.1654	0.3552
0.2266	0.244	0.2037	0.4266
0.0889	0.0811	0.0756	0.192
0.1356	0.137	0.13	0.4156
0.1319	0.133	0.1245	0.4278
0.1232	0.1109	0.1024	0.327
0.1266	0.1335	0.1232	0.4074
0.1891	0.2189	0.1778	0.4749
0.156	0.154	0.1334	0.4005
0.1872	0.2129	0.1747	0.3618
0.1209	0.1026	0.0968	0.3042
0.153	0.172	0.1391	0.3928
0.1129	0.0846	0.0805	0.2391
0.0974	0.0636	0.0621	0.1846
0.1855	0.1743	0.1625	0.4767
0.1952	0.1974	0.1827	0.5754
0.3128	0.329	0.3023	0.7622
0.253	0.2793	0.2374	0.5091
0.182	0.1895	0.1725	0.5996
0.2402	0.2804	0.2306	0.5481
0.1974	0.21	0.1891	0.4643
0.1153	0.1123	0.0945	0.2688
0.1534	0.1923	0.1425	0.3978
0.241	0.2632	0.2324	0.6496
0.1974	0.2085	0.1761	0.4728
0.2782	0.3196	0.2668	0.686
0.1867	0.2056	0.1743	0.4041
0.1841	0.2102	0.1744	0.4105
0.1107	0.104	0.0969	0.2816
0.1212	0.1197	0.1049	0.2588
0.1474	0.1521	0.1332	0.4726
0.1275	0.111	0.1057	0.3005
0.1688	0.1806	0.1575	0.4565
0.1707	0.1779	0.1572	0.3346
0.1894	0.1832	0.167	0.4624
0.1515	0.1549	0.1408	0.4118
0.1464	0.139	0.1297	0.4156
0.2547	0.3015	0.2519	0.6368
0.1498	0.1381	0.1265	0.3496
0.1334	0.1421	0.1241	0.3529
0.2691	0.2845	0.2521	0.5923
0.2029	0.1817	0.1754	0.2894
0.2255	0.2549	0.2163	0.5052
0.0707	0.0746	0.0633	0.2947
0.1022	0.1059	0.0915	0.2602
0.1252	0.1165	0.107	0.3196
0.0923	0.0793	0.0754	0.1743
0.0834	0.0724	0.0712	0.2536
0.1753	0.1793	0.1571	0.2623
0.1738	0.1647	0.1526	0.4036
0.1071	0.0826	0.0784	0.2421
0.1553	0.1406	0.1356	0.4607
0.1107	0.0976	0.094	0.2581
0.1357	0.1445	0.132	0.5034
0.1644	0.1725	0.1455	0.4172
0.1268	0.1159	0.1137	0.3299
0.1466	0.1551	0.1367	0.4207
0.1642	0.1638	0.1457	0.5474
0.0656	0.063	0.0572	0.1469
0.142	0.1339	0.1251	0.4275
0.1143	0.1147	0.1039	0.3884
0.1245	0.1387	0.1121	0.2755
0.2546	0.296	0.2422	0.6173
0.2417	0.2912	0.2391	0.7114
0.1235	0.0968	0.0937	0.3343
0.1251	0.117	0.1109	0.3732
0.2105	0.2001	0.189	0.3749
0.1404	0.1398	0.1265	0.3493
0.1789	0.1708	0.163	0.3984
0.1125	0.1088	0.0972	0.2918
0.1385	0.1368	0.1287	0.4159
0.2044	0.2223	0.1934	0.4599
0.1428	0.1365	0.1272	0.3442
0.142	0.1538	0.1335	0.4864
0.092	0.0937	0.0844	0.2177
0.1476	0.1554	0.1406	0.4246
0.2524	0.2838	0.2367	0.5557
0.0937	0.0819	0.0756	0.1877
0.0763	0.0726	0.065	0.1817
0.2829	0.2927	0.2638	0.578
0.2867	0.2983	0.2746	0.6362
0.1183	0.0884	0.0867	0.3901
0.1302	0.1238	0.1129	0.3634
0.1425	0.1463	0.1344	0.4822
0.1294	0.133	0.1273	0.386
0.2028	0.2139	0.194	0.5821
0.1394	0.096	0.0952	0.3486
0.0787	0.0797	0.0691	0.1766
0.1927	0.2176	0.1825	0.3587
0.1392	0.121	0.1145	0.3776
0.2784	0.3114	0.2694	0.5975
0.123	0.0865	0.0853	0.3675
0.1078	0.0787	0.0734	0.2285
0.117	0.0845	0.0803	0.3073
0.1376	0.1391	0.1295	0.4373
0.1303	0.1082	0.1024	0.3789
0.1644	0.187	0.1557	0.4929
0.1265	0.1403	0.1209	0.3425
0.1323	0.1281	0.1153	0.3825
0.1366	0.1431	0.1365	0.506
0.1333	0.1464	0.1326	0.5364
0.1767	0.1943	0.1594	0.4657
0.2363	0.2653	0.2279	0.4801
0.1278	0.0823	0.0814	0.3116
0.1927	0.1855	0.1741	0.5419
0.22	0.2207	0.2085	0.3681
0.2082	0.2164	0.1947	0.3194
0.284	0.2957	0.2683	0.5872
0.123	0.1021	0.0976	0.318
0.1659	0.1618	0.1528	0.4378
0.1892	0.1793	0.1671	0.3438
0.3055	0.3212	0.2931	0.8145
0.1714	0.1622	0.1496	0.5263
0.1548	0.1399	0.1329	0.3583
0.1585	0.1561	0.1362	0.2757
0.2298	0.2633	0.2211	0.5298
0.2695	0.299	0.266	0.6786
0.131	0.143	0.1212	0.4824
0.1645	0.1616	0.1434	0.5167
0.1567	0.1592	0.1463	0.5122
0.1896	0.1663	0.15	0.2798
0.2048	0.2208	0.1962	0.4118
0.1383	0.1269	0.1182	0.2771
0.1665	0.1395	0.1347	0.407
0.2704	0.3224	0.2673	0.6723
0.1513	0.1436	0.1347	0.3088
0.1725	0.1775	0.1642	0.5673
0.1345	0.1297	0.1216	0.4142
0.1902	0.1881	0.1724	0.5307
0.1841	0.2028	0.1648	0.4898
0.1391	0.1574	0.137	0.5392
0.1696	0.1652	0.1489	0.5499
0.1299	0.1162	0.1055	0.407
0.2779	0.3321	0.265	0.6968
0.1582	0.1894	0.152	0.4813
0.1175	0.126	0.1158	0.3258
0.2997	0.3134	0.2903	0.6669
0.2651	0.2801	0.2467	0.5847
0.1038	0.0811	0.0738	0.2189
0.1355	0.1281	0.1186	0.3145
0.1246	0.1484	0.1234	0.4039
0.1558	0.1516	0.1428	0.5094
0.1848	0.1972	0.1662	0.3576
0.0605	0.049	0.0479	0.1087
0.1163	0.1008	0.0984	0.2686
0.1856	0.1963	0.1796	0.6057
0.1921	0.191	0.169	0.5515
0.2905	0.3211	0.2865	0.6623
0.2001	0.2061	0.1853	0.5231
0.2309	0.2788	0.2279	0.5859
0.1811	0.1707	0.1604	0.5523
0.2466	0.2608	0.2357	0.5254
0.1306	0.1373	0.1161	0.3785
0.1297	0.1351	0.1234	0.4328
0.2289	0.2353	0.204	0.4333
0.1142	0.1207	0.1064	0.3615
0.1705	0.185	0.1551	0.4317
0.1142	0.0916	0.0881	0.2797
0.2755	0.2708	0.2531	0.4899
0.2675	0.309	0.2636	0.6142
0.1655	0.1979	0.1573	0.3595
0.1694	0.1552	0.1401	0.3631
0.1054	0.1074	0.0991	0.2696
0.1346	0.1488	0.1343	0.4938
0.2498	0.2954	0.2416	0.5751
0.1563	0.165	0.1453	0.3742
0.2105	0.2548	0.2049	0.5312
0.2093	0.2291	0.2003	0.3948
0.1551	0.158	0.1386	0.5041
0.1645	0.1447	0.1406	0.3918
0.1418	0.1105	0.1057	0.2597
0.2753	0.3275	0.2725	0.7038
0.192	0.1934	0.1735	0.3472
0.2184	0.206	0.1951	0.5222
0.0988	0.094	0.0846	0.2424
0.2212	0.266	0.2168	0.5983
0.1388	0.1421	0.1377	0.4494
0.2084	0.2344	0.1961	0.4704
0.1915	0.2222	0.1797	0.4109
0.1742	0.1645	0.153	0.5535
0.2947	0.325	0.2839	0.7298
0.1039	0.0999	0.0894	0.2939
0.2651	0.3064	0.2621	0.6695
0.1791	0.1478	0.1461	0.3823
0.1246	0.0993	0.0937	0.3102
0.1449	0.1348	0.1269	0.4069
0.1213	0.1122	0.1079	0.3605
0.1117	0.0916	0.089	0.3586
0.2023	0.172	0.1596	0.5171
0.1231	0.1058	0.0986	0.3583
0.1312	0.1168	0.1068	0.4099
0.0922	0.1055	0.0846	0.24
0.1266	0.1143	0.1095	0.3416
0.1824	0.1345	0.1241	0.3038
0.1803	0.184	0.157	0.296
0.1963	0.2134	0.187	0.5832
0.0774	0.0719	0.0682	0.1561
0.1469	0.1705	0.138	0.4323
0.2827	0.3014	0.2672	0.6571
0.1247	0.1341	0.1217	0.3557
0.1429	0.1478	0.1281	0.4156
0.1229	0.1526	0.118	0.4008
0.1322	0.1386	0.1294	0.4309
0.1894	0.2047	0.1791	0.405
0.1216	0.0782	0.0779	0.3308
0.1953	0.1725	0.1615	0.5202
0.1569	0.1671	0.1367	0.4784
0.2295	0.265	0.2222	0.4768
0.234	0.2446	0.2219	0.4315
0.1221	0.1355	0.1102	0.2215
0.1214	0.1175	0.1043	0.2194
0.1526	0.1556	0.1436	0.3089
0.1282	0.1359	0.1273	0.4102
0.1277	0.1335	0.1266	0.3803
0.2203	0.2363	0.2126	0.6015
0.1324	0.1295	0.1175	0.4171
0.133	0.1564	0.1325	0.5451
0.1469	0.1508	0.1312	0.3374
0.0711	0.0716	0.0654	0.1638
0.1217	0.1211	0.1097	0.35
0.2525	0.2736	0.2412	0.5821
0.2272	0.2416	0.2103	0.5058
0.2385	0.2836	0.2364	0.6567
0.117	0.1017	0.0958	0.1922
0.1959	0.206	0.1875	0.4318
0.1993	0.2045	0.1912	0.4608
0.1293	0.1033	0.099	0.3303
0.2231	0.2406	0.2122	0.5133
0.0885	0.1014	0.08	0.1545
0.2881	0.2917	0.2741	0.6635
0.2491	0.2876	0.2414	0.5463
0.1074	0.111	0.0997	0.319
0.1203	0.131	0.1129	0.3433
0.1869	0.1958	0.1745	0.2996
0.1799	0.1485	0.1441	0.4441
0.2557	0.2826	0.2415	0.5923
0.1252	0.1109	0.1061	0.322
0.2192	0.2276	0.2077	0.471
0.2014	0.1635	0.1587	0.4291
0.1161	0.1176	0.1115	0.3007
0.1716	0.1707	0.1565	0.4378
0.2203	0.2253	0.2062	0.5025
0.132	0.1416	0.1314	0.4455
0.1286	0.1314	0.1195	0.413
0.2238	0.2337	0.205	0.5765
0.195	0.2158	0.1834	0.4801
0.1594	0.1393	0.1312	0.4405
0.0937	0.0731	0.0716	0.241
0.1561	0.1704	0.144	0.3696
0.1231	0.1243	0.1135	0.3821
0.1171	0.098	0.0926	0.2812
0.1108	0.0764	0.0755	0.1577
0.136	0.1375	0.1254	0.3817
0.1668	0.1513	0.1446	0.4471
0.2012	0.2228	0.1896	0.3853
0.2227	0.2359	0.2081	0.567
0.1204	0.1207	0.112	0.3331
0.0671	0.0513	0.0497	0.1244
0.1249	0.1143	0.1058	0.4031
0.1214	0.119	0.1132	0.3541
0.1058	0.1021	0.0981	0.2614
0.1679	0.1898	0.1606	0.5109
0.1318	0.1232	0.1188	0.3189
0.1395	0.1033	0.0996	0.3497
0.1739	0.2041	0.1602	0.3861
0.118	0.1191	0.1102	0.3183
0.2311	0.2789	0.2281	0.6084
0.1702	0.1599	0.1549	0.5326
0.136	0.1535	0.1359	0.4743
0.1136	0.113	0.102	0.2573
0.1324	0.128	0.1211	0.3146
0.1203	0.1187	0.1121	0.3294
0.2	0.2157	0.1919	0.5904
0.1205	0.1303	0.1172	0.3399
0.123	0.132	0.1146	0.3454
0.246	0.2739	0.2389	0.5655
0.1478	0.1467	0.1299	0.4304
0.1583	0.1645	0.1408	0.396
0.2616	0.2808	0.2462	0.5428
0.1169	0.1147	0.112	0.3094
0.2507	0.2247	0.2127	0.3627
0.1686	0.1798	0.1564	0.3761
0.1004	0.105	0.0975	0.2516
0.1162	0.0989	0.0958	0.2669
0.1639	0.1594	0.1412	0.4016
0.1732	0.1363	0.1343	0.3939
0.1297	0.1527	0.1289	0.4772
0.1306	0.1178	0.1113	0.373
0.0846	0.0837	0.0794	0.193
0.1337	0.1273	0.115	0.4216
0.1573	0.1424	0.1399	0.4756
0.2381	0.2364	0.2152	0.5064

0.2084	0.2132	0.2007	0.515

0.2202	0.2498	0.2105	0.5018

0.212	0.237	0.193	0.5368

0.1077	0.0928	0.0899	0.2401

0.1738	0.1581	0.1496	0.4605

0.0684	0.0419	0.0406	0.1152

0.1955	0.1637	0.158	0.4994

0.1878	0.1863	0.1718	0.5268

0.1293	0.1411	0.1254	0.4398

0.2588	0.2888	0.242	0.5641

0.1686	0.1442	0.1373	0.3154

0.2571	0.2535	0.2327	0.5694

0.2512	0.2575	0.2344	0.5549

0.1236	0.1232	0.1122	0.4029

0.1219	0.1095	0.1032	0.2412

0.0907	0.0842	0.0791	0.2746

0.105	0.1016	0.0932	0.2377

0.2481	0.2706	0.2412	0.5357

0.1247	0.1436	0.1228	0.4677

0.2463	0.2698	0.2392	0.597

0.1327	0.141	0.1315	0.4424

0.2018	0.2119	0.1933	0.6155

0.1687	0.1576	0.1445	0.5109

0.1232	0.1236	0.1139	0.3574

0.1305	0.1532	0.1298	0.4427

0.2667	0.3068	0.2626	0.7693

0.1535	0.158	0.1373	0.2729

0.0878	0.073	0.0703	0.1679

0.0852	0.0677	0.067	0.2183

0.0851	0.0735	0.0692	0.1646

0.1826	0.1725	0.159	0.4195

0.2719	0.295	0.2589	0.6016

0.1417	0.1537	0.1365	0.5325

0.247	0.2967	0.2463	0.72

0.0771	0.0741	0.0687	0.2297

0.1434	0.1494	0.137	0.5401

0.2516	0.282	0.2449	0.5814

0.1033	0.082	0.0767	0.2145

0.1097	0.1068	0.095	0.2775

0.0893	0.0757	0.0735	0.1533

0.1338	0.1182	0.1141	0.281

0.1652	0.1603	0.1457	0.3731

0.139	0.1363	0.1299	0.446

0.1303	0.1381	0.1206	0.3495

0.2047	0.2329	0.1931	0.4878

0.1876	0.2032	0.1827	0.5568

0.1963	0.2275	0.1847	0.4931

0.17	0.1866	0.1573	0.409

0.0836	0.0576	0.0572	0.1495

0.1326	0.1577	0.1321	0.4863

0.1304	0.137	0.1296	0.4407

0.1521	0.1557	0.1376	0.2947

0.1369	0.1271	0.1188	0.3453

0.1368	0.1431	0.1347	0.4801

0.128	0.1344	0.1171	0.3322

0.1575	0.1389	0.1353	0.3802

0.2486	0.2731	0.2456	0.6266

0.1505	0.1476	0.1394	0.4411

0.2115	0.1839	0.1707	0.3262

0.2219	0.2196	0.203	0.5137

0.1261	0.134	0.1203	0.4386

0.1285	0.144	0.1276	0.4254

0.1541	0.1561	0.143	0.4132

0.2117	0.2272	0.1954	0.4458

0.1573	0.1694	0.1412	0.2935

0.1154	0.1114	0.1041	0.299

0.0932	0.0904	0.0865	0.213

0.1905	0.1765	0.1638	0.4538

0.2481	0.293	0.2447	0.6198

0.2511	0.2724	0.2399	0.5973

0.2934	0.3037	0.2819	0.7548

0.1924	0.2239	0.1851	0.4835

0.1481	0.1602	0.1371	0.4491

0.122	0.1448	0.1194	0.4271

0.1281	0.0898	0.0869	0.3641

0.1536	0.1224	0.1148	0.413

0.1232	0.1291	0.113	0.3092

0.1857	0.1759	0.1628	0.5622

0.182	0.1911	0.1673	0.4365

0.2815	0.315	0.2706	0.7109

0.1327	0.1209	0.1137	0.3624

0.2478	0.2809	0.2405	0.6174

0.1203	0.1268	0.114	0.4259

0.145	0.1657	0.131	0.4549

0.1099	0.1058	0.1028	0.2791

0.1218	0.1255	0.1174	0.3509

0.1048	0.1003	0.0977	0.2434

0.1966	0.211	0.1871	0.5264

0.1145	0.0997	0.0924	0.3973

0.2698	0.2978	0.257	0.6664

0.1658	0.1517	0.1438	0.5157

0.1189	0.0965	0.0937	0.2947

0.2845	0.2752	0.2651	0.5376

0.175	0.1562	0.1534	0.3764

0.1141	0.0852	0.0828	0.2782

0.1373	0.1427	0.1255	0.321

0.2839	0.32	0.2719	0.6539

0.2122	0.2575	0.2068	0.5963

0.1991	0.2216	0.1851	0.4761

0.3102	0.3364	0.2986	0.7015

0.2185	0.2432	0.2087	0.4546

0.2248	0.2391	0.2081	0.5308

0.147	0.1627	0.1365	0.2986

0.1887	0.1563	0.1521	0.4494

0.1379	0.1449	0.1366	0.5

0.1253	0.0979	0.0919	0.3385

0.1191	0.1043	0.0966	0.2237

0.1744	0.1688	0.1585	0.3406

0.2105	0.2591	0.2051	0.5637

0.2306	0.2486	0.2111	0.5161

0.1267	0.1132	0.1064	0.4127

0.1319	0.1004	0.0956	0.3869

0.1774	0.1837	0.1647	0.441

0.1295	0.125	0.1123	0.3876

0.1196	0.1323	0.1178	0.4192

0.1319	0.1509	0.1182	0.2712

0.2036	0.1729	0.1644	0.5324

0.2365	0.2535	0.2206	0.5502

0.1473	0.1571	0.1364	0.4459

0.1285	0.1233	0.1126	0.3788

0.198	0.204	0.1866	0.5325

0.1517	0.142	0.1341	0.44

0.1327	0.1342	0.1196	0.4136

0.13	0.0864	0.0831	0.3596

0.1164	0.1226	0.1059	0.2702

0.2371	0.2575	0.2149	0.4516

0.3051	0.316	0.2876	0.6328

0.16	0.1513	0.1452	0.4776

0.2099	0.2498	0.2011	0.528

0.1313	0.1409	0.1308	0.4596

0.1234	0.1329	0.113	0.2706

0.1314	0.1517	0.1303	0.4339

0.1677	0.1632	0.1525	0.3258

0.125	0.1057	0.1016	0.3367

0.1278	0.1261	0.1174	0.4263

0.2739	0.2895	0.2565	0.6187

0.1048	0.1153	0.0967	0.273

0.1279	0.1365	0.127	0.4384

0.1113	0.0849	0.0769	0.1404

0.1944	0.1809	0.1703	0.4493

0.1914	0.1852	0.1737	0.4302

0.1111	0.1228	0.1077	0.3252

0.1157	0.1274	0.105	0.1947

0.2856	0.2945	0.2713	0.6086

0.137	0.1291	0.1207	0.4396

0.2175	0.2245	0.205	0.5418

0.1853	0.1959	0.1733	0.3276

0.1605	0.158	0.1466	0.4567

0.1535	0.168	0.1346	0.4123

0.112	0.0989	0.0952	0.3108

0.1257	0.1312	0.1173	0.3788

0.2204	0.2404	0.2028	0.4785

0.2008	0.2298	0.19	0.5129

0.0986	0.0979	0.0914	0.242

0.1446	0.1583	0.1335	0.4758

0.2017	0.2249	0.1952	0.4605

0.2485	0.2743	0.2326	0.5087

0.1349	0.141	0.134	0.4853

0.1204	0.1236	0.1076	0.2464

0.232	0.2606	0.2236	0.5747

0.3044	0.3283	0.2956	0.7302

0.1193	0.1348	0.1131	0.3719

0.1259	0.1336	0.1248	0.4027

0.0454	0.0332	0.032	0.0757

0.1677	0.1631	0.1462	0.4807

0.2432	0.2725	0.2331	0.5381

0.1825	0.1559	0.1429	0.4717

0.1654	0.1621	0.1502	0.5065

0.2275	0.25	0.2192	0.4697

0.2294	0.2393	0.2121	0.5417

0.122	0.1326	0.1134	0.2323

0.181	0.2008	0.176	0.5365

0.1676	0.1624	0.1578	0.476

0.1135	0.074	0.0727	0.2524

0.1517	0.1594	0.1422	0.4931

0.2347	0.2539	0.2174	0.4615

0.1478	0.1659	0.1357	0.2825

0.1318	0.1532	0.131	0.4644

0.1784	0.1821	0.1646	0.5015

0.1338	0.0981	0.0974	0.3179

0.2774	0.2969	0.2637	0.7407

0.242	0.2764	0.2329	0.5605

0.1502	0.1262	0.119	0.2932

0.2253	0.2205	0.2015	0.4887

0.1249	0.1116	0.1056	0.3562

0.2863	0.3498	0.2857	0.7732

0.1868	0.1756	0.1633	0.5334

0.1678	0.1697	0.1504	0.2783

0.1305	0.1306	0.1207	0.3904

0.1648	0.1863	0.1561	0.3961

0.0939	0.0784	0.0751	0.1845

0.2361	0.2618	0.2284	0.5084

0.1601	0.1847	0.1475	0.4057

0.2152	0.2471	0.2051	0.427

0.1271	0.1313	0.126	0.3968

0.1343	0.12	0.1154	0.4067

0.1894	0.1676	0.1593	0.5381

0.1265	0.1327	0.1199	0.3428

0.1161	0.1138	0.1076	0.3135

0.0953	0.1016	0.0845	0.2618

0.0797	0.0687	0.0619	0.1094

0.2088	0.1708	0.1613	0.5097

0.1685	0.156	0.1509	0.3703

0.2104	0.2302	0.2013	0.4458

0.0418	0.034	0.0316	0.0468

0.1291	0.1362	0.1279	0.4085

0.088	0.0853	0.0778	0.1917

0.0796	0.0651	0.0599	0.1805

0.1274	0.1406	0.1261	0.4707

0.1188	0.08	0.0788	0.2969

0.182	0.1584	0.1559	0.4628

0.276	0.3254	0.2722	0.7015

0.1151	0.0945	0.085	0.2095

0.1197	0.1143	0.1046	0.3265

0.1201	0.1003	0.0972	0.3185

0.1162	0.1421	0.1145	0.4075

0.2524	0.2837	0.2454	0.5886

0.2381	0.218	0.1996	0.4743

0.1314	0.1322	0.1188	0.3551

0.1403	0.1272	0.1178	0.418

0.1242	0.1064	0.0984	0.3911

0.2036	0.1918	0.1685	0.5498

0.1397	0.1605	0.1318	0.3774

0.127	0.1307	0.1218	0.3915

0.1278	0.0807	0.0784	0.2646

0.2832	0.3395	0.2804	0.7076

0.1659	0.1903	0.157	0.4917

0.1735	0.1956	0.1612	0.423

0.2098	0.2274	0.1988	0.4354

0.1278	0.1366	0.1164	0.3136

0.1318	0.1373	0.1288	0.4859

0.1469	0.1309	0.1256	0.2947

0.1317	0.137	0.1312	0.4495

0.1838	0.1942	0.1723	0.4928

0.2857	0.3224	0.2815	0.6911

0.1094	0.0967	0.0911	0.1862

0.1378	0.139	0.1229	0.4213

0.2755	0.3264	0.2714	0.6741

0.2014	0.2344	0.1949	0.4652

0.2332	0.2464	0.2138	0.4674

0.1325	0.1255	0.1198	0.375

0.1036	0.1198	0.1007	0.2946

0.1313	0.1423	0.1289	0.5039

0.2416	0.2279	0.2041	0.5683

0.135	0.1371	0.1294	0.4077
