0.0874	0.091	0.0807	0.2362
0.0991	0.1182	0.0973	0.3963
0.0807	0.0743	0.0733	0.2675
0.0808	0.0771	0.0721	0.2403
0.095	0.0981	0.0875	0.3147
0.1051	0.1269	0.1039	0.3656
0.1206	0.1438	0.1202	0.4842
0.1037	0.0942	0.0912	0.3033
0.0754	0.0784	0.0718	0.2581
0.1157	0.1413	0.1153	0.4883
0.1342	0.1434	0.1339	0.5001
0.0561	0.0555	0.054	0.3149
0.0533	0.0525	0.0519	0.1518
0.0583	0.0515	0.0497	0.18
0.1036	0.1185	0.1021	0.329
0.0823	0.0978	0.0786	0.2233
0.0973	0.1243	0.0956	0.3553
0.123	0.1477	0.1227	0.5195
0.0896	0.074	0.0734	0.2528
0.094	0.1092	0.0918	0.3261
0.0966	0.1036	0.0931	0.3646
0.1152	0.1438	0.1146	0.472
0.0965	0.0892	0.0843	0.3606
0.071	0.0769	0.0687	0.2802
0.1088	0.1394	0.1082	0.4629
0.11	0.1189	0.106	0.4122
0.1106	0.1254	0.1093	0.3515
0.0423	0.0421	0.0387	0.1659
0.1012	0.1114	0.0959	0.3775
0.0862	0.1054	0.0824	0.2405
0.1069	0.1283	0.1059	0.4193
0.1064	0.1239	0.1047	0.3846
0.0615	0.0489	0.0466	0.2914
0.0989	0.0947	0.0848	0.3147
0.1146	0.1271	0.1124	0.3995
0.0611	0.0606	0.0569	0.2133
0.0652	0.0693	0.0639	0.2613
0.0643	0.0709	0.0612	0.2755
0.1256	0.1375	0.1234	0.4678
0.0846	0.0814	0.0762	0.3172
0.0655	0.0665	0.0604	0.2092
0.1048	0.1162	0.0984	0.3554
0.0989	0.1205	0.0941	0.3526
0.094	0.1018	0.0889	0.3633
0.0711	0.0696	0.067	0.2191
0.1211	0.1405	0.12	0.455
0.0849	0.0984	0.0824	0.2386
0.0519	0.0423	0.0414	0.1626
0.115	0.1306	0.1119	0.3727
0.0986	0.0836	0.0821	0.3175
0.0822	0.086	0.0785	0.3687
0.1098	0.1227	0.1062	0.3385
0.0914	0.0993	0.0901	0.3671
0.1069	0.122	0.1019	0.4149
0.0779	0.0708	0.066	0.2355
0.0741	0.0738	0.0698	0.2828
0.0927	0.0962	0.0843	0.2335
0.0736	0.0758	0.0697	0.3116
0.0731	0.0799	0.0714	0.2179
0.1186	0.1436	0.1172	0.411
0.1063	0.1215	0.1057	0.4213
0.0575	0.0586	0.0555	0.3025
0.118	0.1403	0.1174	0.4122
0.0631	0.0584	0.0577	0.2365
0.0617	0.0552	0.0532	0.2294
0.0938	0.1031	0.0892	0.3655
0.1069	0.1301	0.1061	0.376
0.1164	0.1288	0.1143	0.4393
0.0605	0.0596	0.0591	0.2137
0.0944	0.0898	0.0851	0.3501
0.0968	0.1018	0.0907	0.3594
0.095	0.1127	0.0935	0.2978
0.1121	0.1235	0.1098	0.3758
0.0948	0.1188	0.0931	0.283
0.1067	0.1256	0.1031	0.4167
0.1	0.1103	0.0948	0.3565
0.0521	0.0559	0.0512	0.2136
0.0805	0.0853	0.0757	0.2823
0.1026	0.1221	0.096	0.3725
0.0708	0.0706	0.0685	0.2912
0.067	0.0711	0.0593	0.1712
0.1253	0.1284	0.1241	0.3876
0.0979	0.1061	0.0952	0.3172
0.0743	0.0841	0.0725	0.2515
0.1154	0.0896	0.0856	0.3463
0.1095	0.0853	0.0844	0.385
0.0898	0.0975	0.0846	0.2912
0.1076	0.1186	0.1044	0.4367
0.1031	0.1063	0.0992	0.4191
0.0925	0.0819	0.08	0.3095
0.1039	0.082	0.0811	0.3309
0.1044	0.1072	0.0932	0.3537
0.0758	0.0903	0.0735	0.3009
0.1319	0.1566	0.1314	0.5018
0.0861	0.0729	0.0699	0.2457
0.0927	0.11	0.0887	0.359
0.1285	0.1425	0.1274	0.5232
0.1091	0.1193	0.1057	0.3643
0.0536	0.0597	0.0511	0.1371
0.1028	0.1079	0.0919	0.3283
0.1083	0.1081	0.0976	0.4078
0.0498	0.0494	0.045	0.1482
0.052	0.039	0.039	0.179
0.1159	0.1309	0.1149	0.3767
0.1002	0.1146	0.0909	0.4068
0.0461	0.0502	0.0445	0.1558
0.0809	0.078	0.0763	0.3196
0.0806	0.0838	0.0749	0.253
0.0991	0.0806	0.0804	0.3323
0.0665	0.0651	0.0619	0.2278
0.0688	0.0689	0.0615	0.2064
0.1136	0.1282	0.1112	0.4012
0.0653	0.068	0.0607	0.3153
0.1029	0.095	0.0868	0.3273
0.0708	0.0499	0.0492	0.2797
0.0813	0.0981	0.0789	0.2378
0.1031	0.1272	0.1022	0.3538
0.0859	0.0946	0.0822	0.2497
0.0954	0.081	0.08	0.2972
0.0687	0.0821	0.0651	0.2131
0.0654	0.0622	0.0611	0.3001
0.0887	0.1051	0.0849	0.3123
0.1159	0.1458	0.1145	0.3851
0.1142	0.0904	0.0848	0.3796
0.0591	0.0552	0.0529	0.2902
0.0884	0.0852	0.0799	0.3678
0.0923	0.1067	0.0894	0.2739
0.1109	0.1192	0.1058	0.3822
0.0973	0.1008	0.0916	0.4149
0.1142	0.1233	0.1063	0.3393
0.1206	0.1406	0.1201	0.4698
0.1057	0.1336	0.1043	0.4347
0.1026	0.1097	0.0968	0.3793
0.1055	0.0987	0.0869	0.3239
0.0979	0.1002	0.096	0.2875
0.0497	0.0547	0.0468	0.1162
0.0724	0.0694	0.0689	0.2661
0.0865	0.0868	0.0797	0.4153
0.1045	0.0883	0.0863	0.3691
0.0514	0.0442	0.0417	0.1715
0.0672	0.0627	0.0619	0.3026
0.097	0.1175	0.0939	0.4307
0.0674	0.0661	0.0602	0.2094
0.1084	0.1063	0.0942	0.3705
0.1172	0.1365	0.1145	0.4064
0.1212	0.1418	0.121	0.5053
0.0996	0.1008	0.0924	0.3912
0.0948	0.1119	0.0918	0.3481
0.0753	0.0723	0.0723	0.2473
0.0736	0.0711	0.0694	0.2642
0.1114	0.1237	0.1103	0.431
0.1132	0.1097	0.1012	0.3345
0.0961	0.112	0.0945	0.3189
0.095	0.1167	0.0936	0.3567
0.0809	0.0882	0.0748	0.2156
0.0604	0.0594	0.0547	0.2388
0.0666	0.0727	0.063	0.2268
0.1114	0.0987	0.0931	0.3784
0.0635	0.0526	0.0522	0.2467
0.0529	0.0586	0.0497	0.1232
0.0936	0.0848	0.0836	0.3391
0.1098	0.1205	0.1053	0.3763
0.0577	0.0544	0.0508	0.2433
0.1038	0.1235	0.1025	0.361
0.0773	0.0837	0.0738	0.2
0.1195	0.1413	0.1188	0.4482
0.1184	0.1307	0.1133	0.3925
0.0549	0.057	0.0536	0.1952
0.122	0.139	0.1207	0.4957
0.1194	0.1436	0.1187	0.4855
0.0356	0.0363	0.0344	0.1338
0.1255	0.1565	0.1251	0.5231
0.0475	0.0478	0.046	0.1314
0.0858	0.0736	0.0728	0.2497
0.1179	0.1351	0.1172	0.3955
0.0652	0.0637	0.0618	0.2419
0.1046	0.1343	0.1037	0.42
0.0912	0.0913	0.0805	0.3007
0.1115	0.1211	0.1069	0.3901
0.0827	0.0824	0.0758	0.2359
0.0783	0.0759	0.0712	0.2365
0.0678	0.0615	0.0604	0.2489
0.0579	0.0545	0.0532	0.1774
0.0634	0.0626	0.0615	0.3027
0.063	0.056	0.0557	0.2668
0.0748	0.0734	0.0667	0.2187
0.1129	0.1137	0.1042	0.35
0.0936	0.0913	0.0823	0.2952
0.0898	0.1071	0.0881	0.2944
0.1005	0.1042	0.0935	0.3788
0.0799	0.0855	0.073	0.231
0.0685	0.0741	0.0656	0.2549
0.0979	0.0952	0.0831	0.2954
0.1084	0.1303	0.1074	0.4239
0.0852	0.0813	0.0811	0.3367
0.0751	0.0635	0.0605	0.184
0.0725	0.0741	0.0704	0.2529
0.1218	0.1413	0.119	0.4765
0.0756	0.0802	0.0712	0.3037
0.1035	0.0948	0.0883	0.3283
0.0452	0.0476	0.0411	0.104
0.0994	0.106	0.0912	0.3213
0.0624	0.0541	0.0532	0.2354
0.1035	0.0869	0.079	0.2541
0.0752	0.0798	0.0715	0.2626
0.0903	0.0969	0.0837	0.3422
0.0924	0.0771	0.0722	0.2093
0.1132	0.1221	0.1082	0.3551
0.0995	0.1039	0.0932	0.3552
0.0903	0.0865	0.083	0.2944
0.0514	0.0534	0.048	0.192
0.1203	0.137	0.1167	0.4156
0.1202	0.133	0.1117	0.4278
0.0538	0.0475	0.0464	0.1505
0.1151	0.1323	0.1144	0.4074
0.1217	0.1426	0.1206	0.4749
0.1003	0.1273	0.0988	0.3961
0.0809	0.082	0.0764	0.3099
0.0955	0.0814	0.0803	0.3042
0.1074	0.1073	0.0944	0.3928
0.0633	0.0659	0.0586	0.2384
0.0772	0.0632	0.0597	0.1846
0.0762	0.0842	0.0734	0.3408
0.0796	0.0751	0.074	0.2766
0.1031	0.1131	0.0989	0.2808
0.0594	0.0607	0.0554	0.2614
0.1155	0.1296	0.1134	0.4253
0.051	0.0465	0.0457	0.2134
0.1108	0.1167	0.105	0.436
0.0888	0.0765	0.0761	0.2688
0.1173	0.1307	0.1136	0.3978
0.0369	0.0228	0.0227	0.1748
0.0576	0.059	0.0562	0.1714
0.0805	0.0833	0.0768	0.2849
0.0714	0.0764	0.0685	0.2889
0.1102	0.1233	0.1082	0.4105
0.1006	0.104	0.0933	0.2816
0.0795	0.0817	0.0718	0.2588
0.1031	0.125	0.1009	0.4198
0.1128	0.1105	0.0982	0.3005
0.1175	0.1404	0.1165	0.4565
0.0732	0.0813	0.0709	0.2966
0.0772	0.0879	0.0746	0.2407
0.0978	0.1081	0.0954	0.3681
0.1047	0.095	0.0874	0.3933
0.0996	0.1016	0.0913	0.3422
0.0501	0.0471	0.0463	0.1356
0.1139	0.1141	0.1015	0.3529
0.0712	0.0765	0.0658	0.3256
0.1021	0.0837	0.0794	0.2894
0.0441	0.0413	0.0394	0.1199
0.0695	0.0745	0.062	0.2947
0.0935	0.1046	0.0895	0.2602
0.0871	0.0824	0.0804	0.3196
0.0688	0.0737	0.0657	0.1743
0.0787	0.0725	0.0712	0.2536
0.095	0.082	0.0764	0.2623
0.0469	0.0485	0.0439	0.1017
0.0794	0.0822	0.0729	0.2421
0.0762	0.0971	0.0739	0.2182
0.103	0.0985	0.089	0.2581
0.1282	0.1442	0.1272	0.5034
0.108	0.1025	0.0951	0.4107
0.1	0.0991	0.0873	0.3299
0.1027	0.0917	0.0862	0.3898
0.0976	0.1128	0.0964	0.3834
0.0518	0.0626	0.0492	0.1469
0.0962	0.0941	0.0868	0.371
0.0652	0.0703	0.0637	0.2652
0.0882	0.1098	0.0861	0.2755
0.0656	0.0698	0.0632	0.2891
0.0575	0.0643	0.0548	0.2036
0.1136	0.0822	0.0819	0.3343
0.1154	0.11	0.1009	0.3732
0.1074	0.0853	0.0831	0.3749
0.108	0.1252	0.1062	0.3493
0.1053	0.0882	0.0869	0.3984
0.0925	0.1084	0.0907	0.2918
0.1172	0.1263	0.114	0.4159
0.1037	0.0868	0.0816	0.328
0.0741	0.0742	0.0702	0.3093
0.1151	0.1499	0.1135	0.4529
0.0821	0.0937	0.0787	0.2177
0.1178	0.1361	0.116	0.4246
0.1015	0.0901	0.0834	0.244
0.088	0.0784	0.0729	0.1877
0.071	0.0726	0.0643	0.1817
0.025	0.0217	0.0213	0.0817
0.0377	0.033	0.0317	0.1876
0.1044	0.0884	0.0867	0.3901
0.1066	0.0861	0.0856	0.3634
0.1117	0.1252	0.1107	0.4353
0.0858	0.1038	0.0838	0.3347
0.0637	0.062	0.0595	0.2282
0.1017	0.0829	0.0824	0.3486
0.073	0.0751	0.0637	0.1766
0.1023	0.1148	0.0974	0.3587
0.1059	0.1169	0.0989	0.3776
0.0929	0.1097	0.0912	0.2622
0.0766	0.0812	0.0721	0.2645
0.0945	0.0787	0.0728	0.2285
0.0918	0.0801	0.0765	0.3073
0.1014	0.0869	0.0855	0.3572
0.1152	0.0968	0.088	0.3789
0.1025	0.1003	0.0865	0.3044
0.0948	0.0851	0.0829	0.3425
0.0954	0.0985	0.0906	0.3825
0.124	0.1407	0.1239	0.506
0.118	0.1464	0.1178	0.5364
0.0812	0.0771	0.0717	0.2416
0.0879	0.0987	0.0835	0.2608
0.1009	0.0797	0.0766	0.3116
0.0471	0.046	0.0446	0.1839
0.1079	0.1054	0.0952	0.3681
0.1049	0.0882	0.0854	0.3194
0.0463	0.0444	0.0422	0.1306
0.1184	0.102	0.0931	0.318
0.08	0.0807	0.0743	0.3437
0.1009	0.1023	0.0943	0.3438
0.1026	0.1185	0.0994	0.3278
0.1242	0.1377	0.1226	0.4865
0.0907	0.0961	0.0859	0.3583
0.0577	0.0459	0.0456	0.2757
0.1036	0.1192	0.1014	0.3277
0.0566	0.0537	0.0518	0.1719
0.1167	0.143	0.1165	0.4824
0.0954	0.1035	0.0926	0.376
0.1072	0.1296	0.1066	0.4138
0.0701	0.076	0.0648	0.2798
0.1002	0.1032	0.0913	0.4012
0.0916	0.0975	0.0835	0.2771
0.1052	0.1179	0.1042	0.407
0.0643	0.0664	0.061	0.2239
0.0573	0.0539	0.0499	0.1616
0.067	0.0712	0.0645	0.2184
0.103	0.1164	0.0993	0.4142
0.0568	0.045	0.0445	0.1956
0.1057	0.1341	0.105	0.4434
0.1134	0.1339	0.1114	0.3905
0.1227	0.1413	0.1197	0.4779
0.1093	0.1162	0.0998	0.407
0.0847	0.0901	0.0811	0.3515
0.1069	0.1258	0.1042	0.3623
0.0677	0.0695	0.0663	0.3041
0.0898	0.0944	0.0848	0.3488
0.0822	0.0842	0.0744	0.2945
0.088	0.0709	0.066	0.2189
0.0854	0.0912	0.0821	0.3145
0.1167	0.1453	0.1161	0.4039
0.1122	0.1356	0.1116	0.496
0.0613	0.0551	0.0521	0.2399
0.0546	0.049	0.0458	0.1087
0.0871	0.0767	0.0755	0.2686
0.0732	0.0723	0.0677	0.2537
0.0838	0.0828	0.08	0.195
0.0636	0.0647	0.059	0.263
0.0801	0.0759	0.0745	0.269
0.0792	0.0743	0.0733	0.2986
0.082	0.0876	0.0789	0.2736
0.093	0.0826	0.0812	0.3271
0.1111	0.12	0.1098	0.3785
0.0336	0.0226	0.0213	0.1384
0.0835	0.0836	0.0794	0.2485
0.0708	0.0675	0.0645	0.2947
0.0858	0.0842	0.0823	0.3482
0.1089	0.0879	0.0822	0.2797
0.1249	0.1491	0.1249	0.4899
0.0868	0.0793	0.0767	0.2661
0.0692	0.0668	0.0652	0.2559
0.0963	0.0962	0.0888	0.3631
0.096	0.1074	0.0904	0.2696
0.0993	0.1066	0.0895	0.3188
0.0892	0.1062	0.0874	0.289
0.0814	0.0851	0.0794	0.3742
0.0905	0.0792	0.0773	0.2871
0.0961	0.0951	0.0904	0.3948
0.1177	0.1328	0.1158	0.4486
0.072	0.0691	0.068	0.2482
0.0933	0.0744	0.0732	0.2597
0.107	0.1185	0.1014	0.3716
0.0918	0.099	0.0872	0.3472
0.1041	0.1147	0.1026	0.3914
0.0932	0.094	0.0846	0.2424
0.0587	0.0567	0.0552	0.3142
0.0782	0.0796	0.075	0.3568
0.122	0.1433	0.1215	0.4704
0.083	0.0747	0.073	0.2594
0.1042	0.1103	0.0968	0.3283
0.0556	0.0526	0.0508	0.1786
0.0764	0.08	0.073	0.2939
0.0944	0.083	0.0818	0.3215
0.0748	0.0739	0.072	0.2894
0.1115	0.0993	0.0908	0.3102
0.0994	0.0891	0.0865	0.3921
0.0975	0.0902	0.0844	0.3605
0.1072	0.0916	0.089	0.3586
0.1106	0.1239	0.1094	0.3396
0.1159	0.1087	0.0983	0.3583
0.1171	0.1172	0.1068	0.4099
0.0824	0.0939	0.0794	0.24
0.0988	0.0927	0.0869	0.3416
0.0985	0.1116	0.0954	0.3038
0.0889	0.0829	0.0775	0.296
0.1171	0.1341	0.1136	0.4005
0.0611	0.0714	0.0591	0.1561
0.1048	0.1028	0.0941	0.4183
0.0625	0.0529	0.0511	0.1818
0.0819	0.0854	0.0783	0.3557
0.0587	0.0513	0.0496	0.1848
0.115	0.1442	0.1137	0.4008
0.1197	0.1386	0.1159	0.4309
0.1101	0.1185	0.1008	0.405
0.1088	0.0774	0.0759	0.3308
0.083	0.0899	0.0799	0.3636
0.0969	0.1079	0.0963	0.4489
0.1047	0.1157	0.1011	0.4333
0.0702	0.0719	0.0634	0.2215
0.0751	0.0728	0.0668	0.2215
0.0694	0.0647	0.0637	0.2194
0.0699	0.0711	0.0648	0.3089
0.0699	0.0783	0.0663	0.3238
0.0797	0.0926	0.0763	0.3131
0.1166	0.1348	0.1128	0.4294
0.1204	0.1295	0.1156	0.4171
0.0626	0.0549	0.0513	0.1823
0.0885	0.0825	0.0819	0.3374
0.0579	0.0707	0.0549	0.1638
0.1054	0.1211	0.1025	0.35
0.0836	0.0865	0.076	0.2835
0.0443	0.0434	0.0398	0.1198
0.0698	0.0755	0.0671	0.2712
0.0511	0.0512	0.0455	0.1922
0.0428	0.0424	0.0393	0.1606
0.0996	0.0872	0.0828	0.3739
0.0982	0.0957	0.0866	0.3303
0.1051	0.1257	0.1032	0.3821
0.0651	0.0572	0.0538	0.1545
0.0935	0.1047	0.0913	0.2704
0.1038	0.0891	0.0851	0.3805
0.058	0.0621	0.0565	0.2184
0.1049	0.1312	0.1034	0.3433
0.0718	0.0737	0.0678	0.2996
0.134	0.1407	0.1337	0.4441
0.118	0.1324	0.116	0.4816
0.1082	0.1118	0.1058	0.322
0.1	0.1	0.0872	0.3244
0.1155	0.1363	0.1141	0.4291
0.09	0.1096	0.0876	0.3007
0.1195	0.1408	0.1186	0.4378
0.0974	0.0896	0.0868	0.3744
0.1207	0.1416	0.1202	0.4455
0.1157	0.1313	0.1145	0.413
0.1072	0.1116	0.1048	0.3668
0.0803	0.0772	0.0767	0.3057
0.1011	0.1162	0.1001	0.3965
0.0692	0.0731	0.0659	0.241
0.0905	0.0974	0.0868	0.3696
0.0579	0.0506	0.05	0.1637
0.0937	0.0897	0.0831	0.2812
0.0635	0.065	0.06	0.1577
0.1024	0.105	0.0961	0.3817
0.0808	0.0847	0.0752	0.2989
0.1094	0.1309	0.1077	0.3853
0.1032	0.1086	0.1003	0.3438
0.0909	0.0838	0.0812	0.3331
0.051	0.0515	0.0462	0.1244
0.1145	0.1116	0.1018	0.4031
0.1125	0.115	0.1055	0.3541
0.0813	0.076	0.0711	0.2614
0.1148	0.134	0.114	0.4483
0.0852	0.0844	0.0784	0.3189
0.1068	0.0851	0.0824	0.3497
0.1037	0.1024	0.093	0.3861
0.0882	0.0904	0.0824	0.3183
0.073	0.0685	0.0678	0.2512
0.075	0.0703	0.0692	0.3389
0.1227	0.1517	0.1225	0.4743
0.1024	0.1046	0.0997	0.2573
0.0337	0.0301	0.0294	0.1029
0.1026	0.0941	0.0854	0.3294
0.0744	0.0838	0.0726	0.2398
0.0978	0.1218	0.0964	0.3399
0.0233	0.0208	0.0199	0.0663
0.0609	0.0678	0.0575	0.2537
0.0581	0.0545	0.0456	0.1633
0.0981	0.1135	0.0961	0.396
0.0828	0.0842	0.0779	0.3477
0.0732	0.0753	0.068	0.2721
0.0932	0.0931	0.0897	0.3627
0.1123	0.1241	0.1078	0.3761
0.0817	0.1016	0.0792	0.2516
0.1046	0.0983	0.0884	0.2669
0.1118	0.1319	0.1107	0.4016
0.0907	0.097	0.0841	0.2486
0.1247	0.1516	0.1238	0.4772
0.1158	0.1178	0.1048	0.373
0.0791	0.0834	0.0738	0.193
0.1212	0.1273	0.1147	0.4216
0.0989	0.084	0.0786	0.3075
0.1002	0.108	0.0964	0.2957

0.0551	0.0496	0.0459	0.1766

0.0752	0.0604	0.0591	0.1834

0.1085	0.1361	0.1077	0.4595

0.0952	0.0928	0.0846	0.2401

0.1063	0.1275	0.105	0.4045

0.0539	0.0417	0.0406	0.1152

0.1266	0.1324	0.1256	0.4423

0.0747	0.0569	0.0554	0.1798

0.1164	0.1329	0.1155	0.4398

0.1065	0.1193	0.1047	0.3991

0.1015	0.1129	0.0979	0.3154

0.0795	0.0879	0.0768	0.2359

0.0806	0.0786	0.0737	0.268

0.0524	0.0494	0.0453	0.1444

0.0681	0.0677	0.0641	0.2412

0.0863	0.0792	0.0756	0.2746

0.0695	0.0702	0.0658	0.2377

0.0813	0.0769	0.0735	0.2947

0.103	0.1134	0.0972	0.3686

0.0719	0.0698	0.0651	0.1961

0.1185	0.141	0.1177	0.4424

0.0579	0.0559	0.0518	0.2009

0.1263	0.1469	0.1251	0.5109

0.1032	0.1236	0.1014	0.3574

0.1169	0.1468	0.1159	0.4231

0.0971	0.0973	0.0872	0.3528

0.0882	0.0776	0.0751	0.2729

0.06	0.0556	0.0494	0.1679

0.0824	0.0677	0.067	0.2183

0.0733	0.0735	0.0641	0.1646

0.0936	0.0886	0.0873	0.3768

0.0531	0.0477	0.0459	0.2027

0.1253	0.1449	0.1253	0.5325

0.0691	0.078	0.0675	0.3186

0.06	0.0538	0.0492	0.2297

0.1064	0.1165	0.1043	0.3325

0.0801	0.0759	0.0742	0.3174

0.0804	0.0669	0.0661	0.2145

0.0918	0.1056	0.0886	0.2775

0.0497	0.0413	0.0382	0.1533

0.0678	0.0699	0.0666	0.281

0.094	0.0972	0.0891	0.3644

0.122	0.136	0.1199	0.446

0.1096	0.1274	0.1068	0.3495

0.0716	0.0849	0.0689	0.2218

0.0733	0.0709	0.0639	0.2244

0.1109	0.1237	0.1075	0.3998

0.1101	0.0977	0.0897	0.4029

0.0651	0.0563	0.0532	0.1495

0.1221	0.1575	0.1218	0.4863

0.1219	0.1373	0.1204	0.4407

0.0676	0.0742	0.066	0.2947

0.1018	0.0867	0.0848	0.3453

0.0771	0.0764	0.0753	0.2673

0.0858	0.0962	0.0822	0.2786

0.0767	0.0764	0.0722	0.2882

0.0675	0.0665	0.0602	0.1748

0.0877	0.0825	0.0796	0.3332

0.0804	0.0811	0.0786	0.3262

0.1055	0.1266	0.1043	0.3919

0.0743	0.0823	0.0702	0.2232

0.1216	0.1428	0.1203	0.4254

0.1001	0.1132	0.0981	0.4132

0.1208	0.1386	0.1198	0.4458

0.1016	0.1138	0.0981	0.2935

0.0949	0.0918	0.0863	0.299

0.0928	0.0901	0.0856	0.213

0.1153	0.133	0.1142	0.4308

0.1005	0.1107	0.0978	0.3481

0.0408	0.0389	0.0372	0.199

0.0565	0.0465	0.0462	0.2688

0.1071	0.1267	0.1056	0.3958

0.1071	0.1217	0.1063	0.4491

0.1209	0.1393	0.1188	0.4271

0.1124	0.0896	0.0852	0.3641

0.1045	0.1203	0.1031	0.413

0.0644	0.0633	0.0605	0.3024

0.1324	0.1464	0.1319	0.4256

0.0795	0.0809	0.0747	0.2815

0.069	0.0692	0.0663	0.2243

0.0957	0.1002	0.0913	0.3624

0.1161	0.1318	0.1143	0.417

0.1081	0.1268	0.1067	0.4259

0.0963	0.1057	0.0894	0.3794

0.0917	0.0771	0.0763	0.2791

0.1113	0.1255	0.1095	0.3509

0.0808	0.0711	0.0679	0.2434

0.0517	0.0556	0.0497	0.1491

0.107	0.0997	0.092	0.3973

0.0582	0.0639	0.0545	0.1314

0.0883	0.0922	0.0829	0.2834

0.1143	0.0972	0.0937	0.2947

0.0672	0.0655	0.0631	0.2607

0.0523	0.0479	0.0449	0.1323

0.0682	0.0755	0.0658	0.2782

0.0841	0.0969	0.0823	0.321

0.0951	0.0918	0.0865	0.3495

0.0555	0.0583	0.0533	0.1469

0.0712	0.0704	0.0673	0.2677

0.0956	0.0893	0.0831	0.2666

0.0953	0.0901	0.0867	0.3517

0.0998	0.102	0.0968	0.3783

0.0576	0.0614	0.0535	0.2804

0.1255	0.1323	0.1245	0.4494

0.1232	0.1449	0.1222	0.5

0.0794	0.078	0.0754	0.3004

0.0777	0.0937	0.0741	0.2237

0.0398	0.0362	0.0351	0.1139

0.0663	0.0631	0.0614	0.2537

0.092	0.094	0.0846	0.323

0.1049	0.1132	0.1011	0.4127

0.103	0.0933	0.0887	0.3869

0.0727	0.0749	0.0658	0.2486

0.112	0.125	0.1094	0.3876

0.0574	0.0488	0.0474	0.1857

0.0966	0.0756	0.0743	0.2712

0.1213	0.1278	0.12	0.3704

0.0871	0.0859	0.0805	0.335

0.1193	0.1413	0.1181	0.4459

0.1084	0.1233	0.1048	0.3788

0.058	0.0559	0.054	0.2213

0.1068	0.1183	0.1018	0.4146

0.1181	0.1129	0.0999	0.4136

0.1167	0.0864	0.0828	0.3596

0.095	0.1045	0.0929	0.2702

0.0893	0.0995	0.0833	0.3084

0.0633	0.0609	0.059	0.2896

0.0969	0.113	0.0957	0.405

0.068	0.0613	0.0605	0.267

0.1199	0.1391	0.1192	0.4596

0.0989	0.1074	0.0938	0.2706

0.11	0.1186	0.1069	0.4339

0.0445	0.0435	0.043	0.1327

0.0978	0.1015	0.0895	0.3367

0.1166	0.1261	0.1089	0.4263

0.0772	0.0735	0.0687	0.285

0.0972	0.1153	0.0931	0.273

0.109	0.1138	0.1038	0.438

0.0585	0.0581	0.055	0.1404

0.0637	0.0648	0.0587	0.1934

0.0479	0.0397	0.0391	0.1646

0.0685	0.0687	0.0675	0.2984

0.0639	0.0696	0.0619	0.1947

0.0917	0.0949	0.0878	0.329

0.1035	0.1152	0.1011	0.4396

0.0515	0.0586	0.0489	0.224

0.1015	0.0795	0.0775	0.3276

0.0931	0.0915	0.083	0.3441

0.1082	0.1247	0.1073	0.4123

0.0802	0.0755	0.0732	0.3108

0.1184	0.131	0.1117	0.3788

0.0884	0.084	0.0839	0.3465

0.0673	0.0714	0.0625	0.2823

0.0558	0.06	0.0548	0.242

0.1232	0.1508	0.1221	0.4758

0.0945	0.0869	0.0866	0.3965

0.103	0.1167	0.1021	0.414

0.1213	0.1432	0.12	0.4853

0.0847	0.0735	0.0723	0.2464

0.0493	0.0556	0.0473	0.2105

0.0842	0.0945	0.0812	0.2405

0.1101	0.1354	0.109	0.3719

0.1032	0.0887	0.0855	0.4027

0.0362	0.0278	0.0271	0.0757

0.0806	0.081	0.0769	0.2979

0.0924	0.0989	0.0879	0.2947

0.1037	0.1074	0.0954	0.3469

0.1301	0.1435	0.1298	0.5065

0.103	0.0885	0.0857	0.3632

0.1211	0.1383	0.1206	0.4482

0.0657	0.0595	0.0586	0.2323

0.0711	0.0833	0.0669	0.2092

0.0941	0.0931	0.0868	0.3377

0.0968	0.0737	0.0727	0.2524

0.116	0.1278	0.1108	0.4176

0.0968	0.0883	0.0849	0.3449

0.0715	0.0674	0.066	0.2825

0.1092	0.1331	0.1071	0.4196

0.1093	0.1201	0.1069	0.4138

0.1022	0.0834	0.0814	0.3179

0.0559	0.0441	0.0435	0.2003

0.0542	0.0623	0.052	0.2137

0.101	0.1149	0.0988	0.2932

0.0955	0.0961	0.0894	0.3584

0.0494	0.0528	0.0477	0.2429

0.0858	0.0795	0.0765	0.2801

0.1276	0.1368	0.1265	0.4244

0.0992	0.0874	0.0793	0.2783

0.1074	0.1174	0.1048	0.3904

0.0828	0.0772	0.0746	0.2796

0.0692	0.062	0.0593	0.1845

0.1021	0.1065	0.0965	0.3614

0.0808	0.0804	0.0765	0.3059

0.1057	0.1208	0.1035	0.427

0.0881	0.0827	0.0776	0.3365

0.0856	0.0963	0.0837	0.2653

0.0697	0.0546	0.0534	0.1662

0.0774	0.0803	0.0755	0.3428

0.1037	0.1138	0.101	0.3135

0.0712	0.0785	0.0684	0.2618

0.0431	0.0355	0.0323	0.1094

0.122	0.1323	0.1212	0.3946

0.0639	0.0638	0.0602	0.2024

0.0824	0.0851	0.0767	0.3293

0.0271	0.0195	0.0184	0.0468

0.1203	0.1362	0.1162	0.4085

0.0684	0.0783	0.0662	0.1917

0.0694	0.0651	0.0591	0.1805

0.107	0.136	0.1054	0.4707

0.1037	0.0805	0.0794	0.2969

0.1083	0.1166	0.1045	0.4069

0.0971	0.1019	0.0899	0.3309

0.0644	0.0621	0.0601	0.2095

0.0964	0.1109	0.093	0.3265

0.1072	0.0826	0.0814	0.3185

0.0613	0.0599	0.0575	0.2135

0.104	0.0991	0.0892	0.3792

0.0905	0.0981	0.0873	0.236

0.1197	0.1166	0.1064	0.3551

0.1023	0.1202	0.1009	0.418

0.0687	0.0711	0.0659	0.2355

0.0651	0.0668	0.0593	0.1531

0.0974	0.0864	0.0852	0.3774

0.1141	0.1261	0.111	0.3915

0.0935	0.0728	0.0723	0.2646

0.0875	0.0939	0.0817	0.2803

0.1109	0.1305	0.1099	0.4213

0.1043	0.0896	0.0842	0.3419

0.0689	0.0655	0.063	0.2605

0.0986	0.1146	0.0933	0.3136

0.118	0.1373	0.1172	0.4859

0.0774	0.08	0.0732	0.2947

0.1202	0.1373	0.1198	0.4495

0.058	0.0477	0.0461	0.2038

0.0799	0.0844	0.0754	0.2643

0.0642	0.0592	0.0581	0.1862

0.0933	0.093	0.0847	0.4163

0.091	0.0928	0.0836	0.2895

0.0528	0.0603	0.0507	0.2285

0.0937	0.0881	0.0825	0.3493

0.1174	0.124	0.1083	0.375

0.0827	0.089	0.0778	0.2946

0.1253	0.1428	0.1236	0.5039

0.0704	0.0765	0.0684	0.2639

0.1109	0.1302	0.1097	0.4077
