0.1056	0.1257	0.105	0.3461
0.0921	0.0909	0.0866	0.1114
0.1001	0.1103	0.0951	0.2642
0.0951	0.0948	0.0903	0.2217
0.0999	0.1053	0.0961	0.2364
0.1013	0.1088	0.0979	0.2057
0.0962	0.0981	0.0956	0.1623
0.0978	0.0945	0.088	0.143
0.1077	0.1144	0.1058	0.21
0.087	0.0875	0.0813	0.1925
0.1104	0.1275	0.1074	0.2362
0.0777	0.0705	0.0703	0.1054
0.0992	0.0996	0.0983	0.1429
0.123	0.1242	0.111	0.1993
0.0903	0.0891	0.0864	0.1617
0.0997	0.104	0.0968	0.197
0.0962	0.1113	0.0938	0.2773
0.1045	0.1125	0.1031	0.296
0.1092	0.1126	0.1067	0.1753
0.1101	0.1124	0.1075	0.2589
0.0939	0.0938	0.0875	0.1743
0.1107	0.1235	0.1038	0.2513
0.088	0.0866	0.0853	0.2423
0.089	0.0875	0.083	0.1584
0.0818	0.0805	0.0734	0.144
0.0979	0.1005	0.0954	0.2209
0.1022	0.1026	0.0972	0.3424
0.1117	0.1358	0.1115	0.3562
0.0979	0.0937	0.0912	0.2267
0.1074	0.1025	0.096	0.2025
0.0966	0.0877	0.0865	0.2206
0.1134	0.1283	0.1124	0.1872
0.1082	0.1068	0.1012	0.2316
0.1053	0.1086	0.0986	0.2863
0.0981	0.1122	0.0973	0.3013
0.0829	0.0799	0.0792	0.2323
0.085	0.0871	0.0819	0.1085
0.0864	0.0893	0.0817	0.1493
0.1065	0.1089	0.1023	0.1563
0.1063	0.1123	0.1007	0.3154
0.0938	0.1022	0.0872	0.1495
0.0994	0.1022	0.0976	0.2005
0.0959	0.0955	0.0909	0.2512
0.1098	0.1081	0.106	0.2595
0.0871	0.086	0.0837	0.1723
0.0956	0.0994	0.0954	0.4045
0.0836	0.0829	0.0796	0.1774
0.1062	0.1088	0.1043	0.2162
0.0951	0.0962	0.0902	0.2151
0.1215	0.1286	0.1208	0.3379
0.1118	0.1101	0.1068	0.2283
0.0895	0.0844	0.0829	0.0944
0.1016	0.1056	0.0997	0.2083
0.1057	0.1075	0.1042	0.2328
0.0893	0.0761	0.0745	0.1594
0.1127	0.1196	0.1089	0.3508
0.11	0.113	0.1033	0.1845
0.0868	0.0838	0.0787	0.236
0.0982	0.1024	0.0973	0.2319
0.082	0.0766	0.0714	0.1743
0.0896	0.0913	0.0883	0.1594
0.0917	0.0984	0.0885	0.2114
0.1057	0.105	0.1029	0.201
0.1088	0.1125	0.1011	0.2694
0.0962	0.103	0.0947	0.2202
0.1024	0.0916	0.0911	0.1876
0.0964	0.0954	0.093	0.131
0.0883	0.088	0.0854	0.2861
0.0934	0.0979	0.0908	0.2544
0.1075	0.1107	0.1067	0.2128
0.0842	0.086	0.0818	0.0906
0.1009	0.1068	0.0919	0.1583
0.0975	0.1164	0.0966	0.2536
0.0979	0.0987	0.097	0.1518
0.0942	0.0934	0.0916	0.2713
0.101	0.1025	0.0975	0.1535
0.103	0.0949	0.0913	0.2538
0.0948	0.0996	0.0893	0.1932
0.1096	0.0997	0.0945	0.3034
0.0992	0.109	0.0981	0.3011
0.0991	0.1101	0.0977	0.2518
0.0995	0.1026	0.094	0.2707
0.1076	0.1162	0.1056	0.2373
0.1084	0.1202	0.1046	0.2328
0.1034	0.117	0.1023	0.331
0.0949	0.1028	0.0939	0.2197
0.1094	0.1106	0.1081	0.1461
0.0982	0.1029	0.0895	0.2355
0.1028	0.103	0.0983	0.2817
0.0783	0.0771	0.0714	0.1123
0.0956	0.0872	0.0864	0.1978
0.1005	0.1037	0.0939	0.2255
0.0775	0.076	0.0713	0.2356
0.0964	0.1078	0.096	0.3597
0.0938	0.0968	0.0884	0.2859
0.085	0.089	0.0838	0.2663
0.1055	0.0975	0.0945	0.1748
0.0938	0.1024	0.092	0.2247
0.1095	0.1191	0.1003	0.2606
0.0975	0.0966	0.0945	0.1328
0.1002	0.1009	0.089	0.1948
0.0911	0.0875	0.0845	0.1356
0.1064	0.1064	0.0932	0.2857
0.0895	0.088	0.0844	0.1338
0.0863	0.0882	0.0844	0.2352
0.116	0.105	0.1016	0.2723
0.1185	0.1183	0.1146	0.3185
0.0885	0.0904	0.0871	0.272
0.1091	0.1227	0.1085	0.2455
0.0995	0.1006	0.0979	0.1113
0.0967	0.0988	0.0909	0.1864
0.0919	0.1012	0.0892	0.2089
0.1066	0.1066	0.1021	0.2499
0.0997	0.0979	0.0946	0.1501
0.0962	0.1076	0.0939	0.231
0.1118	0.1329	0.1082	0.393
0.0949	0.0959	0.092	0.1646
0.092	0.092	0.0902	0.108
0.0962	0.1002	0.0934	0.1932
0.0753	0.0696	0.0644	0.1542
0.0943	0.0915	0.0894	0.2476
0.089	0.0911	0.0877	0.0921
0.0974	0.0978	0.0954	0.2188
0.1016	0.0946	0.093	0.2285
0.1125	0.1246	0.1113	0.2623
0.1073	0.1134	0.1045	0.2132
0.0926	0.0999	0.0909	0.2863
0.0939	0.1081	0.0924	0.1419
0.0752	0.0712	0.0684	0.1128
0.1137	0.1094	0.0981	0.2231
0.0813	0.0785	0.077	0.1931
0.0816	0.0807	0.0786	0.1839
0.0831	0.0904	0.0816	0.1048
0.1005	0.1027	0.0975	0.2107
0.1051	0.1121	0.103	0.2893
0.0965	0.103	0.0954	0.2031
0.0844	0.0866	0.0838	0.2404
0.0934	0.0943	0.0918	0.1766
0.1057	0.1064	0.1003	0.3107
0.0992	0.0986	0.0949	0.1571
0.0979	0.0968	0.0872	0.2361
0.0842	0.0779	0.0732	0.1747
0.1003	0.1016	0.0972	0.2206
0.1036	0.1229	0.1025	0.3284
0.108	0.1066	0.0986	0.3257
0.0883	0.0986	0.0856	0.2053
0.0847	0.0844	0.0793	0.1618
0.0936	0.089	0.0777	0.2018
0.0916	0.0936	0.0901	0.2432
0.0948	0.099	0.0852	0.2185
0.0936	0.097	0.0914	0.2557
0.1046	0.1051	0.1003	0.1816
0.1067	0.0901	0.0884	0.2539
0.1049	0.0964	0.0902	0.2812
0.125	0.1479	0.1235	0.3104
0.1044	0.1032	0.0978	0.2401
0.0812	0.0825	0.0777	0.2111
0.0936	0.0918	0.0885	0.1365
0.0941	0.1206	0.0924	0.19
0.1045	0.1268	0.1037	0.3008
0.0914	0.094	0.0884	0.123
0.1023	0.1051	0.0991	0.166
0.0847	0.0922	0.0838	0.2238
0.1085	0.0967	0.0944	0.2244
0.0926	0.0979	0.0916	0.1827
0.1017	0.1191	0.1003	0.2795
0.1059	0.1105	0.1013	0.356
0.091	0.0984	0.0888	0.179
0.1139	0.1196	0.1117	0.2773
0.1095	0.1133	0.1033	0.2699
0.1063	0.1009	0.0979	0.152
0.0846	0.0829	0.0796	0.1648
0.093	0.106	0.0899	0.2424
0.1056	0.1131	0.1039	0.2802
0.0951	0.0939	0.0898	0.224
0.0907	0.1003	0.0899	0.1999
0.1132	0.1159	0.1093	0.3185
0.0856	0.0834	0.0826	0.2078
0.0952	0.0936	0.0918	0.205
0.0805	0.0803	0.0771	0.2196
0.0969	0.1029	0.0916	0.1782
0.1066	0.1163	0.1035	0.1629
0.0906	0.0889	0.0886	0.1029
0.1009	0.1035	0.0958	0.1948
0.1051	0.1085	0.1012	0.1896
0.1043	0.0959	0.0949	0.2286
0.1067	0.1067	0.1043	0.2269
0.1228	0.1336	0.1154	0.3567
0.1031	0.111	0.0996	0.2617
0.1076	0.1058	0.1019	0.2822
0.1019	0.1152	0.1011	0.256
0.1032	0.0993	0.0957	0.1906
0.088	0.0845	0.0821	0.2753
0.1002	0.1018	0.0961	0.21
0.1049	0.11	0.1022	0.2897
0.0966	0.1089	0.0945	0.2397
0.07	0.0514	0.0547	0.1048
0.1041	0.1107	0.1012	0.3167
0.1097	0.1105	0.1055	0.2878
0.0913	0.0968	0.0886	0.2285
0.0976	0.0988	0.0964	0.2709
0.0846	0.0934	0.0821	0.2213
0.0916	0.0946	0.0902	0.113
0.1113	0.1224	0.11	0.2773
0.1027	0.1049	0.0964	0.204
0.1042	0.0972	0.0949	0.1549
0.11	0.1131	0.1083	0.2804
0.09	0.0885	0.086	0.2404
0.1165	0.1157	0.1132	0.2714
0.0937	0.1012	0.0921	0.2812
0.1045	0.0985	0.0934	0.3015
0.1008	0.0996	0.0975	0.1654
0.1075	0.1125	0.1074	0.2439
0.1061	0.1062	0.0983	0.2194
0.107	0.1131	0.1034	0.2954
0.0794	0.073	0.07	0.183
0.1064	0.1066	0.1006	0.288
0.1003	0.087	0.0857	0.2513
0.1033	0.1019	0.0992	0.2201
0.0917	0.0946	0.0888	0.229
0.1064	0.1015	0.0962	0.1729
0.0903	0.0964	0.0874	0.2039
0.1072	0.1083	0.1002	0.1949
0.1123	0.1336	0.1114	0.3793
0.094	0.0962	0.0924	0.1201
0.1024	0.1168	0.0997	0.3182
0.0884	0.0893	0.0858	0.215
0.1014	0.11	0.0974	0.2122
0.1048	0.1079	0.1026	0.211
0.0897	0.0949	0.0864	0.249
0.1016	0.1013	0.1	0.1053
0.1118	0.1142	0.105	0.2772
0.1039	0.1155	0.1017	0.3073
0.1014	0.1056	0.0981	0.3148
0.1051	0.1056	0.1021	0.2189
0.1041	0.1008	0.0942	0.2153
0.0967	0.1091	0.0958	0.3114
0.1051	0.1136	0.1015	0.3517
0.0906	0.0791	0.0783	0.1609
0.0969	0.1065	0.0877	0.2482
0.1129	0.1259	0.1128	0.3693
0.1026	0.1006	0.0915	0.269
0.1024	0.0937	0.0898	0.1676
0.0858	0.093	0.0854	0.297
0.1079	0.1055	0.0942	0.2336
0.1051	0.1135	0.1008	0.267
0.082	0.0825	0.0774	0.14
0.0976	0.0984	0.094	0.2793
0.103	0.1032	0.1012	0.125
0.1048	0.0968	0.0944	0.2002
0.0958	0.0982	0.0929	0.2882
0.0855	0.0884	0.0803	0.2098
0.0881	0.0775	0.0737	0.157
0.085	0.0968	0.0832	0.1875
0.0979	0.099	0.0952	0.1277
0.1073	0.1038	0.1025	0.1991
0.1	0.0979	0.091	0.22
0.0871	0.0934	0.0847	0.2087
0.1008	0.107	0.1003	0.309
0.0924	0.09	0.0852	0.2095
0.0937	0.0972	0.0886	0.2413
0.0826	0.096	0.0812	0.1723
0.0897	0.089	0.0853	0.2639
0.0805	0.0845	0.0784	0.2028
0.0985	0.0991	0.0903	0.3212
0.1042	0.0968	0.0921	0.2833
0.1031	0.1125	0.1005	0.3055
0.0973	0.1045	0.096	0.1995
0.0976	0.1013	0.095	0.1619
0.1153	0.1137	0.1063	0.229
0.0999	0.1011	0.0967	0.2221
0.1081	0.1116	0.0994	0.2548
0.1023	0.1042	0.0971	0.2643
0.1202	0.1288	0.1137	0.3607
0.094	0.0983	0.089	0.1255
0.1082	0.1056	0.1001	0.284
0.0767	0.0759	0.0706	0.178
0.0797	0.0757	0.0675	0.1354
0.1117	0.0962	0.0952	0.2458
0.1097	0.1152	0.1028	0.2065
0.1045	0.1042	0.1003	0.1888
0.1021	0.104	0.0988	0.2659
0.102	0.1146	0.101	0.3515
0.0916	0.1082	0.0896	0.2175
0.0974	0.0918	0.0909	0.1298
0.0889	0.0887	0.0857	0.2144
0.1057	0.1133	0.1029	0.2547
0.0885	0.0916	0.0876	0.1719
0.1045	0.1114	0.1016	0.2786
0.1144	0.1233	0.1117	0.331
0.092	0.097	0.0892	0.2635
0.091	0.095	0.0885	0.1564
0.1056	0.1188	0.1003	0.2972
0.0839	0.0836	0.0803	0.1866
0.1031	0.1024	0.0996	0.3385
0.0685	0.0691	0.0652	0.0894
0.0848	0.0891	0.0817	0.2024
0.1029	0.0881	0.0856	0.2929
0.1127	0.1127	0.1043	0.3071
0.1105	0.1218	0.1095	0.2219
0.0946	0.0959	0.0919	0.209
0.1042	0.1081	0.1017	0.2391
0.0964	0.0919	0.0803	0.2908
0.0743	0.0795	0.0735	0.2425
0.1007	0.1028	0.0971	0.1221
0.0939	0.0952	0.0874	0.1535
0.1052	0.0995	0.0953	0.2816
0.1059	0.1001	0.0948	0.1699
0.0731	0.0811	0.0717	0.0905
0.1055	0.112	0.1008	0.242
0.1085	0.1082	0.1039	0.2914
0.0904	0.089	0.0829	0.1643
0.0949	0.0964	0.0924	0.1679
0.1035	0.0968	0.0941	0.1822
0.0913	0.0921	0.087	0.1661
0.0855	0.0882	0.0786	0.1219
0.0928	0.1046	0.0923	0.3038
0.0868	0.0899	0.085	0.1874
0.1018	0.0992	0.0887	0.2224
0.1027	0.1065	0.0964	0.2668
0.1061	0.1012	0.0904	0.2312
0.1165	0.1259	0.1126	0.3194
0.1029	0.1153	0.1022	0.2086
0.0934	0.0919	0.0881	0.2595
0.1163	0.1257	0.1137	0.3494
0.1085	0.1167	0.1057	0.2898
0.1103	0.1042	0.1	0.1736
0.1057	0.1031	0.0997	0.2144
0.0976	0.084	0.0809	0.2254
0.1064	0.1017	0.0982	0.2743
0.0996	0.1096	0.0988	0.2864
0.0516	0.0482	0.0453	0.0616
0.1152	0.112	0.1077	0.2267
0.1083	0.1038	0.0922	0.2331
0.094	0.0918	0.0863	0.1567
0.0944	0.0915	0.0891	0.1807
0.1059	0.0924	0.0922	0.2495
0.1029	0.11	0.0949	0.2308
0.1032	0.1263	0.1023	0.2532
0.0989	0.098	0.0956	0.1601
0.1036	0.0979	0.0952	0.1713
0.0834	0.085	0.0778	0.1646
0.1088	0.1175	0.1071	0.1844
0.0923	0.1	0.089	0.216
0.1022	0.1036	0.0968	0.157
0.1074	0.0996	0.0962	0.2533
0.1018	0.1011	0.0975	0.2919
0.1075	0.115	0.1013	0.2316
0.0906	0.0918	0.0836	0.2078
0.1053	0.1036	0.0973	0.3453
0.0849	0.0833	0.0823	0.1052
0.1084	0.0978	0.0931	0.1885
0.1123	0.1	0.0981	0.2766
0.1135	0.1076	0.1035	0.2587
0.1021	0.0866	0.0772	0.2493
0.1063	0.1141	0.1048	0.3757
0.094	0.1068	0.0922	0.2298
0.0966	0.0943	0.0924	0.1516
0.1048	0.1047	0.0983	0.3012
0.0884	0.0939	0.088	0.2821
0.0916	0.0943	0.0887	0.1195
0.1032	0.1033	0.0958	0.2819
0.1027	0.106	0.0986	0.1329
0.112	0.1271	0.1043	0.3538
0.1056	0.0975	0.0946	0.2061
0.1036	0.116	0.1014	0.1871
0.103	0.1103	0.1012	0.3061
0.0887	0.0883	0.0851	0.2926
0.0945	0.0967	0.0883	0.1735
0.1004	0.0908	0.087	0.2681
0.1115	0.1326	0.1114	0.3372
0.1192	0.1157	0.1064	0.1631
0.078	0.0703	0.0644	0.1147
0.1016	0.1048	0.0947	0.1509
0.1087	0.1094	0.099	0.2615
0.108	0.116	0.1061	0.2991
0.0869	0.0972	0.0844	0.2467
0.0993	0.121	0.0985	0.3089
0.1077	0.0931	0.0902	0.2556
0.1005	0.1033	0.0936	0.2421
0.1049	0.1117	0.1002	0.323
0.1163	0.1215	0.1156	0.3189
0.1045	0.1111	0.099	0.2042
0.1031	0.1061	0.0994	0.308
0.093	0.0916	0.0905	0.1108
0.1095	0.1131	0.1063	0.2257
0.1148	0.1147	0.1036	0.2237
0.0975	0.098	0.0943	0.1655
0.0951	0.0951	0.0902	0.1138
0.1077	0.0982	0.0941	0.2712
0.0995	0.1061	0.0906	0.2159
0.1036	0.1068	0.097	0.292
0.0872	0.0851	0.0829	0.1821
0.1029	0.1074	0.0958	0.2391
0.1009	0.1037	0.0969	0.298
0.1145	0.1297	0.1098	0.3764
0.1092	0.106	0.1	0.298
0.0977	0.0958	0.0941	0.1955
0.0989	0.0978	0.097	0.1644
0.1135	0.1286	0.1122	0.2796
0.1069	0.1103	0.1028	0.2283
0.0936	0.0969	0.0917	0.19
0.091	0.0863	0.0834	0.2072
0.1107	0.1157	0.109	0.1733
0.0971	0.0956	0.0893	0.2602
0.1016	0.107	0.1003	0.1738
0.1118	0.1174	0.1066	0.2735
0.1018	0.1072	0.0981	0.2208
0.0887	0.0886	0.0866	0.232
0.1044	0.1042	0.1013	0.3049
0.1165	0.1132	0.1013	0.3117
0.1016	0.1045	0.0989	0.2002
0.099	0.0997	0.0972	0.245
0.0828	0.0857	0.0813	0.1835
0.1067	0.1089	0.1057	0.189
0.1029	0.1093	0.0997	0.2231
0.1017	0.1087	0.1004	0.355
0.1085	0.1287	0.1055	0.2728
0.1027	0.099	0.0953	0.2316
0.109	0.1052	0.1011	0.183
0.1056	0.1021	0.0956	0.3207
0.1048	0.1089	0.0993	0.2867
0.1136	0.1296	0.1091	0.2979
0.094	0.0999	0.0916	0.2643
0.1044	0.1086	0.1003	0.1688
0.1048	0.098	0.0941	0.185
0.1009	0.1067	0.0969	0.2575
0.1143	0.1116	0.1051	0.2237
0.1089	0.1148	0.1059	0.2233
0.084	0.0837	0.0797	0.1864
0.0886	0.0928	0.0825	0.1829
0.0854	0.0868	0.084	0.1474
0.0884	0.0994	0.086	0.1961
0.1113	0.1189	0.1089	0.3152
0.0878	0.1013	0.0865	0.2305
0.1078	0.1271	0.1069	0.3189
0.1078	0.1187	0.1065	0.2421
0.1087	0.1007	0.1011	0.2667
0.1064	0.1079	0.1042	0.1561
0.1048	0.0997	0.0957	0.2904
0.0977	0.0957	0.0943	0.2907
0.1093	0.1006	0.0921	0.2916
0.1089	0.0993	0.0967	0.2796
0.1171	0.1166	0.1067	0.1948
0.0974	0.0988	0.0926	0.2286
0.095	0.1126	0.0898	0.1798
0.099	0.1006	0.098	0.2325
0.0943	0.1016	0.0934	0.2658
0.0942	0.1024	0.0915	0.2326
0.0924	0.1026	0.0912	0.2157
0.0815	0.0845	0.077	0.134
0.0796	0.0795	0.0776	0.2054
0.1004	0.1061	0.0986	0.1789
0.1096	0.1124	0.1075	0.3932
0.0797	0.066	0.0634	0.1379
0.102	0.092	0.0901	0.2294
0.1084	0.1041	0.0985	0.3169
0.0964	0.1047	0.0905	0.1475
0.0972	0.1039	0.0958	0.3119
0.1057	0.1079	0.1024	0.1956
0.0955	0.0946	0.0903	0.2552
0.065	0.0609	0.0603	0.0717
0.0973	0.0975	0.0958	0.1042
0.1056	0.0969	0.0939	0.2914
0.0963	0.0954	0.0892	0.1103
0.1107	0.1147	0.1035	0.3392
0.0938	0.1065	0.0922	0.3258
0.1133	0.118	0.1121	0.2547
0.0927	0.094	0.0906	0.2424
0.1024	0.0872	0.0848	0.2761
