1.0	1.0	0.9111	1.0058
1.0	1.0	0.938	1.0058
1.0	1.0	0.6331	0.6007
1.0	1.0	1.0	1.0058
1.0	1.0	0.9298	1.0058
1.0	1.0	0.981	1.0058
1.0	1.0	0.4392	0.5928
1.0	1.0	0.5523	0.4986
1.0	0.9982	0.9272	1.0058
0.9944	1.0	0.8484	0.9322
1.0	1.0	0.9673	1.0058
1.0	1.0	0.8362	1.0058
1.0	1.0	0.7865	1.0058
1.0	1.0	1.0	1.0058
1.0	1.0	0.9655	1.0058
1.0	1.0	1.0	1.0058
1.0	1.0	0.8273	0.8597
1.0	1.0	0.9393	1.0058
1.0	1.0	1.0	1.0058
1.0	1.0	0.9784	1.0058
1.0	1.0	0.8574	1.0058
1.0	1.0	0.9703	1.0058
1.0	1.0	1.0	1.0058
1.0	1.0	0.7426	0.7341
1.0	1.0	1.0	1.0058
1.0	1.0	0.9623	1.0058
1.0	1.0	0.3781	0.3472
1.0	1.0	0.9449	1.0058
1.0	1.0	0.882	1.0058
1.0	1.0	0.5407	0.6879
1.0	1.0	0.5104	0.5844
1.0	1.0	1.0	1.0058
1.0	0.9971	0.7258	0.7411
1.0	1.0	0.8293	1.0058
1.0	1.0	0.8794	1.0058
1.0	1.0	1.0	1.0058
1.0	1.0	0.9029	1.0058
1.0	1.0	0.9988	1.0058
1.0	1.0	0.9415	1.0058
1.0	1.0	0.9995	1.0058
1.0	0.9967	0.6978	0.7772
1.0	1.0	0.7128	0.6819
1.0	1.0	1.0	1.0058
1.0	1.0	1.0	1.0058
1.0	0.9948	0.8642	1.0058
1.0	0.9792	0.7146	0.788
1.0	1.0	0.9355	1.0058
1.0	1.0	0.9309	1.0058
1.0	1.0	0.5246	0.7044
1.0	1.0	0.9701	1.0058
1.0	1.0	0.9803	1.0058
1.0	1.0	1.0	1.0058
1.0	1.0	0.9703	1.0058
1.0	1.0	0.9872	1.0058
1.0	1.0	1.0	1.0058
1.0	1.0	1.0	1.0058
1.0	1.0	1.0	1.0058
1.0	1.0	0.6657	0.6228
1.0	1.0	0.8538	0.9011
1.0	1.0	0.7682	0.9532
1.0	1.0	0.6067	0.8104
1.0	1.0	1.0	1.0058
1.0	1.0	0.8243	0.8536
1.0	1.0	0.6432	0.8389
1.0	1.0	0.998	1.0058
1.0	1.0	0.6805	0.6585
1.0	1.0	1.0	1.0058
1.0	1.0	0.9792	1.0058
1.0	1.0	1.0	1.0058
1.0	1.0	0.9902	1.0058
1.0	1.0	0.7026	0.7877
1.0	1.0	0.9517	1.0058
1.0	1.0	0.9295	1.0058
1.0	1.0	0.9923	1.0058
1.0	1.0	0.9422	1.0058
1.0	1.0	0.981	1.0058
1.0	1.0	0.8155	0.9466
1.0	1.0	0.7216	0.9035
1.0	1.0	0.9773	1.0058
1.0	1.0	0.9053	1.0058
1.0	1.0	0.9129	1.0058
1.0	1.0	0.6906	0.6568
1.0	1.0	0.9719	1.0058
1.0	1.0	0.9647	1.0058
1.0	1.0	0.8911	0.9826
1.0	1.0	0.7146	0.8819
1.0	1.0	0.9235	1.0058
1.0	1.0	0.9949	1.0058
1.0	1.0	1.0	1.0058
1.0	1.0	0.7241	0.7
1.0	1.0	0.6909	0.6614
1.0	1.0	0.8317	1.0058
1.0	0.9622	0.7287	0.7225
1.0	1.0	0.342	0.4701
1.0	1.0	0.9991	1.0058
1.0	1.0	1.0	1.0058
1.0	1.0	1.0	1.0058
1.0	1.0	0.9997	1.0058
1.0	1.0	0.8869	1.0039
1.0	1.0	0.6689	0.7407
1.0	1.0	0.9908	1.0058
1.0	1.0	0.9267	1.0058
1.0	1.0	0.9779	1.0058
1.0	1.0	0.8808	0.96
1.0	1.0	0.7165	0.7523
1.0	1.0	0.8567	0.914
1.0	1.0	0.5587	0.4961
1.0	1.0	1.0	1.0058
1.0	1.0	0.9813	1.0058
1.0	1.0	1.0	1.0058
1.0	1.0	0.6715	0.7318
1.0	1.0	0.8531	0.9039
1.0	1.0	1.0	1.0058
1.0	1.0	0.9976	1.0058
1.0	1.0	0.7675	0.7621
1.0	1.0	0.4665	0.3961
1.0	1.0	0.8643	1.0058
1.0	1.0	0.4391	0.6036
1.0	1.0	0.9849	1.0058
1.0	1.0	0.8267	0.8589
1.0	1.0	0.8257	1.0058
1.0	1.0	0.8907	1.0058
1.0	1.0	1.0	1.0058
1.0	1.0	0.937	1.0058
1.0	1.0	0.9763	1.0058
1.0	1.0	0.9652	1.0058
1.0	1.0	0.9973	1.0058
1.0	1.0	0.7758	1.0058
1.0	1.0	1.0	1.0058
1.0	1.0	0.9805	1.0058
1.0	1.0	1.0	1.0058
1.0	1.0	1.0	1.0058
1.0	1.0	0.8068	0.824
1.0	1.0	0.6963	0.8124
1.0	1.0	0.9824	1.0058
1.0	1.0	0.9439	1.0058
1.0	1.0	1.0	1.0058
1.0	1.0	0.5203	0.6358
1.0	1.0	0.9573	1.0058
1.0	1.0	0.7066	0.8374
1.0	1.0	0.997	1.0058
1.0	1.0	1.0	1.0058
1.0	1.0	0.903	1.0049
1.0	1.0	1.0	1.0058
1.0	1.0	0.8449	0.894
1.0	1.0	0.8754	0.954
1.0	1.0	0.9202	1.0058
0.9943	1.0	0.9276	0.9943
1.0	1.0	0.7435	0.8492
1.0	1.0	0.9973	1.0058
1.0	1.0	0.7713	1.0058
1.0	1.0	0.4148	0.4834
1.0	1.0	0.9787	1.0058
1.0	1.0	0.5739	0.684
1.0	1.0	0.7188	0.7026
1.0	1.0	1.0	1.0058
1.0	1.0	0.9974	1.0058
1.0	1.0	0.6919	0.6582
1.0	1.0	1.0	1.0058
1.0	1.0	0.9844	1.0058
1.0	1.0	0.9981	1.0058
1.0	1.0	0.9996	1.0058
1.0	1.0	0.661	0.7373
1.0	1.0	0.9582	1.0058
1.0	1.0	1.0	1.0058
1.0	1.0	1.0	1.0058
1.0	1.0	0.9743	1.0058
1.0	1.0	0.9222	1.0058
1.0	1.0	0.9874	1.0058
1.0	1.0	0.9664	1.0058
1.0	1.0	0.9951	1.0058
1.0	1.0	0.9053	1.0058
1.0	1.0	0.9794	1.0058
1.0	1.0	0.7921	0.8943
1.0	1.0	1.0	1.0058
1.0	1.0	1.0	1.0058
1.0	1.0	1.0	1.0058
1.0	1.0	0.8798	0.9564
1.0	1.0	0.7407	0.8869
1.0	1.0	0.8692	1.0058
1.0	1.0	0.8423	0.9608
1.0	1.0	0.9586	1.0058
1.0	1.0	0.9418	1.0057
1.0	1.0	0.9237	1.0058
1.0	1.0	1.0	1.0058
1.0	1.0	0.9192	1.0058
1.0	1.0	0.7513	0.9588
1.0	1.0	0.7669	0.7646
1.0	1.0	0.9943	1.0058
1.0	1.0	0.9596	1.0058
1.0	1.0	0.9022	1.0058
1.0	1.0	0.9538	1.0058
1.0	1.0	1.0	1.0058
1.0	1.0	0.6318	0.6492
1.0	1.0	0.9754	1.0058
1.0	1.0	0.9998	1.0058
1.0	1.0	0.1391	0.1048
1.0	1.0	1.0	1.0058
1.0	1.0	0.9674	1.0058
1.0	1.0	1.0	1.0058
1.0	1.0	0.9196	1.0058
1.0	1.0	0.5546	0.7363
1.0	1.0	0.9101	1.0058
1.0	1.0	0.9491	1.0058
1.0	1.0	0.8926	1.0058
1.0	1.0	0.4968	0.4741
1.0	1.0	0.99	1.0058
1.0	1.0	0.9983	1.0058
1.0	1.0	1.0	1.0058
1.0	1.0	0.8548	1.0058
1.0	1.0	0.8423	1.0058
1.0	1.0	0.9426	1.0058
1.0	1.0	0.4412	0.4787
1.0	1.0	0.975	1.0058
1.0	1.0	0.8215	0.8513
1.0	1.0	1.0	1.0058
1.0	1.0	0.7825	0.7873
1.0	1.0	0.7	0.9829
1.0	1.0	0.9947	1.0058
1.0	1.0	0.9993	1.0058
1.0	1.0	1.0	1.0058
1.0	1.0	1.0	1.0058
1.0	1.0	0.9736	1.0058
1.0	1.0	1.0	1.0058
1.0	1.0	0.7741	1.0058
1.0	1.0	0.8838	1.0058
1.0	1.0	0.9261	1.0058
1.0	1.0	0.936	1.0058
1.0	1.0	0.8028	0.8177
1.0	0.9886	0.5894	0.8714
1.0	1.0	1.0	1.0058
1.0	1.0	0.9865	1.0058
1.0	1.0	0.9594	1.0058
1.0	1.0	0.99	1.0058
1.0	1.0	0.9312	1.0058
1.0	1.0	0.8485	1.0058
1.0	1.0	0.8667	1.0058
1.0	1.0	1.0	1.0058
1.0	1.0	1.0	1.0058
1.0	1.0	0.9953	1.0058
1.0	1.0	0.9308	1.0058
1.0	1.0	0.826	0.9657
1.0	1.0	0.9619	1.0058
1.0	1.0	0.7413	0.8713
1.0	1.0	0.9812	1.0058
1.0	1.0	0.9458	1.0058
1.0	1.0	0.948	1.0058
1.0	1.0	1.0	1.0058
1.0	1.0	0.7578	1.0058
1.0	1.0	0.9829	1.0058
1.0	1.0	0.7938	0.8026
1.0	1.0	0.875	1.0058
1.0	1.0	1.0	1.0057
1.0	1.0	1.0	1.0058
1.0	1.0	1.0	1.0058
1.0	1.0	0.8493	0.898
1.0	1.0	1.0	1.0058
1.0	1.0	0.5956	0.7434
1.0	0.9867	0.7841	0.9522
1.0	0.964	0.4845	0.6788
1.0	1.0	0.8265	1.0058
1.0	1.0	0.9929	1.0058
1.0	1.0	1.0	1.0058
1.0	1.0	0.861	0.9319
1.0	1.0	0.7814	0.8366
1.0	0.9821	0.3469	0.3759
1.0	1.0	0.9997	1.0058
1.0	1.0	0.61	0.5513
1.0	1.0	0.9238	1.0058
1.0	1.0	0.5568	0.5618
1.0	1.0	0.7447	0.8924
1.0	1.0	0.9515	1.0058
1.0	1.0	0.9981	1.0058
1.0	1.0	0.5378	0.482
1.0	1.0	0.9821	1.0058
1.0	1.0	0.839	0.8811
1.0	1.0	0.825	0.8538
1.0	1.0	1.0	1.0058
1.0	1.0	1.0	1.0058
1.0	1.0	1.0	1.0058
1.0	1.0	0.9963	1.0058
1.0	1.0	0.5921	0.6025
1.0	1.0	0.967	1.0058
1.0	1.0	0.9975	1.0058
1.0	1.0	0.9179	1.0058
1.0	1.0	0.861	0.9575
1.0	1.0	0.6101	0.7014
1.0	1.0	0.415	0.7351
1.0	1.0	0.6464	0.6818
1.0	1.0	0.9613	1.0058
1.0	1.0	0.7378	0.772
1.0	1.0	0.6279	0.6332
1.0	1.0	0.875	1.0058
1.0	1.0	0.857	0.9138
1.0	1.0	0.8351	1.0058
1.0	1.0	0.9129	1.0058
1.0	0.9779	0.746	0.9433
1.0	0.9529	0.2734	0.3395
1.0	1.0	1.0	1.0058
1.0	1.0	0.9724	1.0058
1.0	1.0	0.9724	1.0058
1.0	1.0	0.9722	1.0057
1.0	0.9882	0.6553	0.6536
1.0	1.0	1.0	1.0058
1.0	1.0	0.7031	0.7874
1.0	1.0	1.0	1.0058
1.0	1.0	1.0	1.0058
1.0	1.0	0.9429	1.0058
1.0	1.0	0.9044	1.0058
1.0	1.0	0.6763	0.6385
1.0	1.0	0.9637	1.0058
1.0	1.0	0.8769	0.9512
1.0	1.0	1.0	1.0058
1.0	1.0	0.9678	1.0058
1.0	1.0	0.998	1.0058
1.0	1.0	0.8953	1.0058
1.0	1.0	0.9842	1.0058
1.0	1.0	0.8887	1.0058
1.0	1.0	0.7628	0.9326
1.0	1.0	0.7109	0.834
1.0	1.0	0.9541	1.0058
1.0	1.0	0.7883	0.7962
1.0	1.0	0.8848	1.0058
1.0	1.0	0.6641	1.0058
1.0	1.0	1.0	1.0058
1.0	1.0	1.0	1.0058
1.0	1.0	1.0	1.0058
1.0	1.0	0.9314	1.0057
1.0	1.0	0.2875	0.228
1.0	1.0	0.8744	0.9918
1.0	1.0	0.998	1.0058
1.0	1.0	0.8776	1.0058
1.0	1.0	0.5109	0.4292
1.0	1.0	0.564	0.5858
1.0	1.0	1.0	1.0058
1.0	1.0	0.7386	0.8471
1.0	1.0	0.7742	0.7824
1.0	1.0	0.91	1.0058
1.0	1.0	1.0	1.0058
1.0	1.0	0.9791	1.0058
1.0	1.0	1.0	1.0058
1.0	0.9936	0.7704	1.0058
1.0	1.0	0.9999	1.0058
1.0	1.0	0.5339	0.7616
1.0	1.0	1.0	1.0058
1.0	1.0	1.0	1.0058
1.0	1.0	0.8304	0.8681
1.0	1.0	0.7352	0.9962
1.0	0.9619	0.5031	0.674
1.0	1.0	1.0	1.0058
1.0	1.0	0.6973	0.7542
1.0	1.0	0.9638	1.0058
1.0	1.0	1.0	1.0058
1.0	1.0	1.0	1.0058
1.0	1.0	0.3146	0.2497
1.0	1.0	0.9843	1.0058
1.0	1.0	0.9142	1.0058
1.0	1.0	1.0	1.0058
1.0	1.0	0.952	1.0058
1.0	1.0	0.9975	1.0058
1.0	1.0	0.9297	1.0058
1.0	0.9682	0.7871	0.8744
1.0	1.0	1.0	1.0058
1.0	1.0	1.0	1.0058
1.0	1.0	0.5102	0.4406
1.0	1.0	0.967	1.0058
1.0	1.0	1.0	1.0058
1.0	0.9722	0.5979	0.5553
1.0	1.0	0.7017	1.0058
1.0	0.9975	0.7599	0.7853
1.0	1.0	0.978	1.0058
1.0	1.0	1.0	1.0058
1.0	1.0	1.0	1.0058
1.0	1.0	0.93	1.0058
1.0	1.0	0.9796	1.0058
1.0	1.0	0.8988	1.0058
1.0	1.0	0.8725	0.9504
1.0	1.0	0.9322	1.0058
1.0	1.0	0.8712	0.9426
1.0	1.0	0.9795	1.0058
1.0	1.0	0.9455	1.0058
1.0	1.0	0.9927	1.0058
1.0	1.0	0.7414	0.8764
1.0	1.0	0.9851	1.0058
1.0	1.0	0.8888	1.0058
1.0	1.0	0.9658	1.0058
1.0	1.0	0.9306	1.0058
1.0	1.0	0.9667	1.0058
1.0	1.0	0.9909	1.0058
1.0	1.0	1.0	1.0058
1.0	1.0	0.9899	1.0058
1.0	1.0	0.8547	1.0058
1.0	1.0	0.9342	1.0058
1.0	1.0	1.0	1.0058
1.0	1.0	1.0	1.0058
1.0	1.0	0.9714	1.0058
1.0	1.0	1.0	1.0058
1.0	1.0	0.7043	0.9562
0.9943	1.0	0.9878	0.9943
1.0	1.0	0.6999	0.6669
1.0	1.0	0.9496	1.0058
1.0	1.0	0.9739	1.0058
1.0	1.0	1.0	1.0058
1.0	1.0	0.9778	1.0058
1.0	1.0	1.0	1.0058
1.0	1.0	0.912	1.0058
1.0	1.0	0.9656	1.0058
1.0	1.0	0.7432	0.7571
1.0	1.0	0.6704	0.655
1.0	1.0	0.9726	1.0058
1.0	1.0	0.9595	1.0058
1.0	1.0	0.992	1.0058
1.0	1.0	0.9154	1.0058
1.0	1.0	0.8754	1.0057
1.0	1.0	0.9507	1.0058
1.0	1.0	0.8262	0.9191
1.0	1.0	0.9975	1.0058
1.0	1.0	1.0	1.0058
1.0	1.0	0.9811	1.0058
1.0	1.0	0.6534	0.8238
1.0	1.0	0.9814	1.0058
1.0	1.0	0.4339	0.4726
1.0	1.0	1.0	1.0058
1.0	1.0	0.9753	1.0058
1.0	1.0	0.9878	1.0058
1.0	1.0	0.9509	1.0058
1.0	1.0	0.8204	1.0058
1.0	1.0	0.5637	0.5756
1.0	1.0	1.0	1.0058
1.0	1.0	0.8433	0.896
1.0	1.0	0.8261	0.8555
1.0	0.984	0.8019	1.0058
1.0	1.0	0.8704	0.9385
1.0	1.0	1.0	1.0058
1.0	1.0	1.0	1.0058
1.0	1.0	0.9807	1.0058
1.0	1.0	0.5707	0.6231
1.0	1.0	0.4898	0.4203
1.0	1.0	0.981	1.0058
1.0	1.0	0.8466	1.0058
0.9943	1.0	0.9305	0.9943
1.0	1.0	0.7679	0.765
1.0	1.0	0.9789	1.0058
1.0	1.0	1.0	1.0058
1.0	1.0	0.9859	1.0058
1.0	1.0	0.9149	1.0058
1.0	1.0	0.9018	1.0058
1.0	1.0	0.9571	1.0058
1.0	1.0	0.9285	1.0058
1.0	1.0	0.4028	0.6716
1.0	1.0	0.5879	0.7685
1.0	1.0	1.0	1.0058
1.0	1.0	0.9244	1.0058
1.0	0.977	0.6925	0.7354
1.0	1.0	0.1998	0.156
1.0	1.0	0.9932	1.0058
1.0	1.0	0.7643	0.7605
1.0	1.0	0.9408	1.0058
1.0	1.0	1.0	1.0058
1.0	1.0	0.9941	1.0058
1.0	1.0	0.9763	1.0058
1.0	1.0	0.9253	1.0058
1.0	1.0	0.7465	0.7324
1.0	1.0	0.8313	1.0058
1.0	1.0	0.9747	1.0058
1.0	1.0	0.9943	1.0058
1.0	1.0	1.0	1.0058
1.0	1.0	1.0	1.0058
1.0	1.0	0.725	0.8147
1.0	1.0	0.7605	0.9867
