0.8717	1.0	0.7683	1.0
0.7075	0.5224	0.3765	0.5584
0.8291	0.8105	0.5691	0.5951
0.8119	0.7026	0.5648	0.9128
0.8947	0.9909	0.7867	0.9461
0.8312	0.7285	0.6036	0.7003
0.4425	0.365	0.3057	0.5884
0.7707	0.6907	0.4583	0.4936
0.7637	0.4868	0.4668	0.544
0.8509	0.8923	0.6457	0.9322
0.8814	1.0	0.7938	1.0
0.8287	0.958	0.7061	0.7959
0.7949	0.6812	0.4832	0.6364
0.7598	0.6419	0.4271	0.4466
0.7425	0.6762	0.5672	0.7961
0.8751	1.0	0.8091	1.0
0.7121	0.6805	0.4774	0.8482
0.893	1.0	0.7814	1.0
0.8215	0.7268	0.6659	0.9999
0.7269	0.7127	0.4521	0.4641
0.8412	0.9331	0.6545	0.9356
0.8316	0.8356	0.5927	0.7308
0.8755	0.9313	0.7684	1.0
0.7599	0.744	0.5267	0.7282
0.7116	0.6656	0.356	0.3346
0.7551	0.7387	0.5631	0.6438
0.7368	0.5969	0.3659	0.3424
0.8636	0.9823	0.7453	1.0
0.8575	1.0	0.7435	0.9153
0.3948	0.3042	0.2605	0.4413
0.5905	0.4985	0.3542	0.5807
0.8706	1.0	0.8196	1.0
0.3904	0.238	0.2345	0.3837
0.816	0.8293	0.572	0.8184
0.8176	0.7321	0.6325	0.937
0.8602	0.8201	0.6834	0.9748
0.8647	1.0	0.6722	1.0
0.877	0.903	0.7445	0.9999
0.7815	0.5896	0.4738	0.5026
0.8378	0.7018	0.6361	0.8144
0.721	0.3399	0.3606	0.5874
0.4974	0.4519	0.3655	0.6819
0.7896	0.7108	0.6232	0.9127
0.8415	0.7101	0.6589	0.8824
0.7588	0.4528	0.4253	0.4727
0.6186	0.3144	0.2661	0.4643
0.7353	0.6732	0.5604	0.87
0.7664	0.7002	0.6607	0.9999
0.7287	0.4894	0.4253	0.7044
0.8394	0.9232	0.6157	0.7316
0.8894	1.0	0.7871	1.0
0.7957	0.7214	0.6438	1.0
0.7771	0.7287	0.5575	0.7056
0.9085	1.0	0.8581	1.0
0.8838	0.894	0.7609	1.0
0.815	0.747	0.5802	0.7276
0.9038	1.0	0.8517	1.0
0.3851	0.2576	0.1614	0.236
0.7048	0.6379	0.4451	0.7197
0.8788	0.9947	0.7368	0.946
0.4799	0.3957	0.3405	0.6983
0.8875	0.9494	0.7743	1.0
0.8288	0.7808	0.5588	0.5287
0.5887	0.3754	0.2822	0.4041
0.7396	0.5806	0.5583	0.7623
0.8716	0.9377	0.6812	0.6585
0.815	0.7421	0.6467	1.0
0.8654	0.7451	0.6893	0.7964
0.8875	0.9556	0.7884	1.0
0.8039	0.8596	0.5112	0.4841
0.6956	0.4559	0.3554	0.558
0.8776	1.0	0.7467	0.9886
0.8463	0.6941	0.6118	0.7713
0.9084	1.0	0.8636	1.0
0.7598	0.5008	0.4484	0.6643
0.85	0.8332	0.6787	1.0
0.8878	1.0	0.7501	0.9425
0.8198	0.6228	0.5278	0.8844
0.8613	1.0	0.8399	1.0
0.8831	1.0	0.7739	1.0
0.8757	1.0	0.7336	1.0
0.8586	0.9178	0.6198	0.6524
0.9022	1.0	0.8454	1.0
0.9049	1.0	0.8346	1.0
0.8602	0.964	0.7189	0.976
0.4535	0.3437	0.3004	0.5971
0.7307	0.5062	0.4166	0.5432
0.8718	1.0	0.8481	1.0
0.8654	0.9334	0.7402	0.8541
0.8771	0.9684	0.6762	0.6979
0.8356	0.8616	0.5968	0.6607
0.7954	0.8065	0.622	0.7246
0.5096	0.1954	0.1886	0.2372
0.5438	0.3709	0.2938	0.4634
0.8921	1.0	0.8102	1.0
0.8947	1.0	0.8579	1.0
0.8564	1.0	0.8162	1.0
0.7705	0.6787	0.6019	0.9056
0.905	1.0	0.837	1.0
0.6747	0.4401	0.3504	0.5149
0.8784	0.9289	0.7519	1.0
0.7921	0.8528	0.5773	0.7678
0.9115	1.0	0.8892	1.0
0.5468	0.4713	0.33	0.6264
0.8483	0.9204	0.6316	0.7398
0.7356	0.532	0.3976	0.3411
0.8267	0.8228	0.5014	0.493
0.8893	1.0	0.7787	1.0
0.8337	0.8351	0.6007	0.725
0.8627	0.8403	0.7087	1.0
0.8043	0.7054	0.5374	0.7263
0.535	0.4793	0.364	0.6389
0.7845	0.6833	0.6497	0.9999
0.804	0.7017	0.6503	1.0
0.6664	0.6289	0.432	0.7588
0.7252	0.5276	0.2877	0.3931
0.8297	0.951	0.736	0.9521
0.4575	0.3916	0.3165	0.5986
0.806	0.8492	0.6383	0.9267
0.4405	0.2355	0.1529	0.1542
0.8159	0.8608	0.6129	0.6872
0.8324	0.9225	0.6995	1.0
0.8647	0.9887	0.7917	0.9859
0.7399	0.6421	0.488	0.6447
0.8841	1.0	0.8172	1.0
0.9	0.9588	0.8134	1.0
0.8493	0.9146	0.7298	0.9158
0.7961	0.7067	0.468	0.5548
0.9065	1.0	0.873	1.0
0.886	1.0	0.7719	0.972
0.7783	0.6802	0.6129	0.8963
0.8373	1.0	0.7525	0.9168
0.6464	0.556	0.3635	0.5465
0.6781	0.5511	0.4288	0.4613
0.9025	1.0	0.8244	1.0
0.6831	0.5906	0.4989	0.6275
0.9066	1.0	0.8557	1.0001
0.6215	0.4186	0.3366	0.6307
0.7948	0.745	0.6052	0.8113
0.6872	0.44	0.3741	0.6283
0.6419	0.4906	0.3986	0.6401
0.8862	1.0	0.7958	0.9943
0.7642	0.7202	0.571	0.8466
0.81	0.6907	0.6499	1.0
0.8731	0.8741	0.6887	0.7515
0.9022	1.0	0.8227	0.9536
0.6998	0.6368	0.5373	0.8579
0.7968	0.5543	0.5138	0.7287
0.8593	0.9582	0.6597	0.8455
0.6204	0.514	0.2945	0.2965
0.8345	0.6169	0.5646	0.8702
0.6136	0.3928	0.3163	0.4834
0.7412	0.6156	0.5192	0.6342
0.5489	0.3191	0.2121	0.2812
0.8192	0.6759	0.517	0.5475
0.8472	0.8594	0.7146	1.0
0.9028	1.0	0.8441	1.0
0.5454	0.463	0.3134	0.582
0.7078	0.5602	0.4768	0.9001
0.7846	0.6098	0.5275	0.7545
0.9014	1.0	0.8288	1.0
0.8829	1.0	0.8134	1.0
0.5826	0.5202	0.3869	0.7332
0.7803	0.8437	0.5498	0.5813
0.8651	0.912	0.7079	1.0
0.8894	1.0	0.8551	1.0
0.8221	0.626	0.581	0.7446
0.8766	0.9798	0.7209	1.0
0.8713	1.0	0.7566	1.0
0.9101	1.0	0.8735	1.0
0.8605	0.8827	0.6911	0.9963
0.8871	1.0	0.7755	1.0
0.7863	0.7457	0.5789	0.7352
0.7143	0.5544	0.4171	0.8143
0.9154	1.0	0.9027	1.0
0.913	1.0	0.8941	1.0
0.8076	0.7391	0.5466	0.66
0.8829	1.0	0.7382	0.9454
0.7847	0.7579	0.4935	0.4992
0.7252	0.5815	0.5348	0.8557
0.8497	0.9058	0.6344	0.9598
0.7864	0.7395	0.4761	0.5284
0.7147	0.5441	0.3532	0.5565
0.6	0.3768	0.3014	0.3797
0.8767	1.0	0.8294	1.0
0.8705	0.9955	0.7227	0.8179
0.8284	0.8059	0.5501	0.5079
0.7834	0.6063	0.4421	0.3975
0.9086	1.0	0.8673	1.0
0.7863	0.7408	0.615	0.8485
0.8937	1.0	0.8144	1.0
0.8991	1.0	0.8437	1.0
0.7642	0.7491	0.5486	0.5118
0.7559	0.6237	0.447	0.5868
0.7246	0.5238	0.4736	0.8566
0.8147	0.9133	0.6699	0.8275
0.5184	0.2369	0.1491	0.1048
0.8242	0.9866	0.6518	0.6693
0.8812	1.0	0.8119	1.0
0.8711	0.9958	0.7957	1.0
0.8696	0.9666	0.6848	0.9889
0.7148	0.4585	0.4136	0.7327
0.8391	1.0	0.7497	1.0
0.8392	0.7896	0.6675	1.0
0.8435	0.6378	0.6095	0.6963
0.7403	0.6378	0.4149	0.4698
0.6998	0.5785	0.5061	0.6134
0.8976	1.0	0.8072	1.0
0.8111	0.8813	0.56	0.6235
0.8317	0.9187	0.6859	0.8174
0.8397	0.9539	0.6909	0.7883
0.7818	0.7666	0.5506	0.6469
0.7542	0.554	0.4024	0.4787
0.8936	1.0	0.7934	1.0
0.7615	0.7222	0.52	0.8452
0.9139	1.0	0.8977	1.0
0.8386	0.8592	0.5921	0.7825
0.8612	0.9788	0.661	0.9763
0.9013	1.0	0.8428	1.0
0.809	0.7053	0.5606	0.9008
0.8467	0.8116	0.6664	0.9758
0.8437	0.7788	0.649	1.0
0.7423	0.5359	0.457	0.5597
0.8947	1.0	0.8476	1.0
0.7837	0.7334	0.5309	0.5422
0.8586	1.0	0.7337	0.9426
0.7988	0.8608	0.6041	0.8987
0.9092	1.0	0.8729	1.0
0.6373	0.5626	0.4063	0.7505
0.4787	0.4018	0.3399	0.7619
0.886	1.0	0.8067	1.0
0.9015	1.0	0.8356	1.0001
0.8196	0.8159	0.6375	0.9906
0.708	0.617	0.3065	0.3148
0.7323	0.6821	0.4652	0.5789
0.843	0.6239	0.5957	0.7432
0.8248	0.6412	0.575	0.7368
0.8324	0.6772	0.6527	0.8942
0.856	0.8328	0.6979	0.9999
0.8214	0.7665	0.637	0.9903
0.8719	1.0	0.7938	1.0
0.8445	0.6959	0.5893	0.8494
0.7859	0.7782	0.5646	0.6363
0.81	0.7024	0.558	0.8373
0.7667	0.8113	0.5784	0.6822
0.9055	1.0	0.8453	1.0001
0.8949	0.9821	0.8077	1.0001
0.7709	0.6512	0.5298	0.6436
0.7652	0.6334	0.4405	0.5096
0.8431	1.0	0.754	0.9478
0.8829	0.9189	0.7286	0.8026
0.8515	1.0	0.7368	0.8931
0.5942	0.4115	0.3771	0.7246
0.913	1.0	0.8912	1.0
0.9082	1.0	0.8688	1.0
0.7647	0.5686	0.4158	0.3447
0.8455	0.8718	0.7087	1.0
0.5398	0.4832	0.3876	0.7388
0.7161	0.4289	0.3753	0.5609
0.4651	0.3604	0.3317	0.6758
0.8344	0.8846	0.6229	0.8169
0.8016	0.6368	0.6011	0.8886
0.8613	0.8138	0.6818	1.0
0.8668	0.9468	0.6994	0.9319
0.6632	0.2895	0.2984	0.3212
0.3571	0.2301	0.2269	0.3707
0.8724	1.0	0.7156	0.8081
0.4671	0.3667	0.3066	0.5505
0.8847	1.0	0.7771	1.0
0.7735	0.5921	0.417	0.5569
0.7711	0.7289	0.484	0.8874
0.8539	1.0	0.8244	1.0
0.8436	0.8519	0.6411	0.7266
0.7226	0.4715	0.3345	0.4776
0.9016	0.9873	0.8476	1.0
0.8682	0.9426	0.6954	0.8491
0.8911	0.9432	0.7659	0.8534
0.8911	1.0	0.8003	0.9711
0.8991	1.0	0.8572	1.0
0.7862	0.7646	0.5421	0.8016
0.8963	1.0	0.8286	1.0
0.7114	0.5817	0.3721	0.5126
0.8332	0.8308	0.6482	0.9727
0.7869	0.6811	0.5654	0.816
0.8865	0.8693	0.7506	1.0
0.8993	1.0	0.8083	0.9558
0.8535	0.8626	0.5953	0.6972
0.4621	0.3407	0.318	0.7301
0.8143	0.6292	0.5012	0.6771
0.8287	0.8834	0.6376	0.8109
0.7471	0.6851	0.5625	0.772
0.7549	0.6466	0.4464	0.6317
0.8972	1.0	0.7962	0.9451
0.8762	0.9908	0.7082	0.8981
0.7727	0.6967	0.4529	0.8413
0.8642	0.8225	0.6566	0.8109
0.5537	0.3114	0.3004	0.5625
0.359	0.2251	0.225	0.3384
0.6951	0.5083	0.4517	0.7677
0.8824	1.0	0.7993	1.0
0.7888	0.8609	0.6185	0.8251
0.8114	0.8268	0.6047	0.7365
0.318	0.1979	0.1918	0.2908
0.8379	1.0	0.7795	0.9784
0.7972	0.7308	0.5129	0.5207
0.8668	1.0	0.7412	1.0001
0.7944	0.6141	0.518	0.9338
0.8861	1.0	0.7639	0.9875
0.7987	0.8164	0.5991	0.8077
0.8652	0.9344	0.6231	0.6351
0.7757	0.7071	0.5259	0.8017
0.6575	0.3786	0.3059	0.2716
0.915	1.0	0.9003	1.0
0.8593	0.9181	0.6794	1.0
0.8733	1.0	0.7562	0.9355
0.7401	0.5497	0.5148	0.7371
0.7928	0.8545	0.6588	0.7996
0.81	0.6203	0.5305	0.7812
0.7748	0.6165	0.4779	0.7226
0.8349	0.6776	0.5569	0.8335
0.8669	0.9482	0.6841	0.9529
0.8007	0.6668	0.4791	0.4087
0.5353	0.403	0.341	0.5156
0.3789	0.2366	0.1925	0.3377
0.8329	0.7951	0.613	0.76
0.8983	1.0	0.8587	1.0
0.8393	0.9657	0.7549	1.0
0.7941	0.7513	0.5441	0.7527
0.5537	0.3416	0.2105	0.2254
0.4383	0.2783	0.279	0.3628
0.9155	1.0	0.9026	1.0
0.8119	0.5228	0.5317	0.719
0.8016	0.6693	0.4722	0.4278
0.6259	0.5084	0.3847	0.4841
0.8831	1.0	0.8267	1.0
0.7829	0.7715	0.5711	0.5959
0.6544	0.4018	0.256	0.2495
0.833	0.9489	0.6559	0.9401
0.8757	0.8729	0.741	1.0
0.7548	0.7254	0.562	0.6561
0.9006	1.0	0.8552	1.0
0.7606	0.5127	0.4394	0.7814
0.8808	1.0	0.763	0.9178
0.4594	0.3461	0.3273	0.7564
0.7328	0.7119	0.3924	0.3436
0.883	0.9652	0.7629	1.0
0.8866	1.0	0.7269	0.8646
0.7524	0.6181	0.3839	0.4277
0.4653	0.3844	0.3387	0.665
0.8804	0.8626	0.745	1.0
0.7835	0.7505	0.526	0.6234
0.6041	0.4734	0.2967	0.4314
0.9009	1.0	0.858	1.0
0.6916	0.5088	0.4582	0.7092
0.6281	0.4369	0.254	0.2493
0.8113	0.8685	0.5903	0.7354
0.8336	0.6504	0.5732	0.7255
0.9035	1.0	0.8577	1.0
0.7484	0.6622	0.6162	0.8696
0.9161	1.0	0.9015	1.0
0.8792	1.0	0.73	0.9762
0.6722	0.313	0.3163	0.3569
0.8656	1.0	0.8113	1.0
0.8597	1.0	0.839	1.0
0.7681	0.6643	0.4273	0.4406
0.8243	0.7119	0.5911	0.634
0.8585	1.0	0.8161	1.0
0.1931	0.1472	0.1358	0.2926
0.5804	0.3759	0.3207	0.6603
0.3568	0.1889	0.1924	0.2681
0.9083	1.0	0.8563	1.0
0.7684	0.7007	0.4574	0.4527
0.8822	0.9309	0.7613	1.0
0.8224	0.9098	0.707	0.9914
0.8512	1.0	0.8227	1.0
0.8706	0.74	0.6919	0.8683
0.882	1.0	0.765	0.9443
0.8898	0.9641	0.7633	1.0
0.8818	1.0	0.697	0.74
0.8215	0.9075	0.6672	0.852
0.7749	0.5457	0.4773	0.6809
0.7467	0.7523	0.5213	0.5405
0.784	0.557	0.4673	0.735
0.8909	1.0	0.8047	1.0
0.8365	0.9932	0.7096	1.0
0.8519	1.0	0.8249	1.0
0.6445	0.4615	0.3501	0.4302
0.7688	0.4801	0.4694	0.5397
0.7574	0.6273	0.5269	0.7333
0.7741	0.6933	0.6272	0.8907
0.8874	1.0	0.7867	1.0
0.8637	1.0	0.7121	0.8313
0.7982	0.8154	0.6216	0.8605
0.8302	0.947	0.6693	0.9657
0.6133	0.4621	0.3949	0.6879
0.9116	1.0	0.8787	1.0001
0.8491	1.0	0.7194	0.9997
0.7189	0.5085	0.3774	0.5637
0.8329	0.743	0.6517	0.9738
0.8494	0.8201	0.6031	0.6633
0.816	0.6066	0.5474	0.5824
0.7088	0.5978	0.5065	0.6629
0.8656	1.0	0.8491	1.0
0.8803	1.0	0.8295	1.0
0.8818	1.0	0.8503	1.0
0.7669	0.6732	0.5086	0.5792
0.8689	1.0	0.7562	1.0
0.7844	0.7294	0.4912	0.7547
0.6879	0.6179	0.4596	0.655
0.8629	0.9852	0.7469	0.8896
0.5735	0.4591	0.385	0.4982
0.8348	0.887	0.6838	0.7405
0.8332	0.9345	0.6159	0.8445
0.8476	0.9659	0.6844	0.967
0.8221	0.5902	0.5432	0.5981
0.759	0.7142	0.5057	0.7861
0.7397	0.6698	0.4454	0.3757
0.8782	0.8799	0.744	1.0
0.9013	1.0	0.8385	1.0
0.686	0.4658	0.3396	0.4617
0.6065	0.4244	0.2992	0.3406
0.663	0.5186	0.334	0.4698
0.9019	1.0	0.8633	1.0
0.7548	0.6686	0.5614	0.7795
0.8869	1.0	0.838	1.0
0.8982	1.0	0.8239	1.0
0.8469	0.8454	0.6044	0.7633
0.7818	0.655	0.4441	0.5347
0.7846	0.6969	0.4856	0.5054
0.7506	0.7473	0.5542	0.8894
0.8308	0.8823	0.5551	0.8555
0.6886	0.3801	0.341	0.5747
0.7266	0.7205	0.4963	0.8047
0.8456	0.7694	0.6754	1.0
0.8518	0.8149	0.668	1.0
0.8617	1.0	0.8355	1.0
0.7592	0.5247	0.4169	0.6194
0.7972	0.7274	0.441	0.42
0.5975	0.4921	0.414	0.6517
0.8504	0.9774	0.6979	0.7998
0.7587	0.4978	0.447	0.6486
0.5958	0.3109	0.2659	0.2916
0.8556	1.0	0.8409	1.0
0.7901	0.8603	0.5015	0.4825
0.8176	0.9169	0.6483	0.7482
0.9079	1.0	0.8465	1.0
0.865	0.9738	0.7099	0.9122
0.7555	0.6921	0.5178	0.8644
0.651	0.5788	0.4042	0.5355
0.4734	0.3502	0.3236	0.6662
0.7795	0.5531	0.4775	0.7685
0.9013	1.0	0.8658	1.0
0.8834	1.0	0.7721	1.0
0.5544	0.2639	0.2322	0.4268
0.3633	0.2366	0.1459	0.1541
0.8845	1.0	0.7683	1.0
0.8729	0.9296	0.6881	0.7548
0.7976	0.6177	0.5743	0.791
0.8362	0.9195	0.6523	0.7065
0.8921	1.0	0.8474	1.0
0.6727	0.5317	0.3776	0.5244
0.8735	1.0	0.6908	0.777
0.8032	0.705	0.5207	0.5794
0.8546	0.9858	0.6908	0.7679
0.7859	0.5915	0.5742	0.7435
0.7855	0.8621	0.5791	0.6189
0.7945	0.6042	0.5206	0.879
0.8739	1.0	0.7907	1.0
0.8164	0.6248	0.5135	0.7632
0.8696	1.0	0.6966	0.9808
