0.2291	0.1954	0.1869	0.4912
0.3126	0.3409	0.2875	0.5584
0.118	0.1062	0.0997	0.2642
0.1916	0.1878	0.1811	0.39
0.1503	0.1667	0.1448	0.4056
0.2322	0.2234	0.2084	0.4936
0.2803	0.2888	0.2611	0.5884
0.1743	0.1818	0.1633	0.4016
0.1685	0.1821	0.1625	0.4807
0.1564	0.1514	0.144	0.4053
0.2105	0.1958	0.1841	0.5518
0.0868	0.0837	0.0807	0.1054
0.1549	0.1672	0.1543	0.4674
0.1592	0.1487	0.1427	0.4466
0.2899	0.2789	0.2585	0.4824
0.2257	0.2002	0.1879	0.5039
0.3271	0.3416	0.313	0.722
0.2179	0.247	0.205	0.4275
0.2012	0.2525	0.1897	0.489
0.2304	0.26	0.2063	0.4641
0.1897	0.1962	0.1783	0.3319
0.1788	0.1737	0.1597	0.4654
0.2482	0.2559	0.2379	0.554
0.2579	0.3054	0.2559	0.6588
0.1344	0.1396	0.1274	0.3346
0.2691	0.2982	0.2627	0.5793
0.1334	0.1304	0.1177	0.3424
0.1965	0.188	0.1772	0.5432
0.1445	0.1429	0.1332	0.2693
0.2339	0.2534	0.2167	0.4413
0.1991	0.2171	0.1927	0.5756
0.2026	0.189	0.1766	0.5056
0.1631	0.1613	0.1471	0.3837
0.2172	0.2488	0.2057	0.4117
0.1771	0.1604	0.1517	0.3013
0.2617	0.285	0.2469	0.5572
0.257	0.2734	0.2367	0.5428
0.1342	0.1422	0.1271	0.3507
0.2007	0.1691	0.161	0.5026
0.1599	0.1712	0.1524	0.4695
0.1649	0.1774	0.1527	0.3213
0.3277	0.3353	0.3095	0.6819
0.1665	0.1319	0.123	0.2512
0.1644	0.1287	0.1259	0.3771
0.128	0.1421	0.1242	0.4237
0.1259	0.1154	0.11	0.4084
0.3066	0.3061	0.2875	0.603
0.2073	0.1832	0.1796	0.5477
0.2828	0.3019	0.2695	0.6675
0.251	0.2584	0.2258	0.4877
0.2082	0.1756	0.1702	0.4301
0.2635	0.3117	0.2565	0.5367
0.3009	0.3426	0.2967	0.7049
0.1648	0.1892	0.1632	0.4602
0.1139	0.0975	0.0944	0.1594
0.1873	0.1931	0.1729	0.3688
0.1738	0.178	0.1678	0.4901
0.1499	0.1491	0.131	0.236
0.3275	0.3276	0.3061	0.7189
0.0901	0.0754	0.0728	0.1743
0.2902	0.3175	0.2731	0.6893
0.125	0.1225	0.1203	0.2114
0.1588	0.1436	0.1391	0.2882
0.1882	0.1966	0.1701	0.4041
0.216	0.2295	0.2064	0.4658
0.1571	0.1588	0.1409	0.2678
0.266	0.313	0.2595	0.5489
0.1331	0.1192	0.1154	0.3362
0.1431	0.1227	0.115	0.2544
0.2054	0.2156	0.1914	0.4841
0.2753	0.3132	0.2632	0.558
0.2484	0.2578	0.2078	0.564
0.1826	0.181	0.1622	0.4109
0.1757	0.1816	0.1578	0.5137
0.1382	0.1473	0.1265	0.2713
0.1881	0.1807	0.1682	0.5042
0.122	0.1231	0.1165	0.3769
0.2433	0.2687	0.2211	0.4971
0.1566	0.1355	0.1311	0.3034
0.1606	0.1674	0.152	0.345
0.2203	0.2129	0.1985	0.4954
0.1481	0.1484	0.1344	0.2707
0.1669	0.1688	0.1632	0.3838
0.1707	0.1911	0.1693	0.5825
0.1957	0.1781	0.1719	0.4407
0.25	0.2796	0.2349	0.5654
0.1876	0.181	0.1685	0.431
0.1287	0.12	0.1132	0.2355
0.1496	0.1388	0.1318	0.3042
0.088	0.0889	0.0781	0.1123
0.1467	0.1565	0.1363	0.252
0.2022	0.2071	0.1858	0.5053
0.1342	0.1322	0.1173	0.2372
0.1389	0.1348	0.1271	0.3698
0.136	0.1512	0.1249	0.2859
0.1363	0.121	0.1142	0.3436
0.238	0.2349	0.2185	0.4375
0.2616	0.2774	0.2504	0.5132
0.1656	0.1619	0.1584	0.3868
0.2664	0.2953	0.2529	0.5149
0.1356	0.1519	0.1298	0.3248
0.2804	0.2736	0.2668	0.4827
0.1457	0.1271	0.1222	0.2857
0.3319	0.3167	0.3073	0.6264
0.1343	0.1314	0.1172	0.406
0.1613	0.1488	0.1411	0.3411
0.165	0.1778	0.1529	0.3667
0.1348	0.1139	0.1106	0.3729
0.1754	0.1731	0.1606	0.442
0.1907	0.2007	0.1792	0.3681
0.1285	0.1205	0.1106	0.4042
0.3311	0.3008	0.2995	0.6389
0.1592	0.1568	0.1444	0.3886
0.1522	0.1564	0.1414	0.3968
0.327	0.3514	0.3115	0.7576
0.1413	0.1424	0.1402	0.393
0.1732	0.1555	0.1489	0.316
0.288	0.2918	0.2725	0.5986
0.2968	0.3328	0.2899	0.6391
0.0978	0.0887	0.0806	0.1542
0.1406	0.1413	0.1334	0.2967
0.2317	0.2505	0.2207	0.561
0.1496	0.1415	0.1347	0.3429
0.3143	0.3444	0.2954	0.6134
0.1986	0.2007	0.1716	0.5687
0.1699	0.1737	0.1677	0.4677
0.2483	0.2663	0.2434	0.5135
0.1711	0.1768	0.1632	0.4774
0.0913	0.0764	0.0741	0.1128
0.2091	0.2069	0.1768	0.394
0.1302	0.1059	0.0997	0.1931
0.1174	0.0868	0.0855	0.1839
0.3013	0.3285	0.2928	0.5465
0.1592	0.1377	0.1291	0.3524
0.1635	0.186	0.1571	0.4056
0.2714	0.3033	0.2657	0.5332
0.1383	0.1301	0.1233	0.3831
0.2584	0.276	0.2442	0.5998
0.2272	0.2122	0.1986	0.3364
0.2331	0.2573	0.2209	0.4474
0.1566	0.1501	0.1334	0.2361
0.1356	0.1368	0.1146	0.1747
0.2921	0.2909	0.2718	0.5239
0.2277	0.2568	0.2128	0.4708
0.1201	0.1052	0.1027	0.3257
0.1385	0.1403	0.1342	0.2662
0.3149	0.3259	0.2994	0.6561
0.0971	0.0962	0.0858	0.2018
0.1255	0.1058	0.1041	0.3694
0.1908	0.1772	0.1594	0.2965
0.2312	0.2574	0.2165	0.4708
0.2644	0.2654	0.2432	0.4834
0.1845	0.2061	0.1597	0.3313
0.1525	0.1499	0.1341	0.2812
0.1546	0.1556	0.1403	0.3964
0.2973	0.3444	0.2925	0.7515
0.1153	0.1222	0.1089	0.2111
0.2971	0.3378	0.2818	0.582
0.2151	0.232	0.2062	0.5557
0.2325	0.2437	0.2142	0.4765
0.1552	0.159	0.1453	0.4196
0.202	0.1826	0.1728	0.5214
0.2284	0.2499	0.2222	0.5594
0.259	0.2659	0.2352	0.4666
0.1367	0.1419	0.1313	0.36
0.1421	0.1428	0.1374	0.4138
0.1483	0.1503	0.1383	0.356
0.2219	0.2215	0.1973	0.5538
0.2303	0.1965	0.1863	0.5416
0.1585	0.1514	0.1442	0.3887
0.1968	0.1745	0.1641	0.4208
0.1963	0.1908	0.1724	0.4815
0.2966	0.3326	0.2929	0.7251
0.3241	0.3583	0.3111	0.8127
0.1446	0.16	0.1377	0.3863
0.1469	0.124	0.1184	0.2803
0.2001	0.207	0.1854	0.4271
0.2225	0.23	0.2013	0.4204
0.1703	0.1634	0.156	0.3743
0.1282	0.1282	0.1138	0.2196
0.1776	0.1711	0.1578	0.3636
0.2091	0.176	0.1675	0.5278
0.312	0.3358	0.2879	0.5565
0.1571	0.1423	0.1387	0.3797
0.1582	0.1579	0.1491	0.4785
0.1919	0.1635	0.1495	0.2286
0.1414	0.1173	0.1138	0.3035
0.1559	0.1223	0.117	0.3975
0.1688	0.1644	0.1502	0.3587
0.2497	0.2439	0.2195	0.4111
0.1532	0.1759	0.1504	0.4158
0.1677	0.1691	0.1575	0.4308
0.1265	0.1051	0.1022	0.276
0.2571	0.2718	0.2441	0.585
0.2031	0.2148	0.1919	0.4591
0.2608	0.2774	0.2539	0.5846
0.0822	0.0637	0.062	0.1048
0.1743	0.1727	0.159	0.3167
0.1782	0.1967	0.1704	0.5254
0.2369	0.2591	0.2305	0.5543
0.2415	0.2548	0.2264	0.4729
0.2876	0.3067	0.2726	0.6879
0.2087	0.2063	0.1886	0.5205
0.2045	0.1912	0.178	0.5371
0.1849	0.1757	0.166	0.4882
0.1658	0.1618	0.1555	0.4605
0.2487	0.2427	0.2201	0.3796
0.1226	0.1307	0.1124	0.2404
0.2445	0.2687	0.2299	0.4864
0.1842	0.1939	0.1678	0.4434
0.1202	0.1212	0.1154	0.3015
0.2148	0.2409	0.196	0.5216
0.2241	0.2373	0.2099	0.4787
0.1876	0.1668	0.1622	0.3774
0.3041	0.3206	0.2877	0.6085
0.0913	0.0982	0.0883	0.183
0.2089	0.2273	0.1968	0.4093
0.1022	0.0926	0.0909	0.2943
0.1586	0.1521	0.1472	0.3463
0.1904	0.1906	0.1813	0.3863
0.2297	0.2525	0.214	0.4525
0.2939	0.3289	0.2907	0.6743
0.2121	0.1765	0.1684	0.4588
0.1837	0.2058	0.174	0.475
0.1376	0.138	0.1247	0.3518
0.2368	0.2222	0.2069	0.4733
0.3014	0.2991	0.2796	0.597
0.1566	0.1471	0.1411	0.415
0.3353	0.3226	0.3104	0.75
0.281	0.3106	0.2659	0.6211
0.1604	0.1633	0.1507	0.4312
0.1582	0.1652	0.1552	0.4739
0.2535	0.2134	0.1984	0.4782
0.1977	0.1896	0.174	0.3148
0.2894	0.3217	0.2698	0.5789
0.2078	0.198	0.1767	0.4113
0.143	0.1494	0.1391	0.3114
0.175	0.1794	0.1568	0.3517
0.1586	0.1625	0.1524	0.4113
0.2125	0.1798	0.1686	0.3708
0.1816	0.1948	0.171	0.4708
0.178	0.1848	0.1556	0.269
0.2876	0.2908	0.2571	0.4978
0.1281	0.0995	0.0991	0.3382
0.267	0.2547	0.2347	0.3981
0.1668	0.1673	0.1639	0.4333
0.1651	0.1795	0.1517	0.5049
0.1778	0.1743	0.1625	0.2793
0.1615	0.167	0.1518	0.4435
0.1728	0.1533	0.1475	0.3297
0.1249	0.0978	0.0971	0.2884
0.1297	0.1257	0.111	0.2098
0.1312	0.1258	0.1144	0.157
0.1306	0.102	0.1	0.1875
0.1608	0.1634	0.1476	0.3881
0.1482	0.1168	0.1143	0.3447
0.295	0.3469	0.292	0.655
0.2125	0.2226	0.2026	0.5668
0.1196	0.1124	0.1099	0.309
0.2963	0.3124	0.2791	0.6758
0.1636	0.1773	0.1424	0.2413
0.2388	0.2672	0.2313	0.5636
0.2515	0.2561	0.2416	0.5425
0.125	0.1254	0.1154	0.2675
0.1738	0.1659	0.1522	0.3212
0.2243	0.2169	0.2025	0.3707
0.1481	0.1527	0.1298	0.3055
0.3113	0.3106	0.2836	0.5505
0.1596	0.1677	0.1507	0.5055
0.167	0.1738	0.1569	0.5254
0.1832	0.2059	0.1746	0.3234
0.1666	0.1334	0.1322	0.3879
0.1413	0.1584	0.1328	0.3576
0.1501	0.1545	0.1484	0.4769
0.1527	0.1594	0.1455	0.423
0.1481	0.1192	0.1154	0.3441
0.0974	0.0998	0.0904	0.178
0.1088	0.1079	0.0914	0.1354
0.1597	0.1533	0.1417	0.3291
0.2534	0.2633	0.2397	0.4379
0.1711	0.1726	0.1594	0.4101
0.1914	0.2173	0.1833	0.5126
0.2275	0.1796	0.1724	0.3898
0.2981	0.3362	0.2957	0.741
0.1727	0.1695	0.1627	0.4878
0.1407	0.1438	0.136	0.3849
0.1329	0.1406	0.1277	0.3866
0.3254	0.3337	0.3069	0.706
0.2083	0.2277	0.1961	0.4786
0.2225	0.2562	0.2152	0.4629
0.2322	0.2823	0.2263	0.536
0.2762	0.2929	0.2588	0.6311
0.1523	0.1583	0.1471	0.2972
0.2456	0.2628	0.2308	0.5144
0.3008	0.3571	0.288	0.7697
0.0863	0.0782	0.0773	0.0894
0.2079	0.2021	0.1861	0.4205
0.2364	0.2126	0.2044	0.3384
0.2165	0.1921	0.1853	0.3071
0.1796	0.1907	0.1689	0.5669
0.2875	0.2795	0.2594	0.4755
0.3037	0.3526	0.3	0.7096
0.177	0.1845	0.1562	0.2908
0.1165	0.0921	0.0901	0.2426
0.2132	0.2225	0.1984	0.4178
0.2758	0.3119	0.2693	0.5041
0.2008	0.1927	0.1884	0.4766
0.2319	0.2463	0.2121	0.4472
0.232	0.2472	0.2193	0.5493
0.1393	0.1485	0.1257	0.242
0.3187	0.3457	0.3154	0.8004
0.1355	0.1199	0.1191	0.2716
0.1423	0.1302	0.1239	0.2744
0.2325	0.2185	0.1937	0.5081
0.2091	0.2076	0.1978	0.3595
0.1569	0.1614	0.1489	0.3686
0.2818	0.3113	0.279	0.5643
0.1699	0.1674	0.1517	0.4183
0.107	0.0964	0.0938	0.3107
0.2345	0.2519	0.2214	0.5101
0.2251	0.2289	0.2055	0.3992
0.1547	0.1251	0.1158	0.3976
0.2078	0.1955	0.1918	0.5156
0.1343	0.1366	0.1313	0.3377
0.1825	0.1843	0.1672	0.4401
0.1566	0.1479	0.1424	0.3616
0.2437	0.2769	0.2343	0.4681
0.3213	0.334	0.3193	0.7374
0.1644	0.1489	0.1389	0.2254
0.1837	0.1608	0.1536	0.3628
0.1368	0.138	0.1345	0.3655
0.0613	0.0471	0.0459	0.0616
0.1645	0.1398	0.1346	0.4224
0.1701	0.1825	0.1577	0.4841
0.208	0.2126	0.1947	0.5146
0.1533	0.1484	0.1354	0.2643
0.1339	0.1026	0.0997	0.2495
0.223	0.2405	0.215	0.5666
0.1598	0.1641	0.1483	0.3548
0.2548	0.2933	0.2489	0.5958
0.1501	0.1573	0.1393	0.2966
0.0924	0.0881	0.0873	0.1646
0.1694	0.1695	0.1557	0.3614
0.3083	0.3392	0.2944	0.7499
0.1495	0.1365	0.1322	0.3436
0.1502	0.1101	0.1094	0.2813
0.1922	0.1919	0.1736	0.3943
0.1584	0.1692	0.1442	0.4277
0.2812	0.3038	0.2652	0.6642
0.1535	0.1627	0.1416	0.349
0.2045	0.2107	0.1967	0.4489
0.2823	0.2668	0.248	0.4314
0.1645	0.1589	0.1453	0.3353
0.2265	0.2418	0.2071	0.3656
0.1423	0.1273	0.1151	0.2493
0.2902	0.3169	0.2752	0.522
0.1975	0.1865	0.1689	0.4299
0.1588	0.1615	0.1461	0.4553
0.205	0.2185	0.1894	0.3781
0.1381	0.1189	0.1147	0.3886
0.2529	0.2701	0.2331	0.532
0.1909	0.1802	0.1665	0.3569
0.2042	0.234	0.1925	0.4782
0.2249	0.2272	0.2097	0.3771
0.1657	0.1662	0.1503	0.4045
0.2189	0.198	0.1851	0.4419
0.2455	0.2598	0.2393	0.5251
0.1251	0.1221	0.1188	0.2926
0.2148	0.2043	0.1877	0.478
0.1578	0.1523	0.1383	0.2681
0.1804	0.191	0.174	0.4547
0.1583	0.1556	0.1465	0.4527
0.0905	0.0828	0.0715	0.1147
0.2251	0.2374	0.2078	0.4762
0.1516	0.1439	0.1388	0.3484
0.1857	0.173	0.1634	0.426
0.1394	0.1369	0.1337	0.261
0.1668	0.1549	0.1467	0.3727
0.113	0.0932	0.0914	0.2556
0.2988	0.3518	0.2941	0.6872
0.1409	0.14	0.1322	0.323
0.2298	0.2304	0.2027	0.3914
0.213	0.2381	0.1999	0.3603
0.1472	0.1537	0.1427	0.308
0.2123	0.2303	0.2006	0.5282
0.1754	0.1681	0.1633	0.4138
0.1792	0.1831	0.1671	0.4302
0.1688	0.1752	0.1575	0.5011
0.2837	0.3286	0.2787	0.637
0.2351	0.222	0.2023	0.3477
0.1561	0.1219	0.1212	0.2159
0.1516	0.1155	0.111	0.3013
0.3096	0.3209	0.2893	0.6082
0.2766	0.3061	0.2705	0.6536
0.1781	0.1523	0.1453	0.298
0.1603	0.1703	0.1541	0.3764
0.292	0.338	0.2884	0.7754
0.1276	0.1159	0.1142	0.2877
0.1631	0.1593	0.1508	0.4212
0.1928	0.2128	0.1806	0.4574
0.1536	0.1589	0.1473	0.5141
0.2665	0.3	0.259	0.6047
0.1164	0.1228	0.1095	0.2072
0.184	0.1879	0.1656	0.5161
0.1306	0.1398	0.1274	0.3321
0.2926	0.3181	0.2867	0.5792
0.2054	0.1992	0.1806	0.467
0.318	0.34	0.3041	0.7538
0.2325	0.2608	0.2275	0.579
0.2286	0.2006	0.1884	0.355
0.2027	0.2187	0.1926	0.4852
0.1636	0.1508	0.1428	0.3293
0.2718	0.2684	0.2464	0.4489
0.1825	0.1729	0.1632	0.3343
0.1659	0.1829	0.1563	0.5184
0.3204	0.3445	0.308	0.7536
0.1865	0.1824	0.1587	0.3754
0.1792	0.1895	0.1666	0.399
0.1479	0.145	0.1359	0.311
0.1853	0.1995	0.1687	0.4284
0.1832	0.179	0.1546	0.3406
0.1793	0.1866	0.1726	0.4698
0.1621	0.1384	0.1334	0.3703
0.2926	0.331	0.2819	0.6308
0.1591	0.1722	0.1475	0.4611
0.1746	0.1635	0.1554	0.4262
0.1669	0.1781	0.1612	0.44
0.2053	0.2126	0.1921	0.5345
0.1541	0.1553	0.1464	0.4772
0.2497	0.2916	0.2461	0.6531
0.2924	0.3129	0.2757	0.671
0.1391	0.1395	0.1353	0.2924
0.3256	0.3392	0.3096	0.7285
0.2578	0.2964	0.2415	0.6407
0.2924	0.3209	0.2889	0.6137
0.1616	0.1709	0.1557	0.3721
0.2295	0.2437	0.2208	0.5365
0.1547	0.1088	0.1086	0.3744
0.1942	0.2038	0.185	0.462
0.2086	0.2044	0.1852	0.3483
0.1433	0.1509	0.131	0.2907
0.2172	0.1962	0.1924	0.2916
0.1547	0.1181	0.1143	0.2796
0.1622	0.154	0.1475	0.4739
0.2461	0.2569	0.235	0.4668
0.1616	0.1636	0.1564	0.3724
0.2575	0.2579	0.2314	0.4521
0.3195	0.3268	0.3119	0.6561
0.3068	0.2947	0.2756	0.5355
0.3185	0.3216	0.3008	0.6662
0.2725	0.3018	0.2615	0.6292
0.1093	0.0919	0.0892	0.2054
0.2362	0.2243	0.1961	0.5321
0.1496	0.1255	0.1218	0.4268
0.1112	0.1177	0.0969	0.1541
0.1364	0.1308	0.1249	0.2294
0.2096	0.232	0.1964	0.4511
0.158	0.1726	0.1488	0.4749
0.1301	0.1219	0.1174	0.3119
0.1739	0.162	0.1562	0.409
0.1674	0.1334	0.1326	0.3383
0.0866	0.0692	0.0653	0.0717
0.2418	0.2441	0.2223	0.4538
0.2008	0.1933	0.1746	0.2914
0.1447	0.1514	0.1307	0.3385
0.2452	0.2557	0.2182	0.379
0.1918	0.1986	0.1861	0.4756
0.2099	0.1953	0.1732	0.5078
0.2059	0.2211	0.1926	0.3599
0.1059	0.0929	0.0862	0.283
