0.1687	0.1863	0.1677	0.4212
0.2103	0.2227	0.2072	0.5584
0.1116	0.1062	0.0996	0.2642
0.0972	0.0948	0.0907	0.2217
0.1482	0.1667	0.1448	0.4056
0.1342	0.1566	0.1316	0.3969
0.1555	0.1875	0.1547	0.5156
0.1353	0.122	0.1177	0.3897
0.1575	0.1823	0.1566	0.4807
0.1292	0.1388	0.1248	0.4052
0.172	0.1917	0.1714	0.5518
0.0826	0.0813	0.0747	0.1054
0.1351	0.1504	0.1343	0.4672
0.1515	0.1487	0.1364	0.4466
0.2139	0.228	0.1987	0.4824
0.1711	0.1898	0.1657	0.5039
0.2281	0.2583	0.2192	0.5243
0.1641	0.1326	0.129	0.3755
0.1652	0.1763	0.1643	0.489
0.1619	0.1694	0.1537	0.4641
0.0992	0.0899	0.0883	0.1743
0.1543	0.1737	0.1532	0.4654
0.1387	0.1465	0.1357	0.3201
0.0987	0.0933	0.0861	0.1584
0.1256	0.1354	0.1227	0.3346
0.1828	0.1903	0.1725	0.5233
0.1318	0.1304	0.1175	0.3424
0.1713	0.1929	0.1684	0.4743
0.1298	0.1429	0.1253	0.2693
0.1436	0.149	0.1343	0.4413
0.1556	0.1893	0.1523	0.5145
0.1696	0.189	0.1674	0.5056
0.139	0.1191	0.1171	0.3837
0.1126	0.1112	0.107	0.3165
0.1346	0.1566	0.1316	0.3013
0.1075	0.1113	0.102	0.2323
0.1671	0.1749	0.1594	0.4076
0.1288	0.1422	0.1257	0.3507
0.1432	0.1598	0.14	0.5026
0.1159	0.1321	0.1105	0.3154
0.1119	0.1315	0.109	0.3213
0.206	0.2356	0.2012	0.5011
0.1394	0.1325	0.1229	0.2512
0.1469	0.1287	0.1237	0.3771
0.128	0.1445	0.1242	0.4236
0.1143	0.1154	0.1071	0.4084
0.2206	0.2236	0.2065	0.603
0.1703	0.1784	0.168	0.4862
0.1152	0.1265	0.1115	0.2151
0.1868	0.1808	0.17	0.4877
0.1684	0.1696	0.1646	0.4301
0.1665	0.1761	0.16	0.4251
0.1943	0.1866	0.1775	0.4502
0.1648	0.1892	0.1632	0.4602
0.1113	0.0985	0.0945	0.1594
0.1527	0.1358	0.1226	0.3688
0.1694	0.178	0.1675	0.4901
0.1211	0.1331	0.1148	0.236
0.2152	0.2019	0.1985	0.4463
0.0901	0.0754	0.0728	0.1743
0.1125	0.1132	0.106	0.1594
0.125	0.1225	0.1203	0.2114
0.1479	0.123	0.1197	0.2882
0.1424	0.1238	0.1202	0.403
0.1472	0.1381	0.1294	0.368
0.104	0.1051	0.0992	0.2678
0.16	0.1633	0.1496	0.3751
0.1251	0.1192	0.1107	0.336
0.1417	0.1227	0.115	0.2544
0.1625	0.1802	0.1561	0.4841
0.1371	0.1539	0.1326	0.36
0.182	0.1817	0.1704	0.5236
0.1596	0.1808	0.158	0.4109
0.1588	0.1816	0.1552	0.5137
0.1097	0.12	0.1066	0.2713
0.1576	0.1776	0.1547	0.4778
0.122	0.1231	0.1165	0.3769
0.1257	0.1266	0.1224	0.328
0.1524	0.1371	0.1311	0.3034
0.1556	0.1675	0.152	0.345
0.1417	0.1416	0.1363	0.3143
0.1032	0.1027	0.0962	0.2707
0.1651	0.1688	0.1632	0.3838
0.1691	0.1911	0.1688	0.5825
0.1592	0.1723	0.1564	0.3949
0.1795	0.1904	0.1758	0.5017
0.1544	0.1606	0.1452	0.431
0.1243	0.12	0.1107	0.2355
0.1466	0.1388	0.1304	0.3042
0.0808	0.0753	0.0718	0.1123
0.1024	0.1035	0.0978	0.252
0.1197	0.1345	0.1121	0.3019
0.0845	0.0846	0.082	0.2372
0.1389	0.136	0.1252	0.3697
0.136	0.1489	0.1249	0.2859
0.1328	0.121	0.1142	0.3433
0.167	0.1542	0.1502	0.4375
0.1487	0.1476	0.1381	0.3284
0.1623	0.1706	0.1584	0.3868
0.1419	0.1545	0.1344	0.3911
0.1336	0.1518	0.1298	0.3248
0.2145	0.2113	0.1968	0.4827
0.1403	0.1271	0.119	0.2857
0.2239	0.2169	0.212	0.6264
0.1286	0.1314	0.1166	0.4056
0.1482	0.1331	0.1261	0.3411
0.1366	0.119	0.1183	0.3667
0.1308	0.1139	0.1106	0.3723
0.1627	0.1731	0.1583	0.442
0.1356	0.1623	0.1316	0.3681
0.1148	0.1205	0.1105	0.4042
0.2158	0.2322	0.2102	0.5532
0.1508	0.1467	0.1426	0.3886
0.1478	0.1503	0.1414	0.3968
0.2132	0.2468	0.2104	0.486
0.1403	0.1424	0.1296	0.393
0.1442	0.1516	0.1388	0.316
0.1534	0.189	0.152	0.4643
0.1926	0.1956	0.1785	0.3845
0.0918	0.0829	0.0771	0.1542
0.1209	0.1372	0.1163	0.2967
0.1375	0.1383	0.1293	0.3894
0.1433	0.1415	0.1303	0.3429
0.217	0.2484	0.2106	0.6134
0.1718	0.201	0.1697	0.5687
0.1698	0.1737	0.1677	0.4677
0.1108	0.1064	0.1047	0.2863
0.1344	0.1496	0.1256	0.356
0.0911	0.0764	0.0741	0.1128
0.1574	0.1596	0.1475	0.394
0.1116	0.1074	0.0986	0.1931
0.1173	0.0868	0.0855	0.1839
0.2142	0.2219	0.2036	0.5465
0.138	0.1187	0.1151	0.3524
0.16	0.186	0.1571	0.4056
0.1989	0.1981	0.1841	0.5332
0.1276	0.1301	0.1223	0.3828
0.149	0.166	0.1479	0.4602
0.1699	0.1633	0.1539	0.3364
0.1636	0.1736	0.1576	0.4474
0.1119	0.1162	0.1033	0.2361
0.0868	0.0843	0.0754	0.1747
0.2188	0.2192	0.2021	0.5239
0.1643	0.171	0.1629	0.4274
0.1122	0.1052	0.1027	0.3257
0.1385	0.1403	0.1342	0.2662
0.2253	0.2359	0.2117	0.5973
0.0937	0.0887	0.0813	0.2018
0.1255	0.1058	0.1041	0.3691
0.1372	0.1573	0.13	0.2965
0.1477	0.1313	0.1293	0.3303
0.1573	0.1554	0.1449	0.3563
0.1483	0.1403	0.1309	0.3313
0.1256	0.1199	0.1087	0.2812
0.1407	0.1556	0.1335	0.3964
0.1209	0.1189	0.1092	0.2401
0.1153	0.1222	0.1089	0.2111
0.1938	0.1944	0.1914	0.582
0.1314	0.1258	0.1237	0.3151
0.1262	0.1402	0.1248	0.3697
0.1396	0.159	0.1374	0.4196
0.164	0.1826	0.1612	0.5214
0.1664	0.1947	0.1638	0.4509
0.1719	0.1653	0.1567	0.4666
0.1357	0.1419	0.1311	0.36
0.1339	0.1421	0.131	0.4135
0.1208	0.1267	0.1092	0.356
0.1521	0.1575	0.1495	0.4023
0.1919	0.1965	0.1774	0.5416
0.1581	0.1514	0.1442	0.3887
0.1572	0.1745	0.1497	0.4208
0.1522	0.163	0.1504	0.4598
0.1805	0.1781	0.168	0.4241
0.1634	0.1705	0.1535	0.3897
0.1445	0.16	0.1373	0.3863
0.1469	0.124	0.1184	0.2803
0.1434	0.1558	0.1416	0.4271
0.1344	0.1379	0.1311	0.3998
0.1352	0.1252	0.123	0.3743
0.1148	0.1138	0.1056	0.2196
0.1413	0.1456	0.1337	0.3636
0.1459	0.1674	0.1436	0.5278
0.2105	0.2174	0.2075	0.5565
0.1308	0.146	0.1282	0.3797
0.1484	0.1579	0.1437	0.4784
0.1409	0.1274	0.1252	0.2286
0.1333	0.124	0.1138	0.3035
0.1443	0.1223	0.116	0.3975
0.1565	0.1644	0.1502	0.3587
0.1877	0.1911	0.1725	0.4111
0.1532	0.1759	0.1504	0.4158
0.1607	0.1691	0.1575	0.4308
0.1184	0.1051	0.0985	0.2757
0.1544	0.1671	0.1505	0.4423
0.1367	0.1291	0.1239	0.3486
0.1215	0.1232	0.114	0.2409
0.0777	0.0512	0.0547	0.1048
0.1445	0.1322	0.1217	0.3167
0.1566	0.1945	0.1561	0.4984
0.1498	0.1729	0.1461	0.383
0.1599	0.1227	0.1195	0.324
0.1209	0.1151	0.1123	0.2213
0.1508	0.1518	0.1463	0.4428
0.1732	0.1833	0.1719	0.4953
0.1521	0.1667	0.1503	0.4882
0.1421	0.1415	0.133	0.4605
0.1739	0.1753	0.165	0.3796
0.1184	0.1307	0.1124	0.2404
0.1579	0.1698	0.1529	0.4761
0.1212	0.1111	0.1099	0.3591
0.114	0.1102	0.1056	0.3015
0.176	0.1795	0.1633	0.5216
0.1421	0.1256	0.114	0.3218
0.1577	0.166	0.1549	0.3774
0.2043	0.218	0.1909	0.4018
0.0913	0.0982	0.0883	0.183
0.1383	0.1334	0.1222	0.3857
0.1022	0.0926	0.0909	0.2943
0.1584	0.1521	0.1472	0.3463
0.0937	0.0945	0.0908	0.229
0.1308	0.1302	0.123	0.3213
0.1083	0.1243	0.1051	0.2039
0.1415	0.1586	0.1395	0.4588
0.1508	0.1769	0.1489	0.4749
0.13	0.1248	0.1197	0.3518
0.154	0.1661	0.1513	0.3182
0.225	0.2284	0.2085	0.597
0.1561	0.1471	0.1411	0.415
0.2101	0.2176	0.2011	0.4441
0.1189	0.1304	0.1164	0.249
0.1588	0.1633	0.1498	0.4312
0.1516	0.1652	0.1483	0.4739
0.1961	0.1874	0.1792	0.4782
0.1506	0.1523	0.1396	0.3148
0.1868	0.1834	0.1725	0.5109
0.1572	0.1614	0.1545	0.4113
0.1322	0.1129	0.1121	0.3114
0.1394	0.1538	0.1326	0.3517
0.0963	0.1018	0.084	0.1609
0.1458	0.1351	0.1294	0.2482
0.1719	0.1865	0.171	0.4708
0.134	0.1224	0.1164	0.269
0.2122	0.2156	0.195	0.4978
0.0993	0.0994	0.0971	0.3378
0.1949	0.1973	0.1785	0.3981
0.1618	0.1673	0.1593	0.4333
0.1534	0.1795	0.1489	0.5048
0.1362	0.1246	0.1205	0.2793
0.1393	0.1394	0.1295	0.4217
0.1423	0.1475	0.1364	0.3297
0.121	0.0978	0.0971	0.2883
0.1208	0.1261	0.1085	0.2098
0.0974	0.08	0.0773	0.157
0.1299	0.102	0.1	0.1875
0.157	0.1634	0.1473	0.3881
0.1421	0.1172	0.1125	0.3447
0.1254	0.1221	0.1157	0.22
0.1737	0.1947	0.1724	0.5668
0.1172	0.1117	0.1099	0.309
0.116	0.1134	0.1053	0.2095
0.0996	0.099	0.093	0.2413
0.1483	0.1579	0.1403	0.3241
0.1335	0.141	0.1305	0.3089
0.1208	0.1254	0.1154	0.2675
0.1103	0.1264	0.1064	0.3212
0.117	0.1142	0.1083	0.3707
0.1276	0.1266	0.1165	0.3055
0.2014	0.1989	0.1904	0.5244
0.1533	0.1677	0.1507	0.5054
0.1414	0.1678	0.1409	0.5254
0.1496	0.1449	0.1341	0.3234
0.1615	0.1359	0.1322	0.3879
0.1405	0.1584	0.1325	0.3576
0.1426	0.1545	0.1388	0.4768
0.1502	0.1594	0.1429	0.423
0.1289	0.1118	0.1085	0.3441
0.0969	0.0998	0.0904	0.178
0.0948	0.0801	0.0773	0.1354
0.1521	0.1549	0.1336	0.3291
0.1466	0.1322	0.1269	0.3901
0.162	0.1726	0.1594	0.4101
0.14	0.1632	0.1406	0.4895
0.1786	0.1796	0.1645	0.3898
0.1616	0.1617	0.1495	0.3457
0.1653	0.1736	0.1545	0.4878
0.1347	0.1414	0.1305	0.3848
0.1329	0.1406	0.1277	0.3866
0.1642	0.1813	0.1627	0.4721
0.1304	0.1524	0.1273	0.3763
0.1444	0.1283	0.124	0.35
0.1141	0.1083	0.1024	0.2635
0.1566	0.1731	0.1508	0.4652
0.1512	0.1583	0.1471	0.2972
0.1324	0.1348	0.1267	0.3053
0.1418	0.1506	0.1354	0.3385
0.0826	0.0782	0.0773	0.0894
0.1178	0.1176	0.1144	0.2776
0.1185	0.1455	0.115	0.3384
0.1389	0.1131	0.1113	0.3071
0.1708	0.1907	0.1677	0.5669
0.2032	0.2069	0.1886	0.4755
0.1958	0.1879	0.1765	0.4258
0.0964	0.0826	0.0807	0.2908
0.113	0.0928	0.09	0.2425
0.1389	0.13	0.1254	0.3837
0.11	0.1103	0.1051	0.1535
0.1139	0.1114	0.1053	0.2816
0.1657	0.1557	0.1445	0.4456
0.1606	0.1527	0.149	0.3527
0.1076	0.1072	0.1014	0.242
0.2017	0.2034	0.1799	0.3523
0.1203	0.1224	0.1107	0.2716
0.14	0.1302	0.1239	0.2744
0.1661	0.1745	0.1638	0.5081
0.1347	0.1394	0.1282	0.3595
0.1466	0.1623	0.1439	0.3686
0.184	0.1701	0.1662	0.4421
0.1432	0.1654	0.1408	0.4183
0.1048	0.0964	0.0912	0.3107
0.1178	0.1216	0.1119	0.2668
0.1588	0.1519	0.1408	0.3992
0.1465	0.1251	0.1153	0.3976
0.1721	0.1881	0.1684	0.5156
0.1242	0.1365	0.1209	0.3377
0.1509	0.1314	0.1233	0.4354
0.1462	0.1479	0.1368	0.3616
0.167	0.1695	0.1555	0.4681
0.2223	0.2359	0.2044	0.4603
0.1307	0.0973	0.0967	0.2254
0.1612	0.1528	0.1505	0.3628
0.1366	0.138	0.1345	0.3654
0.0592	0.0489	0.0459	0.0616
0.139	0.1398	0.124	0.4224
0.1378	0.1538	0.1372	0.4841
0.164	0.1804	0.1522	0.5145
0.121	0.1293	0.111	0.2643
0.1324	0.1	0.0958	0.2495
0.1258	0.1196	0.1192	0.2619
0.1519	0.156	0.1393	0.3548
0.1625	0.1822	0.1557	0.451
0.1434	0.1573	0.1374	0.2966
0.0859	0.0885	0.0799	0.1646
0.158	0.1594	0.1476	0.3614
0.1536	0.1577	0.1497	0.351
0.1427	0.1365	0.1292	0.3436
0.1227	0.1101	0.1094	0.2813
0.1275	0.1389	0.1228	0.3487
0.1399	0.15	0.1295	0.4277
0.1123	0.0991	0.0979	0.2288
0.1366	0.1546	0.1345	0.349
0.1276	0.1355	0.1258	0.3857
0.19	0.1977	0.1844	0.4314
0.1562	0.1578	0.141	0.3353
0.1445	0.1319	0.1265	0.3656
0.1226	0.0973	0.0921	0.2493
0.1807	0.2	0.1735	0.4304
0.1568	0.1812	0.1526	0.4299
0.1588	0.1615	0.1461	0.4553
0.1504	0.1241	0.1242	0.3781
0.1319	0.1189	0.1134	0.3881
0.1648	0.1635	0.1547	0.3997
0.1275	0.1442	0.1228	0.3446
0.1518	0.1674	0.1467	0.4782
0.1606	0.1548	0.1393	0.3771
0.1383	0.1193	0.1157	0.4045
0.1385	0.1632	0.1365	0.4419
0.162	0.1706	0.1596	0.3558
0.1077	0.1221	0.1066	0.2926
0.1134	0.1219	0.1096	0.285
0.1159	0.1063	0.1054	0.2681
0.1753	0.191	0.174	0.4547
0.1504	0.1539	0.1396	0.4527
0.0831	0.0688	0.0673	0.1147
0.1526	0.1524	0.1473	0.3974
0.1489	0.1463	0.1388	0.3484
0.1671	0.1786	0.1634	0.426
0.1362	0.1369	0.1303	0.261
0.1599	0.1549	0.1467	0.3727
0.1092	0.0932	0.0914	0.2556
0.196	0.1862	0.1775	0.4018
0.1231	0.117	0.114	0.323
0.1671	0.1703	0.157	0.3914
0.1457	0.1432	0.1311	0.3603
0.1472	0.1537	0.1427	0.308
0.1285	0.1337	0.1218	0.3742
0.166	0.1721	0.1633	0.4138
0.1503	0.1593	0.1425	0.4302
0.1393	0.1644	0.1391	0.5011
0.1717	0.1719	0.1592	0.3931
0.1491	0.1567	0.1434	0.3477
0.1238	0.1254	0.1164	0.2159
0.1231	0.1158	0.1098	0.3013
0.2282	0.2427	0.2125	0.6082
0.12	0.1092	0.109	0.2686
0.1337	0.1308	0.1149	0.298
0.1574	0.1703	0.1541	0.3764
0.1258	0.1106	0.1092	0.3067
0.121	0.1157	0.1141	0.2877
0.1427	0.1401	0.1306	0.4
0.1369	0.1463	0.1349	0.4223
0.1516	0.1589	0.1425	0.5141
0.1751	0.1933	0.1664	0.4835
0.1163	0.1228	0.1095	0.2072
0.1671	0.1879	0.1646	0.5161
0.1305	0.1398	0.1274	0.3321
0.208	0.2023	0.1917	0.5724
0.1504	0.1637	0.1464	0.3553
0.1538	0.1551	0.1486	0.3625
0.1262	0.1391	0.1202	0.246
0.171	0.1623	0.1553	0.355
0.1516	0.1575	0.1461	0.4851
0.1485	0.1508	0.1426	0.3293
0.1968	0.1982	0.1832	0.4489
0.1088	0.109	0.1037	0.1835
0.1558	0.1829	0.1546	0.5184
0.1633	0.166	0.158	0.4019
0.1488	0.15	0.1384	0.3754
0.1608	0.1711	0.1588	0.399
0.1421	0.145	0.1359	0.311
0.1407	0.1265	0.1239	0.3913
0.158	0.1544	0.1441	0.3406
0.1473	0.1633	0.1449	0.4698
0.1595	0.1384	0.1314	0.3703
0.1902	0.1837	0.1742	0.4586
0.151	0.1736	0.1485	0.4611
0.1633	0.1673	0.1554	0.4262
0.1312	0.1359	0.1163	0.3669
0.1483	0.1562	0.1453	0.5345
0.1467	0.1553	0.1413	0.4772
0.1257	0.1154	0.1058	0.1864
0.1386	0.1237	0.1167	0.1829
0.1217	0.1309	0.1177	0.2924
0.2327	0.2364	0.2212	0.5526
0.1714	0.1828	0.1708	0.444
0.1247	0.1238	0.1191	0.2305
0.1588	0.1674	0.1557	0.3721
0.1479	0.1566	0.1409	0.3884
0.1369	0.1059	0.1059	0.3744
0.1492	0.1555	0.1439	0.462
0.116	0.1248	0.1112	0.2904
0.1148	0.1258	0.1116	0.2907
0.1541	0.1723	0.144	0.2916
0.149	0.1197	0.1142	0.2796
0.156	0.154	0.1445	0.4739
0.1378	0.1433	0.1319	0.3706
0.1591	0.1636	0.1564	0.3724
0.1791	0.1803	0.1714	0.4521
0.2092	0.2179	0.1986	0.4313
0.217	0.2204	0.1985	0.5355
0.1454	0.1812	0.1399	0.4099
0.0885	0.0858	0.0801	0.134
0.1033	0.0919	0.0891	0.2054
0.169	0.1886	0.1659	0.5282
0.1384	0.1255	0.1187	0.4268
0.0917	0.0718	0.0709	0.1541
0.106	0.1004	0.0957	0.2294
0.1269	0.1133	0.1065	0.3169
0.1302	0.1336	0.1219	0.3469
0.1194	0.1219	0.1114	0.3119
0.1543	0.1616	0.1476	0.409
0.1274	0.1365	0.1221	0.3383
0.0697	0.068	0.0635	0.0717
0.1704	0.1919	0.1641	0.4538
0.1163	0.1103	0.1019	0.2914
0.1305	0.1301	0.117	0.3385
0.1675	0.1835	0.1592	0.379
0.1021	0.1105	0.0967	0.3258
0.1835	0.1953	0.1702	0.5078
0.1199	0.1196	0.1138	0.3595
0.1059	0.0929	0.0862	0.283
