0.1512	0.1632	0.1503	0.4136
0.1358	0.1386	0.131	0.3473
0.1116	0.1062	0.0995	0.2642
0.0971	0.0948	0.0907	0.2217
0.1366	0.1667	0.1344	0.4056
0.1329	0.1566	0.1316	0.3969
0.1423	0.1608	0.1413	0.4456
0.129	0.122	0.1167	0.3897
0.1312	0.1309	0.1203	0.2846
0.0894	0.0845	0.0829	0.1925
0.1544	0.1862	0.1539	0.4578
0.0816	0.0708	0.0706	0.1054
0.135	0.1504	0.1343	0.4671
0.1437	0.1487	0.1355	0.4466
0.1001	0.1001	0.0943	0.1617
0.1622	0.1792	0.1609	0.3835
0.1338	0.157	0.1309	0.2773
0.153	0.1325	0.129	0.3755
0.1547	0.1728	0.1521	0.489
0.1392	0.1257	0.1227	0.368
0.0982	0.0899	0.0883	0.1743
0.1235	0.1334	0.118	0.3544
0.0977	0.099	0.0923	0.2853
0.0936	0.0933	0.0852	0.1584
0.12	0.1354	0.1176	0.3346
0.1342	0.164	0.1333	0.372
0.1318	0.1304	0.1174	0.3424
0.1666	0.1923	0.166	0.4474
0.1109	0.1065	0.1027	0.2693
0.1433	0.1492	0.1333	0.4413
0.1095	0.1131	0.1065	0.2382
0.1639	0.1788	0.1634	0.5056
0.1213	0.1189	0.1129	0.3837
0.1125	0.1112	0.107	0.3165
0.1127	0.1274	0.1111	0.3013
0.0905	0.0956	0.0865	0.2323
0.1432	0.1442	0.1402	0.3585
0.1151	0.1175	0.1112	0.3507
0.1426	0.1598	0.14	0.5026
0.1144	0.1321	0.1103	0.3154
0.1105	0.1315	0.109	0.3213
0.1664	0.1997	0.1654	0.4751
0.1118	0.1191	0.1081	0.2512
0.1408	0.1194	0.1177	0.3771
0.1253	0.1445	0.1234	0.4236
0.1121	0.1154	0.1057	0.4084
0.085	0.0884	0.081	0.1774
0.1572	0.1784	0.1569	0.4862
0.1055	0.1162	0.0996	0.2151
0.1414	0.1279	0.125	0.3379
0.1635	0.1755	0.162	0.4301
0.1384	0.1522	0.1356	0.4251
0.1267	0.1527	0.1237	0.3532
0.1518	0.1884	0.15	0.4602
0.0948	0.0765	0.0751	0.1594
0.1423	0.1358	0.1207	0.3688
0.1478	0.1722	0.1455	0.4511
0.1018	0.1111	0.0981	0.236
0.1323	0.149	0.1285	0.2993
0.0842	0.0754	0.0727	0.1743
0.093	0.0918	0.0893	0.1594
0.1197	0.104	0.1028	0.2114
0.1364	0.1164	0.1127	0.2882
0.142	0.1238	0.1202	0.403
0.1133	0.1163	0.1104	0.2202
0.104	0.1051	0.0992	0.2678
0.1374	0.1602	0.1349	0.3751
0.1181	0.1192	0.1074	0.3359
0.1367	0.1123	0.1095	0.2544
0.1449	0.1542	0.1316	0.4635
0.1363	0.1323	0.1245	0.36
0.1582	0.1681	0.1541	0.3457
0.1239	0.1289	0.1198	0.4054
0.1556	0.1816	0.1524	0.5137
0.1056	0.12	0.1023	0.2713
0.1486	0.1654	0.145	0.4778
0.122	0.1231	0.116	0.3769
0.098	0.0973	0.0911	0.1932
0.1325	0.1363	0.1256	0.3034
0.1404	0.1608	0.1388	0.345
0.1256	0.1292	0.1193	0.3143
0.1031	0.1027	0.0962	0.2707
0.1651	0.1742	0.1632	0.3838
0.1597	0.1911	0.159	0.5825
0.146	0.1647	0.1443	0.3949
0.1327	0.1227	0.1141	0.2197
0.1435	0.1562	0.1383	0.431
0.1168	0.1086	0.0984	0.2355
0.144	0.1219	0.1185	0.3042
0.0787	0.0753	0.0719	0.1123
0.1018	0.1035	0.0972	0.252
0.1193	0.1345	0.1121	0.3019
0.0843	0.0846	0.0815	0.2372
0.1164	0.1213	0.108	0.3696
0.1286	0.137	0.1219	0.2859
0.1166	0.121	0.1123	0.3431
0.1472	0.1452	0.1347	0.4375
0.1121	0.1129	0.11	0.3284
0.1589	0.1706	0.1567	0.3868
0.1416	0.1551	0.1309	0.3911
0.1083	0.1033	0.0977	0.3248
0.0965	0.0921	0.0847	0.1356
0.1182	0.1173	0.1037	0.2857
0.1522	0.1632	0.1429	0.4216
0.1213	0.1314	0.1166	0.4052
0.1391	0.1222	0.1162	0.3411
0.1347	0.119	0.1183	0.3667
0.1244	0.104	0.1031	0.3717
0.1346	0.1399	0.1268	0.3942
0.1269	0.1413	0.1243	0.3681
0.1148	0.1205	0.1105	0.4042
0.1549	0.1901	0.1514	0.4588
0.1505	0.1493	0.1353	0.3886
0.1477	0.1532	0.1359	0.3968
0.1546	0.1868	0.1532	0.3746
0.1303	0.1424	0.1286	0.393
0.1378	0.1514	0.1356	0.316
0.1374	0.1464	0.1335	0.4149
0.1163	0.1162	0.1136	0.261
0.0875	0.0829	0.0751	0.1542
0.1188	0.1372	0.1163	0.2967
0.1294	0.1383	0.1247	0.3894
0.1346	0.1415	0.1287	0.3429
0.1233	0.1181	0.1144	0.2285
0.168	0.1982	0.1672	0.5652
0.1579	0.1802	0.1576	0.4677
0.0937	0.0999	0.0917	0.2863
0.1344	0.1496	0.1256	0.356
0.0799	0.0835	0.0739	0.1128
0.1469	0.1601	0.1412	0.394
0.094	0.1001	0.09	0.1931
0.1128	0.0868	0.0854	0.1839
0.1421	0.1453	0.1336	0.3423
0.1357	0.1187	0.1145	0.3524
0.1508	0.1862	0.1484	0.4056
0.131	0.1399	0.125	0.2991
0.1265	0.1303	0.1218	0.3825
0.1384	0.166	0.138	0.4602
0.1183	0.1244	0.11	0.3364
0.1249	0.1211	0.1148	0.2852
0.109	0.1162	0.1021	0.2361
0.0851	0.0749	0.0733	0.1747
0.1053	0.1016	0.097	0.2206
0.1423	0.1622	0.1407	0.4188
0.1122	0.1052	0.1027	0.3257
0.1348	0.1403	0.1285	0.2662
0.0848	0.0857	0.0802	0.1618
0.0936	0.0887	0.0812	0.2018
0.1048	0.1058	0.1037	0.3689
0.1095	0.1162	0.103	0.2965
0.0987	0.0964	0.0928	0.2557
0.1526	0.1481	0.1365	0.3563
0.1071	0.0898	0.0885	0.2938
0.1247	0.1199	0.1081	0.2812
0.1376	0.1556	0.133	0.3964
0.1103	0.1065	0.0999	0.2401
0.0833	0.0853	0.0806	0.2111
0.1538	0.1888	0.152	0.4814
0.1305	0.1254	0.1237	0.3151
0.1261	0.1402	0.1247	0.3697
0.1339	0.1522	0.1319	0.4196
0.1595	0.183	0.1581	0.3735
0.0996	0.1059	0.0987	0.242
0.1112	0.0965	0.0949	0.2244
0.1324	0.1419	0.1264	0.36
0.1255	0.1365	0.1239	0.4133
0.1189	0.1267	0.1092	0.356
0.1168	0.1225	0.1123	0.179
0.1544	0.1879	0.1536	0.4347
0.147	0.1514	0.1379	0.3887
0.117	0.1287	0.1148	0.331
0.0933	0.0966	0.0892	0.1648
0.1282	0.141	0.1253	0.3911
0.1215	0.1207	0.1135	0.3455
0.1188	0.1117	0.1063	0.3269
0.139	0.124	0.1184	0.2803
0.1322	0.1558	0.1309	0.4271
0.1282	0.1346	0.1256	0.3995
0.133	0.1252	0.123	0.3743
0.0887	0.0865	0.085	0.2196
0.1128	0.1122	0.1048	0.3345
0.1437	0.1674	0.1428	0.5278
0.1382	0.14	0.1332	0.4068
0.1292	0.146	0.1279	0.3797
0.1448	0.1579	0.1424	0.4783
0.1187	0.1207	0.1125	0.2286
0.1333	0.124	0.1138	0.3035
0.1414	0.1223	0.116	0.3975
0.1562	0.1644	0.1502	0.3587
0.1237	0.1336	0.1208	0.2822
0.1363	0.1597	0.1343	0.3744
0.1054	0.1022	0.1	0.1906
0.1074	0.1051	0.0975	0.2754
0.1416	0.1671	0.1406	0.4423
0.1196	0.1193	0.1111	0.3486
0.1157	0.1232	0.1112	0.2404
0.0756	0.0512	0.0547	0.1048
0.1332	0.1322	0.1187	0.3167
0.1383	0.1596	0.1374	0.4294
0.1	0.1034	0.0963	0.2285
0.12	0.1189	0.1125	0.2709
0.1034	0.1069	0.1008	0.2213
0.1406	0.1518	0.1389	0.4428
0.1548	0.1716	0.1525	0.4893
0.1148	0.1361	0.1108	0.2977
0.1312	0.1346	0.1195	0.396
0.1147	0.1129	0.1116	0.2804
0.115	0.1355	0.1099	0.2404
0.1354	0.1564	0.1343	0.476
0.1146	0.1114	0.1099	0.3589
0.1108	0.1063	0.0983	0.3015
0.1079	0.1092	0.1026	0.1654
0.137	0.1256	0.114	0.3218
0.1413	0.1411	0.132	0.3774
0.1236	0.1323	0.119	0.2954
0.091	0.098	0.0867	0.183
0.1175	0.1334	0.1149	0.3815
0.1022	0.0926	0.0909	0.2943
0.1468	0.1547	0.1437	0.3463
0.0937	0.0945	0.0908	0.229
0.1196	0.1251	0.1157	0.3213
0.0938	0.0938	0.0893	0.2039
0.1404	0.1586	0.1393	0.4588
0.1273	0.1545	0.1255	0.3793
0.1299	0.1248	0.1197	0.3518
0.1352	0.144	0.1324	0.3182
0.0925	0.0938	0.0897	0.215
0.1445	0.1471	0.1352	0.415
0.1552	0.1728	0.1527	0.4428
0.1062	0.1042	0.1021	0.249
0.145	0.1542	0.1404	0.4312
0.1226	0.1142	0.1095	0.3172
0.1156	0.1225	0.1129	0.3073
0.1227	0.1154	0.1109	0.3148
0.1287	0.1259	0.1188	0.2673
0.1116	0.1082	0.1064	0.2153
0.1169	0.1129	0.1112	0.3114
0.1192	0.1309	0.1155	0.3517
0.0932	0.0789	0.0783	0.1609
0.1118	0.1298	0.1094	0.2482
0.1461	0.1582	0.1437	0.3962
0.1096	0.0999	0.0915	0.269
0.104	0.0918	0.0913	0.1676
0.0993	0.0994	0.097	0.3374
0.1087	0.1034	0.1026	0.2336
0.129	0.1521	0.1261	0.267
0.0839	0.0893	0.0806	0.14
0.1201	0.1208	0.1089	0.2793
0.1393	0.1394	0.1295	0.4217
0.134	0.1446	0.131	0.3297
0.1189	0.0978	0.0971	0.2882
0.0973	0.0923	0.0858	0.2098
0.0971	0.0789	0.0773	0.157
0.121	0.102	0.0998	0.1875
0.1549	0.1634	0.1449	0.3881
0.1391	0.1172	0.1125	0.3447
0.1096	0.1221	0.1028	0.22
0.109	0.1099	0.1056	0.3077
0.1166	0.1117	0.1099	0.309
0.0938	0.0912	0.0852	0.2095
0.0995	0.099	0.093	0.2413
0.0941	0.1114	0.091	0.1723
0.0969	0.093	0.0885	0.2846
0.0942	0.0988	0.092	0.2675
0.0997	0.1054	0.0942	0.3212
0.1044	0.1061	0.1008	0.3414
0.1126	0.1151	0.1064	0.3055
0.1696	0.2017	0.1692	0.5244
0.1332	0.1438	0.131	0.3089
0.141	0.1678	0.1409	0.5254
0.1118	0.1136	0.1026	0.3234
0.1385	0.1358	0.1262	0.3879
0.1328	0.149	0.1257	0.3576
0.137	0.1545	0.1364	0.4768
0.1268	0.1194	0.1145	0.4075
0.1128	0.1068	0.1024	0.3441
0.0947	0.0998	0.0898	0.178
0.0894	0.0759	0.0715	0.1354
0.1176	0.0967	0.0962	0.3027
0.1459	0.132	0.126	0.3901
0.1574	0.1732	0.156	0.4101
0.1393	0.1632	0.1406	0.4895
0.1183	0.1199	0.1152	0.3515
0.1186	0.1216	0.1143	0.3456
0.1501	0.1694	0.1475	0.4083
0.1333	0.1414	0.1297	0.3848
0.1284	0.1406	0.1274	0.3866
0.1352	0.1497	0.132	0.2711
0.1254	0.1524	0.1232	0.3763
0.142	0.1257	0.1217	0.35
0.1141	0.1083	0.1024	0.2635
0.1385	0.1652	0.1381	0.4652
0.1383	0.1583	0.1343	0.2972
0.1138	0.1179	0.1107	0.3053
0.1181	0.118	0.1116	0.3385
0.0766	0.0781	0.0711	0.0894
0.1087	0.1174	0.1077	0.2776
0.1029	0.0906	0.0878	0.2929
0.1375	0.1131	0.1113	0.3071
0.1674	0.1918	0.1671	0.5418
0.1076	0.1083	0.1032	0.209
0.1199	0.1426	0.1184	0.3228
0.0964	0.0918	0.0815	0.2908
0.1128	0.0937	0.09	0.2425
0.136	0.13	0.1219	0.3837
0.1016	0.0996	0.0909	0.1535
0.1131	0.1114	0.0981	0.2816
0.1501	0.1482	0.1433	0.4285
0.0794	0.0828	0.0762	0.0905
0.1062	0.1072	0.1014	0.242
0.1173	0.1071	0.1058	0.299
0.1144	0.1224	0.1091	0.2716
0.1358	0.1302	0.1224	0.2744
0.1083	0.1172	0.1049	0.1822
0.0936	0.0921	0.087	0.1661
0.0889	0.0875	0.0818	0.1219
0.1189	0.1129	0.108	0.3314
0.089	0.0885	0.0867	0.1874
0.1048	0.0964	0.0912	0.3107
0.1084	0.1032	0.1008	0.2668
0.1096	0.0921	0.0907	0.2312
0.1402	0.1251	0.1153	0.3976
0.1464	0.1522	0.1374	0.387
0.1231	0.1365	0.1209	0.3377
0.1437	0.1314	0.1229	0.4354
0.1387	0.1479	0.1341	0.3616
0.1468	0.1581	0.1415	0.4681
0.1157	0.1028	0.0998	0.2144
0.1189	0.104	0.0967	0.2254
0.1391	0.1444	0.1294	0.3628
0.1312	0.138	0.1263	0.3654
0.0573	0.0489	0.0459	0.0616
0.139	0.1398	0.124	0.4224
0.1377	0.1538	0.1372	0.4841
0.1052	0.0975	0.0917	0.1567
0.1206	0.1293	0.111	0.2643
0.1245	0.0962	0.0929	0.2495
0.125	0.1198	0.1174	0.2619
0.1502	0.1436	0.128	0.3548
0.1431	0.1681	0.141	0.451
0.1283	0.1491	0.1227	0.2966
0.0846	0.0885	0.0816	0.1646
0.147	0.1311	0.1263	0.3614
0.1152	0.1165	0.1115	0.216
0.1302	0.1365	0.1243	0.3436
0.1131	0.1104	0.1058	0.2813
0.123	0.1389	0.119	0.3487
0.1399	0.15	0.1295	0.4277
0.1015	0.0989	0.0949	0.2288
0.1088	0.1109	0.1004	0.3453
0.1272	0.1355	0.1258	0.3857
0.1314	0.1391	0.13	0.4314
0.1166	0.1	0.0999	0.2766
0.143	0.1374	0.1255	0.3656
0.1127	0.0973	0.0921	0.2493
0.1188	0.1348	0.1173	0.376
0.1147	0.121	0.111	0.38
0.1492	0.161	0.1456	0.4553
0.1224	0.1237	0.1166	0.3545
0.1277	0.1189	0.1134	0.3876
0.1447	0.1428	0.1393	0.368
0.11	0.1131	0.1057	0.3446
0.1459	0.1645	0.1438	0.4782
0.1479	0.1438	0.1292	0.3771
0.1334	0.1193	0.1157	0.4045
0.1372	0.1632	0.1364	0.4419
0.139	0.1613	0.1372	0.3558
0.105	0.1221	0.1033	0.2926
0.1134	0.1219	0.1096	0.285
0.1061	0.109	0.0965	0.2681
0.1585	0.1896	0.1571	0.4547
0.1421	0.1539	0.1376	0.4527
0.0804	0.0669	0.0644	0.1147
0.1437	0.1524	0.1409	0.3974
0.1361	0.1456	0.1329	0.3484
0.1364	0.1457	0.1309	0.3329
0.1088	0.1199	0.1058	0.2467
0.1286	0.1483	0.1258	0.3089
0.1092	0.0932	0.0914	0.2556
0.1087	0.1008	0.098	0.249
0.12	0.117	0.1123	0.323
0.1276	0.1217	0.1185	0.3189
0.1115	0.1126	0.1055	0.3603
0.1218	0.1474	0.1192	0.308
0.1226	0.1337	0.1188	0.3742
0.1546	0.1721	0.1536	0.4138
0.1392	0.1593	0.1373	0.4302
0.1392	0.1644	0.139	0.5011
0.1335	0.1608	0.1312	0.3931
0.1281	0.1338	0.123	0.3477
0.1162	0.1117	0.104	0.2159
0.1117	0.1047	0.102	0.292
0.0928	0.0894	0.0871	0.1821
0.114	0.1092	0.109	0.2686
0.1327	0.1308	0.1149	0.298
0.1502	0.1703	0.1469	0.3764
0.1162	0.1106	0.1019	0.3067
0.121	0.1157	0.1141	0.2877
0.1399	0.1383	0.1297	0.4
0.1321	0.1463	0.1305	0.4222
0.1446	0.1589	0.1424	0.5141
0.137	0.1576	0.1364	0.4217
0.1146	0.1215	0.1053	0.2072
0.1632	0.1855	0.162	0.51
0.1257	0.1347	0.1224	0.3321
0.1358	0.1268	0.121	0.2826
0.1378	0.1542	0.1321	0.3553
0.1127	0.1136	0.1063	0.3438
0.1002	0.0986	0.0958	0.246
0.1399	0.1589	0.1373	0.355
0.1407	0.1609	0.1403	0.4851
0.1261	0.1196	0.1182	0.3293
0.1222	0.1249	0.1185	0.245
0.1012	0.109	0.0972	0.1835
0.1379	0.1552	0.1329	0.4393
0.1123	0.1104	0.0997	0.2231
0.116	0.1216	0.1083	0.3754
0.1513	0.1419	0.1303	0.399
0.1068	0.1091	0.1027	0.2316
0.1401	0.1265	0.1239	0.3913
0.1168	0.1099	0.1041	0.3406
0.1176	0.1344	0.1134	0.3124
0.157	0.1375	0.1278	0.3703
0.1145	0.1083	0.1047	0.2643
0.1327	0.1547	0.1298	0.4015
0.1104	0.0996	0.0983	0.185
0.1189	0.1359	0.1154	0.3669
0.1406	0.1562	0.1411	0.5345
0.1402	0.1553	0.1392	0.4772
0.0894	0.0855	0.0851	0.1864
0.0902	0.0852	0.0828	0.1829
0.1111	0.1212	0.1092	0.2924
0.1172	0.1328	0.1123	0.1961
0.1453	0.1528	0.1421	0.4048
0.1092	0.1089	0.1053	0.2305
0.1424	0.1622	0.1405	0.3721
0.1419	0.1466	0.1377	0.3884
0.1343	0.1065	0.1059	0.3744
0.1459	0.1642	0.1391	0.462
0.1147	0.1152	0.1052	0.2904
0.1111	0.1258	0.107	0.2907
0.1341	0.1151	0.1097	0.2916
0.1348	0.1183	0.1108	0.2796
0.1436	0.154	0.1391	0.4739
0.1251	0.1347	0.1232	0.3706
0.1504	0.1636	0.1467	0.3724
0.1396	0.1409	0.1351	0.3593
0.1038	0.1042	0.099	0.2658
0.1262	0.1354	0.1204	0.2979
0.1163	0.1211	0.1117	0.3285
0.0857	0.0858	0.0773	0.134
0.0957	0.0916	0.0881	0.2054
0.169	0.1819	0.1659	0.4168
0.1364	0.1255	0.1177	0.4268
0.081	0.0659	0.0669	0.1541
0.1035	0.0966	0.0951	0.2294
0.1179	0.1133	0.1065	0.3169
0.1216	0.1227	0.1134	0.3469
0.115	0.1219	0.1089	0.3119
0.145	0.1334	0.132	0.4001
0.126	0.1365	0.122	0.3383
0.0685	0.0673	0.0615	0.0717
0.1439	0.1548	0.1367	0.4091
0.1152	0.1039	0.0984	0.2914
0.119	0.127	0.109	0.3385
0.122	0.1224	0.1134	0.3401
0.099	0.1103	0.097	0.3258
0.1529	0.1882	0.152	0.5078
0.1145	0.1158	0.109	0.3592
0.1059	0.0896	0.0862	0.283
