0.6765052959105274
0.5895986715951455
0.6406339901071
0.5245585197453169
0.5267098755112458
0.6116536740506957
0.5910094157157885
0.5080747313590668
0.5023399865350265
0.5320781762020002
0.5574812305630359
0.5609188139552788
0.5803441079703137
0.576265085512087
0.4787093920881186
0.5763164874967388
0.5156235390715831
0.563114936388813
0.4850727051682251
0.501511719951149
0.5036501993516269
0.5040002990052396
0.5830990543107956
0.5123498444777611
0.6066796520495741
0.49795395140198184
0.5755194117433277
0.6762005546777
0.49014857218332836
0.46575557609254165
0.6011225874305544
0.4718139045980763
0.5743975199979943
0.47565921974585285
0.5004026027744346
0.5561369162991829
0.5236696523303571
0.5036552791938991
0.4757971173651459
0.507547959824255
0.5777772742013276
0.4821093248883156
0.612444149697156
0.5406944380537452
0.466486955188315
0.4963221155768315
0.5144196519523924
0.553456433804174
0.47884032629215384
0.5136648691777416
0.5767562853374806
0.5534205763599542
0.5452031202500818
0.6056218916858385
0.5609059197634833
0.5646096944750473
0.5555636679863681
0.6865745022361742
0.5345725975222357
0.5420922094417022
0.5127034267159198
0.5754038562391884
0.5304469955187604
0.5291425723502828
0.5172955042354036
0.5525462229432161
0.5214249212640972
0.5634110511826116
0.4940476007328025
0.5267449567144955
0.5719364769532173
0.5346885055182553
0.6205164142172653
0.5888735187471402
0.4727244999299631
0.5060008431582187
0.5930065839484924
0.5604400085325205
0.5071330028664043
0.5463825100751426
0.5554886863544973
0.6497329830314117
0.5230716728157638
0.4962797285791407
0.5326883191301137
0.5294977255480128
0.6265246634997196
0.5154937562712472
0.5122247011125447
0.5211428227712734
0.4966774779364115
0.5048857112717863
0.5634357791143924
0.524490845340092
0.5241177796620224
0.6205818036312465
0.6001160276240062
0.4914943809139323
0.5352666602662322
0.5142837571725223
0.5754282945982409
0.6078528934282508
0.5861502449980369
0.4778373369215219
0.6000050031535585
0.5017873426072145
0.531006159070541
0.4983421712840583
0.5433491656353122
0.5187687382606145
0.5124805227424937
0.6633829490750688
0.4868973463490608
0.5104018818083343
0.646510127909445
0.6454094237471377
0.5605440247643823
0.5032067668738732
0.6102693852129518
0.49957531954920587
0.46888985762759317
0.5392378090778756
0.4996360274891717
0.5257626757037869
0.5093154835858521
0.5251187693417315
0.6492335135713058
0.5621370393131296
0.6000055233991778
0.5510119997199889
0.5011349753388695
0.572376891053859
0.5541199114531185
0.5100170509162768
0.5366007753825772
0.5953264459737296
0.48842114753241606
0.5054268743609743
0.4737216424808457
0.5692622343857643
0.4970433306202104
0.601360534892255
0.5117051552568203
0.5715783566600642
0.5724907000924466
0.5389822300257909
0.567624316367259
0.5118123889348363
0.6036585496857607
0.5150628599602874
0.6299601666136841
0.5405549784975212
0.585466173593134
0.5006168835102813
0.5093839323611428
0.5119328299175271
0.5990666251898349
0.5152548476376381
0.4964069045719631
0.5280307270911985
0.5060870599634433
0.5222613023724234
0.605601318139021
0.5200544001399904
0.5228701236572023
0.5275506799360248
0.6052415792423164
0.6160031891401758
0.49709288627462495
0.5418753607075159
0.49778422579716625
0.5135473599910251
0.5048695666087951
0.5335337851057897
0.6075347204846165
0.5094145317193711
0.5030739088910763
0.597535920466486
0.5997401000008786
0.5091507385815116
0.5483062325351155
0.6570809111891028
0.5178579163486902
0.4978463466901885
0.5195479844525467
0.5168536722204529
0.5048586410390096
0.48357924596540064
0.5196726530361562
0.5066993891969576
0.5138624668825672
0.4753988667761122
0.5231983698440371
0.581482123915659
0.49715790103921
0.524108191793029
0.5832306290576837
0.501289114091978
0.4952090779505681
0.5588790002604991
0.658289115118175
0.4918472568756011
0.6075790016429418
0.5047844609563221
0.48265516775847556
0.48621201392863433
0.5282253362435
0.5229135818090815
0.5523026838023518
0.5710510291500669
0.5375311308680042
0.6450352893087163
0.5827280449492348
0.5472866349037622
0.4650192471117696
0.5047860139738275
0.5235475022611579
0.500523411180495
0.5653444240616624
0.5472329509918505
0.5518755341187083
0.5165469315764419
0.4957824292881484
0.5130977899032477
0.505950268086507
0.5635252832693899
0.5286997664549903
0.5709908263700649
0.5298464437482258
0.5148277631178083
0.5208732290922249
0.6094152147630636
0.6299936036281754
0.5327883450570363
0.503644427082778
0.5322440409432839
0.5465966652169427
0.5941456619171501
0.5017697778027748
0.5723370529088891
0.5151386803690134
0.5760860541377851
0.5314070552812332
0.5052717333116324
0.5928592702174099
0.6071739153430981
0.6884211291375305
0.4819660784040828
0.5334327161743903
0.48579732935283865
0.5117603350975231
0.5685473259957736
0.4947691804064122
0.5678266416516053
0.6238605136752232
0.5750200150369922
0.4956896684851187
0.564731803590625
0.6369719308914827
0.47508483492044135
0.5427613825766636
0.4950066087490936
0.5323038139706436
0.5104034043510809
0.5136118166947193
0.5141951644446469
0.5616381373184974
0.500623352702684
0.5715885312216439
0.4821654868345739
0.5190425183543143
0.5979048209594766
0.4992173699032898
0.5407443282181547
0.6871089751932487
0.5223657130313917
0.5079615795455253
0.5036351599150397
0.5177671642459434
0.5727679301464411
0.49975742716398464
0.4881967670642394
0.5718607584789973
0.5438985242754569
0.5350287147188153
0.6843262222423107
0.5615700435644343
0.5228825408155302
0.4822194690437708
0.4969623654054317
0.5506297862354007
0.5511317557615854
0.5103252414770697
0.5725003987033854
0.4808424527594933
0.5638547272986231
0.5820290018595216
0.5598471567399101
0.5696019524383065
0.5104535407986803
0.5055776048265412
0.5739400714860489
0.5159719512333458
0.6975695877547033
0.5696549242597825
0.548008218334359
0.5694991822750984
0.49652407139360016
0.5144238439568812
0.5315367030538428
0.5265390933963603
0.5300289116698865
0.5230149027874393
0.5425191510276869
0.5739188760667129
0.540569491148735
0.5377599477494264
0.5659600094534324
0.6241051796233253
0.6368326624393561
0.5043060873888326
0.5816219418959698
0.5120080272429606
0.5303716468417842
0.49277933577386324
0.542355248357329
0.5699363637037319
0.5227406919778543
0.5083818541218698
0.510268643782511
0.5382234402690902
0.5169024559295813
0.5325547802414885
0.5235266564129021
0.565632565903277
0.49508323975894025
0.5306072716143257
0.520771017146279
0.5040578089176653
0.5099532540227929
0.5922716350801498
0.5022043109907538
0.4695835131551589
0.5118036849785739
0.6044842701646784
0.5238929755615892
0.5741980634335166
0.5162234958892485
0.5888601311558374
0.5304299739935905
0.577916699891286
0.5180053507687448
0.5635119257493638
0.5748160678627627
0.5400026733008418
0.5221179529999354
0.5463337008658193
0.5489244551285516
0.4810946440628177
0.5589818991796834
0.5083494041095349
0.5139059721717744
0.5144290906738064
0.6201178944897258
0.5413358807181414
0.5393589760578066
0.5598389148909365
0.5887026035339258
0.4676809501527789
0.5014409734443336
