0.30953058448798537
0.30119899119934374
0.3485413751606623
0.27326280554338217
0.23825768376625447
0.30560049338702744
0.32601988837250295
0.2979586014465394
0.255544087259958
0.36218567984388544
0.24080262955020118
0.24098154717249168
0.23089898227783828
0.26430471818091894
0.26555640199207087
0.2691916871855573
0.31011105823706125
0.24945763145064312
0.24817287527635062
0.3317242265066905
0.314942425447743
0.35885248551305554
0.291423483797899
0.24588182918429063
0.29439112539392337
0.24069894585476317
0.33477088327379206
0.323859601464624
0.3227741717121159
0.29262528485177386
0.2564161188677674
0.23516816966614815
0.34228234824721815
0.2608494996290042
0.3180384081678733
0.2980892255014987
0.25648875307557595
0.32808815614140335
0.22409366817829895
0.30100670599013757
0.32239724844761425
0.37959146897490864
0.265871338082436
0.2959840125521456
0.29729117755271844
0.2918384043074594
0.2884044803836139
0.235784780489389
0.22244485615733608
0.24507102942457573
0.3018424085275568
0.23819114512746056
0.2954498616650173
0.23872757029371813
0.25591275107304856
0.2774598279526506
0.2901965494819977
0.2931962340112055
0.2388871834123785
0.30541216676204647
0.29851678555406364
0.26327528909717346
0.30570212893628174
0.2248265130371373
0.3172053760313011
0.2939538054160165
0.26863373327071005
0.2296524324719042
0.3279480411410627
0.23233338169267215
0.23170010498009158
0.2903917088675803
0.22798326259254417
0.3090518617772581
0.22825860903471887
0.3091812713147411
0.25384714846505213
0.25319517018961996
0.3393087140218353
0.3155101128622357
0.27352680032404675
0.29788739578333207
0.3480211791150282
0.29702634555475127
0.29102020260629174
0.2956770385779415
0.3008406663515335
0.3280614927321242
0.30850072741183426
0.3106249407077032
0.2827091977053594
0.24706388698064335
0.25858629135649885
0.2733286547305535
0.3499536854186183
0.3334637299392805
0.2963652635129489
0.28145414451110057
0.24710272257107696
0.23739420268608208
0.260381342902327
0.29917365418392994
0.31215477748991965
0.2892606973973004
0.23923505349007482
0.2589741453620087
0.2480640077895777
0.2481060389429927
0.28922164882797546
0.33109989040635385
0.26597105987359193
0.288682380132508
0.2800823206283344
0.2807638895589669
0.2597664490991158
0.2963349449027155
0.2443622022084853
0.2390208649001394
0.32943061505971255
0.2909565862003465
0.2893649280218514
0.2853221510868679
0.220233279898666
0.26177674808904977
0.24238640934720362
0.23907773183745173
0.28744472973307783
0.31237135835840457
0.28827153894458885
0.3308646219350799
0.23422700271801705
0.2937576348407044
0.23102255716430917
0.29829147498516423
0.2438736091274863
0.31492347331241055
0.30164967993440744
0.28793330244744764
0.2550763958672464
0.23990296188240448
0.26427772764779567
0.3025805356144248
0.35377443545118464
0.33593169089252384
0.28854909595713263
0.2886064458057007
0.38468703142988026
0.24562389468495047
0.296769072840552
0.30435862218485066
0.27629893722237103
0.23904779509132154
0.23271585872170367
0.29806724199758694
0.22835425720575975
0.28396496798763876
0.2842803404723628
0.29203818783481617
0.27594133830217743
0.33954172576793834
0.3002805217288384
0.258281968281457
0.24060309484811518
0.23713244299113
0.28113963062256947
0.24366155863185543
0.29884015645256096
0.34494202839973487
0.2918888730118485
0.24750739138881223
0.29738303252718173
0.33086763185690343
0.29106367131483885
0.24380276726134595
0.328960977299949
0.2674230983098373
0.3035624022148323
0.31595192028767244
0.27470529559658285
0.2759153883637179
0.24802665671439506
0.29970938357896715
0.254533110707181
0.2720858081410823
0.26497959699044865
0.3191726698779841
0.39338143614322846
0.30633594932109376
0.25927313849687017
0.22985485823598414
0.29473280626228243
0.2384247180789464
0.25556811624671955
0.25207344455149006
0.23978208507906718
0.24062845847449887
0.29070651484986276
0.3676563557861316
0.2752541778452489
0.3323882570620353
0.3120073943126556
0.31193036965864124
0.24741238702490084
0.23047227044004975
0.38919649902656833
0.270658867507384
0.2309400761411931
0.2506201627547273
0.2928486438501343
0.24309406105709006
0.36381692177460945
0.2559608655214024
0.3100056335879718
0.29635356757682024
0.2976622610272432
0.3705434910663835
0.2903763073423716
0.24021166421896467
0.26991497353451993
0.3092940622642971
0.23629761857101025
0.26938116960528374
0.3060498898292109
0.33512292468839217
0.3449400993538804
0.31876497873452564
0.28866275239401046
0.31136072218595434
0.3047499511581888
0.2731987374848454
0.29452455457602666
0.29449935402814414
0.29750395126746965
0.2577462647321772
0.3552697268193704
0.2358995163247586
0.32078065714618204
0.25869324338656086
0.2401452372838186
0.3658678198853627
0.2499919003584617
0.3385286878349777
0.2741447056389666
0.25689880081433947
0.2887679753567812
0.3050408271245316
0.28205009097335154
0.28999661104345337
0.35885914013121706
0.2807345283893618
0.23394020992528214
0.2931043332613769
0.29529517864264676
0.26755424391168425
0.2958711617995542
0.257481896305346
0.24324939772073986
0.28998541405861006
0.3623028511418567
0.3046020923638424
0.26815621880395113
0.2581173915983352
0.28785474970327685
0.3004211524361954
0.3160575913382071
0.2589847963141445
0.2683465184992556
0.2475287020161733
0.2488074214074801
0.26252113172675384
0.2776720905273113
0.2540561830225544
0.2598484898334979
0.30517178885780477
0.3010937138250787
0.2935649669213761
0.28878102789137067
0.28791361514132074
0.3297414819028289
0.407656746394549
0.30538587590554944
0.27334256828448
0.2932504883626519
0.3032289308067744
0.23386701912030627
0.29165260400160736
0.3012014508905832
0.24973737593968418
0.2988488071384111
0.2541568365004345
0.24270614843450042
0.2748662634210691
0.2860584802392775
0.222598557111402
0.39642239998366785
0.26516517308532406
0.23812231211673712
0.23989644754830927
0.3434908924249853
0.31396462239557094
0.3074860251994617
0.21850227218923376
0.2990729113544989
0.28769729307850544
0.2991245566520135
0.23699582953674062
0.21920667162361107
0.28665371886984337
0.331317229233886
0.27379384019855735
0.25860830295283205
0.3334802625355331
0.2977073671508849
0.2517405969335195
0.35077541270005647
0.3060761926226846
0.23402941874760333
0.33953993865824966
0.2887247185718955
0.21848407212883045
0.2732772454065773
0.2366011504427304
0.3875341362080275
0.22645256429172647
0.2510371405401553
0.38548341772517264
0.234523895475907
0.2565227328924832
0.2827599837358616
0.33251598612446315
0.26646128138082686
0.27052470970050907
0.250523893196098
0.25629574602976696
0.23959103573823198
0.3250954907537144
0.25551429899555045
0.226644529470919
0.2799835093053846
0.31028312716146844
0.23400669438281035
0.2933840593553561
0.2518831621621602
0.21853336290606137
0.31008236044098714
0.30089514204334
0.25000722808116055
0.2742257308605649
0.2816853459396384
0.23978907719256706
0.2241162288876239
0.2426519869898207
0.22388417022247964
0.26270701517002665
0.27962197695032964
0.2233175499755125
0.23898512746579945
0.25340869014546247
0.23405795152678494
0.2906729904495618
0.28387654904908133
0.2543039833130154
0.29715147425896327
0.24202315495797766
0.3008386944564193
0.30427273645490693
0.2533759318343832
0.22204045453580679
0.23154987375307917
0.3245628669351501
