0.13912856933532441
0.13991711277689176
0.09098316334559847
0.1283261242884156
0.1655330994428125
0.13765107742609303
0.07979830413609461
0.09773515681847222
0.12797737786939928
0.11229994671570379
0.1396737255194403
0.14342494654776
0.09620889812313507
0.10323334632095223
0.11228147378894858
0.11027207058122246
0.08391237360053068
0.08066053048664387
0.08585114471339059
0.13787163688393414
0.08927436877135753
0.17956263442115217
0.15510799735045805
0.10349410295469608
0.08469888677172331
0.09896048958565609
0.1441546674801927
0.1448464560418435
0.13744086861634242
0.08817973750428873
0.1111207458423549
0.08052343291584899
0.11265115155897978
0.13668814780720978
0.1453948443178488
0.1378129996462621
0.1906321393944199
0.08305806426674105
0.1249359073854066
0.1423849858419474
0.16218387420862743
0.19200404812416139
0.09649807635636723
0.1386505373948968
0.12979773574424341
0.1382848355350954
0.11950058143293611
0.13224800452285884
0.14131406046979683
0.08359620433801221
0.15152741394623015
0.09008973409624171
0.13873812739979416
0.09439047032331088
0.08917922446954983
0.14313494847596367
0.0793033967708967
0.0832214387339558
0.08588014631830208
0.14987535933753762
0.1409127040614913
0.170595537546063
0.18574787942264687
0.1707562687000499
0.0843963134354777
0.07787836769410034
0.13004627511076874
0.14332858920525607
0.10058071916925905
0.10300634859787659
0.14037961793465828
0.15822534864768284
0.1313636592766663
0.10817912725173875
0.08341005083106376
0.08449364362795389
0.17888240843666647
0.07909833989884299
0.0828656378756252
0.11944157849711497
0.07928544895001012
0.12224582530237647
0.0796937700078909
0.14279226926527983
0.08415709957720281
0.07899367107136321
0.11311402234504052
0.08827772345977992
0.1312208621505727
0.07843919777694573
0.10666464193592347
0.1604974153602382
0.08435583506708308
0.09844358305501612
0.10149430896389307
0.1064907949690959
0.16377128436049718
0.0828758078080091
0.15227357520394333
0.1450777585659034
0.14378372212243365
0.13256375617246835
0.11860444190341327
0.15148497026504915
0.10501084464289379
0.1115817091883007
0.11975625806958379
0.1482810106555752
0.1589427522370601
0.09230159727978071
0.16455977251064133
0.1403103150082857
0.08285746498742474
0.142474987387796
0.17003076265381875
0.09043455034659366
0.15200502507875666
0.14782844507530585
0.151647408454112
0.1003094391555795
0.137977376636029
0.08401990421874432
0.13910433661760405
0.15001534841877784
0.09929173054596356
0.11803449360228468
0.17578606435046693
0.10666526619925475
0.11407787897798362
0.1219795293765106
0.14344014039385167
0.151186780951908
0.10055326952250997
0.1832540718819471
0.14696615861433787
0.14832806755779376
0.09380261879632044
0.09201838776389619
0.07883188443785276
0.11584062315410679
0.07850534575587512
0.14166020366186513
0.09899988989278019
0.11453160006086645
0.09012024784588722
0.09959213643523494
0.10266543143773328
0.14301726006945417
0.13494634417076723
0.11739037452921382
0.14131466881212212
0.1408235933684309
0.08576270222767461
0.09438605018324935
0.09288313661554898
0.0912811604128612
0.1716808933041317
0.11788991760637983
0.1502548601214422
0.1464941438765941
0.09990233750703753
0.1646098831840778
0.0829465204193052
0.0787902732089057
0.14545899620640976
0.15870988649003281
0.09386781871308675
0.1996428399215687
0.14015402251762055
0.1041964094069516
0.1256774104461515
0.08452768185629514
0.09082108369463711
0.08431926001338749
0.086999867842061
0.1838880170664311
0.08675103866214193
0.0843876026374586
0.1351418356940456
0.18392150053983222
0.08004733469696207
0.11433239798387976
0.1207640375865034
0.13973694165588632
0.07927549433212225
0.10683665009415362
0.1414552388428065
0.09476352540114055
0.0908331343315538
0.134273669263378
0.08571257704180714
0.1489763277865171
0.08111401260019707
0.07999667235513536
0.0887566845598358
0.09495637588695335
0.08575070080259521
0.14967900670933382
0.13106971682472107
0.12370217322034306
0.09540549800133648
0.13494486947322484
0.13163406369596914
0.14250503551531168
0.17425701725083642
0.07880590853576759
0.17670172217433777
0.08153596682739538
0.14059348221109458
0.11952890395814164
0.140200608063271
0.19626209689818674
0.1267840483048385
0.0877458987733814
0.12955103269439705
0.08916252923350636
0.10358826698702668
0.0960463461825601
0.11571899295174089
0.07928418250934377
0.09734311628017751
0.08180086740797096
0.11398479523509455
0.10071786990846394
0.1378109435275184
0.08814976412955977
0.10516761636956871
0.13256609279802514
0.11105339174122093
0.07795691640411359
0.12509560576435363
0.12900601583349655
0.0929733106824079
0.15175559139684677
0.10743367190290541
0.08975949583227925
0.13461808275299558
0.08677289993655135
0.1418839531763358
0.12641034113834884
0.09883754506739797
0.09154731346671037
0.11614712452707635
0.13106710856519588
0.09850191439808163
0.09141107669516439
0.1513061465051852
0.10293688133276657
0.10214152594326177
0.10205419724777698
0.09932857543203738
0.1070036113889316
0.08427935373738538
0.07897085295116849
0.09329994428315071
0.10661296213862638
0.08913598203468423
0.08094724171921736
0.08608536745494114
0.190944587381107
0.08444362822154965
0.14216920950485853
0.1071703267972995
0.11954794112693136
0.15728533451680415
0.0819258233553239
0.0873707158297881
0.10529747880979246
0.08707094139617792
0.1390562085762173
0.10552547244233848
0.1238579740423083
0.146873559907667
0.08626141646069913
0.1185654543014353
0.08709754015963413
0.11850854552927431
0.13830335399516486
0.1687824702266596
0.12772036874322712
0.12015243978914177
0.14006204486825305
0.17225313078065638
0.09117192182139593
0.11875567031528932
0.11190573226102
0.13327408176722344
0.13943964068506792
0.14854383482088251
0.1934394344425977
0.12215059037691232
0.1205035091783394
0.11424102088605792
0.0916011717029288
0.08432365633893216
0.08750370987932722
0.13580378152030045
0.13303191425912347
0.13221540293475328
0.11986198251311608
0.09296820600752755
0.09696800514597682
0.18912345558493324
0.07942212640437002
0.10625496404422057
0.13987247683496468
0.15087502622868992
0.09955842300570739
0.0985466176939678
0.11620363489868354
0.09134709532405189
0.10416811368104853
0.169902370755455
0.15939554248855536
0.11232380000144848
0.08425957153272001
0.1594413989463443
0.1441437243146496
0.17723809360242374
0.12779898040945162
0.07801526562563678
0.18072134228742484
0.08316792700492726
0.10494244806141384
0.14374490820348723
0.08145319337267962
0.08066028912352319
0.07894334845775498
0.10517365672728353
0.10935680392300286
0.07821503995760573
0.15685838690678103
0.08017999566804727
0.14319312483544655
0.1115217387434415
0.14617734501822674
0.0998482274270427
0.13577077474612995
0.1419658754877195
0.09957921729246637
0.14644552675605851
0.1312973596746861
0.08240682053431811
0.08681581284068952
0.13285869853666257
0.08425800194084312
0.1775049363335432
0.12994765460765315
0.13336203060103774
0.14865857223954357
0.1377588141587186
0.08177574956754637
0.0796877783976578
0.08048117226419718
0.09872011209002116
0.14351849298489439
0.1495207601791226
0.08103205449193716
0.0923125487998025
0.13955998847951073
0.10502710355335874
0.07992114506727746
0.0934827255525942
0.08512014979384787
0.14854917129178466
0.08575967716066264
0.08939118029663173
0.08053252381754694
0.08299686670125349
0.1708307789712113
