0.697394516303834
0.8878736663573988
0.8176088745536135
0.8084669523390886
0.7839074971984991
0.8676944871663184
0.832309215900947
0.8958374449508038
0.8890363491807324
0.8635744130595271
0.9497095441032646
0.8840326905856074
0.6901570042801856
0.8797696733745867
0.9415078363386402
0.8974646310368228
0.837040665848615
0.8468110620981137
0.8966211421547391
0.8170683678334667
0.9297283802459511
0.9495761473657528
0.7508758157156867
0.8823887886838474
0.8743677888934799
0.853211674877666
0.9302092346187837
0.9189158219192808
0.9399952679830671
0.8567721125737788
0.9114836987752606
0.882182676115592
0.8547496421064629
0.7849328762882697
0.9673333097811083
0.9035586407280946
0.9083771061996094
0.7957607540552922
0.9327017722300376
0.7478736664355037
0.7567714843320082
0.700651930121042
0.7534545038061762
0.708044885783572
0.9594798058780518
0.8811768072226837
0.8638601141483577
0.9402491965898426
0.9640917231758391
0.8920466893110848
0.9659595991281114
0.7015616347733863
0.8715808152045461
0.7300515181509446
0.8521183056750142
0.6966657554343528
0.6972164745484118
0.9016206353104044
0.8675680785642121
0.8911559394605226
0.9440692772895102
0.8632808244484899
0.9322707200421602
0.9371907059421443
0.7376456138556129
0.7231323674169744
0.8947216958190103
0.9075508889783335
0.8696325696569519
0.9407615850638689
0.7796961999358266
0.8768542559591724
0.8733480792931714
0.9128513435462843
0.9045988924467266
0.8303802040584559
0.7337440779879246
0.6830531899896491
0.9135641453602297
0.8872441063804531
0.9506121438391277
0.6860298416337242
0.8803761954617095
0.8845902739758708
0.8542190521701678
0.855964801325543
0.7287737904662452
0.9704947651632955
0.8658067135947546
0.8784395426938213
0.8931181641103694
0.9344181574217858
0.9258206333395042
0.7900024147744019
0.9138488048648387
0.8486427831704597
0.9189212466339717
0.8964970761564391
0.7018897220858937
0.9008244954077556
0.8046552786234833
0.7338261180682139
0.9143729080709361
0.8361581558677361
0.9405521078523673
0.9527967988005747
0.9392711810523159
0.8728212591076179
0.8987164080615868
0.7019799470439961
0.7650184633098379
0.7081730917092246
0.920986238376363
0.890205821021051
0.9041938022157445
0.9266544070153933
0.9738942032687037
0.6854819462839452
0.8783029507214066
0.9610000125736834
0.985392097965204
0.8994956449082773
0.7379152623895915
0.9244068186923219
0.8880690356117266
0.7938178592713966
0.8344934549978664
0.8783895839092128
0.9619219173816801
0.7081387437106584
0.9615528094760365
0.8810885875749788
0.9180981555047886
0.893759556589218
0.918542943062056
0.7368119082115516
0.9090923677238033
0.9308681424186585
0.8940038406015225
0.9443622784418746
0.8704063127171607
0.8162497526335644
0.8689560988215618
0.9361421031312821
0.7785966543447049
0.9414409928920537
0.9505998912384029
0.8278855386451864
0.7715171171540539
0.7411194481308089
0.867361217027757
0.906909307565202
0.8234608101990404
0.8802922874334661
0.9427481775488905
0.6789670383422883
0.7770123641522421
0.8951275414377255
0.7008313305636361
0.9661742036966393
0.8087284196972915
0.8708540103721358
0.6996984679952984
0.7244338354525337
0.9010966557049926
0.7298845708641667
0.8927502638622241
0.8900492428186502
0.9008998978493691
0.8957126531674382
0.7887886802561027
0.9209788701969032
0.948056224045148
0.8734144407049803
0.9158825155800686
0.7175599537345506
0.9070004186529826
0.938011251938754
0.9132162912128703
0.8939290511122308
0.8663623074560943
0.8229827158107395
0.8966316677311561
0.9242252885646675
0.6860420449075372
0.9202977853759088
0.9192390616133934
0.9141983862210044
0.7644100518478572
0.7682998427199547
0.9179269273503537
0.8560128226253029
0.8728933637815312
0.8156050271473749
0.7003923367499733
0.8492852480087628
0.9010302763069526
0.7239665697982935
0.8966805574174229
0.877633314564119
0.966077407085222
0.9128567681170826
0.9117699708954397
0.9316745565363186
0.9464530643500947
0.8965199799843185
0.8910100666120512
0.974924397156616
0.9639968298056759
0.7029213393578907
0.912157246654885
0.9700597931710002
0.8962150952722745
0.9079265876375866
0.9101708909270428
0.7127371725890959
0.884783330379298
0.9314378878083351
0.8654973513089099
0.9278105122110508
0.8718696816017633
0.7091688573136268
0.9829119538325851
0.8573468402919769
0.9571948141226714
0.9546982355001211
0.9121385031424084
0.8735776714697057
0.971532338762422
0.7286767914027422
0.7536341950062602
0.9234106642348215
0.8723036398447312
0.8180375729010166
0.8858878983950751
0.8050141493913706
0.6939903551970203
0.7393380367661985
0.7228583074842335
0.7176905852590325
0.8956783894270695
0.7759894408209503
0.898617041421755
0.9356668811700258
0.898360362746935
0.7211143832771219
0.9194634765301867
0.8346100779662237
0.7161234061218583
0.8683504035457033
0.8149211231142491
0.7101372115749788
0.965197252351607
0.9073323932662408
0.7453151570897446
0.7239487960538544
0.890899838474095
0.9459484475916576
0.7084142644803645
0.9246655870613062
0.9343377656779195
0.8627981770926841
0.9540491648253902
0.7972869496940033
0.881641513755409
0.8412540605467472
0.854722021960803
0.830991046387403
0.9179359811488745
0.7210884524381467
0.8783151738617091
0.6962357520013933
0.8958568342130654
0.8410598536310849
0.6881649736087984
0.9686871613432807
0.853093657661154
0.9321665598704377
0.6874437117426102
0.9006591102264628
0.8678807350919002
0.7276690566713935
0.9117297224722168
0.7876917851180291
0.7888235978105069
0.9120556848014317
0.9187910057450197
0.8332454352153713
0.9062956312561647
0.9434812962700113
0.9033226117826095
0.896144088278952
0.7171855494813891
0.8834919931080536
0.9057977108810821
0.8601441712680552
0.8954938657864518
0.7575471523849828
0.9208677512924525
0.8325889091168366
0.8541873479787483
0.8417765837812139
0.9225975256391964
0.8673359000569296
0.916102675735287
0.9046143986738135
0.9086868554489881
0.9648772721437674
0.9196268600789854
0.9529645673002656
0.8341973998967264
0.6796184628843938
0.9097576581379668
0.7564065558908509
0.8714930560626948
0.67906976427819
0.8806670826989121
0.9187159545848058
0.9125380291125066
0.925536244709439
0.8694916288553736
0.9131783963997783
0.8744100031730192
0.7767175602364745
0.9094650198015152
0.9342803352067918
0.872849253098575
0.6979409121591056
0.9846801819207395
0.7045067735513767
0.7053250563119278
0.8911433507194176
0.8694719655443316
0.7824368746072871
0.8845222369974303
0.8405524636012636
0.7074453332163582
0.8765310095006918
0.7525516111025773
0.9296496804064293
0.8795135126290535
0.9053021526065249
0.9120047531693096
0.7511151127845577
0.7642060697929082
0.8018645559294433
0.8691630162583697
0.7077813298413811
0.9295014702834116
0.925603860398232
0.8975235391473914
0.8771756136429324
0.9215539499751765
0.9624517156935635
0.7503559238728689
0.8791557837846131
0.8922574606388146
0.7650462291147014
0.8426521926168512
0.731144936215321
0.8858260384191108
0.9152456920907811
0.7062008083228069
0.8786524756693511
0.9028531243198792
0.9604032376664045
0.6791009057850722
0.7548305628887931
0.9267937142361922
0.9158799493914263
0.8709823866205711
0.9310070566112207
0.8266192497234233
0.6817853262653382
0.7132937164414123
0.8165467785960773
0.8367410744474398
0.8825569853618417
0.8652323257874353
0.9436424689845342
0.9256460739695578
0.794409899354592
0.8919285208855475
0.935443875604358
0.9263108033595989
0.6890387586224515
0.8852581587423266
0.9014968924036644
0.8648529650252571
0.86288412602269
0.8663482965466278
0.8968430997583127
0.8680606947784233
0.7377717972431355
0.7419025517877725
0.8695205997105468
0.7533516275894638
0.8940458206283205
0.9328567116034918
0.9453649247869383
0.8721929299513214
0.9198455742738432
0.9070110945018236
0.9392513005536106
0.6998260641024913
0.8888731913867772
0.7148090181719445
0.7810354227538946
0.9400083145563516
0.9268201324503578
0.8738318879515915
0.9235854240134341
0.8911879495746647
0.8753322246267927
0.7519351527322712
0.6828421709938397
0.9050649038534156
0.7022473027815451
0.921227020780821
0.7436277299039525
0.9653154127754853
0.9055608807814427
0.8927562735960752
0.914376432391197
0.7888118928118885
0.8895614054915069
0.8907503474767633
0.6946155609516069
0.8990877477093525
0.8697339240980605
0.8890277679395047
0.8816873675103214
0.8896539320571849
0.7365162150947642
0.9050467442366353
0.8906133643821705
0.9018638283077104
0.8183971797168073
0.7678968377575536
0.8938029492525895
0.8579018788368427
0.821791083193112
0.9611767875372209
0.8710928076410691
0.8870812606270189
0.913118110603899
0.6980145969445058
0.7838267282738687
0.8931688269153153
0.8094380850790484
0.8821471162610864
0.9489979765909728
0.9452252155357064
0.8934915830395932
0.9008819258445763
0.7982790134846487
0.688181664557458
0.8289379404341521
0.8962199190825512
0.9226519449314087
0.8688876252272864
0.8883817454655151
0.9187150849551613
0.9226134546564441
0.7330904999754919
0.8850819715397851
0.9211495807330454
0.9064002675866737
0.9366924715157379
0.9148069865880244
0.8551960285937944
0.8549763157766512
0.7431946057806185
0.8925889179677953
0.9304147096906916
0.8579578977291571
0.8300782520372927
0.8730439309791692
0.8294571685371613
0.7424283206603312
0.8826769502426933
0.9016916095840974
0.9222399351074185
0.8733066438005521
0.9074571826622592
0.9166799607887021
0.8753180846871494
0.9100461101791626
0.8683232938825924
0.8706659552643766
0.9541894193778941
0.9405897013597473
0.9086308908556581
0.9171445085878291
0.7107499224324946
0.9118621434619882
0.8761669370301536
0.6947016615257707
0.9040272225701576
0.7120285623926895
0.8004634814296753
0.8893109291325642
0.8644294093764954
0.8301073804277672
0.8664650072658298
0.7493043876752998
0.9161016406328876
0.9598337676912034
0.9014766111730124
0.9183615345387985
0.9139642466603187
0.7221659079896214
0.9372261802557812
0.7281148874546614
0.8537846912486069
0.751620517717099
0.8632708086792437
0.7565683138387628
0.9120913635525341
0.9049473653131876
0.7148090026997989
0.8725447164524053
0.9172766214564114
0.9286893546853594
0.707732090431159
0.9029111503283292
0.8939996409756943
0.8708599554435041
0.9362826593502891
0.7809088938208617
0.8305505800202228
0.7794256857383419
0.8860584665070208
0.8946906000781039
0.8937804728543991
0.8832063861505856
0.9121046335933045
0.7850498240144832
0.9026994004996076
0.9579605927762768
0.888554786397059
0.8868683024712983
0.889092782061324
0.8889920338852135
0.9299580112134969
0.8878595718719186
0.9134217163165979
0.9321359315514689
0.7087002160127106
0.9221859518572888
0.8605375925242501
0.6999813931749113
0.9580393144042267
0.7079074175147733
0.7566346128970977
0.9118458568731741
0.9118047655997639
0.8619923989767118
0.7412762650771463
0.9244827970657431
0.8719428496912782
0.7650755032256346
0.9518830172833578
0.8853503681135062
0.8471740726484852
0.8641391625867775
0.8645024459487811
0.7597714891838087
0.8271706988986758
0.8862528610190981
0.8671075900739006
0.7344895881956844
0.7405867891284074
0.8594331209387713
0.951401989559345
0.9303421679934674
0.9167420069929264
0.8878342448783579
0.892122529455559
0.8629554983905461
0.9479973971648226
0.8631002284976146
0.9167238616229366
0.8513858924181521
0.904517029650391
0.9305684596180586
0.8827690326040082
0.9147908321271795
0.720112225278782
0.8425399768331256
0.8651068159135988
0.8753425516362177
0.7955660437382185
0.7820975495981021
0.8689602746560902
0.9314888505811729
0.8607334707357139
0.9016101178486805
0.961561907442588
0.7633361587043359
0.8529160434936085
0.8464863642129155
0.9773846371395484
0.8423838843069139
0.7016843574907342
0.8880574872060573
0.8580730373170924
0.7214289984954749
0.775490629480888
0.9060699207360833
0.8743224568948975
0.9163026858095953
0.8181696970958477
0.7833398742081364
0.8007647402790261
0.8823578362433727
0.7314637869006855
0.8733875973898868
0.9220874080130039
0.8904611554781232
0.9359558647763994
0.8733855626838887
0.8126862564767363
0.7846354630990973
0.8684308488197355
0.9229881160650104
0.8887250405929376
0.8784536856792435
0.7669413489843311
0.8385742987866482
0.9278563344876062
0.9106976946613646
0.884252850770998
0.8702830227265114
0.8666981910280831
0.8754400048652501
0.9429795195699419
0.9504455099624769
0.834276693678263
0.9193857913969522
0.7750884485877865
0.8978681513057105
0.9342647676637836
0.8755895936106262
0.8639971613957891
0.9054898716698832
0.9134599220558423
0.916824672935693
0.8776914493323381
0.7731716833024337
0.7217170888595195
0.988972737262736
0.918229526284623
0.9155547868224462
0.8387711714079493
0.9338554302181213
0.6947757088756886
0.8659264800528133
0.7097970427671073
0.926745313281219
