0.050848445448081134
0.04938464036778423
0.04672290799416133
0.051432398741805066
0.053109875064212705
0.05144248216964356
0.06761542988026868
0.06116778064296056
0.09229559632480175
0.07483020305222793
0.06197637083950488
0.06229947672618358
0.08729436874279942
0.09635939090462738
0.050514685474043516
0.0907086937170309
0.07471318070819484
0.04742401757920755
0.05170614905348215
0.061248337950853306
0.10149349726595767
0.060090862118523276
0.08597997505465017
0.08656926936690974
0.05143350569911743
0.05574634355500173
0.04389057248542113
0.08710149174891928
0.06715016663659445
0.054433882118317935
0.07605246635869334
0.05963442043262764
0.04402667494402876
0.05985812432038877
0.08374243037326895
0.05009040092900998
0.04766179067536239
0.09503179377478445
0.05561510104871658
0.05277646538797744
0.07908898713832474
0.06042923711303008
0.044080996299590995
0.08723709750084757
0.049411321332992725
0.045855681845350035
0.07433145425630741
0.11126693707753597
0.05314332496633129
0.11065172361470879
0.09525562761492691
0.046054355799748654
0.0931609084762141
0.08703540819123277
0.046913174638835986
0.06707542012655701
0.11174661348059352
0.05694685269097053
0.05354891394629984
0.06367350966762941
0.08616202915109938
0.09385380514821945
0.08396751563921441
0.08843516240416051
0.08047993712862042
0.050296089336067044
0.06906708802758671
0.10430273959414242
0.11712238326653085
0.07334702284002029
0.089176958454805
0.08624936588110065
0.05511572789632664
0.0675925849407383
0.09327906563701936
0.0817445839971746
0.05005756405498619
0.08821367083748519
0.08422545103838605
0.09656297753488836
0.08963601991184096
0.07852532760455391
0.07594310503964316
0.046489023887181624
0.04494144089243732
0.046130541463481
0.0844029350750418
0.08969370648732441
0.08457223781024834
0.0865203283365168
0.049640641056456894
0.054965074156063165
0.04768042097648105
0.053253363071603915
0.06801230384180805
0.09077631951424936
0.09800521599780675
0.0603216801720714
0.07105536368093121
0.04787465059803586
0.06373128377798999
0.05755252470367783
0.04378294222126709
0.048667296670877304
0.06117112530926796
0.08729484144115207
0.050608831766636664
0.08550457626206671
0.04389033404097977
0.06271604962299279
0.05502078241827753
0.04607056956127255
0.04498719558889276
0.05515081901167575
0.06327611650004378
0.08320657992264631
0.04485606745791758
0.056153180577999805
0.04523380599520343
0.09172380469749343
0.0472386003269944
0.061464888300951724
0.0839302199958875
0.06085962180721956
0.08631125132052546
0.06055141487134425
0.05026867414624335
0.04642325819040782
0.10684382244262308
0.0953327495473458
0.10339725959081474
0.06201738794186974
0.054063677077454304
0.0489441648699199
0.046535102801197985
0.05283382193723537
0.058773647872010434
0.09067420100273546
0.05804125657973475
0.06452179406899272
0.07443326656183814
0.05583923681169742
0.06080619604021408
0.0846272071077298
0.046322512152995744
0.05400592355701489
0.04980381690161339
0.05280081559971483
0.08576867316608773
0.09511352150500833
0.08411193267038863
0.05023203767134848
0.05395675363067182
0.0679277447321602
0.09989771857898017
0.05859579029105361
0.05800683972642349
0.09008398085234859
0.08833052840877947
0.07393980828881877
0.06964390621225033
0.10258343365425754
0.06594810933905806
0.08451395966112082
0.07006289846257545
0.04674300429370024
0.09036059891001595
0.06068919445124312
0.06322130450353439
0.11552671413390588
0.050280564063159436
0.09174091635342942
0.10911750498661762
0.053092670453676466
0.09771846790784673
0.06337326684914063
0.045867007350923285
0.10966244385082885
0.06025624601699426
0.09739544633733979
0.06665500662357639
0.09608553317413002
0.07736435291722385
0.05147874398568351
0.04880843494879883
0.06272134762344671
0.05802348510830722
0.07030074397146369
0.05944064022680235
0.06785290443818454
0.08570088523919431
0.0836133721256851
0.05114041143107126
0.06134448796418072
0.07801842881664746
0.08827556703722457
0.0719743904779313
0.05396613381409487
0.08338450949460348
0.07317193019298159
0.10915108835290739
0.08722777359432646
0.051509573684651276
0.04735686638194912
0.0538793595178952
0.046072829123798745
0.05768172392695298
0.09136530812260615
0.05042324489070361
0.10387846618931591
0.04754907007975039
0.044007283887532736
0.05053933165588771
0.0707731907989096
0.10379607154585972
0.05024896580765327
0.05532551392199935
0.07065172976234327
0.04975440619138731
0.09991338916040655
0.04517493295704242
0.09140291466410341
0.09007405511853657
0.10907565721649992
0.08322201560851336
0.08618187280117669
0.08855238513516782
0.044544149322240316
0.049043798412767944
0.044265846652714984
0.0831605506951742
0.04820708337002455
0.06377953000425102
0.06211041967406549
0.10009959570738074
0.04698123655237374
0.09101548536681639
0.10129915764783981
0.045005912474075344
0.07420217391990014
0.09624052101386721
0.04611456314543212
0.08016351608784954
0.044500157912580045
0.05627161674682867
0.08503643723502388
0.05938619985472214
0.09402871109759524
0.0563529133320467
0.07531744604817579
0.04615301152429827
0.0818963993747376
0.0769341205039096
0.11316553734138762
0.06424196221752594
0.09419056774320185
0.06856529014353409
0.04489340448461881
0.10088533681049264
0.09633220168541806
0.046516228867141976
0.08567161081881
0.08803891942103399
0.053658058537936
0.058099212827124526
0.04603113324847008
0.09396585297515576
0.049008051513854914
0.059107177444588044
0.047444892218024434
0.061004771366481594
0.05170485082777938
0.057825506103447916
0.04453739426955359
0.04381761870703543
0.09095037870982499
0.06851774982438602
0.06399037554071624
0.049625454869918345
0.06178562883489022
0.051031688674255504
0.04985382739751855
0.058567235903081126
0.08700636008201852
0.09520055276209304
0.07220223676799527
0.04381642358627721
0.10879966831386668
0.05254196992530016
0.07168487764040576
0.07154205907171093
0.0523822261731966
0.05064710443751458
0.04566166225483181
0.10583455361540367
0.07591865541983694
0.06146987109566695
0.04420305023831016
0.05811427002662214
0.08609292618447048
0.04800961103452578
0.0465207639650613
0.04479434898565563
0.05578703350033512
0.0512164233372709
0.05996898120044729
0.10045905777923034
0.08878920232587663
0.07530460717054765
0.06483918113453897
0.08941787623612203
0.08374549900602321
0.07918149196692019
0.05234427626257816
0.07892611473870503
0.07517888775949343
0.09041280264605997
0.09306894492160761
0.049645921246925094
0.08745702698668618
0.08384880976673938
0.05927365126789866
0.08623693496353689
0.05204308720199689
0.06905493426050104
0.04676571061562758
0.08367389134212015
0.04836240020123736
0.0868825169535085
0.047371981448190055
0.0485663535556353
0.08003565297510448
0.0857707427781212
0.04804498735220386
0.04403275791008019
0.08467045897893215
0.08825179895777434
0.0712697907015611
0.07372503985615646
0.0766602558909488
0.04575369216431149
0.04457224397515106
0.05626034585451945
0.05576835648367851
0.04696571576497181
0.09116169370140925
0.09116324915544066
0.08453895592314893
0.08366961034355037
0.09457389760083451
0.06142550959811262
0.10854841091387246
0.05603807602648928
0.08720717635095969
0.06499796935857924
0.07976405097357343
0.044412143880481196
0.048738007055622895
0.047713250848104356
0.07475298655946244
0.05755373303783514
0.08454588554717521
0.0694947895304182
0.0900962084035445
0.05256175956209747
0.05778963855364947
0.08895963494864637
0.08034462431033725
0.09317599748295631
0.0888956092552777
