0.40229715808445915
0.40483881312744585
0.331999678030087
0.4340093052516767
0.3724691348810123
0.4471151534374484
0.3941315841096618
0.38535716150552596
0.40279782173078016
0.398294402329523
0.4903068891303186
0.39039726020208193
0.37223801050875843
0.390671129740774
0.3572947479060217
0.4795048691508807
0.37780786689475704
0.3449470442590185
0.4151913373209756
0.3744943765242934
0.353755799058839
0.381263945128323
0.4138713262171244
0.3825470776521167
0.3572950050256067
0.3907753188656353
0.41614913033226786
0.3856709677680974
0.39757299248421113
0.4213355482639305
0.4713147188044637
0.3702796768156966
0.40037884022123327
0.37913468735519457
0.34124682513276305
0.3861755918988037
0.37280473169566725
0.37601821533583807
0.3483442565435919
0.3861895125201145
0.426767360721574
0.4020238146042227
0.3374531287909771
0.3874154207532865
0.37806516191666656
0.3389125311758175
0.43544933715336065
0.3914423086831091
0.44622448003943266
0.36430789884523024
0.4502139407131776
0.3995609828431824
0.40907075501527984
0.3526259907317125
0.38141249914386227
0.3761977172296814
0.3852677719115902
0.4065622746665104
0.3527865980243163
0.4414810659211726
0.39403935036738164
0.38632501235481337
0.40942073256802713
0.5289115815625414
0.35758897944221757
0.33876547838286897
0.4038436336662602
0.46094817940064786
0.4000438684373218
0.36589539801276133
0.3845865648450436
0.3750893615010962
0.3625171447414683
0.45862346184550085
0.4072683362608226
0.39867069762924456
0.49857786942579185
0.5235414865055756
0.4497062400708432
0.3392678441772796
0.33747410832330105
0.41812543508875644
0.49146603566633107
0.409841807089456
0.387855825330219
0.3785074468327349
0.4212762224923757
0.3565549283663786
0.5210184283606741
0.37427010940917727
0.469563453321372
0.4327864082411584
0.48079708007610367
0.35298325564447475
0.34623972994525976
0.37412670505271406
0.3868367791756502
0.3357962600954011
0.4258060034581075
0.357262535016425
0.35052639075947745
0.40744111592669835
0.3930076348904276
0.38365325838727077
0.37649785299043403
0.36987969195304327
0.3602657878849425
0.34778156546184374
0.37241906782524115
0.43548224172539596
0.3801033073419428
0.4473195234322872
0.40967184214510116
0.4200521442971235
0.3306930440425589
0.34793050464640113
0.44394153542162357
0.4597673949201651
0.41386796536751985
0.4837870829177659
0.3821426326121932
0.4058747122330267
0.39805709983083115
0.3981321862180994
0.3967743957962405
0.531237265060097
0.3384828587644956
0.3253128511217687
0.43686874096547096
0.4315959998132162
0.4147064229605074
0.36219934421026384
0.4301403354172253
0.460183155644796
0.37068992063201495
0.3530827858771133
0.3385595353725808
0.39451949308217404
0.3820761587860434
0.3801595513913512
0.3654216996545535
0.35926420708737555
0.33993501540834564
0.32407723759378654
0.46508369191571297
0.46722354509910735
0.49992020848192653
0.37132864952703903
0.37871185437546695
0.36404465183186385
0.4049942507100972
0.4211911408881569
0.4006719844012022
0.34024201415587263
0.38771169082776985
0.45580161320307716
0.34767088747308816
0.4306485894343193
0.4370864976887963
0.4826274329082985
0.33511501399364013
0.41136192458268706
0.36583506408206845
0.41209264978400845
0.42847330011246204
0.3525854540933257
0.36704709557748055
0.41495894069686634
0.4326885882758704
0.3695712675399749
0.39629943484070934
0.34843510108666675
0.4917688942811404
0.39240602168071237
0.3733874135846745
0.3458794047270164
0.33792016494071686
0.45046413879650554
0.4176582696895762
0.4289615894134649
0.3640320942016478
0.4449457734304908
0.5280362239380567
0.34196773053187984
0.43876820466820843
0.36265138444160344
0.47280465428907104
0.3779863521642657
0.3964986043013289
0.43766695898516145
0.35869073886332564
0.38244052228299086
0.3911476047527429
0.3930152506504647
0.39023176120259484
0.3966074796031601
0.3943523427229202
0.32621557956705716
0.4815775268067395
0.3410593698245363
0.38825257604497654
0.41084368430660534
0.32333480924739866
0.37055165053251427
0.4199116265978468
0.34213871981423494
0.4399158292471554
0.49093530468424107
0.35794398438247826
0.3608923486551682
0.3581831377242691
0.34455806088990826
0.4464963981718248
0.41403528783732246
0.4078002823449744
0.4251696811589158
0.34223367271912325
0.36329159733094196
0.3809159505654988
0.3361856744523459
0.44418159900313464
0.3946162758537547
0.337727780113127
0.3562111361095786
0.4334427857188276
0.4101910587722537
0.39548539278125117
0.3600560701663548
0.4071182895839738
0.39308717982622304
0.3396490942576758
0.39680309094336574
0.32076635597060804
0.376522819737551
0.47832811609167003
0.34161588021214123
0.3759644508049765
0.3485543717074636
0.38183246884558514
0.48361998667366934
0.3789725366171873
0.39454598478637165
0.3898231725184214
0.43537846574712497
0.4168933824628338
0.4291525896077338
0.4254640584909425
0.34181520134699933
0.4698773817508825
0.49280437091638707
0.3561797728388738
0.4090478999545001
0.36949789481597295
0.34709085794138317
0.453608272595535
0.3649283490368386
0.4719242230241306
0.39984947512658375
0.38483833242509885
0.4390221292573723
0.3313058906265423
0.4174589001352238
0.37602295388866186
0.40379220195597504
0.4578749825455004
0.3825987440215129
0.3388433667422132
0.38010760776581143
0.40153921586243924
0.4128864945087533
0.40148315961364966
0.4204521517819848
0.4039716621667584
0.4190914311462811
0.3670818306266454
0.4002369662053713
0.395979505237466
0.41749884442068685
0.35182355113781544
0.3611849248185967
0.3395268517771614
0.42762129594715054
0.4174571799035728
0.3531079421669181
0.38256999554081755
0.38567811919113987
0.42545738219868096
0.402206792298644
0.3684619116353498
0.34120201685676815
0.42520344320807235
0.41649951945160074
0.43245796709930334
0.3613890480971538
0.404305292125807
0.4084080899736087
0.39892648095836686
0.39654687480650597
0.43717612688201946
0.49715289488577513
0.3214777218350482
0.3838973652190561
0.3471837356269696
0.3489466130346923
0.4056379342594703
0.3565138060289783
0.4077754343375046
0.38856296280788305
0.44777490634157435
0.39714718094767815
0.339150575504107
0.3563707102835367
0.3952126452021801
0.3397715988812442
0.3742011258890855
0.398955464941908
0.4342989579455564
0.4258982909397147
0.3985942643187468
0.35496122958174725
0.49809364398621647
0.40238048927934417
0.3429376542624968
0.3894371511328882
0.40961610955367445
0.3646649240255647
0.34160603826517577
0.4227042879509852
0.3210406109839201
0.34064626921728647
0.43169603900181597
0.39484021502255784
0.34230415544163456
0.3774845375236132
0.4528494630297452
0.4095240697078239
0.40073435452119693
0.404531688197049
0.334974432235062
0.45901298678752295
0.4621323750862269
0.38546954037567127
0.4582741598576876
0.47494076963056303
0.4117468093321535
0.33915482189576396
0.39617777359093764
0.41127950763692683
0.4172067995868575
0.3912862050627612
0.3495155975837741
0.36832543294338255
0.3467688642409198
0.396888646875772
0.38045547262832335
0.3817852135902908
0.386541261880749
0.5155527496199196
0.33716617756456024
0.4394816761376134
0.3395908681077497
0.46853828053478314
0.3851137387853924
0.38820880268331553
0.36607191350778856
0.32579525561635087
0.41692729873845147
0.34158141630389316
0.3909824784225101
0.3864239842393504
