0.0017353353089778751
0.0022950785935376395
0.0014342530412952644
0.0009275500391525102
0.002336324746822727
0.0013850920967448939
0.001875539198890546
0.0013714378767680014
0.0017431219276149322
0.0012795695280195714
0.0017042657629229754
0.001854571329685951
0.0020044696931143633
0.0012743130892864368
0.0010994217198470005
0.00184961888352268
0.0011511204259581486
0.0011253988186155537
0.0010370424727991067
0.0010167002015886101
0.0011641050352550707
0.0019584380073525945
0.0017537977646976037
0.0015810721929410457
0.0009240082802965101
0.0021920861321071765
0.0009810363836601974
0.0010153738782348238
0.0021786465073692276
0.0013151676936208217
0.0017345741826193624
0.0014731888030470042
0.0009335588728982395
0.0008950412876475981
0.0010135774345572397
0.0017023047386954902
0.002284348630599943
0.0021029261411865488
0.0012003094862525726
0.0010784001346249156
0.0011013326547298485
0.0016504298041169934
0.0009569186568988542
0.0009930918768860043
0.0009465393617023055
0.0009722736841414839
0.0014214395059816338
0.0013560560129406147
0.0021470090786967506
0.0010450976774265212
0.002245347127945287
0.0010729563162260292
0.0010164002949900957
0.0013137788586264011
0.00198817102601784
0.0009365478586622042
0.0014814892152164945
0.0009605372127725784
0.0015856235379816967
0.0016111757919012163
0.0010291085765246264
0.0009425723155926767
0.0011814957380365438
0.0010841461193655795
0.0017770478409805804
0.0014019614071358684
0.0010928715310120393
0.001046512339145123
0.0010348359471766913
0.0017586988060213802
0.001051494532758437
0.002170830687096651
0.0013247773476940856
0.0009901427431189365
0.0017725306729463298
0.0017479183920336885
0.001900712551074188
0.0013497966903264547
0.0018867586135122216
0.0009123167381023988
0.0010476587389047266
0.0017300100849320875
0.0014738398025573058
0.0014240261451023712
0.0009782449689436415
0.0018202019644522544
0.0009164291119962998
0.0009769999142087615
0.0009367398403299522
0.0009917473784198405
0.0017572230305225867
0.0018677652042562594
0.0014197501983407115
0.0017735941110995652
0.001775811323503384
0.0017841283394279689
0.0010005532881459413
0.0011689425763040202
0.0008935465276040147
0.0014939613777266005
0.001225455838078564
0.0011217000118591465
0.0020863552277531863
0.0009988240104847792
0.0009164332432917929
0.0013040181690153654
0.0009126871530135764
0.0010011129288061845
0.0009608553894304496
0.0017823546437168382
0.0011372185059079583
0.0010814890272510186
0.002123188900897896
0.0009405046717907827
0.001979213388150544
0.0024401045357865317
0.001182099196061908
0.0012084381808135734
0.0012068105884921255
0.0017868105941612892
0.0008950699259867669
0.0017226685837651923
0.0015362730975041526
0.0016145025797606742
0.0017094506302826233
0.002166704742184198
0.0021542777846996503
0.0014303681487975283
0.0009513503522892891
0.00224588151377337
0.0020722955489906525
0.0011175818828073945
0.0010274241646451342
0.0012998037132319123
0.0013618488927872906
0.0016424099904163729
0.001271392454526068
0.0018397215156324667
0.0017737951423383875
0.001897359490488915
0.0018073280402645805
0.0018030181230338348
0.0020870408468978965
0.0013691844355514442
0.0017240403954511252
0.0011212248980410915
0.0010845354308742449
0.001699504801473624
0.0009093687374725123
0.0009454572941034586
0.000898317810084224
0.0009486636344275541
0.0018948710783086033
0.001617581596185296
0.0016724118857365695
0.0014217050657599928
0.0009445935341185236
0.0011588272567500696
0.0009301268728917857
0.0009885534282323301
0.001028535337131408
0.0017094627035252547
0.0017075497961805167
0.0009454634731694012
0.0010623481123567652
0.001634728030499568
0.0012379606693874677
0.001294687321040392
0.0009104718910847554
0.0011922264712857149
0.0011063992649893186
0.0018723264266586094
0.0014155303431903283
0.0017648815642658847
0.001266349290016901
0.0017757471381989254
0.0019173373861281044
0.0011466081514611677
0.0013686967017513664
0.0017034281203683376
0.002052702038118375
0.0011072676812820472
0.0018094206553065035
0.002070370629941783
0.0009132961553532321
0.002286117868310083
0.001207246939954703
0.0009061568806082662
0.0010121592204030403
0.0016772902133252168
0.0009207151133618609
0.0016973971487685379
0.002240530329725749
0.0011080887120419533
0.0021809894793475668
0.0010973732887866266
0.0017437497094773232
0.0010589941727002796
0.0010348018979398303
0.0017233647372850637
0.0009039550202368012
0.0023546924898578047
0.0016925160938805295
0.0010875524955960398
0.0017618867541498156
0.001835564937391838
0.0014180777594015616
0.0010739555692129972
0.0009662881323902933
0.001821342887365172
0.0012000085930407335
0.0012428435614786906
0.0018378364455366406
0.0010084383521988367
0.0015923402320834413
0.0009237413782130894
0.000913285645974608
0.0010347136237730016
0.001718046408677179
0.0015541410620048635
0.0017680195395235645
0.0013653295108766693
0.00174929869953123
0.001841652478268854
0.0009396093199580325
0.0017819640174180377
0.002318746933901324
0.0017501523279875946
0.0010128517975555933
0.0020425434230130646
0.0012755399361492308
0.0010145115724055466
0.0017385563653983405
0.0013377834925488122
0.0012078439959141388
0.0014987651866385774
0.0019495006618379857
0.0010408192314417183
0.0017446084960789272
0.0012829264667032568
0.0021650450633268854
0.0009168611188058621
0.001124962417039284
0.00229721597661602
0.0009321079430093801
0.001317375837115322
0.0009212426036163775
0.0008954965268979282
0.0009117345491728947
0.001208819171861141
0.0015149828337128026
0.0019278418980555139
0.0009720374853093461
0.000997535166801593
0.0009131446409904904
0.0013763646310028831
0.001727056133451364
0.0013201290853309623
0.0012713118180281164
0.0010865114537170289
0.001727697389284895
0.0018000471576879243
0.0009562628569336592
0.002040866596572131
0.0011464964083895087
0.0009561794512080796
0.0011294828773965302
0.0009064944651126374
0.0014315242127968695
0.0013644029214060008
0.0009677441783955594
0.0009961903076919183
0.0015063758383027084
0.0009432296293310351
0.0011185719223525744
0.0009581058360797881
0.0009896987100094076
0.0010386936050533575
0.0018517689211776265
0.0011671971981926156
0.001913430037054818
0.001044332859747847
0.002255423894611162
0.0015136973770486762
0.0012495910122485858
0.0009146794822857878
0.001793696273405507
0.0012058624439791582
0.001219968447056624
0.001690285082734802
0.0019362485193788331
0.0009312847831395146
0.0009263450917455728
0.0009001370477910654
0.0022594444585991294
0.002105688264751823
0.0012100750854603774
0.0014342680919319365
0.001802880957750394
0.0009859804913344345
