0.6765052959105275
0.5895986715951455
0.6406339901071
0.5245585197453169
0.5267098755112458
0.6116536740506957
0.5910094157157885
0.5080747313590668
0.5023399865350264
0.5320781762020002
0.5574812305630359
0.5609188139552787
0.5803441079703138
0.5762650855120869
0.4787093920881185
0.5763164874967388
0.515623539071583
0.563114936388813
0.48507270516822515
0.501511719951149
0.5036501993516269
0.5040002990052396
0.5830990543107955
0.5123498444777611
0.6066796520495739
0.49795395140198184
0.5755194117433277
0.6762005546777
0.49014857218332836
0.46575557609254165
0.6011225874305545
0.4718139045980763
0.5743975199979943
0.4756592197458529
0.5004026027744345
0.5561369162991829
0.5236696523303571
0.5036552791938991
0.4757971173651459
0.5075479598242549
0.5777772742013276
0.4821093248883156
0.612444149697156
0.5406944380537452
0.46648695518831507
0.49632211557683154
0.5144196519523924
0.5534564338041739
0.4788403262921539
0.5136648691777416
0.5767562853374805
0.5534205763599541
0.5452031202500817
0.6056218916858385
0.5609059197634833
0.5646096944750473
0.5555636679863681
0.6865745022361742
0.5345725975222357
0.5420922094417022
0.5127034267159197
0.5754038562391884
0.5304469955187604
0.5291425723502827
0.5172955042354036
0.5525462229432161
0.5214249212640972
0.5634110511826117
0.4940476007328025
0.5267449567144954
0.5719364769532173
0.5346885055182553
0.6205164142172653
0.5888735187471402
0.4727244999299631
0.5060008431582186
0.5930065839484923
0.5604400085325205
0.5071330028664043
0.5463825100751426
0.5554886863544974
0.6497329830314117
0.5230716728157638
0.4962797285791407
0.5326883191301137
0.5294977255480128
0.6265246634997196
0.5154937562712472
0.5122247011125447
0.5211428227712734
0.4966774779364115
0.5048857112717863
0.5634357791143924
0.524490845340092
0.5241177796620224
0.6205818036312465
0.6001160276240061
0.4914943809139323
0.5352666602662322
0.5142837571725223
0.5754282945982409
0.6078528934282507
0.586150244998037
0.4778373369215219
0.6000050031535585
0.5017873426072145
0.5310061590705412
0.4983421712840582
0.5433491656353121
0.5187687382606145
0.5124805227424936
0.6633829490750687
0.4868973463490608
0.5104018818083343
0.646510127909445
0.6454094237471377
0.5605440247643823
0.5032067668738732
0.6102693852129518
0.4995753195492058
0.46888985762759317
0.5392378090778754
0.4996360274891717
0.5257626757037868
0.509315483585852
0.5251187693417315
0.6492335135713058
0.5621370393131296
0.6000055233991778
0.5510119997199889
0.5011349753388695
0.572376891053859
0.5541199114531185
0.5100170509162768
0.5366007753825772
0.5953264459737296
0.4884211475324161
0.5054268743609743
0.47372164248084575
0.5692622343857643
0.4970433306202104
0.601360534892255
0.5117051552568203
0.5715783566600643
0.5724907000924467
0.5389822300257909
0.5676243163672591
0.5118123889348362
0.6036585496857607
0.5150628599602874
0.6299601666136843
0.5405549784975212
0.585466173593134
0.5006168835102812
0.5093839323611427
0.5119328299175271
0.5990666251898349
0.5152548476376381
0.4964069045719632
0.5280307270911986
0.5060870599634433
0.5222613023724234
0.605601318139021
0.5200544001399904
0.5228701236572023
0.5275506799360248
0.6052415792423164
0.6160031891401758
0.49709288627462495
0.5418753607075159
0.49778422579716625
0.513547359991025
0.5048695666087951
0.5335337851057896
0.6075347204846167
0.5094145317193711
0.5030739088910763
0.5975359204664861
0.5997401000008786
0.5091507385815116
0.5483062325351155
0.6570809111891028
0.5178579163486902
0.4978463466901886
0.5195479844525468
0.516853672220453
0.5048586410390096
0.48357924596540064
0.5196726530361561
0.5066993891969576
0.5138624668825673
0.47539886677611215
0.5231983698440371
0.581482123915659
0.4971579010392099
0.5241081917930289
0.5832306290576837
0.5012891140919781
0.4952090779505681
0.5588790002604992
0.658289115118175
0.49184725687560105
0.6075790016429418
0.5047844609563221
0.48265516775847556
0.48621201392863433
0.5282253362435001
0.5229135818090815
0.5523026838023518
0.5710510291500669
0.5375311308680042
0.6450352893087163
0.5827280449492348
0.5472866349037622
0.4650192471117696
0.5047860139738275
0.5235475022611579
0.500523411180495
0.5653444240616624
0.5472329509918505
0.5518755341187082
0.5165469315764419
0.49578242928814836
0.5130977899032477
0.505950268086507
0.5635252832693898
0.5286997664549903
0.5709908263700648
0.5298464437482256
0.5148277631178083
0.5208732290922249
0.6094152147630636
0.6299936036281754
0.5327883450570363
0.503644427082778
0.5322440409432839
0.5465966652169428
0.5941456619171501
0.5017697778027748
0.5723370529088891
0.5151386803690134
0.5760860541377851
0.5314070552812332
0.5052717333116324
0.5928592702174099
0.6071739153430982
0.6884211291375307
0.4819660784040828
0.5334327161743901
0.4857973293528387
0.5117603350975231
0.5685473259957736
0.4947691804064122
0.5678266416516053
0.6238605136752232
0.5750200150369922
0.4956896684851187
0.564731803590625
0.6369719308914827
0.4750848349204414
0.5427613825766635
0.4950066087490936
0.5323038139706436
0.5104034043510809
0.5136118166947193
0.5141951644446469
0.5616381373184974
0.500623352702684
0.5715885312216438
0.4821654868345739
0.5190425183543143
0.5979048209594765
0.49921736990328974
0.5407443282181548
0.6871089751932487
0.5223657130313917
0.5079615795455253
0.5036351599150397
0.5177671642459434
0.5727679301464411
0.4997574271639846
0.4881967670642394
0.5718607584789973
0.5438985242754569
0.5350287147188153
0.6843262222423107
0.5615700435644343
0.5228825408155303
0.4822194690437708
0.4969623654054317
0.5506297862354007
0.5511317557615854
0.5103252414770698
0.5725003987033854
0.4808424527594934
0.5638547272986231
0.5820290018595216
0.5598471567399101
0.5696019524383066
0.5104535407986803
0.5055776048265412
0.5739400714860489
0.5159719512333457
0.6975695877547033
0.5696549242597825
0.5480082183343591
0.5694991822750984
0.49652407139360016
0.5144238439568812
0.5315367030538428
0.5265390933963602
0.5300289116698865
0.5230149027874393
0.5425191510276869
0.5739188760667129
0.540569491148735
0.5377599477494264
0.5659600094534323
0.6241051796233255
0.6368326624393561
0.5043060873888328
0.5816219418959698
0.5120080272429606
0.5303716468417842
0.49277933577386324
0.542355248357329
0.5699363637037319
0.5227406919778543
0.5083818541218698
0.510268643782511
0.5382234402690902
0.5169024559295813
0.5325547802414885
0.5235266564129021
0.5656325659032772
0.4950832397589402
0.5306072716143256
0.520771017146279
0.5040578089176652
0.5099532540227929
0.5922716350801498
0.5022043109907538
0.46958351315515884
0.5118036849785739
0.6044842701646784
0.5238929755615893
0.5741980634335168
0.5162234958892487
0.5888601311558376
0.5304299739935905
0.577916699891286
0.5180053507687448
0.5635119257493638
0.5748160678627628
0.5400026733008418
0.5221179529999354
0.5463337008658192
0.5489244551285516
0.48109464406281766
0.5589818991796834
0.5083494041095348
0.5139059721717744
0.5144290906738063
0.6201178944897259
0.5413358807181414
0.5393589760578066
0.5598389148909365
0.5887026035339258
0.4676809501527788
0.5014409734443336
