0.7574975641822426
0.7865729278913904
0.7615286446831507
0.8079777323506023
0.7695606688883415
0.7472519733206285
0.822043280799312
0.7886598241897349
0.7764652712794228
0.7485734392728751
0.7965199091192505
0.7607623709683404
0.7820725777751905
0.7550551394377797
0.8296944760238666
0.7726719243978133
0.7428253416076465
0.7993483275759625
0.7615757847005744
0.8109815584500487
0.7739179806078117
0.7608337676282936
0.7604350330584436
0.7400969173860227
0.7593599831992575
0.7196567497253816
0.7918732140662947
0.7418658813992762
0.7747114465111251
0.7867758388514626
0.7564569385803354
0.7487349030770154
0.8528499911349288
0.7268332975480779
0.758380386378898
0.7585532587191601
0.7778435662453019
0.8029920825826992
0.7378557925751092
0.7752520306584216
0.7671273222666927
0.7697716141935865
0.7862607796115614
0.752116474408332
0.7431191082568952
0.757799002018148
0.8028028921440127
0.7505185548999649
0.7544862904641335
0.7554795068309987
0.7433092979466202
0.833804701204801
0.7463652686642681
0.8117146006018799
0.739833786659756
0.764724281604558
0.7628374844039062
0.7660545266214017
0.7504657957490419
0.7263526965913533
0.7862416577852969
0.7476397947486966
0.7469714170667279
0.7630015964138048
0.7596768250467594
0.7874703712225203
0.7903767091704984
0.767602216077649
0.7601994174455392
0.7201104555379655
0.7452144760714878
0.7649158499399967
0.7225552635732533
0.7530491992179088
0.748151747227876
0.7559938154259751
0.8118873228705615
0.7652487342170795
0.8050996348814338
0.7945079056646603
0.7626329129180873
0.7554563510987462
0.7666258598362695
0.768659020534194
0.8361820602730999
0.7645988786017871
0.7527576905846308
0.7154098714647945
0.8052314364984243
0.7405440160504608
0.743016590114434
0.803182595754858
0.8122170693131393
0.7371194518818867
0.7977712466291885
0.8044138291197973
0.7553502057498405
0.7945690522698045
0.7443268307911738
0.78505169075354
0.7939085710841685
0.7535841728183507
0.798671639459387
0.7716896547215396
0.7376463034865827
0.7475457966297865
0.7999505527017636
0.7622548797716379
0.7203719077443842
0.7098595009616376
0.7496872400611015
0.7720465288444629
0.8248279980981337
0.7986672110280931
0.7652103902765707
0.7624032942597739
0.7997123801521567
0.7563626763086225
0.7995096645023119
0.752048944585361
0.7702449364602872
0.758463105075766
0.777214147459274
0.726745774587235
0.7770137021073772
0.7828163918340605
0.7537667370550915
0.7224083046768662
0.8052366217702337
0.7805961419456053
0.7431277290049614
0.8135774390052604
0.8104677073349889
0.8081535815324833
0.7619120655314756
0.73820177606823
0.7405755537033172
0.7614945515553808
0.7412040797427786
0.7485429067178223
0.7358112700646019
0.7689133475099467
0.7704450479398208
0.8311154173415668
0.757747153927672
0.7498708536185571
0.7367158971210424
0.882435370493637
0.7787093863222652
0.7604178346533129
0.751560336189314
0.7437882604322769
0.7411697306996514
0.7245927482883372
0.7487153691133225
0.7597976457578278
0.7795770036360764
0.7841838827058358
0.7859753528969986
0.7522315898987434
0.7210208537648497
0.7743005025032786
0.815718777420023
0.7769126976476556
0.805606508508567
0.8213134840815732
0.7707183978513552
0.7531516399508567
0.7085979194449542
0.753791239963537
0.7967101020013294
0.7561531924867343
0.7639183111928546
0.7604989214737639
0.7916264030860307
0.7939711985971152
0.7607663056216516
0.7409920951797184
0.7497789731868594
0.7896772857675854
0.8106607783951653
0.7686752405022368
0.7553320578901159
0.8102395953786433
0.7516830666692071
0.7758502222169152
0.7199969047818524
0.7361988214169315
0.7440066374939507
0.8058674349060355
0.7300650864817743
0.7598536168188611
0.7464786465803752
0.7623206834330831
0.8055040186685175
0.7547868502119678
0.7849266261227215
0.761963858619717
0.7244107793170543
0.8161563478087811
0.7153979090738165
0.7230909289514755
0.7995865575949566
0.7721491153025034
0.7842344116458774
0.8058291302683259
0.750191073651808
0.744141811755154
0.7933047948945965
0.7541733798929076
0.7396808757958302
0.8128517683516137
0.7886355960913064
0.7221041344866592
0.7425556470843333
0.7510078770246298
0.7904559951424754
0.7642600194498487
0.8047240920604661
0.7285087753372309
0.7490407422931136
0.8134617916731866
0.7654882949218608
0.8206285003312239
0.8088912116429338
0.7361861764110422
0.7617483943929604
0.7601296333273709
0.8163061811303272
0.7689000647993965
0.7771262641184858
0.7730015593346581
0.7959364059950662
0.8315651079529979
0.7539093567161244
0.7390825698822476
0.7891459235098107
0.7814347015387945
0.8018215982074408
0.7901974060895076
0.8008037432695572
0.7211858148260479
0.7426964585470159
0.808822308818553
0.748523871846031
0.8187446853302955
0.7513500654510422
0.7254736553447146
0.8050401428917094
0.782756450022233
0.7518915206403928
0.7848776346857055
0.8017064520988945
0.7537638998850783
0.7671477430889317
0.7763648576716061
0.7632114363864404
0.7748596225941629
0.7263871008819623
0.8011772763086031
0.799910955647785
0.7650912624387212
0.8309425850114431
0.7521635498888767
0.7710540384223257
0.7818186106879912
0.766553853771939
0.7883156005553076
0.820724050131157
0.7851387955937468
0.7552551625204005
0.7932875502355923
0.7859298488618782
0.7588382846428847
0.7368254874987629
0.7509695253142021
0.805308324818551
0.7634566985681914
0.7488183590133025
0.8399947252358301
0.7131808342064172
0.756278559157972
0.7934207743034416
0.7636604445089558
0.7993566564677921
0.782397330969406
0.8010131534550039
0.8675809367468316
0.7579540561155235
0.747482942777396
0.7548055810927797
0.764779468076541
0.7721350058239136
0.789077345677425
0.7711769268592125
0.7690922758802626
0.7771083323576344
0.7884561828008876
0.7178317859844016
0.7833664712097134
0.7206659367673542
0.7605176948769543
0.7783642104538442
0.7697661343923763
0.7548393395482172
0.7273871950125792
0.7925003041361529
0.7437916052866326
0.7127365060725152
0.7580185566902223
0.8345617195149899
0.7908952472484296
0.8399142462650747
0.7446456762601924
0.730663935375935
0.7591808146640486
0.8775210148235946
0.8006281581135138
0.7574331414592625
0.7410730978743693
0.7909963431855265
0.777171161365341
0.7610618375403683
0.756539143361127
0.7620470429146224
0.7491609706435263
0.7284023237571235
0.7363150621314766
0.7417461175938612
0.7487913864440038
0.7923408021837527
0.7395868438081807
0.7763928944997657
0.7616361557987043
0.8004354167277534
0.7416871482729179
0.7812557118019087
0.8175466102995559
0.7837498016985379
0.8113998991236568
0.7603829801525108
0.8252762020568861
0.7893543424041929
0.7153941874888667
0.7843297393368275
0.7615209530363983
0.7343434913395396
0.7238140730004564
0.7544378238095507
0.7283965045457275
0.7242263888755974
0.7867051653447236
0.7400381301744805
0.7924634102188151
0.782248766992095
0.7721661255516844
0.7944453855464543
0.7342971783801846
0.7480797113048989
0.7791400006900863
0.8363901854736449
0.7810532775548341
0.7632666687660769
0.7553565645416872
0.7785959677683087
0.7468804443302461
0.7425019573425352
0.7768687853298634
0.7801133879171377
0.7947459953967426
0.7801879379378694
0.757770791683992
0.8031527311313036
0.7880330968151061
0.8072915021786858
0.7818656758196127
0.7589305106873995
0.7561539324992899
0.7514960282996618
0.7258286087173964
0.7477754823145151
0.7607456462970458
0.766082528812094
0.7583087183712861
0.7656482119236996
0.7758452825962663
0.763095286894449
0.8020502780566946
0.8072303150787107
0.8361090264816754
0.7335715593331018
0.7771316847556807
0.7185759094073033
0.8139701707595275
0.7791270545192392
0.7441841836842265
0.7589565256886273
0.7940855913859715
0.8000820832444306
0.7783683763476635
0.7565090961302232
0.783799979015914
0.8349138191306471
0.7428495992522214
0.7578920790851117
0.7534527861928345
0.7629222499912742
0.717792445706222
0.7570861106250146
0.7561888315350858
0.7262258827084074
0.7580153395352284
0.7523606394964849
0.7871102090628442
0.780325295103736
0.759925023409219
0.8075592557325322
0.7559538905594245
0.7708188514488932
0.727886439292583
0.788050994703073
0.868453059105132
0.8370299492425207
0.7675470906907961
0.737025378097005
0.729020354137899
0.7091106007671425
0.7931810003022932
0.798670144609603
0.7528348560792438
0.7867736105370634
0.7343765462917476
0.7575060129733319
0.7510797794314839
0.7087633768507958
0.8096446066142964
0.7833530098056692
0.7562273525928068
0.7964806973860379
0.7690991196686449
0.7797619815012333
0.7781663394026888
0.7979376820885501
0.8740029239339288
0.799554852625513
0.734743068874022
0.7745113621282025
0.7579968457666979
0.7491769205069623
0.7678215293627815
0.7623707903343891
0.8111717182331684
0.7555915469273441
0.7819538588682541
0.7821034117088568
0.7355968653003918
0.7577301525935919
0.7302075408998996
0.7539508335260641
0.7837491199969463
0.7532209913087832
0.763065679869537
0.8002276993496216
0.8413687177671823
0.7880080445365518
0.7299410307072176
0.7435531425686005
0.7300048875438923
0.7553446284950776
0.7636808575509662
0.7172699994635797
0.7508158619321715
0.7675775730618115
0.7548987788789042
0.7688272317943613
0.7567478424654417
0.7784172702871895
0.7395064619579077
0.7404474947981111
0.8102212341642969
0.8569295805860432
0.7374985944320628
0.7632210916472573
0.7605353935503618
0.7450126507570421
0.7447837441167926
0.7462411726877692
0.741700661880635
0.7861697274737567
0.84033078628225
0.8107754821089223
0.7852294454798708
0.7233746771476818
0.7435421024542563
0.743947213339837
0.7747455862777478
0.8675624329850057
0.7396910722809802
0.7316306907207597
0.7902097156721649
0.77387637555354
0.7641683713683869
0.7450370817470466
0.7558876061081338
0.8179674997480514
0.7692659826415121
0.750860580777131
0.7774610365610247
0.7688405799012724
0.7519160797839659
0.792227821674313
0.7654221820613784
0.7519650203464434
0.7515311507619028
0.7639479964219557
0.7992857580442975
0.769635641634026
0.7652928861752378
0.7718910646643835
0.7684031716207547
0.7378930670252806
0.7594426196616949
0.7392733890079374
0.7973111422756468
0.7615379273045285
0.7705152776339371
0.7873226528770181
0.7906553342796283
0.7727204473072193
0.7621145372803346
0.7388183473087585
0.7547373976166798
0.7538172926553228
0.780136841669108
0.7843337935915373
0.824740052470169
0.8030033503973091
0.7483393818540166
0.7781242882983861
0.8044624596366357
0.7664740015040896
0.767163848604638
0.7424699107751113
0.8639699099232286
0.773511985716511
0.7544658450528711
0.7949156704176353
0.7444063528806062
0.8050275662876226
0.7577880478506567
0.7842187668556002
0.7574985008006568
0.7714151391033861
0.7680346718294416
0.8148366914397975
0.7251083325381618
0.8037653686304052
0.712501778735412
0.7541207880326026
0.7335137294699798
0.8325051988303034
