0.028168145595395547
0.04465662066434914
0.04252902690455994
0.022584588984485645
0.02355428445177445
0.02386802500052605
0.03541880853501365
0.05208670660956544
0.02771619489551651
0.04306768026929844
0.023236251753636375
0.04367205531354889
0.04767006593380311
0.04856722368364255
0.02651559064586619
0.02340135569377703
0.02941787652280446
0.05168211458141901
0.04969245128332895
0.0288327682238764
0.030094999687279647
0.02872666617522962
0.041874658795152904
0.025727809812775174
0.05112890822104226
0.02914196329354087
0.02881430162708313
0.027469411434596802
0.03449362614284665
0.03090469600818771
0.03559379185563153
0.03558999160799534
0.05271756923827545
0.032683418102921656
0.02840014641527331
0.03619804063638381
0.024556220399661016
0.03064890652287182
0.035513005392519725
0.0489799209251138
0.022664138514490128
0.05037022713554015
0.022891327985218344
0.026242274375869654
0.04835505599778284
0.045840833852887404
0.04507271777271654
0.02850870844745458
0.030293579798017844
0.0436282809255403
0.04497644194352461
0.052167375163690195
0.03869920967354363
0.03755399443920804
0.026656641307065986
0.030599381353197917
0.03477506684401219
0.036464093444311056
0.0438751519507372
0.02414267021077979
0.04467263470279233
0.0234978937327135
0.02359182098218031
0.022672829116399913
0.04444601588129325
0.03616073399540704
0.04298374798058438
0.027778149905672695
0.02410868229152277
0.02337875725028286
0.041770399085984324
0.02325008547254401
0.04311541563596978
0.033368405035311556
0.042660462221409644
0.030289690787135986
0.02522327838176113
0.023069260703160253
0.043011571765889926
0.05136200842222323
0.04182729294495293
0.032068545313724925
0.03164569553925237
0.032594816102453926
0.05863947229818148
0.04617135432714232
0.029391351364008042
0.03981155432916879
0.053542741392886034
0.03300899219872478
0.040593694614798226
0.03428898199591313
0.03395555276478899
0.03086132549828514
0.04018624092503364
0.05173352811006424
0.022607037242547857
0.045917967767450094
0.0365559232535552
0.04336603091358774
0.02548110750753835
0.034980278940719485
0.023719415118481885
0.0269182403157199
0.029847239475556606
0.024196163018954667
0.023974311308255156
0.0226663705185044
0.02349574748166455
0.029103416220021786
0.02546198795101159
0.030552327198315084
0.03178368672069611
0.023196535969400144
0.04458701947482095
0.026748880921914093
0.030251947731381307
0.03075913181402297
0.04427814068937681
0.04489864349116295
0.030345613552138915
0.04553590024645858
0.026447921020457524
0.02695730594963101
0.023234420512188603
0.039963527592070815
0.029833197075837033
0.029272952629669124
0.046674320085673
0.04448728113283693
0.054813935554155084
0.04291558246407071
0.05607893844288963
0.025330486406176186
0.022483453559322436
0.03175443612485281
0.04792400912661196
0.024317037370516024
0.024025012364026294
0.022675752771503778
0.02586178174408348
0.05537998214778858
0.022764464472936858
0.028146943649755004
0.025339204721586874
0.030480627787433982
0.031982721430473295
0.03819326826620483
0.02568679541218049
0.022914891950803925
0.023309366695406862
0.023940919184348628
0.04562452944772437
0.04276526420385327
0.0367493378122075
0.03482893156956891
0.032408919273757414
0.05199153910857172
0.04047651658241521
0.044180282052701476
0.03816166309724393
0.027553910183397888
0.05001984758145626
0.025546681711095493
0.03144803551296607
0.04759498081414896
0.02260468840964214
0.04567976143037593
0.0331760171201555
0.04466121970642231
0.028625492041531614
0.02608691053256658
0.024142952241082587
0.037585953947811425
0.0268938997782937
0.04678260553853816
0.02522762098514969
0.022513905836879754
0.044761634907967834
0.043371649256611015
0.025931191181521047
0.045166535016479964
0.04641935466886195
0.023728195796843
0.031858334918764386
0.0442259319941139
0.03631943722000909
0.027979442183405853
0.029696224739829778
0.06050713731345298
0.02557741384122111
0.030639734039859007
0.022712883416553854
0.043721753674285255
0.03389685860657841
0.04177244956719391
0.03613861672080159
0.03786702699317936
0.023615144231840662
0.030404742555861196
0.034991905346631054
0.04843217661159893
0.023883602866543653
0.06069022827806387
0.03157832175199693
0.031706894917181594
0.02617916562829007
0.044311476718669425
0.03116457181234645
0.03203959046802003
0.023040065318844043
0.024777791883765717
0.025012378992502762
0.023828600317952132
0.027872281736270283
0.02331129206155382
0.02770809423534039
0.026456382901679353
0.03820779590332952
0.04310623874175136
0.028412158145750863
0.02719014921707385
0.024497728295604326
0.02321692890677932
0.061348830386082735
0.02865981154751785
0.02814633488480574
0.02460095987864834
0.03828495115694404
0.023079159489750537
0.029923686907136655
0.04772214841831835
0.029333682132151477
0.030247641472895076
0.028948823895845036
0.04299798831111286
0.03314718383846294
0.02978604690429218
0.025574020379635246
0.02378139497456409
0.02453819685189284
0.03646321018141564
0.024081181350338498
0.02270060927918252
0.022733264421803564
0.03655530343069283
0.024024706574410647
0.03653728876017072
0.03542874779766355
0.026097531297834087
0.03080180126436136
0.028494485328211132
0.03035806227661913
0.02310636146916036
0.025905780068806644
0.022460424886118283
0.05061902797128321
0.02403694039768902
0.049232171701416624
0.04245217542463606
0.04073197412873947
0.030972097163955617
0.045644790493168365
0.05680220677057271
0.02636666625122666
0.02569590853347068
0.031880465500928705
0.023427896227351374
0.047403520379651544
0.02803388436466113
0.022495856980138416
0.05023133144958324
0.0428607771155375
0.04379463757595196
0.026465847865125704
0.023010693639475787
0.03739958668601479
0.03940050000723473
0.027436125282754492
0.044630926551617545
0.024846526290792117
0.035344239417112365
0.022770316396161526
0.023371430037189167
0.03438702854579194
0.02486082414358488
0.022967188419782594
0.04480976780081322
0.02697557355541702
0.025773895117149923
0.028506086582926107
0.04513621017853434
0.05323336568763307
0.029575563162204475
0.05737846851565997
0.023022975997494567
0.04297181662822688
0.023872431529623962
0.022551969089696797
0.0390352525276985
