0.40229715808445915
0.40483881312744585
0.331999678030087
0.4340093052516767
0.37246913488101224
0.4471151534374484
0.3941315841096618
0.3853571615055259
0.40279782173078016
0.398294402329523
0.4903068891303186
0.39039726020208193
0.37223801050875843
0.39067112974077406
0.35729474790602167
0.4795048691508807
0.37780786689475704
0.3449470442590185
0.4151913373209756
0.3744943765242934
0.353755799058839
0.38126394512832307
0.4138713262171244
0.3825470776521167
0.3572950050256067
0.3907753188656353
0.41614913033226786
0.3856709677680974
0.3975729924842112
0.4213355482639305
0.4713147188044637
0.37027967681569657
0.4003788402212332
0.37913468735519457
0.34124682513276305
0.3861755918988036
0.3728047316956672
0.37601821533583807
0.34834425654359186
0.3861895125201146
0.426767360721574
0.4020238146042227
0.3374531287909771
0.38741542075328655
0.37806516191666656
0.33891253117581743
0.43544933715336065
0.3914423086831091
0.4462244800394326
0.36430789884523024
0.4502139407131776
0.3995609828431825
0.40907075501527984
0.3526259907317126
0.38141249914386227
0.3761977172296814
0.3852677719115902
0.4065622746665104
0.3527865980243163
0.4414810659211726
0.39403935036738164
0.38632501235481337
0.40942073256802713
0.5289115815625414
0.3575889794422175
0.33876547838286897
0.4038436336662602
0.46094817940064786
0.4000438684373218
0.36589539801276133
0.38458656484504367
0.37508936150109623
0.3625171447414683
0.45862346184550085
0.40726833626082254
0.39867069762924456
0.49857786942579185
0.5235414865055756
0.4497062400708432
0.3392678441772796
0.33747410832330105
0.41812543508875644
0.49146603566633107
0.409841807089456
0.387855825330219
0.3785074468327349
0.4212762224923757
0.3565549283663786
0.5210184283606741
0.37427010940917727
0.46956345332137195
0.4327864082411584
0.48079708007610367
0.35298325564447475
0.34623972994525976
0.374126705052714
0.3868367791756502
0.3357962600954011
0.4258060034581075
0.357262535016425
0.35052639075947745
0.40744111592669846
0.39300763489042767
0.38365325838727077
0.37649785299043403
0.36987969195304327
0.3602657878849425
0.34778156546184374
0.3724190678252411
0.43548224172539596
0.3801033073419428
0.4473195234322872
0.4096718421451012
0.4200521442971235
0.3306930440425589
0.34793050464640113
0.44394153542162357
0.4597673949201651
0.41386796536751985
0.48378708291776584
0.3821426326121932
0.4058747122330268
0.3980570998308312
0.3981321862180995
0.3967743957962405
0.531237265060097
0.3384828587644956
0.3253128511217687
0.43686874096547096
0.43159599981321617
0.4147064229605074
0.36219934421026384
0.4301403354172253
0.460183155644796
0.3706899206320149
0.3530827858771133
0.3385595353725808
0.3945194930821741
0.3820761587860434
0.3801595513913512
0.3654216996545535
0.35926420708737555
0.33993501540834564
0.3240772375937866
0.46508369191571297
0.46722354509910735
0.49992020848192653
0.3713286495270391
0.37871185437546695
0.36404465183186385
0.4049942507100972
0.42119114088815685
0.4006719844012022
0.34024201415587263
0.3877116908277699
0.45580161320307716
0.34767088747308816
0.4306485894343192
0.4370864976887963
0.4826274329082985
0.3351150139936401
0.41136192458268706
0.3658350640820685
0.41209264978400845
0.42847330011246204
0.3525854540933257
0.36704709557748055
0.41495894069686634
0.4326885882758704
0.3695712675399749
0.39629943484070934
0.34843510108666675
0.4917688942811404
0.39240602168071237
0.3733874135846745
0.3458794047270164
0.3379201649407168
0.45046413879650554
0.41765826968957614
0.4289615894134649
0.3640320942016478
0.4449457734304908
0.5280362239380568
0.34196773053187984
0.43876820466820843
0.36265138444160344
0.47280465428907104
0.3779863521642656
0.3964986043013289
0.4376669589851614
0.35869073886332564
0.3824405222829908
0.3911476047527429
0.3930152506504647
0.39023176120259484
0.3966074796031602
0.3943523427229202
0.32621557956705727
0.48157752680673943
0.3410593698245363
0.38825257604497654
0.41084368430660534
0.3233348092473987
0.3705516505325143
0.4199116265978468
0.34213871981423494
0.43991582924715544
0.490935304684241
0.3579439843824783
0.3608923486551682
0.358183137724269
0.34455806088990826
0.4464963981718248
0.4140352878373224
0.40780028234497434
0.4251696811589158
0.3422336727191233
0.36329159733094196
0.3809159505654988
0.3361856744523459
0.44418159900313464
0.39461627585375464
0.337727780113127
0.3562111361095786
0.4334427857188276
0.4101910587722537
0.3954853927812511
0.36005607016635477
0.4071182895839738
0.39308717982622304
0.3396490942576758
0.39680309094336574
0.32076635597060804
0.3765228197375509
0.47832811609167003
0.34161588021214123
0.3759644508049765
0.34855437170746356
0.38183246884558514
0.4836199866736694
0.3789725366171873
0.39454598478637165
0.38982317251842147
0.4353784657471249
0.4168933824628338
0.4291525896077337
0.42546405849094243
0.34181520134699933
0.4698773817508825
0.49280437091638707
0.35617977283887375
0.4090478999545001
0.36949789481597295
0.34709085794138317
0.45360827259553504
0.3649283490368386
0.4719242230241306
0.3998494751265838
0.3848383324250988
0.4390221292573723
0.3313058906265423
0.4174589001352238
0.37602295388866186
0.40379220195597504
0.4578749825455004
0.38259874402151295
0.3388433667422132
0.3801076077658115
0.4015392158624392
0.41288649450875325
0.4014831596136498
0.4204521517819848
0.40397166216675834
0.41909143114628106
0.3670818306266454
0.40023696620537125
0.39597950523746595
0.4174988444206868
0.35182355113781544
0.36118492481859676
0.3395268517771614
0.42762129594715054
0.41745717990357273
0.3531079421669181
0.38256999554081744
0.38567811919113987
0.42545738219868096
0.402206792298644
0.3684619116353498
0.3412020168567682
0.42520344320807224
0.41649951945160074
0.4324579670993033
0.3613890480971538
0.404305292125807
0.4084080899736087
0.3989264809583669
0.39654687480650597
0.43717612688201946
0.49715289488577513
0.3214777218350482
0.38389736521905604
0.3471837356269695
0.34894661303469227
0.4056379342594703
0.3565138060289783
0.40777543433750457
0.388562962807883
0.44777490634157435
0.39714718094767815
0.339150575504107
0.3563707102835366
0.3952126452021801
0.3397715988812442
0.37420112588908544
0.3989554649419079
0.4342989579455564
0.4258982909397147
0.3985942643187468
0.3549612295817473
0.49809364398621647
0.40238048927934417
0.3429376542624968
0.3894371511328882
0.40961610955367445
0.3646649240255648
0.34160603826517577
0.4227042879509852
0.32104061098392017
0.34064626921728647
0.43169603900181597
0.3948402150225579
0.3423041554416346
0.3774845375236132
0.4528494630297452
0.4095240697078239
0.40073435452119693
0.40453168819704904
0.33497443223506196
0.45901298678752295
0.4621323750862269
0.3854695403756713
0.4582741598576876
0.47494076963056303
0.4117468093321535
0.33915482189576396
0.39617777359093764
0.4112795076369268
0.4172067995868575
0.3912862050627612
0.3495155975837741
0.36832543294338255
0.34676886424091974
0.396888646875772
0.38045547262832335
0.3817852135902907
0.386541261880749
0.5155527496199196
0.33716617756456024
0.4394816761376134
0.3395908681077497
0.46853828053478314
0.3851137387853924
0.38820880268331553
0.36607191350778856
0.3257952556163509
0.41692729873845147
0.34158141630389316
0.39098247842251016
0.3864239842393504
