0.010276562090048614
0.010787120105381782
0.016724207991900063
0.021498267517540155
0.008931526318845305
0.012394635105763087
0.012378796811302465
0.018294478781898226
0.019199452818061288
0.018084478809289067
0.018695820374722224
0.013733840323192864
0.017662408283742326
0.013251184526481533
0.009614816858214737
0.01643976415151992
0.008434813174597584
0.012715010891922437
0.011768819817951312
0.00833159830857183
0.020193762942589833
0.01671674640987254
0.016330725747508403
0.02002388757004023
0.008043208580758436
0.010453770798528127
0.0094119367402166
0.01107279105913565
0.008567340876059797
0.010298012340563345
0.01860486594000719
0.016831159609900156
0.008140576688598295
0.015603621540518267
0.009827342274394213
0.009874347006799847
0.018634616904392498
0.0156705801793229
0.010225963881875489
0.015331397623054226
0.011962329403890689
0.008949117840186198
0.013898500340927447
0.010585243142828039
0.013456637852241715
0.016193179725263872
0.009213577871609074
0.01971265901022486
0.015185709789566959
0.015868980207303787
0.015486145373759851
0.010104883697955673
0.01530486777085458
0.008555274657465464
0.013248298822565072
0.00861680247092435
0.00902373036708291
0.008623453683039383
0.01575328428474943
0.01625228269508623
0.012532337788650087
0.016751487934254083
0.008260844472017258
0.008045929806216264
0.00881036007667395
0.010694946305618519
0.010108990323457029
0.01606399933693848
0.01676562654220983
0.011227751132173657
0.010696693566280365
0.01556632782402357
0.010250145870874439
0.008075731078656846
0.013133518377807263
0.016232470980331093
0.01806778329035537
0.009663944723202169
0.015646151592437426
0.021442892788284276
0.013838632136547813
0.015785895398190728
0.008686860707822978
0.012744855094181004
0.009785720983088712
0.015457076165409115
0.01679455325770483
0.008340646780454675
0.008085264448985113
0.017631113964022387
0.017593147900610277
0.01114887490547544
0.011773745247374803
0.010261620244803732
0.018368663256979983
0.011953976569184312
0.00980266656248286
0.010659334527320641
0.009526582293903234
0.016272284493383082
0.008802725956556
0.008674483168007497
0.015977473492803314
0.01134005787952809
0.0107058953210636
0.015624991096854658
0.015524705270749685
0.015286725496739024
0.008186394761925692
0.008223574961439401
0.01675886344837586
0.016043230203418912
0.011816644204040893
0.010030528488492917
0.01625568368481507
0.016592074913840436
0.016306137916202616
0.00985230022564129
0.017885035714292882
0.01541909218752087
0.02030379992865683
0.009128911473838758
0.011935528923021313
0.017484272446010474
0.0081241416812578
0.011105498483824664
0.014406801717659118
0.018542256982055614
0.018320969045133393
0.016413036375862517
0.014334428115468291
0.020731094242187196
0.011144503495200268
0.0081073901644883
0.01070201011223136
0.015489460004506166
0.00807807181734674
0.010645492740111421
0.010335206284546063
0.010428202700544472
0.011408578977491923
0.02041067056313691
0.011004485012990785
0.009843053153632826
0.009905005398214742
0.012274045198271705
0.021503297122436857
0.017347355324096703
0.010831131675806313
0.011675919166770578
0.01839852785210002
0.015682879126164877
0.013391622862354529
0.010024311835199709
0.015905008350152496
0.015277502011867136
0.016237438573004248
0.011885683327759104
0.00857819406284665
0.009255396129158247
0.008885192970577526
0.015664791944640964
0.015955616156335502
0.02178765031451116
0.012540130789849927
0.013582820551465515
0.013806525777509359
0.008449979456635146
0.013754810009912454
0.015573191698741252
0.009586846200387675
0.015622255839789847
0.015598827752624108
0.014709384853508764
0.011540276971597393
0.01570728498869175
0.008312646448200525
0.013141622903807519
0.01872386561658137
0.010395368583713139
0.016479080208712582
0.008225840119824543
0.011774291093640641
0.013570576462674863
0.008210655966970412
0.019073790593359546
0.01178996474281723
0.01720194422398619
0.01795883401577465
0.008634168482629347
0.015732230050354352
0.011203603907894856
0.015169600500099151
0.013120539010523097
0.010084590831813872
0.013916715944001418
0.01216659360358688
0.01659046551037959
0.016185211313402705
0.015134991384917576
0.008568318103895783
0.011681894880529075
0.011354717631436811
0.012862778869599157
0.010497665850496472
0.012527206828131531
0.015351263582991773
0.012800473768704553
0.016685959594876516
0.009626996897121282
0.014724120974756429
0.009836874816827722
0.02005864995838141
0.01613272911948885
0.010792553855020107
0.01766902997949263
0.00835260595209623
0.016271271666190506
0.00918179988714915
0.009047196619313086
0.010143888404736274
0.02131353048391743
0.01762644061540647
0.015913776393744705
0.015522179597810801
0.011773429189416202
0.008257816000992693
0.008056787815490875
0.014145535485356475
0.015729519780109055
0.009923623185021699
0.011016770059149078
0.01532011739568626
0.01716969542386703
0.016076107161315592
0.016148257846263146
0.01347285219206981
0.010942766472081781
0.015543880304607887
0.010158928424431021
0.01727866324446529
0.01596585140661874
0.011165240993200876
0.015595929576029188
0.0192823054921902
0.01593189030457248
0.015764727408533716
0.009735635460320892
0.008090995069483313
0.010196593687341209
0.009123123262926252
0.012574342884399506
0.012691499939594257
0.011754329846008084
0.008677772833395898
0.013898620833489642
0.015013031174848037
0.014579471192200233
0.009801269319563844
0.010198729426674904
0.00839098996291522
0.008524551321178409
0.008201405187912942
0.01588663044360949
0.0182204830687372
0.011119229133025777
0.01748314751067714
0.010585297379435454
0.01958457270856366
0.008413895163134252
0.008734528133188188
0.00978172602289014
0.011198427424909648
0.008316620115993286
0.008490569602637827
0.014776850315394701
0.01631879541255715
0.01630781916419159
0.008258642892575978
0.009985345741634932
0.015938885667976202
0.015418339300470188
0.015570761363998967
0.012145081463739833
0.010128806158398888
0.009075016089836435
0.017016090402638653
0.011758846045229716
0.01686831162441587
0.018779966257323557
0.013997110452699702
0.020424038223657258
0.00830770621432279
0.018163667188569828
0.017142629592160022
0.015470639845880986
0.015484710040757941
0.01152999300646879
0.008496914898650348
0.017145460541977426
