0.04636701712691729
0.04432949977494147
0.04672290799416133
0.04730347762476279
0.04870061072365248
0.05144248216964356
0.06451997704725915
0.056117495126822244
0.09229559632480175
0.0718411293182759
0.05802987919240299
0.0580609567622418
0.08729436874279942
0.09035523510338908
0.045851779914918483
0.0907086937170309
0.07089166035056339
0.04295609147536471
0.047114130701479406
0.057321841454142444
0.10149349726595767
0.056594177965176365
0.08597997505465017
0.08656926936690974
0.04729981698070649
0.05163898520728949
0.04389057248542114
0.08710149174891926
0.06395712451704598
0.04836831933276016
0.07254855101774811
0.056117103327285
0.04402667494402877
0.056310245479553454
0.08128041245583738
0.04335665978190568
0.04306244472515528
0.09503179377478445
0.05561510104871657
0.04869493509746701
0.07768565079378166
0.05628482595821775
0.04408099629959099
0.08723709750084757
0.049411321332992725
0.045855681845350035
0.07057938169038913
0.10868691230201379
0.05314332496633129
0.10618716638050658
0.09525562761492692
0.04605435579974865
0.09048097880053876
0.08703540819123277
0.04691317463883599
0.06365424482029797
0.11174661348059352
0.051835445254957285
0.049565926402256946
0.060282300472745305
0.08277570638606055
0.09385380514821945
0.08335622296193165
0.08843516240416051
0.07900338127156868
0.044892135886988725
0.06906708802758671
0.10430273959414242
0.11075923944313462
0.07040913239098476
0.089176958454805
0.08624936588110065
0.05511572789632665
0.0675925849407383
0.09327906563701935
0.0817445839971746
0.05005756405498619
0.08821367083748519
0.08422545103838605
0.09656297753488836
0.08963601991184096
0.0785253276045539
0.07594310503964316
0.04648902388718162
0.04494144089243732
0.046130541463481
0.0844029350750418
0.08969370648732441
0.08457223781024834
0.0865203283365168
0.049640641056456894
0.054965074156063165
0.04768042097648105
0.05325336307160392
0.06801230384180805
0.09077631951424936
0.09800521599780675
0.0603216801720714
0.07105536368093121
0.04787465059803586
0.06373128377798999
0.05755252470367783
0.043782942221267086
0.048667296670877304
0.06117112530926796
0.08729484144115207
0.05060883176663666
0.08550457626206673
0.04389033404097977
0.06271604962299279
0.05502078241827753
0.046070569561272555
0.04498719558889277
0.055150819011675754
0.06327611650004378
0.08320657992264632
0.04485606745791758
0.05615318057799982
0.045233805995203435
0.09172380469749344
0.0472386003269944
0.06146488830095172
0.0839302199958875
0.06085962180721956
0.08631125132052546
0.06055141487134425
0.05026867414624334
0.046423258190407816
0.10684382244262308
0.0953327495473458
0.10339725959081472
0.06201738794186974
0.054063677077454304
0.048944164869919905
0.046535102801197985
0.052833821937235376
0.058773647872010434
0.09067420100273546
0.05804125657973475
0.06452179406899272
0.07443326656183814
0.05583923681169742
0.06080619604021408
0.0846272071077298
0.046322512152995744
0.05400592355701489
0.04980381690161339
0.05280081559971483
0.08576867316608773
0.09511352150500833
0.08411193267038862
0.05023203767134847
0.05395675363067182
0.0679277447321602
0.09989771857898017
0.05859579029105361
0.05800683972642349
0.09008398085234859
0.08833052840877946
0.07393980828881877
0.06964390621225033
0.10258343365425754
0.06594810933905806
0.08451395966112082
0.07006289846257545
0.04674300429370024
0.09036059891001595
0.06068919445124312
0.06322130450353439
0.11552671413390589
0.050280564063159436
0.09174091635342937
0.10911750498661762
0.053092670453676466
0.09771846790784673
0.06337326684914063
0.04586700735092328
0.10966244385082885
0.060256246016994267
0.09739544633733979
0.06665500662357639
0.09608553317413003
0.07736435291722385
0.05147874398568351
0.04880843494879883
0.06272134762344671
0.058023485108307224
0.07030074397146369
0.059440640226802344
0.06785290443818454
0.0857008852391943
0.08361337212568509
0.05114041143107125
0.06134448796418072
0.07801842881664746
0.08827556703722457
0.0719743904779313
0.05396613381409487
0.08338450949460348
0.07317193019298159
0.10915108835290739
0.08722777359432647
0.05150957368465127
0.04735686638194912
0.053879359517895194
0.046072829123798745
0.05768172392695298
0.09136530812260617
0.05042324489070361
0.10387846618931591
0.04754907007975039
0.04400728388753273
0.05053933165588771
0.0707731907989096
0.10379607154585972
0.05024896580765326
0.05532551392199935
0.07065172976234325
0.0497544061913873
0.09991338916040655
0.04517493295704242
0.09140291466410341
0.09007405511853657
0.10907565721649992
0.08322201560851336
0.08618187280117669
0.08855238513516782
0.044544149322240316
0.049043798412767944
0.04426584665271498
0.0831605506951742
0.04820708337002455
0.06377953000425102
0.0621104196740655
0.10009959570738074
0.04698123655237374
0.09101548536681638
0.1012991576478398
0.045005912474075344
0.07420217391990012
0.09624052101386722
0.04611456314543212
0.08016351608784954
0.044500157912580045
0.056271616746828665
0.08503643723502388
0.05938619985472214
0.09402871109759524
0.0563529133320467
0.07531744604817579
0.04615301152429827
0.0818963993747376
0.0769341205039096
0.11316553734138762
0.06424196221752594
0.09419056774320185
0.06856529014353409
0.04489340448461881
0.10088533681049264
0.09633220168541806
0.046516228867141976
0.08567161081881
0.08803891942103399
0.053658058537936
0.05809921282712453
0.04603113324847008
0.09396585297515575
0.049008051513854914
0.059107177444588044
0.047444892218024434
0.061004771366481594
0.05170485082777938
0.057825506103447916
0.044537394269553596
0.04381761870703543
0.09095037870982497
0.06851774982438602
0.06399037554071624
0.04962545486991835
0.06178562883489022
0.051031688674255504
0.04985382739751855
0.058567235903081126
0.08700636008201852
0.09520055276209304
0.07220223676799527
0.0438164235862772
0.1087996683138667
0.05254196992530016
0.07168487764040576
0.07154205907171093
0.0523822261731966
0.05064710443751458
0.04566166225483181
0.10583455361540367
0.07591865541983694
0.06146987109566696
0.04420305023831016
0.05811427002662214
0.08609292618447048
0.04800961103452578
0.04652076396506131
0.04479434898565563
0.05578703350033513
0.0512164233372709
0.05996898120044729
0.10045905777923032
0.08878920232587664
0.07530460717054765
0.06483918113453897
0.08941787623612203
0.08374549900602322
0.07918149196692019
0.05234427626257817
0.07892611473870503
0.07517888775949343
0.09041280264605997
0.09306894492160761
0.0496459212469251
0.08745702698668618
0.08384880976673936
0.059273651267898665
0.08623693496353689
0.05204308720199689
0.06905493426050104
0.04676571061562758
0.08367389134212015
0.04836240020123736
0.0868825169535085
0.047371981448190055
0.0485663535556353
0.08003565297510448
0.08577074277812119
0.04804498735220387
0.04403275791008019
0.08467045897893213
0.08825179895777434
0.0712697907015611
0.07372503985615646
0.0766602558909488
0.04575369216431149
0.044572243975151055
0.05626034585451945
0.05576835648367851
0.04696571576497181
0.09116169370140925
0.09116324915544066
0.08453895592314893
0.08366961034355039
0.09457389760083451
0.061425509598112625
0.10854841091387246
0.05603807602648928
0.08720717635095968
0.06499796935857924
0.07976405097357345
0.044412143880481196
0.048738007055622895
0.047713250848104356
0.07475298655946243
0.05755373303783514
0.08454588554717521
0.0694947895304182
0.0900962084035445
0.05256175956209747
0.05778963855364948
0.08895963494864637
0.08034462431033725
0.09317599748295631
0.0888956092552777
