0.04636701712691729
0.04432949977494147
0.04221514880523186
0.047303477624762794
0.04870061072365248
0.05144248216964357
0.06451997704725915
0.056117495126822244
0.09229559632480175
0.0718411293182759
0.05802987919240299
0.058060956762241815
0.08729436874279942
0.08302257875473668
0.045851779914918483
0.0907086937170309
0.07089166035056339
0.04295609147536471
0.047114130701479406
0.05732184145414245
0.10149349726595767
0.056594177965176365
0.08597997505465017
0.08656926936690974
0.04729981698070649
0.05163898520728949
0.04389057248542113
0.08710149174891928
0.06395712451704601
0.047278912091897274
0.0725485510177481
0.056117103327285
0.04402667494402876
0.056310245479553454
0.08128041245583738
0.04335665978190568
0.04306244472515528
0.09503179377478445
0.05561510104871657
0.04869493509746701
0.07768565079378165
0.05628482595821775
0.04408099629959099
0.08723709750084757
0.04941132133299273
0.045855681845350035
0.07057938169038915
0.10868691230201377
0.05314332496633129
0.10444167244650508
0.09525562761492691
0.046054355799748654
0.09048097880053879
0.08703540819123277
0.046913174638835986
0.06365424482029797
0.10115180944555459
0.05183544525495729
0.04956592640225695
0.06028230047274532
0.08277570638606055
0.09385380514821945
0.08310561631900598
0.08843516240416051
0.07900338127156868
0.044892135886988725
0.06906708802758671
0.10430273959414242
0.11064067572389973
0.07040913239098476
0.089176958454805
0.08624936588110065
0.05082359070150619
0.0647813258724099
0.09327906563701935
0.07932456466695631
0.04570021940479649
0.08821367083748517
0.08422545103838605
0.09656297753488836
0.08963601991184096
0.07640693139025226
0.0736594553516631
0.04188423993753603
0.04494144089243732
0.046130541463481
0.0844029350750418
0.0896937064873244
0.08457223781024834
0.0865203283365168
0.0452734998057252
0.050937273611224104
0.04768042097648105
0.04924346585202156
0.06498519566790587
0.09077631951424936
0.09735558023848279
0.05524584653179981
0.06850810398031033
0.04787465059803586
0.05924203113515412
0.05297704720694762
0.04378294222126709
0.0436475525617222
0.0576854648343476
0.08729484144115207
0.046276073403836125
0.08550457626206673
0.04389033404097978
0.059259529349258176
0.05099648883238638
0.04607056956127256
0.04498719558889276
0.05515081901167575
0.06008506297333684
0.08320657992264632
0.04485606745791758
0.05236528649169482
0.045233805995203435
0.09172380469749346
0.042376833508461165
0.05714470753505816
0.0839302199958875
0.05665576713880241
0.08631125132052546
0.05707471771271913
0.045718182284713665
0.04184969040193932
0.10684382244262308
0.0951014842699963
0.10339725959081474
0.05640979475759421
0.0496418251803576
0.04894416486991991
0.04653510280119799
0.04866118458185957
0.05518885308541038
0.09067420100273546
0.05804125657973475
0.05989508292166506
0.07225604057623451
0.05583923681169742
0.06080619604021408
0.0846272071077298
0.04160974210140247
0.0499373849750635
0.04521017688573438
0.05280081559971483
0.08576867316608773
0.09511352150500832
0.08411193267038863
0.04577349220500163
0.04993103958856531
0.06383037469064001
0.09989771857898017
0.05497348352562895
0.05276400251338919
0.09005625694624579
0.08645957876982896
0.0701740684167246
0.06548237448315096
0.10258343365425754
0.06301921956403637
0.08451395966112082
0.0675870613734022
0.04674300429370024
0.09036059891001595
0.05597745526592578
0.06322130450353439
0.11050591587002409
0.04493539087365392
0.08889574069684779
0.10028277714958936
0.04871639355021466
0.09771846790784673
0.05811273388939627
0.04586700735092328
0.10107372313627923
0.056425821655792796
0.09739544633733979
0.06093628346056349
0.08597789674935571
0.07569586673193407
0.04638890111315591
0.04880843494879883
0.05894360174972557
0.05430321931921955
0.06643399161235597
0.059440640226802344
0.06483722319104142
0.0857008852391943
0.08361337212568509
0.0461448412464002
0.056832238517993745
0.07641530431584602
0.08827556703722457
0.06959501091744666
0.05001739651739746
0.08124357253742803
0.07065956219766943
0.10915108835290739
0.08722777359432647
0.04727060118596788
0.047331725587438846
0.04845926180083079
0.046072829123798745
0.054007717313469886
0.09136530812260617
0.04524159327400786
0.10387846618931591
0.04754907007975039
0.044007283887532736
0.04633299627213306
0.06718146268590575
0.10379607154585971
0.05024896580765326
0.051475991505143655
0.06789622460458182
0.0497544061913873
0.09991338916040655
0.04517493295704242
0.0907663843980679
0.09007405511853657
0.10907565721649991
0.08322201560851337
0.08618187280117669
0.08855238513516782
0.04454414932224032
0.044703185744275675
0.04426584665271498
0.0831605506951742
0.04820708337002455
0.05921071440597914
0.05646810600730657
0.0989240000281401
0.04652853533924961
0.09101548536681639
0.1012991576478398
0.045005912474075344
0.07223469266795542
0.09624052101386721
0.044546242256279726
0.07518943528803966
0.04450015791258004
0.05244407400601114
0.08503643723502388
0.0552136238459219
0.09402871109759524
0.05200083258554258
0.07531744604817579
0.04615301152429827
0.08024499507006606
0.07535248540814814
0.11316553734138762
0.0598959947761594
0.09419056774320184
0.0650994233468454
0.04489340448461881
0.10088533681049264
0.09633220168541806
0.04191152821284669
0.08567161081881
0.08803891942103399
0.04929137004563784
0.05446088183438203
0.04603113324847008
0.09396585297515576
0.04900805151385491
0.05539884651397115
0.047444892218024434
0.05614076484108446
0.04586831569189673
0.0538049305053374
0.044537394269553596
0.04381761870703543
0.09095037870982497
0.06346549172761756
0.0597795076197757
0.04473574298072494
0.058035580943596114
0.04682141897462946
0.04556835594895799
0.05458115973082268
0.08594185221349057
0.09520055276209304
0.06802013544931133
0.0438164235862772
0.10879966831386668
0.04849240432663671
0.06886431268396827
0.06737261571325841
0.04793921574299974
0.046003728464565685
0.04566166225483181
0.10460318669459223
0.07248570060275852
0.057632741987734055
0.04420305023831016
0.05439634767816718
0.08609292618447048
0.04800961103452578
0.04196415685462074
0.04479434898565563
0.05194475978850413
0.04573328539853796
0.05632569412145928
0.10045905777923034
0.08878920232587663
0.07530460717054765
0.06170775315408116
0.08941787623612203
0.08374549900602321
0.0771073398400809
0.045576231572525924
0.07741056115105006
0.07247323162648675
0.09041280264605997
0.08903914068719228
0.04486900901441867
0.08745702698668618
0.08384880976673936
0.05503408517524261
0.08623693496353689
0.05204308720199689
0.06635642628074104
0.04676571061562758
0.08367389134212015
0.04362459746793524
0.08688251695350852
0.042927277665774734
0.04351984222501762
0.07563446814146323
0.08577074277812119
0.04365422314794744
0.04403275791008019
0.08386549705979941
0.08825179895777434
0.06792999217338545
0.07021062253986528
0.07414831381909207
0.04575369216431149
0.044572243975151055
0.05115801708832456
0.050878859309682396
0.045789748683453084
0.09116169370140925
0.09106697600241151
0.08335324423562998
0.08366961034355037
0.09457389760083451
0.05640928354959131
0.10854841091387246
0.05217600589640696
0.08720717635095968
0.06107649021454776
0.07754142200401232
0.0444121438804812
0.04430730005513095
0.04771325084810435
0.06630960306096274
0.05386785774894968
0.08454588554717521
0.06665929459529599
0.0900962084035445
0.04810839550500311
0.05778963855364947
0.08895963494864637
0.0778840070578148
0.09317599748295631
0.08629947731514816
