0.7574975641822426
0.7865729278913904
0.7615286446831506
0.8079777323506024
0.7695606688883414
0.7472519733206284
0.822043280799312
0.7886598241897349
0.7764652712794228
0.748573439272875
0.7965199091192504
0.7607623709683404
0.7820725777751905
0.7550551394377797
0.8296944760238664
0.7726719243978133
0.7428253416076465
0.7993483275759625
0.7615757847005742
0.8109815584500487
0.7739179806078117
0.7608337676282936
0.7604350330584436
0.7400969173860227
0.7593599831992575
0.7196567497253816
0.7918732140662945
0.7418658813992762
0.774711446511125
0.7867758388514628
0.7564569385803355
0.7487349030770154
0.8528499911349288
0.726833297548078
0.758380386378898
0.75855325871916
0.7778435662453018
0.8029920825826992
0.7378557925751094
0.7752520306584215
0.7671273222666926
0.7697716141935865
0.7862607796115613
0.752116474408332
0.7431191082568951
0.757799002018148
0.8028028921440127
0.7505185548999651
0.7544862904641337
0.7554795068309986
0.7433092979466202
0.833804701204801
0.7463652686642682
0.81171460060188
0.739833786659756
0.764724281604558
0.7628374844039062
0.7660545266214018
0.7504657957490419
0.7263526965913532
0.7862416577852971
0.7476397947486967
0.7469714170667279
0.7630015964138048
0.7596768250467593
0.7874703712225202
0.7903767091704983
0.767602216077649
0.7601994174455393
0.7201104555379655
0.7452144760714878
0.7649158499399968
0.7225552635732534
0.7530491992179091
0.748151747227876
0.7559938154259751
0.8118873228705616
0.7652487342170793
0.8050996348814339
0.7945079056646603
0.7626329129180873
0.7554563510987462
0.7666258598362694
0.7686590205341941
0.8361820602730999
0.7645988786017871
0.7527576905846308
0.7154098714647947
0.8052314364984241
0.7405440160504612
0.743016590114434
0.8031825957548581
0.8122170693131393
0.7371194518818868
0.7977712466291884
0.8044138291197972
0.7553502057498405
0.7945690522698045
0.7443268307911739
0.78505169075354
0.7939085710841685
0.7535841728183507
0.7986716394593871
0.7716896547215396
0.7376463034865826
0.7475457966297865
0.7999505527017635
0.7622548797716375
0.7203719077443841
0.7098595009616377
0.7496872400611015
0.772046528844463
0.8248279980981335
0.7986672110280931
0.7652103902765707
0.7624032942597739
0.7997123801521567
0.7563626763086226
0.7995096645023119
0.752048944585361
0.7702449364602874
0.758463105075766
0.7772141474592739
0.726745774587235
0.7770137021073773
0.7828163918340605
0.7537667370550913
0.7224083046768663
0.8052366217702338
0.7805961419456052
0.7431277290049614
0.8135774390052606
0.8104677073349887
0.8081535815324833
0.7619120655314757
0.7382017760682299
0.7405755537033171
0.7614945515553807
0.7412040797427786
0.7485429067178222
0.735811270064602
0.7689133475099466
0.7704450479398208
0.8311154173415668
0.7577471539276721
0.749870853618557
0.7367158971210424
0.882435370493637
0.7787093863222652
0.7604178346533129
0.751560336189314
0.743788260432277
0.7411697306996515
0.7245927482883373
0.7487153691133227
0.7597976457578277
0.7795770036360765
0.7841838827058359
0.7859753528969987
0.7522315898987434
0.7210208537648498
0.7743005025032784
0.8157187774200231
0.7769126976476558
0.805606508508567
0.821313484081573
0.7707183978513552
0.7531516399508567
0.7085979194449541
0.7537912399635369
0.7967101020013295
0.7561531924867342
0.7639183111928546
0.7604989214737637
0.7916264030860309
0.7939711985971152
0.7607663056216518
0.7409920951797185
0.7497789731868593
0.7896772857675854
0.8106607783951653
0.7686752405022367
0.7553320578901159
0.8102395953786432
0.7516830666692071
0.7758502222169152
0.7199969047818523
0.7361988214169316
0.7440066374939507
0.8058674349060355
0.7300650864817743
0.7598536168188611
0.7464786465803752
0.7623206834330832
0.8055040186685175
0.7547868502119677
0.7849266261227213
0.7619638586197169
0.7244107793170542
0.8161563478087811
0.7153979090738165
0.7230909289514753
0.7995865575949567
0.7721491153025036
0.7842344116458774
0.8058291302683258
0.7501910736518081
0.7441418117551539
0.7933047948945965
0.7541733798929076
0.7396808757958303
0.8128517683516138
0.7886355960913063
0.7221041344866591
0.7425556470843334
0.7510078770246298
0.7904559951424752
0.7642600194498487
0.8047240920604661
0.728508775337231
0.7490407422931136
0.8134617916731867
0.7654882949218607
0.8206285003312239
0.8088912116429338
0.7361861764110421
0.7617483943929604
0.760129633327371
0.8163061811303272
0.7689000647993965
0.7771262641184857
0.773001559334658
0.7959364059950662
0.8315651079529978
0.7539093567161244
0.7390825698822477
0.7891459235098107
0.7814347015387946
0.8018215982074409
0.7901974060895075
0.8008037432695572
0.7211858148260477
0.7426964585470159
0.8088223088185531
0.748523871846031
0.8187446853302957
0.7513500654510422
0.7254736553447146
0.8050401428917094
0.7827564500222332
0.7518915206403928
0.7848776346857054
0.8017064520988944
0.7537638998850782
0.767147743088932
0.776364857671606
0.7632114363864403
0.7748596225941629
0.7263871008819623
0.8011772763086031
0.7999109556477851
0.7650912624387212
0.8309425850114431
0.7521635498888767
0.7710540384223257
0.7818186106879911
0.766553853771939
0.7883156005553075
0.8207240501311571
0.7851387955937468
0.7552551625204005
0.7932875502355922
0.7859298488618781
0.7588382846428847
0.7368254874987629
0.7509695253142021
0.805308324818551
0.7634566985681914
0.7488183590133025
0.8399947252358301
0.7131808342064172
0.756278559157972
0.7934207743034415
0.7636604445089558
0.7993566564677921
0.7823973309694061
0.8010131534550038
0.8675809367468316
0.7579540561155235
0.7474829427773961
0.7548055810927797
0.764779468076541
0.7721350058239135
0.789077345677425
0.7711769268592125
0.7690922758802626
0.7771083323576344
0.7884561828008876
0.7178317859844016
0.7833664712097134
0.7206659367673542
0.7605176948769543
0.7783642104538443
0.7697661343923762
0.7548393395482172
0.7273871950125791
0.7925003041361528
0.7437916052866326
0.712736506072515
0.7580185566902223
0.83456171951499
0.7908952472484295
0.8399142462650748
0.7446456762601924
0.7306639353759349
0.7591808146640486
0.8775210148235946
0.800628158113514
0.7574331414592625
0.7410730978743693
0.7909963431855265
0.777171161365341
0.7610618375403683
0.756539143361127
0.7620470429146226
0.7491609706435263
0.7284023237571234
0.7363150621314766
0.7417461175938611
0.7487913864440039
0.7923408021837528
0.7395868438081808
0.7763928944997657
0.7616361557987043
0.8004354167277534
0.7416871482729179
0.7812557118019086
0.8175466102995559
0.7837498016985379
0.8113998991236568
0.7603829801525108
0.8252762020568862
0.7893543424041929
0.7153941874888667
0.7843297393368275
0.7615209530363983
0.7343434913395395
0.7238140730004565
0.7544378238095506
0.7283965045457275
0.7242263888755974
0.7867051653447236
0.7400381301744806
0.7924634102188152
0.7822487669920951
0.7721661255516844
0.7944453855464543
0.7342971783801846
0.7480797113048987
0.7791400006900862
0.836390185473645
0.7810532775548342
0.7632666687660769
0.7553565645416872
0.7785959677683086
0.746880444330246
0.7425019573425353
0.7768687853298633
0.7801133879171377
0.7947459953967427
0.7801879379378694
0.7577707916839921
0.8031527311313037
0.7880330968151061
0.8072915021786858
0.7818656758196129
0.7589305106873995
0.7561539324992899
0.7514960282996617
0.7258286087173964
0.7477754823145151
0.7607456462970458
0.766082528812094
0.758308718371286
0.7656482119236996
0.7758452825962663
0.763095286894449
0.8020502780566946
0.8072303150787107
0.8361090264816753
0.7335715593331018
0.7771316847556807
0.7185759094073032
0.8139701707595276
0.7791270545192392
0.7441841836842265
0.7589565256886271
0.7940855913859715
0.8000820832444306
0.7783683763476636
0.7565090961302232
0.783799979015914
0.834913819130647
0.7428495992522213
0.7578920790851117
0.7534527861928346
0.7629222499912742
0.7177924457062218
0.7570861106250145
0.7561888315350856
0.7262258827084074
0.7580153395352281
0.7523606394964848
0.7871102090628445
0.780325295103736
0.7599250234092189
0.8075592557325322
0.7559538905594244
0.7708188514488931
0.727886439292583
0.7880509947030728
0.8684530591051319
0.8370299492425208
0.7675470906907963
0.737025378097005
0.729020354137899
0.7091106007671425
0.7931810003022932
0.798670144609603
0.7528348560792438
0.7867736105370636
0.7343765462917475
0.7575060129733319
0.7510797794314839
0.7087633768507957
0.8096446066142965
0.7833530098056691
0.7562273525928068
0.7964806973860378
0.769099119668645
0.7797619815012333
0.7781663394026886
0.7979376820885501
0.8740029239339288
0.7995548526255132
0.734743068874022
0.7745113621282024
0.7579968457666979
0.7491769205069623
0.7678215293627815
0.7623707903343891
0.8111717182331684
0.7555915469273442
0.7819538588682541
0.7821034117088568
0.7355968653003917
0.7577301525935919
0.7302075408998995
0.7539508335260641
0.7837491199969463
0.7532209913087831
0.7630656798695369
0.8002276993496215
0.8413687177671823
0.7880080445365518
0.7299410307072175
0.7435531425686005
0.7300048875438923
0.7553446284950776
0.763680857550966
0.7172699994635796
0.7508158619321715
0.7675775730618115
0.7548987788789042
0.7688272317943613
0.7567478424654417
0.7784172702871895
0.7395064619579077
0.7404474947981111
0.8102212341642969
0.8569295805860432
0.7374985944320628
0.7632210916472573
0.7605353935503619
0.7450126507570423
0.7447837441167925
0.7462411726877692
0.741700661880635
0.7861697274737567
0.84033078628225
0.8107754821089223
0.785229445479871
0.7233746771476817
0.7435421024542563
0.7439472133398369
0.7747455862777478
0.8675624329850058
0.7396910722809803
0.7316306907207597
0.7902097156721649
0.77387637555354
0.7641683713683869
0.7450370817470465
0.7558876061081337
0.8179674997480514
0.7692659826415121
0.750860580777131
0.7774610365610247
0.7688405799012724
0.7519160797839658
0.792227821674313
0.7654221820613784
0.7519650203464435
0.7515311507619027
0.7639479964219555
0.7992857580442975
0.7696356416340259
0.7652928861752378
0.7718910646643835
0.7684031716207547
0.7378930670252806
0.7594426196616949
0.7392733890079373
0.7973111422756468
0.7615379273045285
0.7705152776339371
0.787322652877018
0.7906553342796283
0.7727204473072193
0.7621145372803346
0.7388183473087585
0.7547373976166798
0.7538172926553227
0.780136841669108
0.7843337935915373
0.824740052470169
0.8030033503973091
0.7483393818540167
0.7781242882983862
0.8044624596366357
0.7664740015040896
0.7671638486046379
0.7424699107751112
0.8639699099232286
0.773511985716511
0.7544658450528711
0.7949156704176352
0.7444063528806061
0.8050275662876226
0.7577880478506567
0.7842187668556002
0.7574985008006568
0.7714151391033862
0.7680346718294417
0.8148366914397975
0.7251083325381618
0.8037653686304052
0.712501778735412
0.7541207880326026
0.73351372946998
0.8325051988303033
