0.16571917364890915
0.14049925982875303
0.16886399399552365
0.20853988036651142
0.21127171519911386
0.20135164109952397
0.2081415955193737
0.14680618217047425
0.229503315208739
0.14102453023659708
0.21239033663058612
0.1512702053963807
0.14581580236962027
0.21194667780377557
0.23600079042380792
0.1404989230857114
0.18901962988578366
0.1715782475759998
0.20721551504702268
0.2067497174513078
0.26144572842582037
0.1694593929087414
0.22718519186312178
0.1586356441474352
0.21549024460977761
0.2196462581936065
0.2335773030908605
0.24171782128196898
0.23339999073869508
0.21494356225531216
0.17105259579196327
0.243859479939396
0.1913122020389571
0.1446454640163516
0.23575498790495522
0.2261715540676443
0.16562348554232004
0.1530974303367572
0.21762924512361898
0.15018136888062458
0.2557834217107184
0.16646622278938125
0.15243743420337763
0.23440933347268858
0.20493036478140514
0.2482157812593482
0.1653824141492717
0.2243998791595493
0.22199395526863458
0.18488753880105754
0.21002341187306045
0.14531627678338674
0.20695975480925663
0.14132779794876796
0.20854053159178046
0.2251973140792846
0.15899484678115192
0.14354685599443917
0.2369471367122783
0.167214471665768
0.22712986400951773
0.14490423820041762
0.1875611705797965
0.25117381711067827
0.2537314164372242
0.21003805222668498
0.21183819053522904
0.1649534714047318
0.16200924682869536
0.20920645823006506
0.22835203476601734
0.1650774441624604
0.15368416653404685
0.14816194349620576
0.23239968797322302
0.15968084498964302
0.1904673119834704
0.21198110166092865
0.24101375920801432
0.16136517466424152
0.21782062734260269
0.25171589918348686
0.16698907823625161
0.21822176371351926
0.23075935312301954
0.2563227125970471
0.1544400748643197
0.21188846819454532
0.15115727968015175
0.20891167785007825
0.15198756547595776
0.14876257773304846
0.21316755233373536
0.24625803781336786
0.14830952394250924
0.1719365171881339
0.21961599726916164
0.2262729708227797
0.25229016412614363
0.1712532369029839
0.206521561395935
0.18525852799647638
0.20928984193101066
0.13812826730271877
0.14661440630426864
0.21746721819928994
0.2275289992439113
0.2360569393886173
0.22014932494596004
0.1496642058567768
0.24675578023195438
0.22845104643161213
0.17341652300364307
0.13796753505773188
0.2065693618281704
0.1526508472627848
0.17540130046036187
0.18231483923158234
0.14356093524813832
0.1401903320917148
0.15200247124994812
0.1970495276142503
0.1958072500224332
0.16262894169991593
0.20728869314915907
0.14829696173090057
0.23662097024613973
0.14793908246914936
0.1716295019025782
0.14577021877364146
0.2125489254757375
0.14182739320410287
0.26170070934005696
0.21913254602727406
0.22663903057296647
0.2760097088841993
0.2165126121774655
0.1463990778054094
0.21637325458029924
0.2079823882375469
0.1462174964897356
0.16119598102357394
0.20995906523203722
0.14874133483598595
0.160981371393184
0.14614945243247074
0.14502287084128374
0.23575881174706736
0.1476838730648417
0.23926518138589847
0.1583693251569788
0.2674182661823323
0.19296509749417293
0.2324682755811847
0.2173192266957638
0.21414169358930946
0.19801122157425752
0.22557879918119647
0.24353084287029578
0.20842801043132167
0.21207134552576004
0.17794309909023004
0.15614164189591084
0.2457657415737947
0.26347048797199774
0.14106328377761967
0.25494619892896553
0.1518373333451316
0.20959488534670034
0.25734790666594093
0.16149257158552227
0.1832909103602464
0.16347513954018889
0.17008697833562486
0.21218797729396932
0.13879095875085934
0.24550152198591574
0.18279506597776554
0.2471424729797283
0.15515812009163318
0.192032085236238
0.23492052794249918
0.17847307692191156
0.14410095567184353
0.22660905019302158
0.2170045355435176
0.21014277632436543
0.2405149374393496
0.16235381569688676
0.14809405886971438
0.14473187379000935
0.15240650596477323
0.21450825097669957
0.26729365252146026
0.16655038233544917
0.21937918664091546
0.2499696768367543
0.2138007316762205
0.15655310062673503
0.2199874200735174
0.15896508216616353
0.13768383357248679
0.15140590219611777
0.16315262240633396
0.16794634527976052
0.15526662042958111
0.19385373650193521
0.2154803488700606
0.19509411216241665
0.18053805620943467
0.1772514914714886
0.1431855485509646
0.1901241963911431
0.2415245647922087
0.21099631161092355
0.18692711969480796
0.20659731825035338
0.2020213570991393
0.18997000276389656
0.20824788749917117
0.14338464510351057
0.21979196820515995
0.27625125886862334
0.15432195575856883
0.1992130820711578
0.21790132265968565
0.18724404211636536
0.19725998214447563
0.20252547278670288
0.20747937170814654
0.15134911878699092
0.13903097850719026
0.2242090234783201
0.1654424554066474
0.2729890830623296
0.16706179203495553
0.14958369281492667
0.24471244558416308
0.2885650166344635
0.16489554679675272
0.2096963038165628
0.23671583325106982
0.25330580690189247
0.17702923023823974
0.23286166466243666
0.2257781698861078
0.13919868314184758
0.19739191416901902
0.1769828709662168
0.1371515410960895
0.1480504122477689
0.20762968427168335
0.1556559200185005
0.25376035401275404
0.1646018634823851
0.18812967371507688
0.17696060013825507
0.22233986847477694
0.1441468907576196
0.1595934171066577
0.2010621517494068
0.2533881020922219
0.20642336636590938
0.14043244084135417
0.20398334032349308
0.15749790138331826
0.15026368135725363
0.2226405814085043
0.17069300304095886
0.17172625019804377
0.1520313040635651
0.20314187299776063
0.20913389523369233
0.15275903885678543
0.2410787360693605
0.22327821044465854
0.1533574285653225
0.16686776203806444
0.14139546176146583
0.16127985102207706
0.1654263093670981
0.14195945819919048
0.14918545265848657
0.21912255792914392
0.13763557574246824
0.22108418515058234
0.20422242824730205
0.23683169816062602
0.2075353905668276
0.16102010436762848
0.24794419408748986
0.20984323371554425
0.24604358244181723
0.21809810104661637
0.23298726489728347
0.16565702250376727
0.22676693437293644
0.21012515709398855
0.1537528969154616
0.20756397837645596
0.27661654285794873
0.15642159410347584
0.2646506721189352
0.26425529496352984
0.19668329521758887
0.2364226345450783
0.20537265928401052
0.22017859994916023
0.21877694675051862
0.1828201262209112
0.2372426465882833
0.16333936973676264
0.22307261143108176
0.19423703023296046
0.22861106910711107
0.26014388236430863
0.1755659252852533
0.15446619655683694
0.18727361811725496
0.19014348930392053
0.2108336920239549
0.13936590011965497
0.16197259192208463
0.17408251587607187
0.14940781886371238
0.21307998684965512
0.26335565051121185
0.16309966112605215
0.16219769955183294
0.195757233543592
0.15920916879868136
0.21143871730190678
0.15758876437151362
0.1761909588981456
0.19325328337743325
0.23899535178649683
0.17021545596742207
0.18109763457613642
0.15007359173447873
0.16019936863605475
0.19339969921430888
0.19495729535288453
0.17279102498410748
0.1959447812133329
0.18040860506494388
0.15605259757363837
0.16578330370919103
0.1424840730627967
0.15115891750122534
0.23750357238101025
0.15067834029909805
0.21018094130400536
0.20845428132954408
0.21247662115829685
0.1775187175296559
0.23316689296832482
0.20776259627720392
0.1433600837298536
0.21984612119165686
0.20169512448234292
0.2088118829051327
0.15498069637209475
0.16075713078566684
0.16963827285342056
0.21578106221910268
0.1765335902319857
0.23614085646017768
0.21294206033538063
0.14383282380944098
0.24469528848943095
