0.30953058448798537
0.30119899119934374
0.3207524520514496
0.2732628055433822
0.23825768376625447
0.30560049338702744
0.32601988837250295
0.29795860144653946
0.255544087259958
0.31234260591244933
0.24080262955020118
0.24098154717249168
0.23089898227783834
0.264304718180919
0.2655564019920708
0.2691916871855573
0.2854598819901801
0.2494576314506431
0.24817287527635062
0.3317242265066904
0.314942425447743
0.3204021467332134
0.291423483797899
0.24588182918429066
0.2943911253939233
0.24069894585476317
0.33477088327379206
0.32082302552932673
0.3227741717121159
0.29262528485177386
0.25641611886776744
0.21755461030983483
0.3190146717495516
0.2608494996290043
0.3180384081678733
0.2980892255014987
0.25648875307557595
0.2975474177218303
0.22409366817829898
0.3010067059901375
0.32239724844761425
0.33131142649715617
0.265871338082436
0.2959840125521457
0.29729117755271844
0.29183840430745944
0.2884044803836138
0.23578478048938897
0.22244485615733608
0.24507102942457573
0.30184240852755684
0.2381911451274606
0.2954498616650173
0.2387275702937182
0.25591275107304856
0.2774598279526506
0.29019654948199775
0.2931962340112055
0.2388871834123785
0.30541216676204647
0.29851678555406364
0.2538190472208722
0.30570212893628174
0.22482651303713727
0.31720537603130117
0.29395380541601646
0.2686337332707101
0.22965243247190417
0.32794804114106274
0.23233338169267215
0.2317001049800916
0.29039170886758037
0.22798326259254414
0.309051861777258
0.22825860903471887
0.3091812713147411
0.2538471484650521
0.25319517018961996
0.3393087140218353
0.31551011286223574
0.2710549799152073
0.29788739578333207
0.3220648696287225
0.2970263455547513
0.29102020260629174
0.2956770385779414
0.3008406663515335
0.3280614927321242
0.30850072741183426
0.31062494070770325
0.2827091977053594
0.24706388698064335
0.25858629135649885
0.2733286547305535
0.3472304678226247
0.3334637299392805
0.2963652635129489
0.28145414451110057
0.2358434147730216
0.2373942026860821
0.260381342902327
0.29917365418392994
0.31215477748991965
0.2892606973973004
0.2392350534900748
0.25897414536200863
0.23535281871461125
0.2481060389429927
0.28922164882797546
0.31089333932209606
0.26597105987359193
0.28868238013250797
0.28008232062833444
0.2807638895589669
0.2597664490991158
0.2963349449027155
0.24436220220848529
0.23902086490013938
0.32943061505971255
0.28130763011199295
0.2893649280218514
0.285322151086868
0.22023327989866603
0.26177674808904977
0.2423864093472036
0.23907773183745176
0.2874447297330778
0.31237135835840457
0.28827153894458885
0.3308646219350799
0.23422700271801705
0.29375763484070433
0.23102255716430917
0.29829147498516423
0.23553749067416463
0.31492347331241055
0.30164967993440744
0.2879333024474477
0.2525002861047089
0.2399029618824045
0.26427772764779567
0.3025805356144248
0.33514334149564
0.33593169089252384
0.28854909595713263
0.28602072831973374
0.37706208323289414
0.24562389468495047
0.296769072840552
0.3043586221848506
0.276298937222371
0.2390477950913215
0.23271585872170367
0.29806724199758694
0.22835425720575972
0.28396496798763876
0.2842803404723628
0.2920381878348162
0.27594133830217743
0.33954172576793834
0.30028052172883835
0.258281968281457
0.24060309484811515
0.23713244299113
0.28113963062256947
0.24366155863185546
0.2884577626390195
0.3237051201001016
0.2918888730118485
0.24750739138881223
0.29738303252718173
0.33086763185690343
0.29106367131483885
0.243802767261346
0.328960977299949
0.26742309830983724
0.3035624022148323
0.31595192028767244
0.27470529559658285
0.27591538836371776
0.24802665671439506
0.2997093835789672
0.24748002495936275
0.27208580814108235
0.2649795969904487
0.3191726698779841
0.3884233891967135
0.29001760931531884
0.25927313849687017
0.22985485823598414
0.29473280626228243
0.23842471807894638
0.25556811624671955
0.25207344455149006
0.23978208507906718
0.24062845847449887
0.29070651484986276
0.32487875825194484
0.2752541778452489
0.3123354430539726
0.3120073943126556
0.31193036965864124
0.23400302397393943
0.23047227044004975
0.34740781735163284
0.270658867507384
0.23094007614119308
0.2506201627547273
0.2928486438501343
0.24309406105709008
0.33622173525372623
0.2559608655214024
0.3100056335879718
0.29635356757682024
0.29766226102724325
0.3500094964930803
0.2903763073423716
0.2402116642189647
0.26991497353451993
0.30929406226429706
0.23629761857101025
0.26938116960528374
0.3060498898292109
0.3351229246883921
0.3449400993538805
0.3187649787345257
0.2886627523940104
0.3113607221859543
0.3047499511581888
0.2731987374848454
0.2945245545760267
0.29449935402814414
0.29750395126746965
0.24622582050175326
0.3552697268193704
0.2358995163247586
0.32078065714618204
0.25869324338656086
0.24014523728381865
0.3434266147074731
0.2499919003584617
0.3135396376264467
0.2741447056389666
0.25689880081433947
0.2887679753567812
0.3050408271245316
0.28205009097335154
0.2899966110434533
0.33510367654645845
0.2807345283893618
0.23394020992528214
0.2931043332613769
0.29529517864264676
0.2675542439116842
0.2958711617995542
0.257481896305346
0.2432493977207399
0.28998541405861006
0.3342447893329876
0.3046020923638424
0.2681562188039511
0.25811739159833513
0.28785474970327685
0.3004211524361954
0.3160575913382071
0.25898479631414456
0.2683465184992556
0.2475287020161733
0.2488074214074801
0.26252113172675384
0.26216905339320085
0.2538652423441944
0.2598484898334979
0.30517178885780477
0.3010937138250787
0.2935649669213761
0.28878102789137067
0.27887107558877383
0.3297414819028289
0.39189402932248885
0.30538587590554944
0.27334256828448
0.29325048836265183
0.29519340404585026
0.2338670191203063
0.2916526040016074
0.30120145089058314
0.24973737593968415
0.2988488071384111
0.2419962215107576
0.24270614843450042
0.2748662634210691
0.2860584802392775
0.22259855711140203
0.35330328194317806
0.26516517308532406
0.23812231211673715
0.23989644754830927
0.33945152687202057
0.313964622395571
0.3074860251994617
0.21850227218923376
0.2990729113544989
0.28769729307850544
0.29912455665201343
0.23699582953674062
0.21920667162361107
0.28665371886984337
0.331317229233886
0.27379384019855735
0.25860830295283205
0.3334802625355331
0.2977073671508849
0.2517405969335195
0.3419930844966289
0.3060761926226846
0.23402941874760333
0.33953993865824966
0.2887247185718955
0.21848407212883045
0.2732772454065773
0.2366011504427304
0.3467369632453931
0.22645256429172647
0.2510371405401553
0.37966155391014245
0.23452389547590696
0.2565227328924832
0.2827599837358616
0.33251598612446315
0.26646128138082686
0.27052470970050907
0.25052389319609797
0.25629574602976696
0.23959103573823198
0.3250954907537144
0.25551429899555045
0.226644529470919
0.2799835093053847
0.31028312716146844
0.23400669438281035
0.29338405935535616
0.2518831621621602
0.21853336290606137
0.31008236044098714
0.30089514204334006
0.2500072280811605
0.27227638456649633
0.2816853459396384
0.239789077192567
0.22411622888762386
0.2426519869898207
0.22388417022247964
0.26270701517002665
0.27962197695032964
0.22331754997551248
0.23898512746579945
0.25340869014546247
0.2340579515267849
0.29067299044956185
0.28387654904908133
0.2543039833130154
0.29715147425896327
0.24202315495797766
0.30083869445641925
0.30427273645490693
0.2533759318343832
0.22204045453580679
0.23154987375307917
0.3245628669351501
