0.9434801508016522
0.9537121171780826
0.9238328302939075
0.9159644236200719
0.922279937781709
0.9665998154865714
0.9819821741860196
0.9586634220407151
0.9894043166248435
0.9380962527122564
0.9680590723746725
0.9553265576578127
0.9760293956198246
0.9782053197358708
0.9415078363386401
0.9653360605536317
0.9309629938879428
0.9520168963174382
0.9653763303445172
0.9862887675048022
0.9544422149034024
0.9672984714109545
0.9277192486457598
0.9525120183430608
0.980446389439522
0.961463503955102
0.9739599480970521
0.9740122007845319
0.9789251940849968
0.9593272438576312
0.962449310714202
0.9296323789105667
0.9809812453803695
0.9147157810041769
0.9926367129055698
0.9698382971132133
0.9625208424566059
0.9600249058285188
0.9327017722300376
0.9246598794714037
0.9316958478697664
0.9746469575796838
0.9652459596581726
0.9781793061393442
0.9681271921984207
0.9611405489546043
0.9667208059934549
0.9402491965898426
0.9771675027355986
0.9703930150561296
0.980065874213836
0.9908642775067956
0.9591034280127656
0.952110971871958
0.961572757764303
0.9267173856920263
0.9860129942163199
0.942446853677553
0.9496367199286088
0.9205357978525909
0.9696561159876751
0.9377993486976673
0.9603535158043112
0.9634883951935211
0.9732266618504702
0.9751187950462916
0.9640538383148679
0.9621295153169601
0.9184265464102692
0.9611261177055304
0.9615086639643731
0.9320195166218836
0.930672882042507
0.9128513435462842
0.9281215131206914
0.9236792306550676
0.9873581572971432
0.9659830851055683
0.962200188490431
0.9801015445540123
0.9658442941722645
0.9701927062310793
0.9759726909765161
0.9919090699241417
0.9143688216549042
0.9425222380439819
0.98618198447614
0.9704947651632955
0.9551744949480403
0.9549640995965573
0.9760028130897315
0.9344181574217857
0.9346659963656178
0.9137092093674404
0.9777213112938725
0.9775740342248405
0.9189212466339716
0.9640432537492406
0.9926219642641536
0.9873746854615186
0.9268974094348011
0.9186793405291612
0.9627403960979771
0.9776936762597627
0.9883057296052957
0.9527967988005746
0.9829172219964957
0.9297357793285768
0.9199526059031596
0.9658792029228719
0.9944530717509872
0.9923632502600606
0.9626642730359835
0.9526109631407974
0.9300460465981524
0.9806269097232195
0.9819284400894812
0.9694178651966607
0.9155463939973552
0.9624724729838323
0.9924237167679484
0.9411877431330512
0.9759181146813375
0.9869626489245779
0.932598786594483
0.9841241538644889
0.9872863616369169
0.9184099519970075
0.9619219173816801
0.9401962514780194
0.9875556368221411
0.9703410041280363
0.980361097735872
0.9698651789051692
0.9447205177463835
0.9895153576222445
0.9674005140953972
0.9823557760591932
0.9675467072876166
0.9581810815962922
0.9451914429089141
0.9834357471298643
0.9459079194783337
0.9361421031312821
0.9207016395163243
0.9620134418462696
0.9869306875143038
0.9993462477448821
0.9703905377892152
0.9233134055747242
0.9469586515573726
0.9629775521525467
0.9833421566527459
0.9838127656443548
0.9625738103852143
0.9602043940279573
0.9176581251639689
0.9320945204435741
0.967276437746443
0.9753795690166301
0.9221519655863837
0.9699415153580132
0.9687856964753296
0.9156339334633887
0.9391611701227415
0.9359175735089773
0.9718749008664085
0.9527995554474473
0.9615823812036476
0.9350501714651385
0.980424354315959
0.977272148628647
0.9831369394583981
0.9294023726022217
0.9232190375632771
0.9866791153652005
0.9624354549592807
0.964112951040569
0.9741067276751255
0.9621616820144377
0.9513973411411023
0.9813915426883636
0.9730086292614748
0.9435571739959879
0.944804217154396
0.9624832501007478
0.9716950472922264
0.9674829252914402
0.9214334804438357
0.9632045645211242
0.9179269273503535
0.9183620158533684
0.9747629346946081
0.9313891720174724
0.9905043416139961
0.9598936449570519
0.9498018669250593
0.9851913855910797
0.9288900195052187
0.9841080898064257
0.9731119422812404
0.9128567681170826
0.9306418865429978
0.9664264154567651
0.9464530643500945
0.9704216791862937
0.9501113094486535
0.9931822021372884
0.9641566029804688
0.9638260328406247
0.980715028711701
0.9700597931710002
0.9163316421762536
0.9899913965039159
0.9528524420355706
0.9866879811732046
0.9555770230289866
0.9781208509642487
0.9155239951411176
0.9656677126344868
0.9172773240401215
0.9921744293188931
0.9882006983915287
0.9599132230144951
0.9576908954591226
0.954698235500121
0.9763117466985626
0.9765358517830571
0.9862215103860791
0.9804513031980638
0.9179747185700984
0.9719559672121737
0.9402636614032623
0.9164212262396567
0.9933641225836954
0.9252011864090562
0.9814505724757476
0.9486192195042176
0.9320699235000978
0.9875940480593305
0.9933507560832118
0.9606872368812863
0.9759830963748919
0.9874698487155211
0.9274482175228302
0.9189190411063107
0.9817119344102136
0.9642494844423309
0.9452599196613695
0.9409911720449577
0.9266046131965003
0.9942991472390729
0.965197252351607
0.9176915125099799
0.9697331260522791
0.9135291359173136
0.9921264958630187
0.9660831065440811
0.9868806841436195
0.9254721343660128
0.9702482046083621
0.96310139270424
0.9540491648253899
0.9745667868551943
0.9526162030937821
0.9633655989566482
0.963081488352822
0.9972407016303007
0.9179359811488745
0.9864486635608933
0.9501736506313511
0.9766314366264996
0.9200105482754719
0.9133595717538046
0.9425581393835573
0.9849889851395142
0.9693897862976237
0.9644391774156837
0.9721922205144998
0.9476311939928465
0.9360187698296495
0.9235691972631909
0.9904704005793494
0.923040274424594
0.96028412939914
0.9818126707120154
0.9286470589164731
0.9602552761276799
0.9618389353822714
0.9567790158853006
0.9606419684240647
0.9613877126342129
0.9163800077637019
0.990677545244116
0.9593372358160284
0.9737280587867377
0.9605341370648041
0.9201474962656848
0.9208677512924525
0.9145698212610238
0.9654279147488075
0.9625893739485211
0.9225975256391963
0.915848887525329
0.9714148599694645
0.9278741426888587
0.9654866584521479
0.9733526215796072
0.9196268600789854
0.962453275569788
0.986961736939473
0.9611256474502655
0.9675684729821192
0.9217433653396923
0.9666732213797694
0.9603496704397169
0.9615067744868431
0.9890306129063857
0.9125380291125066
0.9725892541675758
0.9167756702758404
0.9575751364657072
0.9351288002617815
0.919879334692216
0.9629774995537839
0.9485342232930258
0.9340667041302028
0.9734171842219278
0.9910691763497382
0.963082029277611
0.9965106327922468
0.9273189762828634
0.9658718872515862
0.9146214090535939
0.9779026106170992
0.9717478064266393
0.9939760036317528
0.9594923049001285
0.9675450368431897
0.9296496804064293
0.9862163941465584
0.9706107483105121
0.9249377280619564
0.928385376518311
0.9836951125977672
0.9773004990435996
0.9959750383533156
0.9764160331428273
0.9555505184563889
0.9638108751762142
0.9655552220593666
0.9600686015454017
0.9703521983706993
0.9790246052740037
0.9905533311601895
0.912636284987993
0.9650000191697916
0.9195265151177036
0.9177678972764053
0.987320926212094
0.9512185329673639
0.9285090572974146
0.9424605414733994
0.9852508958870873
0.9723270025361181
0.9845936533457593
0.9603937111811026
0.9141765655113131
0.988377941069767
0.9612509341971487
0.9248942819664722
0.9441153477067664
0.9755913129440407
0.9641900550314068
0.9860891058984398
0.9526978271603018
0.9334692985631814
0.9615864391635375
0.9870731392776176
0.9759894873995745
0.9564389940610366
0.9511160157270573
0.9483208346504134
0.9354438756043579
0.9547164480395837
0.9744479574445921
0.918351117519759
0.974856112741156
0.9856078947943838
0.9416195101438598
0.9430435899326193
0.9967088529432685
0.9911666915218939
0.9157317112027967
0.9897161356573192
0.975011137599617
0.9160064086265158
0.9557978802008681
0.9792741263132215
0.9606314994786115
0.9613259829018883
0.9257410008026739
0.9920950256784473
0.9447095601240804
0.9897035111559261
0.9953993311936367
0.9856795250487883
0.9804795301166112
0.9572132497290122
0.9876366630159735
0.9798454728112498
0.9489740824216382
0.9149631613999815
0.9815278308473414
0.9132879655960993
0.9656846591797762
0.9751536613012498
0.9931276597335864
0.9444416456432877
0.9129032783713787
0.9887199676014151
0.962385114497892
0.9671390709901069
0.9231971603179011
0.9244423357572122
0.9701984556807879
0.9496990862811937
0.9823347469331579
0.9657257830635787
0.9752503425751133
0.9619615385580937
0.9827637166068987
0.9628658196561857
0.9552153414137904
0.9498311140505188
0.965207065044803
0.9405739586612893
0.9602015889885223
0.9193317839317888
0.9506978220106855
0.9534020750325086
0.9894193070180646
0.9716448566414072
0.9767740863364173
0.9620498890517303
0.9131181106038989
0.9864338507115084
0.92347067612104
0.9335086959225241
0.9146720251309332
0.9605395878824968
0.9489979765909728
0.9452252155357064
0.9170099213829397
0.9946060211112968
0.9598186753612898
0.9732358433936491
0.9444753532973175
0.9853811240026374
0.9422854488924407
0.9370577632210765
0.9843897274042912
0.9187150849551614
0.9226134546564441
0.9788490624787551
0.9634740619399808
0.9715148149598088
0.939433965317223
0.9859246812959938
0.9148069865880244
0.9678207284555687
0.9565982057309428
0.9560111771815811
0.9904616334747249
0.9866620593513128
0.987329011635929
0.9618104416318913
0.9301621711449306
0.9131341905478936
0.9408523654335456
0.967562423084125
0.9632630284733453
0.9222399351074183
0.9602258089350019
0.9246950350655384
0.9166799607887021
0.9699953855776465
0.9675184494196056
0.969871054716948
0.9245645099265903
0.9884606895709614
0.963937628975237
0.9619143352538165
0.9515933345130061
0.9878567393128842
0.9482925789783324
0.9475649418899738
0.9824565115328684
0.9188259436646561
0.9637691490754301
0.9546052711958253
0.9757603648619834
0.9230249636689416
0.9864089502881633
0.91945363320644
0.9488303613296875
0.9161016406328875
0.9598337676912034
0.9287419732215006
0.963063217911996
0.9139642466603187
0.9142161344460047
0.9372261802557811
0.9469421790578254
0.961438853224993
0.9166621802797824
0.9387598578325084
0.9299619799589518
0.9378083132388249
0.9857832068189383
0.9472227806296672
0.9436013220967656
0.9735169321509569
0.9598641372957876
0.9391721066393457
0.9760955122059847
0.9798156518993557
0.9619566004095904
0.9362826593502889
0.9250321266446209
0.9163426115900489
0.9777781636729747
0.9805968849869879
0.9350282171623189
0.9739862029189598
0.929484777107112
0.9696925470310059
0.9527079122963217
0.9763045337219175
0.9868425512165492
0.9522280348723229
0.9140823603951016
0.9573609662787828
0.9660873995551155
0.9336052057237977
0.968940928373219
0.960765264068804
0.9321359315514689
0.9870672408490385
0.9294764775210801
0.9600057487216349
0.9415401587116349
0.9677216946043046
0.9291219795581271
0.9575743707178594
0.9633057065015458
0.9242200175133461
0.9607774874975529
0.9175787376240341
0.9608747203942136
0.9622036927221554
0.9361347185730159
0.9573121906138659
0.9927613789436929
0.9544176184000421
0.9689768226751473
0.9454026290277738
0.9648618892299632
0.9746773966516328
0.9479913122084672
0.947280100368937
0.930855991994262
0.921402035642628
0.9622549478457466
0.9809684628849116
0.9303421679934673
0.9299311735334764
0.986024396733076
0.9330259944301209
0.9612546353471326
0.9826047171127998
0.9678118447453512
0.9732551991722839
0.9537790447689694
0.9624416819426203
0.9787423201794407
0.9856207702689685
0.9147908321271794
0.9867300975853394
0.9798938625001603
0.930305373615532
0.9726613764879373
0.9567371980367173
0.9716793344457676
0.9748940398486645
0.9604098394279894
0.9442032686460783
0.958919303014376
0.9759932367180412
0.9592989213521841
0.9701050751160609
0.9376337814212374
0.978348154328568
0.9388650410074085
0.9275120002378169
0.9184110889295242
0.9461044397913287
0.9153583580088261
0.9555588419425363
0.9365177404861944
0.9314878600332361
0.9680378699702854
0.9132864453371262
0.9651703505654433
0.959808310521148
0.9816337874238568
0.9539068830066549
0.9405786238166072
0.9642565289136249
0.962749911025634
0.9376561943611398
0.9669935248054949
0.9758966217036622
0.9606149162489336
0.9165671111734929
0.955568513373353
0.9766781956263281
0.9297299369513584
0.928805174809074
0.932855352953564
0.984601750437825
0.9427502096652531
0.9723791194501269
0.93308171496177
0.9184661644431954
0.9453691539868946
0.9672110949267586
0.9637399564214378
0.9165454259049872
0.9555734684033289
0.9160560584313144
0.992931347007867
0.9577584760202491
0.977856019738489
0.9390966048711816
0.9518285093496299
0.989712765034948
0.9702923735152732
0.9386633866835312
0.9194280016470637
0.9158271247372066
0.9889982539869527
0.9295858953478919
0.9155547868224462
0.9692818209318128
0.966845136136661
0.9417168099310141
0.9828734473349181
0.9426701231917263
0.959718549564539
