0.001098969967569053
0.00229507859353764
0.0004471962624942935
0.0009275500391525102
0.002336324746822727
0.0004954238916416753
0.001875539198890546
0.0004925794212965445
0.0017431219276149322
0.00038231011093779727
0.0017042657629229754
0.0010948253829229683
0.0020044696931143633
0.00026691400708057434
0.00023916514726779524
0.0018496188835226803
0.00024653327171497876
0.0002590257840289467
0.00020498110195492575
0.00019011457970970284
0.0002613890314405434
0.001958438007352594
0.0017537977646976037
0.0006151760526559908
0.0009240082802965102
0.0021920861321071765
0.00018834714833165482
0.00019050194404871158
0.0021786465073692276
0.00042837431929109294
0.0017345741826193624
0.0005905927099879744
0.0009335588728982395
0.0008950412876475981
0.00017775928016886493
0.0017023047386954902
0.002284348630599943
0.0013237867108953757
0.0003264741243777005
0.0002502530141545847
0.00026184553560601703
0.0005050692371888923
0.0009569186568988543
0.0009930918768860043
0.0009465393617023055
0.0009722736841414838
0.0004218374317708753
0.00031469263868409556
0.0021470090786967506
0.0010450976774265212
0.002245347127945287
0.0010729563162260292
0.00021609188008808188
0.0013137788586264011
0.0014606408915632126
0.0009365478586622042
0.0003680451449770493
0.0009605372127725784
0.00046603986893754205
0.0006937000203925425
0.0001714886416279112
0.0009425723155926768
0.0003056933925778497
0.00019163088701204732
0.0010382481974842929
0.0005262983352581135
0.0002567474722468303
0.0002332174692372982
0.0010348359471766913
0.0017586988060213804
0.00018145210760933274
0.0018341730057417122
0.0013247773476940856
0.0001704701565217935
0.0017725306729463298
0.0014920845865607165
0.001900712551074188
0.00044146048700146516
0.0018867586135122218
0.0009123167381023988
0.0002158243765546048
0.0013210145837710685
0.0006304745091661723
0.00041081112224758366
0.0009782449689436415
0.0018202019644522544
0.0009164291119963
0.00019154762722223135
0.0009367398403299521
0.0009917473784198407
0.0017572230305225867
0.0018677652042562592
0.0005431207420721336
0.0017735941110995652
0.0008161215311939888
0.0017841283394279689
0.00020742300633156703
0.0002818425498163205
0.0008935465276040147
0.0004908018729810692
0.0002631234726660324
0.0002706867074436287
0.0020863552277531863
0.00019862926371706592
0.000916433243291793
0.0003547547164056383
0.0009126871530135764
0.00020625698092636616
0.00018157794818061246
0.0017823546437168382
0.00028550445616707054
0.0002392440509529815
0.0021231889008978956
0.0009405046717907828
0.001979213388150544
0.0024401045357865317
0.00027038734800477384
0.00031383651864951007
0.0003264549142673147
0.0015670211783492712
0.0008950699259867669
0.0017226685837651923
0.0007704995929858899
0.0005679871034260066
0.0017094506302826236
0.0021667047421841984
0.002103942998398081
0.0005830862522902782
0.0009513503522892892
0.0018116177182058105
0.0020722955489906525
0.0002649601573595627
0.00021219236758622976
0.0003978739915485323
0.0013618488927872906
0.0010780063965957856
0.0003838917741319425
0.0018397215156324667
0.0017737951423383875
0.001897359490488915
0.0010137124340976204
0.0018030181230338348
0.0020870408468978965
0.0004915415539832547
0.001724040395451125
0.0002616944844112238
0.0002504632075646898
0.001699504801473624
0.0009093687374725123
0.0009454572941034585
0.0008983178100842241
0.0009486636344275542
0.0018948710783086033
0.0004581068340393929
0.0008637614228787151
0.0005686750962621992
0.0009445935341185236
0.00027141148752624306
0.0009301268728917857
0.00016961155642237246
0.00021551308553519267
0.0017094627035252547
0.0017075497961805167
0.0009454634731694012
0.00024065924878326233
0.0010349260793920724
0.00036222072767138995
0.001294687321040392
0.0009104718910847554
0.0002695342265082223
0.0011063992649893186
0.0018723264266586094
0.0005611278235855575
0.0017648815642658847
0.0003235935399917432
0.0017757471381989254
0.0019173373861281042
0.00027451116491044366
0.0013686967017513664
0.0006875189720353063
0.002052702038118375
0.00026570613771570217
0.0018094206553065037
0.001480812006075587
0.0009132961553532321
0.002286117868310083
0.00031109725998870844
0.0009061568806082662
0.00018795563823730267
0.000984538390658567
0.000920715113361861
0.0016973971487685376
0.0018509801732533358
0.00026938443681513767
0.0013143948969312161
0.000260322634895563
0.0017437497094773232
0.00023239443366704604
0.00021622915177988078
0.0017233647372850637
0.0009039550202368013
0.0023546924898578047
0.0016925160938805295
0.00025639222211209486
0.0017618867541498153
0.001835564937391838
0.0005604029817320221
0.00023657318373020264
0.0009662881323902933
0.0017071599589495556
0.0003242831883917619
0.0002654116198355297
0.0018378364455366406
0.00018417879512914846
0.0006743642666071113
0.0009237413782130894
0.000913285645974608
0.0010347136237730014
0.001718046408677179
0.0006602125179319976
0.0017680195395235645
0.00032821505083292356
0.0007368558464841317
0.0012431684758727108
0.0009396093199580325
0.0008288522673538368
0.002318746933901324
0.0017501523279875944
0.000213950403582206
0.0020425434230130646
0.000322401849977681
0.0010145115724055466
0.0017385563653983405
0.00045128543710632005
0.00032040862602296366
0.0014987651866385774
0.0015108008713302192
0.00022661588674998954
0.0017446084960789272
0.0003865082699285839
0.002165045063326886
0.0009168611188058621
0.00027667658121041563
0.00229721597661602
0.0009321079430093801
0.0004230783569747819
0.0009212426036163777
0.0008954965268979282
0.0009117345491728947
0.00028789830712991246
0.0006616440094358702
0.0019278418980555139
0.0009720374853093462
0.00020583064528111833
0.0009131446409904904
0.00035089910939313024
0.001727056133451364
0.00043728184166510103
0.00039055223662283755
0.0002165413699761034
0.001727697389284895
0.0018000471576879245
0.0009562628569336593
0.002040866596572131
0.00028828009497670036
0.0009561794512080797
0.00112948287739653
0.0009064944651126376
0.0005689186449770469
0.0003026508487125384
0.0009677441783955595
0.00020492818966081518
0.000671448815076065
0.0009432296293310351
0.0002118859308347165
0.0009581058360797882
0.00020140223465897622
0.00022527091817511186
0.000682238151140967
0.000283578085999242
0.001913430037054818
0.0001738874541559091
0.002255423894611162
0.0005953603186950673
0.00037315957631141577
0.0009146794822857879
0.0017936962734055072
0.0002917108047491602
0.0003269426226633049
0.0005470821682508763
0.0019362485193788333
0.0009312847831395145
0.0009263450917455727
0.0009001370477910654
0.0022594444585991294
0.0012779264608196483
0.0002349539058853898
0.0005826161303132129
0.0018028809577503937
0.00019492595620230577
