0.010276562090048616
0.006416958375455074
0.016724207991900063
0.021498267517540155
0.004603440299256053
0.006995609902180849
0.008762278674091906
0.018294478781898226
0.019199452818061284
0.018084478809289067
0.018695820374722224
0.010300274146716335
0.01766240828374233
0.00832541666352577
0.004971586949336991
0.011569121756713643
0.008434813174597584
0.009258967055969295
0.007221038347103886
0.00833159830857183
0.020193762942589833
0.01333999917102397
0.016233325321858994
0.019511336457314062
0.008043208580758436
0.005608218278717349
0.005077846746715949
0.01107279105913565
0.008567340876059797
0.005804634660965343
0.01860486594000719
0.016831159609900156
0.008140576688598295
0.010103589251598639
0.004983306513424794
0.009874347006799847
0.016987809483529282
0.015670580179322897
0.0054438581536821904
0.015331397623054226
0.011962329403890687
0.004302418848325829
0.011160137879973496
0.005600466682410639
0.009562713114042113
0.016193179725263872
0.004832944017446091
0.01903437717516879
0.011119731295450913
0.015868980207303787
0.015486145373759853
0.005843026600860745
0.01530486777085458
0.008555274657465464
0.009175212370897912
0.004090039842971545
0.004212073963164194
0.008623453683039383
0.012203831907221558
0.012913112459897676
0.007853709587251418
0.01675148793425408
0.008260844472017258
0.008045929806216264
0.00881036007667395
0.0056685546702791405
0.005703782913135858
0.01606399933693848
0.014887119917684667
0.006960270730787817
0.006456346534126649
0.014421857021292481
0.006013473970810622
0.008075731078656844
0.009133171962858903
0.016232470980331093
0.013517889232482054
0.009663944723202169
0.01480434281003159
0.021285824004498466
0.009493167230643704
0.01578589539819073
0.00868686070782298
0.009321274829870186
0.005198876252580069
0.01445108543433269
0.01679455325770483
0.008340646780454675
0.008085264448985111
0.017631113964022387
0.017593147900610277
0.006923439934428377
0.011773745247374803
0.010261620244803732
0.018368663256979983
0.008072603826042456
0.005093697809570911
0.005665277850895269
0.0052241372436269
0.016272284493383082
0.008802725956556
0.008674483168007497
0.015977473492803314
0.007177567992316364
0.006280234351521394
0.01562499109685466
0.012004884113855238
0.015286725496739024
0.00818639476192569
0.008223574961439403
0.01675886344837586
0.01291386877859247
0.0073629134288684655
0.010030528488492917
0.016255683684815066
0.01320229449659432
0.01630613791620262
0.004747904524975458
0.01788503571429288
0.014069193506159433
0.020303799928656833
0.004807881715308113
0.011935528923021313
0.015136407137772845
0.008124141681257798
0.011105498483824664
0.0119526379086006
0.016790706734040046
0.018320969045133393
0.016413036375862517
0.00935583817747483
0.0207310942421872
0.006151660072203398
0.0081073901644883
0.006133275552252502
0.015489460004506165
0.00807807181734674
0.006390275273233234
0.0060803843893785835
0.00576367062211722
0.006249783034835632
0.02041067056313691
0.005852252206170368
0.005286718297354858
0.005257503162853429
0.008594602586285924
0.019678475607425045
0.017347355324096703
0.006051854987847609
0.007250254693385705
0.01839852785210002
0.015682879126164877
0.009698478055717635
0.010024311835199707
0.015905008350152496
0.015277502011867136
0.012454866160016419
0.007818273966772772
0.008578194062846649
0.009255396129158247
0.008885192970577526
0.015664791944640964
0.013496248563289914
0.02178765031451116
0.008486927519451735
0.010188292745726926
0.00966919544876257
0.008449979456635146
0.011007046706897944
0.015573191698741254
0.005287369913028553
0.01562225583978985
0.015598827752624105
0.009324091827455085
0.011540276971597391
0.014861569317514044
0.008312646448200525
0.008990867440405451
0.018723865616581365
0.006176393913005048
0.016479080208712582
0.008225840119824544
0.007847059685731584
0.01058370317687673
0.008210655966970412
0.019073790593359546
0.007652612038506238
0.01720194422398619
0.01795883401577465
0.008634168482629349
0.015732230050354352
0.0067855923359020935
0.012909415746083423
0.008799740257957128
0.010084590831813874
0.009438609125807755
0.008259081954981474
0.016590465510379595
0.0160115143212329
0.01344198003420157
0.008568318103895784
0.007438800010876163
0.0069576185628649695
0.009476516421914652
0.010497665850496473
0.008270235441833019
0.015351263582991775
0.00829868991529697
0.016685959594876516
0.0044575171142843045
0.011166556488420383
0.004598183187403349
0.02005864995838141
0.012797280763014394
0.006476841576582269
0.01766902997949263
0.00835260595209623
0.016271271666190506
0.00918179988714915
0.009047196619313084
0.0058837881578619805
0.02131353048391743
0.01762644061540647
0.015572568268141174
0.014069227489129414
0.007081439863143745
0.008257816000992693
0.008056787815490875
0.01144687869461108
0.012007736758243836
0.0046712467699868716
0.011016770059149078
0.01397768770201953
0.01716969542386703
0.016076107161315592
0.016148257846263146
0.008230334878983708
0.006446109163481677
0.015543880304607887
0.005844413530589257
0.01727866324446529
0.015965851406618735
0.005894701992015303
0.01559592957602919
0.01762124357214674
0.01442425926386464
0.015764727408533716
0.005413562953304956
0.008090995069483315
0.0059430838037825675
0.009123123262926252
0.00814266862901769
0.008826980162388602
0.007406574655279969
0.0042908723926176895
0.011310093245780374
0.013599201449906928
0.011081550784333764
0.004856261805876068
0.005265312526002738
0.00839098996291522
0.008524551321178409
0.008201405187912942
0.015886630443609495
0.0182204830687372
0.006494485831026545
0.01748314751067714
0.00609457726045832
0.01886168772871955
0.008413895163134252
0.004283927776073818
0.005036734873575798
0.0071248480315397
0.008316620115993286
0.008490569602637827
0.011432089545894704
0.012576475167418407
0.01630781916419159
0.008258642892575978
0.005405371126115327
0.015938885667976202
0.015418339300470188
0.015570761363998967
0.008380521979814308
0.00504553675786103
0.004749436180920494
0.017016090402638653
0.007680599012448854
0.016026498257350343
0.018779966257323557
0.011255099510052165
0.020424038223657258
0.00830770621432279
0.018163667188569828
0.017142629592160022
0.012265985989937004
0.015484710040757941
0.00757319971874084
0.008496914898650348
0.013411897402337626
