0.40229715808445915
0.39810029175575634
0.331999678030087
0.43400930525167664
0.34638151328850836
0.43643671975471365
0.3941315841096618
0.38535716150552585
0.40279782173078016
0.3982944023295229
0.4452823957386665
0.390397260202082
0.3722380105087584
0.29395066790392876
0.3178980947325414
0.4711180536388553
0.37780786689475704
0.33646176233124886
0.4017831202618809
0.3393700995329674
0.3396076644473613
0.3812639451283232
0.4093804698995272
0.3825470776521167
0.3572950050256067
0.3907753188656354
0.28667009335373145
0.3400192384973357
0.3975729924842112
0.4213355482639305
0.44905558604344376
0.36967018531144136
0.40037884022123327
0.3040402670666722
0.34124682513276305
0.3861755918988037
0.3452091360540982
0.35743637726583033
0.34834425654359186
0.3861895125201145
0.3709261352632973
0.40202381460422276
0.3374531287909771
0.3874154207532865
0.37806516191666656
0.33891253117581743
0.3508118755090158
0.3272113206142551
0.44228433993107985
0.36430789884523024
0.3746705953301957
0.3995609828431824
0.3216369320114577
0.3526259907317125
0.38141249914386227
0.3608148667004344
0.3806823204924694
0.40459743763631
0.3394636328765231
0.4079929950304711
0.3940393503673816
0.3863250123548135
0.35984931038797746
0.5229501459947006
0.3513610142680383
0.33876547838286897
0.4038436336662602
0.3890898122015316
0.40004386843732187
0.36589539801276133
0.38458656484504355
0.37508936150109623
0.35174271201506235
0.45854960682943435
0.4072683362608226
0.39867069762924456
0.48821396506430953
0.5211122398277209
0.4422100930193866
0.33926784417727956
0.3374741083233011
0.3871643856207794
0.45387878944812027
0.409841807089456
0.387855825330219
0.3785074468327349
0.38770310346520465
0.3565549283663786
0.5167340575646545
0.3742701094091773
0.46587417925115404
0.3983862485077176
0.442453393929322
0.35298325564447475
0.34623972994525976
0.37412670505271406
0.3868367791756502
0.3357962600954011
0.42580600345810754
0.357262535016425
0.3505263907594775
0.4074411159266985
0.3930076348904276
0.38365325838727077
0.37649785299043403
0.3698796919530433
0.3602657878849425
0.3477815654618438
0.3724190678252411
0.40419007787117317
0.3801033073419428
0.40142150873055166
0.40967184214510116
0.4116526221526775
0.3306930440425589
0.34793050464640113
0.4078386941734062
0.4300034091297617
0.4138679653675199
0.40871793607200124
0.3821426326121933
0.40587471223302674
0.3980570998308312
0.3981321862180995
0.3967743957962405
0.519448623657658
0.3384828587644955
0.3253128511217687
0.43440258563249734
0.43006922519119034
0.41470642296050747
0.36219934421026384
0.41849802572425177
0.3473060534805569
0.37068992063201495
0.34010785736192556
0.3385595353725809
0.3945194930821741
0.38207615878604334
0.38015955139135116
0.36542169965455357
0.35926420708737555
0.33993501540834564
0.3240772375937866
0.3639343529640832
0.43716135553607954
0.48887655279055175
0.37132864952703903
0.37871185437546695
0.3640446518318638
0.4049942507100972
0.3791004108976631
0.4006719844012023
0.34024201415587263
0.38771169082776985
0.38922900587441106
0.3476708874730881
0.37473505580940514
0.3681688674973534
0.43316133155062303
0.33511501399364013
0.41136192458268706
0.3613877938688736
0.41209264978400845
0.42805457573091077
0.3253562270590238
0.36704709557748055
0.4149589406968664
0.4324767344510944
0.35969774626219525
0.39629943484070934
0.3484351010866667
0.4341659393410918
0.39240602168071237
0.3733874135846745
0.3458794047270164
0.33792016494071686
0.41334822660214826
0.4176582696895762
0.3012301266114257
0.36403209420164784
0.4449457734304908
0.5215665976272078
0.3419677305318798
0.43357383476997935
0.3560208365823248
0.47280465428907104
0.37798635216426557
0.3964986043013289
0.4376162623186528
0.3213725268373315
0.3824405222829908
0.39114760475274285
0.3849532816407973
0.38520402107165286
0.3966074796031602
0.39435234272292025
0.3262155795670572
0.44148984342127195
0.3410593698245363
0.38825257604497654
0.4108436843066054
0.32333480924739866
0.3705516505325143
0.4098278490639724
0.34213871981423494
0.40581195302418105
0.4385995810027462
0.3579439843824783
0.3608923486551682
0.35227895488836397
0.34455806088990826
0.4155174183763634
0.40188214433090413
0.4078002823449744
0.4233464740630689
0.3422336727191233
0.36329159733094196
0.3809159505654989
0.3361856744523459
0.44418159900313464
0.39461627585375464
0.337727780113127
0.3562111361095786
0.43251517081511
0.4101910587722537
0.39548539278125117
0.3600560701663548
0.4071182895839738
0.393087179826223
0.33964909425767587
0.38187939204246174
0.32076635597060804
0.376522819737551
0.47345529933948655
0.34161588021214123
0.3759644508049764
0.32504443745900774
0.38183246884558514
0.4391329807497907
0.3682200182279867
0.39454598478637165
0.38982317251842147
0.3644963354467694
0.41689338246283386
0.29642700099393615
0.407555887733213
0.3418152013469993
0.44047335867394144
0.4746190656345782
0.35617977283887375
0.40904789995450014
0.36949789481597295
0.3470908579413831
0.45360827259553504
0.36021515048940117
0.3924612116411848
0.3998494751265838
0.3848383324250988
0.39653633697491303
0.3313058906265423
0.4174589001352238
0.33987330547859224
0.40379220195597504
0.43029889882344774
0.3825987440215129
0.3388433667422132
0.3801076077658115
0.40153921586243924
0.41288649450875325
0.4014831596136497
0.3739993262349032
0.40397166216675834
0.4190914311462811
0.3431860953766196
0.37181943112928684
0.395979505237466
0.3859893891127377
0.3518235511378154
0.3254643718484918
0.3395268517771614
0.34693215932485166
0.4174571799035728
0.35310794216691804
0.3825699955408175
0.3856781191911399
0.29732559610868853
0.402206792298644
0.3684619116353498
0.3412020168567682
0.4252034432080723
0.38485769761548344
0.4324579670993033
0.3613890480971537
0.404305292125807
0.4084080899736087
0.3989264809583669
0.3965468748065059
0.35131462621965376
0.4905119366021141
0.32147772183504825
0.38389736521905604
0.3471837356269696
0.3371105875375987
0.4056379342594703
0.3453595647619641
0.4077754343375046
0.388562962807883
0.44402018678078053
0.3971471809476782
0.339150575504107
0.3563707102835366
0.3952126452021801
0.3397715988812442
0.3742011258890855
0.3989554649419079
0.43429895794555634
0.41491953012105576
0.3985942643187468
0.3549612295817473
0.4629775419460321
0.40238048927934417
0.3429376542624968
0.3894371511328881
0.36090353216652515
0.3646649240255647
0.34160603826517577
0.365157275222606
0.32104061098392017
0.34064626921728647
0.4050597048581087
0.39484021502255784
0.3423041554416346
0.37377547359265556
0.45284946302974516
0.4095240697078239
0.40073435452119693
0.37716207257824697
0.3349744322350619
0.4516292691959485
0.40937160447174387
0.38546954037567127
0.4131025626245426
0.47494076963056303
0.4117468093321535
0.339154821895764
0.39617777359093764
0.40103514034017596
0.41720679958685747
0.39128620506276124
0.3495155975837741
0.36832543294338255
0.34676886424091974
0.396888646875772
0.3751594405406797
0.37239531221825817
0.38654126188074905
0.5082371042436394
0.33716617756456024
0.4394816761376134
0.3395908681077497
0.46800049309904523
0.3851137387853924
0.3684820110893789
0.36607191350778856
0.32579525561635087
0.41692729873845147
0.34158141630389316
0.3816433798055571
0.38642398423935037
