0.6680003920735033
0.5631652387007171
0.6406339901071
0.5222046805539781
0.5267098755112458
0.6116536740506956
0.5910094157157885
0.5080747313590667
0.5023399865350265
0.5027122939848845
0.5574812305630359
0.5609188139552788
0.5803441079703138
0.576265085512087
0.4787093920881185
0.5763164874967389
0.515623539071583
0.563114936388813
0.477483212948779
0.4947362158122012
0.49183519227402334
0.49611176991068023
0.5830990543107956
0.4674098491563811
0.6066796520495739
0.4979539514019818
0.5421533400699071
0.6719345332914601
0.4769737170164032
0.4454182953034485
0.5638032872910719
0.4555899421280498
0.5743975199979943
0.4576569786384685
0.5004026027744346
0.4773129529978952
0.5041252271845312
0.49872838296433275
0.4419030632874596
0.4775163435407367
0.5777772742013276
0.40095282044614133
0.612444149697156
0.5406944380537452
0.46648695518831507
0.49632211557683154
0.5144196519523924
0.547215649175031
0.4788403262921539
0.5105734635311397
0.5509061099167913
0.5534205763599541
0.5327410758215744
0.5975013380076103
0.5609059197634833
0.5646096944750474
0.5194194291402143
0.6762461963370465
0.5345725975222357
0.5420922094417022
0.5127034267159197
0.5754038562391884
0.5304469955187604
0.47732222580749567
0.4687878144373238
0.552546222943216
0.5101716332396705
0.5634110511826116
0.49404760073280257
0.5040849435844373
0.5650118391336117
0.5346885055182552
0.6205164142172653
0.5888735187471402
0.45514967151810165
0.4990714313335472
0.5930065839484923
0.5604400085325205
0.5071330028664043
0.5463825100751426
0.5554886863544973
0.6497329830314117
0.5230716728157638
0.49627972857914066
0.5324670804025068
0.5294977255480128
0.6265246634997195
0.5154937562712472
0.5122247011125447
0.5211428227712733
0.49667747793641154
0.5048857112717863
0.4892278048615737
0.524490845340092
0.4701847348721143
0.6007653209767698
0.6001160276240062
0.4914943809139324
0.5027928483530991
0.5142837571725223
0.5754282945982407
0.6078528934282508
0.586150244998037
0.47783733692152197
0.6000050031535585
0.5017873426072146
0.5310061590705412
0.4983421712840582
0.5433491656353121
0.5187687382606145
0.5012574625780672
0.6633829490750688
0.4868973463490608
0.5104018818083345
0.6208410113660376
0.6369354238832949
0.5605440247643824
0.5032067668738732
0.6044540368167671
0.4995753195492058
0.46888985762759317
0.4880124455153299
0.4996360274891717
0.5257626757037869
0.4958860503235924
0.5201594718686005
0.6438057097181552
0.5621370393131296
0.6000055233991778
0.5446901534340461
0.5011349753388695
0.5723768910538589
0.5541199114531186
0.46086378417450374
0.5002227054585482
0.5734259654887218
0.4738731708143994
0.5054268743609743
0.47372164248084575
0.5692622343857644
0.4970433306202103
0.5712255838959583
0.5051908668147352
0.5715783566600642
0.549877263861782
0.5389822300257909
0.567624316367259
0.4850079241792926
0.593928353577932
0.5047486501215541
0.6299601666136843
0.514534857758023
0.5831706250911782
0.5006168835102812
0.5093839323611428
0.5119328299175271
0.599066625189835
0.5093617388355612
0.4964069045719631
0.5186786379634142
0.5060870599634432
0.5222613023724234
0.6056013181390211
0.5181562307613733
0.4631880947854033
0.5275506799360248
0.6052415792423164
0.5982604067691111
0.49709288627462495
0.4983460997002125
0.49778422579716625
0.4878052718763921
0.5048695666087951
0.4735157381736037
0.6075347204846167
0.4787201630023111
0.5030739088910764
0.5975359204664861
0.5926222899926097
0.5091507385815116
0.5483062325351157
0.657080911189103
0.5178579163486902
0.49784634669018846
0.5195479844525467
0.516853672220453
0.45793447816633065
0.4835792459654007
0.4903238813865799
0.4805715604125891
0.5138624668825673
0.47539886677611215
0.45959016838138345
0.581482123915659
0.49715790103921
0.5241081917930289
0.5559902442347683
0.501289114091978
0.49520907795056807
0.5588790002604991
0.6510470267237216
0.49184725687560105
0.6075790016429418
0.5047844609563221
0.4603944974446702
0.47121984845977927
0.5282253362435
0.47851368612647094
0.5523026838023517
0.5015329111851968
0.5375311308680041
0.6450352893087163
0.5827280449492348
0.499759894375065
0.4650192471117696
0.4996778343500218
0.5222454758672352
0.500523411180495
0.5653444240616624
0.5472329509918505
0.5518755341187082
0.5165469315764419
0.4660421148058567
0.5130977899032478
0.5059502680865069
0.5507793171876939
0.5196041814098511
0.5709908263700648
0.5298464437482258
0.5148277631178083
0.47258429216127035
0.5852262707185351
0.6178157909946683
0.5327883450570363
0.5036444270827781
0.532244040943284
0.5465966652169427
0.59414566191715
0.49923353430790984
0.5432184672170162
0.5009649016324716
0.5727968929251058
0.5264076648933703
0.5052717333116323
0.59285927021741
0.6071739153430981
0.6884211291375307
0.4819660784040828
0.5334327161743901
0.48579732935283876
0.5117603350975232
0.5685473259957737
0.4947691804064124
0.5678266416516053
0.6238605136752232
0.5750200150369922
0.4822823618212198
0.564731803590625
0.6369719308914827
0.463011395713371
0.5069760071361434
0.4723187169971056
0.5241478698603503
0.47226319671496236
0.48006663619930817
0.4736504019514485
0.5616381373184974
0.486476731131303
0.5422918282200269
0.46803845747846357
0.47252559069773836
0.5710832170627262
0.49921736990328985
0.5407443282181548
0.6738545887068597
0.5223657130313917
0.5079615795455253
0.5036351599150396
0.4729313746925839
0.5643880352146845
0.4997574271639846
0.4881967670642394
0.5718607584789973
0.5415447451012021
0.5350287147188153
0.6843262222423108
0.5615700435644343
0.5228825408155302
0.4603618968597116
0.4969623654054317
0.540555421434758
0.5511317557615851
0.5090118122392222
0.5725003987033854
0.4808424527594934
0.563854727298623
0.5820290018595216
0.5598471567399101
0.5696019524383065
0.5104535407986804
0.4589085301486304
0.573940071486049
0.5010020450709212
0.6975695877547035
0.5696549242597826
0.548008218334359
0.5694991822750983
0.49652407139360005
0.5144238439568812
0.5232026688910986
0.5170311380069146
0.5300289116698865
0.5230149027874395
0.5425191510276869
0.5739188760667129
0.5405694911487349
0.5377599477494263
0.5402824063866256
0.6140959766915147
0.6368326624393561
0.5043060873888326
0.5816219418959698
0.5119450349921286
0.49156569969657976
0.4927793357738633
0.542355248357329
0.5699363637037318
0.5084409166086526
0.5083818541218698
0.510268643782511
0.5262586805945128
0.5169024559295814
0.5325547802414884
0.5235266564129022
0.5286614285397712
0.4950832397589402
0.5294856801731219
0.5207710171462789
0.5040578089176652
0.509953254022793
0.5922716350801498
0.5022043109907538
0.4695835131551589
0.4983060515315994
0.6031502319782919
0.5238929755615893
0.5741980634335168
0.5162234958892487
0.5888601311558377
0.5304299739935905
0.577916699891286
0.5180053507687448
0.5635119257493639
0.5748160678627627
0.5293106744172311
0.49713649821689826
0.5463337008658192
0.5489244551285515
0.48109464406281777
0.5279958988880432
0.5083494041095348
0.5124250303969746
0.5144290906738063
0.5969799399691481
0.5413358807181415
0.5393589760578065
0.5598389148909365
0.5863841066492452
0.46768095015277883
0.4712965061314169
