0.7525164609171756
0.7849184139015968
0.752125031799196
0.7939711222741511
0.7695606688883414
0.7368579902120165
0.822043280799312
0.7842679499492439
0.7764652712794228
0.7485734392728751
0.7965199091192504
0.7607623709683407
0.7820725777751903
0.7508819660166288
0.8296944760238666
0.7666906228552929
0.7428253416076465
0.7993483275759625
0.7439736000599746
0.8109815584500486
0.7520686381911562
0.7608337676282936
0.7604350330584436
0.7380239493387221
0.7593599831992573
0.7169057863719832
0.7918732140662947
0.7418658813992762
0.7747114465111252
0.7867758388514628
0.7564569385803352
0.7487349030770153
0.8487485625803903
0.7268332975480778
0.734210292144263
0.75855325871916
0.7677857885205188
0.799058252114846
0.7378557925751092
0.759720550104865
0.760448391284286
0.7631620212952924
0.7733122773240196
0.743523253420036
0.7431191082568951
0.7356457278948568
0.7961475532265263
0.7414978386155281
0.7272537762210236
0.7330587363953184
0.7433092979466202
0.8336661490357498
0.7463652686642681
0.8116545441584077
0.7398337866597561
0.763935644863415
0.7566193918903428
0.7611438041095903
0.7414885473201415
0.7263526965913532
0.7790524042422576
0.7391104739637625
0.7469714170667279
0.7630015964138049
0.7596768250467593
0.7746583438151626
0.7903767091704984
0.7663016319469926
0.7601994174455392
0.7201104555379654
0.7379225716196086
0.753822597894483
0.7225552635732535
0.7456478388335804
0.7448949478049963
0.7559938154259751
0.8118873228705616
0.7608042524019912
0.8050996348814337
0.7945079056646606
0.7626329129180873
0.7426596622455998
0.7628715992912345
0.7686590205341941
0.8220287232527779
0.7576797888178171
0.7432453496422124
0.7131617284678814
0.8052314364984241
0.7405440160504609
0.743016590114434
0.8031825957548581
0.8103063946498537
0.7288760318848885
0.7872665578101711
0.8044138291197971
0.7553502057498405
0.7883798664381471
0.7236194023358187
0.7786254655846601
0.7847223599269094
0.7535841728183507
0.7986716394593871
0.7716896547215395
0.7376463034865826
0.732900941871606
0.7999505527017637
0.7466633731327363
0.7203719077443841
0.7078977122734881
0.7307295953671896
0.7720465288444629
0.8200868385539549
0.7961975513542854
0.7652103902765706
0.7624032942597739
0.7677090263612282
0.7563626763086226
0.7941386407611867
0.752048944585361
0.7697613927542916
0.7567338059951418
0.7772141474592739
0.726745774587235
0.7706917721015368
0.7828163918340605
0.7501628600644022
0.7224083046768663
0.8031342673350098
0.7743193223798464
0.7431277290049614
0.8133535216960899
0.8077436771555302
0.8056192384139635
0.7615239044491994
0.7382017760682299
0.7405755537033172
0.7521302645499723
0.7412040797427785
0.7485429067178222
0.734799261147985
0.7552000038135221
0.7704450479398209
0.8308093953946889
0.757747153927672
0.7495749033973438
0.7367158971210424
0.882435370493637
0.7546956381098651
0.7604178346533128
0.7399018058336047
0.7335374997798548
0.7340131834299813
0.7226304896958602
0.7487153691133226
0.7587890643624364
0.7697944400673388
0.7841838827058359
0.7818875237198086
0.7468004671490366
0.7198384753239047
0.7637909031402633
0.8005615684444942
0.7732537230123963
0.805606508508567
0.821313484081573
0.764962385704016
0.7482188245918431
0.7085979194449541
0.7366837504574558
0.7904071565302332
0.7561531924867342
0.7499397851040513
0.7604989214737639
0.7916264030860309
0.7883152504396239
0.7418510617892613
0.7338598297488513
0.7497789731868594
0.7858537801621428
0.7409565811650461
0.7448778937888914
0.7518011646523798
0.8102395953786433
0.7516830666692071
0.7670908833877774
0.7199969047818523
0.715846354387153
0.729996557601308
0.7937880596084167
0.7300650864817743
0.7482542870947623
0.7381746586574701
0.7581793306402579
0.7984860790624401
0.7547868502119678
0.7849266261227213
0.761963858619717
0.7244107793170542
0.7997432014348522
0.7145772557765864
0.7230909289514753
0.7982896895338837
0.7718885174100036
0.7557674136603743
0.7911815331949311
0.7501910736518081
0.744141811755154
0.788744435424706
0.7541733798929076
0.7396808757958302
0.8115704280550229
0.7865828156804257
0.722104134486659
0.7052089397059272
0.7510078770246298
0.7904559951424752
0.7642600194498486
0.8047240920604661
0.728508775337231
0.7490407422931136
0.8112403331930015
0.7616893447402419
0.8206285003312239
0.8069526134186679
0.7272171397857748
0.7509640853443403
0.7401288771915614
0.8156779887439746
0.7414906955255189
0.7771262641184857
0.773001559334658
0.7933480927005353
0.8246385967590801
0.7539093567161244
0.7390825698822476
0.7891459235098107
0.7740293599162836
0.7901855438427728
0.789353830579533
0.7949460397539535
0.7211858148260478
0.7426964585470159
0.8033202544519191
0.748523871846031
0.8184813496860817
0.748475838814125
0.7254736553447146
0.8050401428917094
0.7773732619501209
0.7518915206403928
0.7848776346857054
0.8017064520988945
0.7480316410221238
0.7452409811547761
0.7763648576716061
0.7632114363864403
0.7589946686171086
0.7263871008819623
0.8002436663530529
0.7999109556477851
0.765091262438721
0.8309425850114432
0.7521635498888767
0.7710540384223256
0.7818186106879911
0.7665538537719391
0.7883156005553076
0.820305230021688
0.7851387955937467
0.7552551625204004
0.7932875502355923
0.7789774444984368
0.7588382846428848
0.7368254874987629
0.7509695253142021
0.8053083248185511
0.7634566985681915
0.7488183590133025
0.83999472523583
0.7131808342064172
0.756278559157972
0.7934207743034416
0.7636604445089558
0.7993566564677922
0.7823973309694061
0.8010131534550038
0.8675809367468315
0.7579540561155235
0.7474829427773959
0.7548055810927797
0.764779468076541
0.7721350058239135
0.7890773456774249
0.7711769268592125
0.7690922758802627
0.7771083323576343
0.7884561828008876
0.7178317859844016
0.7833664712097135
0.7206659367673542
0.7605176948769541
0.7783642104538442
0.7697661343923762
0.7548393395482171
0.7273871950125792
0.7834315572468235
0.7437916052866326
0.7127365060725152
0.7580185566902223
0.8345617195149899
0.7908952472484294
0.8399142462650748
0.7446456762601923
0.7306639353759348
0.7591808146640485
0.8775210148235946
0.800628158113514
0.7574331414592625
0.7410730978743691
0.7909963431855266
0.7758597091122967
0.7610618375403684
0.7565391433611272
0.7620470429146224
0.7491609706435262
0.7284023237571233
0.7363150621314766
0.7417461175938613
0.748791386444004
0.7923408021837529
0.7395868438081807
0.7763928944997657
0.7560130395959274
0.8004354167277534
0.7416871482729179
0.7812557118019086
0.817546610299556
0.7837498016985379
0.8113998991236568
0.7603829801525107
0.8244864626999255
0.7893543424041929
0.7153941874888669
0.7843297393368274
0.7615209530363982
0.7343434913395397
0.7238140730004565
0.7544378238095508
0.7283965045457274
0.7242263888755975
0.7867051653447236
0.7400381301744806
0.7924634102188151
0.7822487669920951
0.7721661255516845
0.7944453855464544
0.7342971783801846
0.7480797113048988
0.7791400006900864
0.8363901854736447
0.7810532775548342
0.763266668766077
0.7553565645416871
0.7785959677683086
0.746880444330246
0.7425019573425353
0.7768687853298633
0.7801133879171377
0.7916619086881834
0.7801879379378694
0.757770791683992
0.8031527311313036
0.7880330968151062
0.807291502178686
0.7818656758196129
0.7589305106873996
0.7561539324992897
0.7514960282996616
0.7258286087173963
0.7477754823145151
0.7607456462970459
0.766082528812094
0.7583087183712861
0.7539969945902009
0.7758452825962664
0.7630952868944492
0.8020502780566947
0.8072303150787107
0.8261954247082698
0.7335715593331018
0.777131684755681
0.7185759094073033
0.8096049291143571
0.7791270545192391
0.7430283632163321
0.7589565256886271
0.7940855913859715
0.8000820832444308
0.7782530310601595
0.7565090961302232
0.783799979015914
0.8349138191306472
0.7427863145457309
0.7578920790851117
0.7534527861928346
0.7629222499912741
0.7177924457062219
0.7570861106250146
0.7561888315350859
0.7262258827084074
0.7580153395352283
0.7523606394964849
0.7871102090628443
0.780325295103736
0.759925023409219
0.8033461788286238
0.7559538905594245
0.7708188514488932
0.727886439292583
0.7880509947030728
0.8684530591051317
0.8370299492425207
0.7675470906907964
0.737025378097005
0.729020354137899
0.7091106007671426
0.7931810003022933
0.7986701446096028
0.7528348560792437
0.7867736105370635
0.7343765462917475
0.7575060129733319
0.751079779431484
0.7087633768507957
0.8096446066142965
0.7796205128959586
0.7562273525928068
0.7964806973860379
0.769099119668645
0.7797619815012334
0.7781663394026886
0.79793768208855
0.8740029239339286
0.7995548526255132
0.7347430688740219
0.7664853680171466
0.7579968457666978
0.7491769205069622
0.7678215293627815
0.7623707903343891
0.810243877405986
0.755591546927344
0.7765842029892033
0.7821034117088567
0.7355968653003917
0.7552855551905718
0.7302075408998996
0.753950833526064
0.7837491199969463
0.7532209913087832
0.7630656798695371
0.7990758386431018
0.8413687177671823
0.7880080445365516
0.7299410307072175
0.7435531425686005
0.7300048875438923
0.7553446284950777
0.763680857550966
0.7172699994635796
0.7508158619321715
0.7675775730618115
0.7548987788789042
0.7688272317943612
0.7567478424654417
0.7784172702871897
0.7395064619579077
0.7404474947981111
0.810221234164297
0.8569295805860433
0.7374985944320628
0.7632210916472574
0.7605353935503618
0.7450126507570421
0.7447837441167926
0.7462411726877692
0.7417006618806349
0.7861697274737567
0.8403307862822498
0.8107754821089223
0.785229445479871
0.7233746771476818
0.7435421024542561
0.743947213339837
0.7747455862777478
0.8675624329850059
0.7396910722809802
0.7316306907207597
0.7902097156721651
0.7738763755535402
0.7641683713683867
0.7450370817470465
0.7558876061081337
0.8179674997480513
0.7692659826415121
0.7508605807771311
0.7774610365610247
0.7688405799012724
0.7519160797839658
0.7922278216743132
0.7654221820613784
0.7519650203464435
0.7515311507619026
0.7639479964219554
0.7992857580442974
0.7696356416340259
0.7652928861752376
0.7718910646643836
0.7684031716207549
0.7378930670252807
0.7594426196616949
0.7392733890079374
0.7973111422756469
0.7615379273045285
0.770515277633937
0.7873226528770181
0.7849126678285863
0.7727204473072196
0.7621145372803346
0.7388183473087584
0.7547373976166799
0.7538172926553229
0.780136841669108
0.7843337935915373
0.8247400524701691
0.803003350397309
0.7483393818540166
0.778124288298386
0.8044624596366358
0.7664740015040897
0.767163848604638
0.7424699107751113
0.8614292007255677
0.7735119857165111
0.7544658450528712
0.7949156704176352
0.7444063528806062
0.8036851478910776
0.7577880478506567
0.7842187668556002
0.7574985008006568
0.7714151391033861
0.7680346718294416
0.8148366914397976
0.7251083325381618
0.8037653686304052
0.712501778735412
0.7541207880326027
0.73351372946998
0.8325051988303033
