0.021863500172810257
0.04465662066434914
0.04252902690455994
0.02258458898448565
0.02355428445177445
0.02386802500052605
0.03541880853501365
0.05208670660956544
0.02771619489551651
0.04306768026929844
0.023236251753636375
0.03874729069016307
0.0450936024115376
0.04853445100836935
0.02028475843158618
0.02340135569377703
0.022383816542607207
0.05168211458141901
0.04969245128332894
0.02125447355906023
0.030094999687279647
0.02872666617522962
0.03876311981412356
0.019407063357384038
0.05112890822104226
0.02122731891613057
0.02073521741745301
0.027469411434596802
0.029846378958708415
0.02538046921635928
0.03138221168916375
0.03136944398173616
0.04951758539469583
0.027035638777014506
0.022387160278916286
0.03188698322216477
0.01807940948181579
0.023545097209422272
0.02935325040981687
0.0489799209251138
0.02266413851449013
0.05037022713554015
0.022891327985218344
0.019382308395846006
0.04835505599778285
0.045840833852887404
0.04507271777271654
0.028508708447454578
0.023272170992166618
0.0436282809255403
0.04217203691815052
0.052167375163690195
0.03367776481423487
0.03755399443920804
0.020337264320712842
0.023991067879346687
0.03006160750386749
0.031653380030033776
0.03721030720758036
0.02414267021077979
0.04017192515851153
0.0234978937327135
0.02359182098218031
0.022672829116399913
0.04444601588129326
0.03616073399540704
0.04298374798058437
0.027778149905672695
0.02410868229152277
0.023378757250282857
0.035771828144929296
0.02325008547254401
0.04311541563596978
0.028008700808097413
0.042660462221409644
0.024412720695607338
0.02522327838176113
0.023069260703160253
0.043011571765889926
0.05136200842222322
0.03855228698354964
0.032068545313724925
0.02611737086679593
0.024249250716721505
0.0544296955433194
0.04617135432714232
0.022577466287730465
0.03634827726118544
0.053542741392886034
0.027940990151127335
0.03804137711341538
0.026770293155472705
0.028195356769436013
0.025159932644226012
0.037647838951557225
0.05173352811006424
0.022607037242547853
0.04291425753588668
0.032114834658658276
0.04336603091358774
0.018997963923565057
0.030505918751410347
0.02371941511848188
0.020736018916044544
0.02239404629946514
0.01680928901387028
0.023974311308255156
0.0226663705185044
0.02349574748166455
0.02034781919597528
0.017640733780754418
0.02375447148629331
0.02365159947080059
0.023196535969400144
0.04458701947482095
0.020343168322887413
0.02294353635497822
0.02506030428668882
0.04427814068937681
0.04489864349116295
0.024695503865699114
0.04553590024645857
0.026447921020457524
0.020202475684894333
0.023234420512188603
0.03448051538532868
0.02414323414832619
0.023162831342318897
0.046674320085673
0.04448728113283693
0.054813935554155084
0.041014331158669544
0.05607893844288963
0.018879359718515374
0.02248345355932244
0.02554718341297957
0.04792400912661197
0.017551869655095326
0.024025012364026294
0.022675752771503774
0.01956147597105841
0.05537998214778858
0.02276446447293686
0.021184442450241998
0.018912768199159075
0.024585837878170234
0.026615513551711326
0.03482039026977501
0.017932365773031825
0.02291489195080393
0.023309366695406862
0.016875341627752727
0.04562452944772437
0.04276526420385327
0.0367493378122075
0.027962053810663093
0.026652012619737417
0.05199153910857172
0.03379850893697883
0.043325342727394425
0.031519342375147606
0.021159491789831685
0.05001984758145626
0.018525921929229774
0.02580367629911443
0.04759498081414896
0.022604688409642137
0.04567976143037592
0.028038998359667895
0.04466121970642231
0.022436065038673243
0.01932072764111211
0.024142952241082587
0.037585953947811425
0.019388197000615826
0.04678260553853816
0.018678350755971993
0.02251390583687975
0.03987110333213216
0.04032063321816538
0.019328710335915978
0.045166535016479964
0.04641935466886195
0.023728195796842995
0.031858334918764386
0.0442259319941139
0.03174077847136353
0.02197957754456881
0.02182948861559105
0.05754489699405206
0.02557741384122111
0.02507417443785947
0.02271288341655385
0.04372175367428526
0.0338968586065784
0.03469460629855611
0.030965567183613908
0.033940922152087764
0.023615144231840662
0.02317290300166849
0.030379731153387005
0.04843217661159893
0.023883602866543653
0.0557810255412766
0.026034308999896574
0.026192955983584742
0.01827023254468584
0.0438167730834253
0.025002506672312724
0.026802816562930855
0.023040065318844043
0.01829796943201734
0.02447979501504121
0.023828600317952135
0.021855397943231287
0.02331129206155382
0.01970869297144333
0.018984259523815925
0.03437422138241871
0.04310623874175136
0.022304880693015335
0.027190149217073845
0.0244336033332628
0.02321692890677932
0.05994047367247778
0.02247665522247057
0.020248704116892637
0.02460095987864834
0.03278882764374765
0.023079159489750537
0.024114856284718027
0.04772214841831835
0.02292395162478678
0.024602032754892863
0.021759912320619742
0.04299798831111285
0.03314718383846294
0.021763502935209112
0.019216244468416997
0.02378139497456409
0.024538196851892836
0.029808396563362587
0.017285164049888453
0.02270060927918252
0.02273326442180356
0.030124876409798978
0.024024706574410647
0.03067631015077356
0.028295910244399144
0.019798088692541984
0.024644612132719367
0.02245138631570276
0.024171117593549517
0.02310636146916036
0.01823747076026871
0.022460424886118283
0.05061902797128321
0.017201003436274932
0.049232171701416624
0.04245217542463606
0.0353174851542526
0.02535012806504522
0.045644790493168365
0.05680220677057271
0.026366666251226665
0.02569590853347068
0.0264456281896117
0.023427896227351374
0.047403520379651544
0.028033884364661126
0.022495856980138416
0.05023133144958324
0.0428607771155375
0.04379463757595196
0.019994352027072795
0.023010693639475784
0.0332798934873948
0.03194420243951348
0.021251839816747598
0.04352850790985478
0.024846526290792117
0.028156340282373633
0.022770316396161523
0.023371430037189167
0.027591592318643287
0.01839999419311138
0.022967188419782597
0.04480976780081322
0.02697557355541702
0.01936448542963666
0.022402189916883
0.04513621017853434
0.05323336568763307
0.023392318706574378
0.05590386973691037
0.023022975997494567
0.042193133725263954
0.023562403041077366
0.0225519690896968
0.034079840177423625
