0.10623210665207629
0.0939778312846497
0.13032639115906194
0.09611514531746801
0.11003749511249698
0.10804108701827943
0.08656955894200805
0.14623214868224416
0.14038955024281907
0.12733060103996352
0.13032600354764937
0.08123739761807877
0.14901029643500646
0.1542076462153545
0.11688098151055921
0.08435820586319699
0.12699610128396394
0.13909584225901134
0.14537173980769186
0.15184908725202545
0.16841355360009216
0.12780717314588866
0.17702477530143737
0.07966278632967419
0.1380043443943498
0.09094403406400955
0.08771731752789366
0.10596200629891839
0.16259868272873165
0.1173531599292517
0.0855086696149749
0.1768978622051312
0.14721818587661473
0.08970802154918965
0.08117180140115628
0.13780561531879576
0.13905237671636111
0.12922411728725383
0.11384708775660751
0.13830127541353154
0.16016795702117606
0.09539368045188064
0.09993421562211265
0.11091239767004472
0.1290699660445317
0.15847522549917503
0.15129912595028705
0.13672976233714718
0.1631528665604303
0.11486412271215747
0.15401263672024562
0.13828182022123847
0.0812797816591897
0.13914033054505248
0.11820407989461275
0.15329024037121364
0.10482972963523281
0.1576851279999302
0.11320230078777507
0.1011432786483239
0.08910040514808067
0.09296718386465896
0.11538374598456862
0.14244125411756514
0.13791542166556886
0.11627837327218733
0.07957796863432164
0.09078538838382764
0.14785171215385687
0.07815476229627263
0.14178595962428733
0.14304006372395153
0.09415710474730071
0.08688570880520385
0.1370940705025984
0.175891034188076
0.08663321392536115
0.07959039538804985
0.08341250485776155
0.10353896424286878
0.08500871804674932
0.10753635458462603
0.137754022262962
0.13754989448017568
0.07742576167997582
0.0866687562048823
0.1630211182031354
0.13308322796582067
0.08330260036722614
0.12916966140055064
0.17211865409082466
0.1548736878428821
0.1562126272934947
0.07947837431995526
0.09100100102577588
0.16391456443299976
0.09256014603294177
0.10220539373285632
0.14721640679818943
0.16640477562357206
0.08894310874993724
0.16237023592266014
0.17075690122617124
0.13775604569273767
0.09981151648800962
0.08593130623894693
0.1413858398557723
0.16954415451236254
0.142540718367093
0.14430014057547189
0.14181132938217816
0.09040598373829573
0.0835866813214583
0.09177725845305727
0.17465580026805827
0.1382859523176953
0.12759351350149783
0.10621136861940046
0.08370702886477988
0.08042796317087264
0.07778085437608966
0.10966864763825238
0.13144335525902665
0.09053195360794894
0.10435726444022955
0.11251688247632693
0.12464743271411818
0.14347677521014546
0.13823706606632624
0.16490421423232787
0.16423736128441427
0.11934102274450899
0.11068646444067241
0.16756063887899317
0.0788111173976619
0.14343150798672127
0.15124826644994388
0.16558224682743605
0.09170013450046412
0.08910771159025667
0.12969704609254076
0.0849545164710569
0.08426703809990307
0.13476398081927346
0.137656782980011
0.1424442627585181
0.10877216487828793
0.10703346055793965
0.08317469068872449
0.12736446622329717
0.17168148442435774
