0.3556882012331486
0.38673416390137383
0.39194313311830087
0.44639515542415326
0.36453462775006407
0.4880177396164144
0.5034005826938135
0.39970427685161203
0.36936372868658096
0.3873979907958206
0.3737546083305187
0.40461817797407584
0.40722147715343265
0.35070499806046534
0.3893103077130377
0.43404373661207096
0.385759331363241
0.4019318347860131
0.41611112223300606
0.4131929080620884
0.3406337609092755
0.40395593174710026
0.3464627359076609
0.4002465095416323
0.3309070093758621
0.32522121411186633
0.33392119196944653
0.3662979557331782
0.33588236340504957
0.3403969496721675
0.3427328333202233
0.3482170618720175
0.38442572169573574
0.4048253976851766
0.3839560320253162
0.3975730550654844
0.44568271645054247
0.39696496221441246
0.45763818241478477
0.46057987353635044
0.3906978083920359
0.350417469060914
0.40009860745604964
0.339689013166933
0.3512949540441603
0.34638818034007696
0.3541904004826047
0.4170907037680749
0.37112271555632964
0.44148032043951996
0.3963714134792553
0.4456794997601185
0.48453047466417876
0.3675957716296244
0.3591257055626385
0.36521556207008554
0.3784762502694718
0.38544314413333913
0.37271301428923437
0.35316841383880243
0.3895991157772266
0.3502314783811709
0.3623261795062553
0.35187424283481955
0.46033323831171413
0.3670093058262125
0.3985390350939111
0.36594285237356994
0.33209341228334055
0.3714139192103416
0.38464516166078516
0.337303299858531
0.35655072534585525
0.3451288867674925
0.3320775766909139
0.34179962908841177
0.41505448696490244
0.41938326546410637
0.3663088655505079
0.39679728288308713
0.32535355879134736
0.37816327619831513
0.34054551109702863
0.361166665235057
0.40007510236714444
0.34339729599378244
0.40605820624542527
0.36283459207454255
0.39011154238745926
0.33541491264496853
0.38466182482781386
0.37918962114954774
0.40383055361990267
0.45852281858097965
0.3681503452714559
0.3615347403624772
0.341171389739583
0.3828479480521051
0.3866249212054537
0.3993315953634913
0.3993511008349026
0.4163944927941443
0.33752905062145483
0.4381673912597406
0.35568042215225026
0.35560908450880896
0.48974591779345084
0.3453137261313455
0.38983531756418177
0.35232280799084137
0.3819356043756122
0.39743130047344505
0.33847162562912586
0.4024472781572996
0.4114950580866559
0.451036128967062
0.4005060931188913
0.34210052557823417
0.3883106320319484
0.4045744737891271
0.370681773692045
0.3515321149703385
0.46385070413467516
0.44148639981004856
0.36701808693691607
0.3515292290173606
0.3946424358781824
0.38240504928141283
0.40291386310839267
0.34523968247335385
0.33874330121956264
0.33783369896869325
0.3933502757359345
0.3464397554850912
0.3906405729447966
0.33195684103339956
0.3835946859077067
0.3717963529452675
0.3685423402355237
0.3519101602186962
0.38175678926141393
0.3495677732557546
0.3883770217722915
0.3950045510514049
0.34669195744721776
0.3932442108287178
0.39511330150498103
0.3933398107563974
0.3867254437176726
0.3381300894816421
0.3877368585133824
