0.004992338175668831
0.005214432296024178
0.005827380813458455
0.01570390564845031
0.01226711663095038
0.013964573041038642
0.008296703570559302
0.017887209236213
0.017355769658528523
0.005571378785505765
0.008088548006359941
0.013911269797754646
0.004934057703792298
0.016234726283830502
0.007486475222691957
0.01705737402735966
0.010674223143240963
0.011111713584293555
0.008385586412820332
0.010305738406259467
0.00497918214687013
0.006389003665632707
0.010083859580800632
0.006105236980191142
0.007714203550285312
0.00897907533210991
0.02024338321905091
0.007375238459105545
0.0066088322038853715
0.004834353556382141
0.006842312127911652
0.018775949135695982
0.004699087292448687
0.008956689252417452
0.012890038149046382
0.0042032908782656244
0.004110033564466171
0.008428791988753296
0.016306170461169
0.009120768726521584
0.015581681985475848
0.005655978752397618
0.004089377166119986
0.008259438898920595
0.0076882284126934715
0.006297240214309679
0.0044559533800977505
0.008262444110152983
0.009438949886547367
0.021189407676828968
0.008133862679208981
0.009256075224280224
0.01217131058220639
0.0057705621923132755
0.007422984615942023
0.004949976974074157
0.008990503277434215
0.015360737937932478
0.006562331157352194
0.006564858787175064
0.013675771467553199
0.008135620731994503
0.010287090714096468
0.006526211948288946
0.008559874347660066
0.014855886719889275
0.008559327553788685
0.006160763828773163
0.006252078386364328
0.007708180512424106
0.008296007512143906
0.00849391728024521
0.01913902075198946
0.012017881471410257
0.015403788623977675
0.008265252619357366
0.01828816394418094
0.008318975552456987
0.008348759841909888
0.009737801050348827
0.008383485274205654
0.006091419982614918
0.007970365843168032
0.00861984579234321
0.015812018078217915
0.017870538747577127
0.008945215708587972
0.005023046036096334
0.020463834491400122
0.008055610854205789
0.008846495182020507
0.012815392620899823
0.008788581380905812
0.012610578298087741
0.016955269352725254
0.015682776209741022
0.005025613008290771
0.006631623040623811
0.008520486871389074
0.01675555215277881
0.008513897134621274
0.007770784292424803
0.005777633910792104
0.007024553267050635
0.014062685868328246
0.0072241459136467845
0.006738520428708711
0.01659555620409175
0.014489412634926344
0.008845985134355782
0.008476893274537982
0.007226412724833989
0.008691566915911598
0.020144453484218592
0.015920155901980454
0.008188157437476992
0.0073092782687535435
0.00833246241221872
0.00824663632895397
0.009899452114071726
0.008192163279309708
0.018498469774646913
0.009667580774226308
0.004520176542951956
0.020643804987582434
0.015774764861580613
0.0052678441035606885
0.00700396742275463
0.005749292321774358
0.0050786644405152615
0.008617838981765533
0.009366216098523766
0.00849087286356214
0.008555824364860496
0.012354289493032187
0.013675899439143586
0.006102936187620237
0.020177625567234674
0.008219078257020757
0.010257194665531133
0.008948254941695127
0.013131022919187663
0.017550479870574547
0.01834313989253125
0.008998746805487704
0.008086383289057203
0.00905836274881569
0.005214989796954679
0.007552531334444559
0.008643190396362481
0.008528351281850532
