0.16012684309417072
0.16070846138137315
0.22629796259442675
0.21401880831907055
0.14785101236943288
0.25373908006333895
0.2368078374098225
0.19724122846455863
0.14256922598516447
0.21983716376280754
0.20728446159803837
0.14660030287237671
0.149073467415114
0.1533815030783945
0.15160790328640886
0.19640819819270341
0.1826510314126848
0.2347081529123786
0.15281410544427926
0.15059487617655148
0.16256940573049006
0.22045347993822587
0.23685644373239978
0.1538404238263855
0.1507109959109063
0.1477579417952677
0.14912011290514537
0.14372659967202908
0.17554891404705514
0.17816677083303395
0.22388988103456145
0.18508940852427805
0.18716371870888748
0.21222833902986063
0.14651819008645223
0.1449496336771229
0.1474948191007828
0.17602129107097972
0.16345621529309315
0.15146862436721595
0.23801449864895646
0.23967434230765988
0.1889801479829872
0.20683974110916503
0.20681743911371003
0.20166246998949694
0.1371395270560203
0.2825561206331915
0.26306374663373794
0.16223438632084466
0.1371803720145934
0.1752514053905753
0.2539544663010634
0.14531453051383975
0.14813193238242003
0.16528614348137627
0.19877233334573788
0.18569714173256988
0.15043623586812022
0.28705457817386565
0.15788744413285272
0.23547792942340015
0.16850415998537738
0.1948940457268129
0.1546967309276738
0.18566783653550686
0.20844844771214466
0.16439770566268538
0.2379601843445497
0.186512154489503
0.22509716740520608
0.26335216144548357
0.19509039256788457
0.20697701925520728
0.1622315503645296
0.19408056748370614
0.22851171897134612
0.14592925904763523
0.15313231188196524
0.16191569875376055
0.21828311365922806
0.19671858903814451
0.17593671393365323
0.1582804828736899
0.2257967804310499
0.24385312370558082
0.15078074496436628
0.2238118661047654
0.17795768524040542
0.24760155651289312
0.23869465692023845
0.15124962877554657
0.20275785276130778
0.1594411539791653
0.20599839199314765
0.2154223346531132
0.1825710438422908
0.20768308047900005
0.1659977053830099
0.1536927168178702
0.20656666637840188
0.21787861062996683
0.15477628363716067
0.13982108451377254
0.15059957920901618
0.1463948062889106
0.14098805718248578
0.23950698735547876
0.17309479851544693
0.16086109320159664
0.2162561031397356
0.16253456395057672
0.15497558506404624
0.23918623968401645
0.14868110840794654
0.19700844520486663
0.21837079816231167
0.1558670774237439
0.2089822955244573
0.15778493667198482
0.2388199444900647
0.2409011505891206
0.15622215822997781
0.20310236323605127
0.2139773967706338
0.18461808742301977
0.20770181511603822
0.20717199447288034
0.14916809325788796
0.24797019515662658
0.23001633130285704
0.2228308741845967
0.22301946613889084
0.16120483945843078
0.19906198153539129
0.1497555971880055
0.17226842511423565
0.1579742985390356
0.1472818823720642
0.2334005915345603
0.2626782560927151
0.24253452538873413
0.14983451775227785
0.16886161369316144
0.19842575596139334
0.16381833188444975
0.2124608217499798
0.18026642037783452
0.208207031754363
0.21655162710649045
0.20501048699692853
