0.7441138646276293
0.7753638638071717
0.8297662073818379
0.759640278012503
0.7461226046004942
0.7482033782958545
0.747377189281511
0.7482201812388439
0.7287355423186462
0.7821854572029747
0.7717203043532009
0.7610856422544742
0.8137285443813421
0.7220520853984861
0.7461060050587384
0.7415689402284135
0.8417661814458854
0.7345469944489409
0.7965464324178366
0.8630303107013692
0.7791232793757149
0.7600168762842002
0.7368188426527221
0.7687886487818326
0.8405365762813933
0.7230640172123532
0.7800222215985422
0.7400237099193058
0.7520428704278452
0.7211817995964964
0.7591435922136587
0.7517383710895612
0.7575717653846615
0.7806931705317078
0.761998890481756
0.8443917378638137
0.771225851320084
0.7675831455557949
0.8032300973649505
0.7636572345121221
0.7452573727866795
0.7415577099704885
0.7649394019719524
0.7263202686263884
0.7210416497251813
0.7957813059160712
0.7607019824849872
0.7862248344472128
0.7676662283187766
0.761773299696244
0.7950721491851235
0.8118204581001008
0.8145443190328521
0.7585893788303593
0.7605731408657643
0.727976911868873
0.7349598532269296
0.7374278922761967
0.7325050948417375
0.7337687506448722
0.7897179996141332
0.7399046351251507
0.7742449483906131
0.768097988306843
0.7443798521358826
0.7854967646072842
0.7918324885691067
0.8285882230748652
0.7496532212488884
0.7706814577362793
0.734384502414441
0.7466395046305836
0.7863055371043518
0.7616938722173512
0.7248445078591974
0.7732527037405547
0.7610438268796371
0.7242659405947521
0.7812331799415664
0.8061067359035231
0.7676546099874008
0.8056692117391693
0.7485474593634954
0.7421660043136431
0.8053271706266618
0.785711054051621
0.7959348368393443
0.7739808895963154
0.7758723320227335
0.768484420469498
0.7727387922266145
0.8022409594038841
0.7811192695082954
0.7597388975853845
0.7917359348121761
0.7507703187207547
0.7835479239318964
0.7550608307528205
0.79533961986869
0.7684278671085317
0.8270741627116599
0.7944043515514945
0.7926918127542062
0.7518282590712094
0.7585738285370663
0.7825115385107827
0.7481383459923852
0.8247850502386435
0.7745420402438563
0.7812586243972826
0.7804955644602654
0.7639305522695007
0.7634281903134452
0.7992088984413128
0.7546242401800519
0.7428456234535694
0.7247102090236829
0.7580096063779397
0.7269751836314994
0.7419597378118762
0.7845111971663584
0.7566597494249396
0.7679024162745595
0.7590003971792979
0.8166576024128228
0.7523811762249828
0.7069640918657548
0.7262907673425724
0.7239906183858648
0.7514660386199561
0.8088755870738897
0.7406957488296685
0.7460548466188002
0.7075011586182236
0.7162942390114706
0.7568006560065561
0.771462963377875
0.7643879049164382
0.7456994362648974
0.7441827943531694
0.7260851321920004
0.7450025582312332
0.7142672791360938
0.753853163256462
0.7736672338387578
0.7870649848368576
0.7932367750174609
0.8044661798967397
0.7933245375305752
0.7392189500778624
0.796681151975231
0.7856287480073841
0.7719695352407512
0.7432672932473746
0.7235921227731296
0.7599800973823679
0.7562936292219492
0.7397589857358393
0.776644497146735
0.7977484690372961
0.7626102236441672
0.7398255087509524
0.7215339734270201
0.733827729822756
0.7432683155361246
