0.9615086639643731
0.9614104154014679
0.9793029683201728
0.9911616083920538
0.993111794206219
0.954736384240221
0.9873581572971433
0.9659830851055683
0.9751639847439779
0.9801015445540123
0.9816721400787152
0.9701927062310792
0.975972690976516
0.9919090699241419
0.9722930013379248
0.9732118644098139
0.9861819844761401
0.9909055023477634
0.9712585454734577
0.9850121298098111
0.9760028130897312
0.9902415521584695
0.9767809042930486
0.9668920814334395
0.9777213112938725
0.9796967419181648
0.9936324845554714
0.9640432537492406
0.9926219642641534
0.9946858624377647
0.9853253848848464
0.976331713963855
0.9897364007205336
0.9791377843493838
0.9883057296052956
0.9663559763515526
0.9829172219964957
0.9787122341287139
0.9800399452938693
0.9756339333088233
0.9944530717509874
0.9923632502600603
0.9887127709093804
0.9647531564591096
0.9905098171877117
0.9806269097232194
0.993937163463199
0.9694178651966606
0.9848589664523754
0.9624724729838321
0.9924237167679483
0.9725015382209813
0.9759181146813374
0.9869626489245779
0.9890386881266497
0.984124153864489
0.9973760422210379
0.9907726409938705
0.9705717050241178
0.9868430090299435
0.987555636822141
0.9879825577260556
0.980361097735872
0.9698651789051693
0.9801355453396028
0.9895153576222444
0.9674005140953971
0.9823557760591931
0.9851343677924997
0.988223150881569
0.9627100169146741
0.9813571643793249
0.9772850288074044
0.977975320366547
0.9866673093931586
0.9675306514321582
0.9805095035325397
0.9756134767657005
0.962872151773756
0.9881003144201301
0.9691546088617979
0.9799317221230649
0.980510325326596
0.9882766742403252
0.9691052159823828
0.9841663858480615
0.9684401063816653
0.9804205889692392
0.988541562494321
0.9796775505319343
0.9650146788533998
0.9801957425497729
0.9908602154165684
0.9835838744027736
0.986396948252424
0.9720799239853833
0.9679850008740148
0.9648783540018194
0.9657613189560532
0.9688214291835132
0.9856495645826934
0.9860409467265915
0.9903386703163715
0.9827759304915109
0.9825135827636043
0.9867976800959035
0.9682065380928312
0.9710804768024126
0.9686914434497855
0.9787968933344935
0.9912067319368786
0.9908554678345174
0.9598830692010064
0.9828554350272285
0.9703376295757801
0.9710861650398753
0.9950014682251677
0.9663081842748009
0.9853185784616473
0.9803802394747836
0.976087982731075
0.9701987025324773
0.9886569927986661
0.9852681114907248
0.9814082077213465
0.962895263558257
0.9719060498821745
0.9934943569594079
0.9925739245502047
0.9693189687989889
0.972800358618584
0.9836635050119251
0.9884756850172614
0.9834061794166732
0.9829937654427403
0.9834934076118991
0.9894799141087904
0.9733662237444888
0.9859312345525126
0.9873916169252711
0.9830501009659552
0.9915858051130392
0.9881315198146148
0.9881319264080217
0.9864205143805775
0.9695733667863372
0.9717699692502146
0.9862936974350306
0.9844009331897258
0.9913874687984543
0.9861892129871689
0.9793272416317186
0.9764261268559203
0.9708119380151513
0.9734154699364531
0.9757109353953417
0.993254318973269
0.9921471798466333
0.9901376557904473
0.9867804801164581
0.9837607032515412
0.9637514556517996
0.9897655671036985
0.9729022275218867
0.9709182934456925
0.9741713268619829
0.968841867352516
0.9827602967338996
0.97908377633207
0.9855352746203933
0.9939965428167113
0.968901069695628
0.9827033326245159
0.9814511871690488
0.9606928068150654
0.956609262893709
0.9706566980023289
0.9808074149865705
0.9706387027330112
0.9733547963050546
0.9813402144640019
0.9809023311692003
0.994822920878553
0.97604565395271
0.9834108646796199
0.968004933568064
0.975073075703761
0.9875996290449012
0.9832999327754713
0.984613677581496
0.9891689144462604
0.9777752762317617
0.9736810522008391
0.9639897288954623
0.9632574471232824
0.9894469085093123
0.9697492557944373
0.9834993122343216
0.9756057668646454
0.9899408527393512
0.9907156365844262
0.9877297357063364
0.9903595385123356
0.9746681958415584
0.9883612055053616
0.9800671852148707
0.9875022178952334
0.973780881606355
0.9809758342218236
0.9632063895362424
0.9921152936245601
0.9609501048018435
0.98215622450891
0.9721739018864178
0.9910413127481089
0.9771749265465872
0.9859140220810697
0.9806677450135869
0.9915451791856402
0.9884698061235635
0.9910841539625797
0.967939407422157
0.9789427010489327
0.9864854647294801
0.9836446741649432
0.9941262394216019
0.980027972859464
0.9720395757194332
0.9857635684183313
0.988819994855406
0.9746206226244362
0.9840791912885035
0.9769622512479847
0.9687095298090372
0.9627431436022328
0.9856360456334056
0.9913272626241114
0.9770874371366506
0.9672969635804208
0.9661320078235662
0.9873310343841286
0.9642732833838035
0.9777863300673459
0.986910061519322
0.9862198981788758
0.9799353396938599
0.9756425971358681
0.9900053743980628
0.9898020544898695
0.9886765561963221
0.9958949791540003
0.9884600926280124
0.9893204000139888
0.9616138980150187
0.9950675159880807
0.9713803665085335
0.9760846746676793
0.9795032033182651
0.988486982949696
0.9764247724992237
0.989912380254147
0.9894737706374102
0.9906541189698442
0.9849659937052334
0.9797476169501173
0.9740113634073686
0.9662721482504187
0.9702058773669867
0.9685703057315548
0.9673409528050649
0.9826458981153684
0.9881622754553155
0.9690307255649125
0.9611847844555026
0.9715751855663555
0.9799223700733584
0.9716683500346461
0.9903528392072363
0.9777377822942831
0.9823037716463353
0.986190830330176
0.9971061424345863
0.9695809472467409
0.991992868842288
0.9967018835404787
0.9644274088135166
0.989129986099363
0.9874583454667715
0.9737026705986351
0.9685905150847206
0.9801298480154566
0.9912164726319587
0.9741619152327826
0.9795494534859144
0.9917173535514169
0.9679680064533304
0.9857118573844148
0.9682013115432655
0.9922646735412756
0.9780276123736484
0.9612822998223419
0.9822733231739399
0.961597388505289
0.993936959821636
0.9668216200411108
0.9902152731114926
0.9959941817810558
0.969552595705089
0.9912664549417589
0.9819820282946603
0.9835383250929384
0.9856551963205673
0.9935647997903443
0.9817737783741576
0.9865059305365926
0.965708691938776
0.9736957478669408
0.9720009220292536
0.9622289736697899
0.9686583209543415
0.9676073420264684
0.9886640044175548
0.9896163155659482
0.9811355255629454
0.9617546251459376
0.9704937138540556
0.9932794121053434
0.9637309194405593
0.9811023725056754
0.970231833876533
0.9842063414907234
0.9888248875396307
0.9952583291403496
0.9651686561196586
0.9676211683939837
0.981289559557901
0.9732748233719869
0.9889712555345965
0.993041483093003
0.9839036772056676
0.9881306813296649
0.9903029358601877
0.9858429358301598
0.9741803966940619
0.9620788347864313
0.9802294045873592
0.9872900708833356
0.9773137121580872
0.97753521360699
0.9905769112239334
0.9836038600949522
0.9735930418303892
0.9785304975113571
0.9732107521576332
0.9807437768521401
0.9862093327154565
0.9780845741687095
0.9797720058950251
0.9892747911756894
0.967567232369341
0.9859168402973019
0.9888440234696562
0.9627947820567507
0.9865849170190949
0.9720968287811521
0.9875366107064607
0.9873457243786494
0.9703135460565704
0.9796767123415837
0.9640193935766994
0.9849344340090398
0.9747349806347695
0.9754273972251176
0.9688834068209947
0.9854448349520384
0.973542378230328
0.9894463140586595
0.9948048857649148
0.9744836801073066
0.9937505979163668
0.9662184510412285
0.9732197150019217
0.9834582250549561
0.9848197731558259
0.982181373041296
0.9858246543617719
0.9609891343924017
0.9777726328239255
0.9856979126982861
0.9868480650605276
0.9672764537259556
0.9921996383181839
0.9758677615460146
0.9861720341545008
0.9883754247444733
0.9811581143850815
0.9722961452750546
0.9852205875097865
0.9648318089420275
0.9958923358670065
0.9665605364521336
0.976941896527319
0.961088453916317
0.9757016029671576
0.9865518749056525
0.9701296727204817
0.962880952492988
0.9875739111544498
0.9907801108579801
0.979027017199807
0.9764744988989733
0.9604585390758242
0.9792140234314357
0.9856056148675238
0.9639530904563671
0.9746247952394561
0.9773659680636947
0.9615281591098074
0.9836616919255086
0.9885631621308094
0.9750673343241467
0.9700023477897504
0.9887651142388949
0.9734803916022992
0.952690426869314
0.9733635057603639
0.9699559297767356
0.9728729179603928
0.9806058244631753
0.9568181582050002
0.9910138272675431
0.9651184259729515
0.9929856468623064
0.9622446843345246
0.9747894035103873
0.962842879647263
0.9841853963672053
0.9683751529674207
0.9665698109133792
0.9619221148103132
0.9834103772822015
0.9971822724435855
0.9692165733233182
0.9821601484863872
0.9758697987264998
0.9863611501495086
0.9864588488327842
0.9652322907702845
0.9938199864614177
0.9685095920413942
0.9627707795033682
0.9834873950734065
0.9726728923925669
0.9864423270201008
0.978925361790432
0.9703391772725961
0.9928266339784904
0.9600112161030064
0.9867608720409926
0.9910073236106545
0.9776950454924399
0.973943132385506
0.9777124097011378
0.9623898874711644
0.9833022479769258
0.9910485796895954
0.9881714156383476
0.9812104994244136
0.9803112551008459
0.968694305202343
0.9842330388264736
0.9877325162474315
0.9861845530558665
0.9681451740007881
0.9734425056217322
0.9789139442359589
0.9635998853466619
0.9973390400479467
0.9756111462273444
0.9775089109055788
0.9824519774282882
0.9597220627042781
0.976372386654032
0.983362125539658
0.9745793852525327
0.9821320717944294
0.9876984647617784
0.9734798327755255
0.9716213635504435
0.9887621573951987
0.9640825735175174
0.9621405435451894
0.9815131450456477
0.9778340122697523
0.9854025781236604
0.9687913508263888
0.9889367954899617
0.9900485933252711
0.9714346949526054
0.9625818111502648
0.9785157612371689
0.9665475823657409
0.9878874991034045
0.987448784210758
0.9925280657535863
0.9742398540816801
0.983533562229909
0.9597249379332546
0.9711068703658122
0.9665983632804476
0.9728058594896457
0.9869820552744104
0.9722023342905352
0.9813754855356479
0.9914500083994436
0.9784503191106926
0.9833892253196572
0.9689283704955107
0.9940981614442866
0.9836464068480955
0.9976433986330211
0.9678477200900014
0.9599945564978059
0.9765035484697671
0.9757763166839794
0.986474070294965
0.9879467007025704
0.963281724627906
0.9764196909682369
0.9727653472473751
0.9875817785985084
0.9617989869528676
0.9854884087044247
0.9621797094601668
0.9687952509469382
