0.0353	0.0398	0.0344	0.2303
0.0475	0.0441	0.0418	0.2675
0.027	0.0225	0.0223	0.2117
0.0786	0.0829	0.0761	0.3309
0.0545	0.0649	0.0542	0.2581
0.0347	0.038	0.0346	0.191
0.0393	0.0457	0.0363	0.1518
0.0359	0.0363	0.034	0.1838
0.0529	0.0571	0.0509	0.3085
0.0455	0.0447	0.0421	0.2303
0.0533	0.0578	0.0513	0.2931
0.0376	0.0454	0.0363	0.1579
0.049	0.0602	0.0482	0.2283
0.0467	0.0591	0.0463	0.207
0.0653	0.0721	0.0624	0.3321
0.0295	0.028	0.0263	0.1698
0.0509	0.0473	0.0452	0.2889
0.0248	0.0284	0.0244	0.2205
0.0453	0.0516	0.0427	0.2613
0.0424	0.0413	0.0376	0.1742
0.0465	0.0497	0.0437	0.2092
0.0617	0.0568	0.0513	0.2898
0.0465	0.0394	0.0385	0.2191
0.0418	0.0449	0.0402	0.2127
0.0288	0.029	0.0244	0.105
0.0439	0.0458	0.0417	0.2458
0.0649	0.0689	0.0611	0.2854
0.0458	0.0464	0.0434	0.2355
0.0543	0.0448	0.0428	0.2335
0.0413	0.0456	0.0409	0.2179
0.0424	0.0411	0.039	0.1936
0.0471	0.0457	0.0407	0.2452
0.0356	0.0389	0.0355	0.2294
0.0611	0.0654	0.0576	0.284
0.0405	0.0402	0.0383	0.2137
0.0395	0.043	0.0385	0.2454
0.0441	0.0519	0.0436	0.234
0.0583	0.0724	0.0581	0.3152
0.03	0.0243	0.0229	0.1887
0.0392	0.0421	0.0382	0.224
0.0311	0.0307	0.0274	0.1712
0.0486	0.0449	0.0432	0.27
0.0437	0.0481	0.0436	0.26
0.0404	0.0375	0.0361	0.1819
0.0335	0.0298	0.0288	0.1272
0.0478	0.0449	0.0414	0.2412
0.0406	0.0442	0.0392	0.2725
0.0449	0.0445	0.0416	0.2457
0.0421	0.0489	0.0418	0.2186
0.0252	0.0215	0.0211	0.1371
0.0319	0.0383	0.0311	0.1707
0.0313	0.0353	0.0299	0.179
0.0647	0.0618	0.0562	0.2865
0.0412	0.0428	0.0392	0.2596
0.0623	0.0679	0.0613	0.3067
0.0273	0.0242	0.0235	0.2013
0.0285	0.0327	0.0283	0.1434
0.0462	0.0464	0.043	0.2684
0.0613	0.055	0.054	0.3065
0.0602	0.0656	0.0589	0.2972
0.036	0.039	0.0356	0.2098
0.0385	0.0399	0.0385	0.229
0.0498	0.0541	0.0466	0.2902
0.0473	0.0615	0.047	0.2739
0.024	0.0251	0.0238	0.135
0.0523	0.0561	0.0519	0.2032
0.0333	0.037	0.0332	0.2089
0.0523	0.0627	0.052	0.2875
0.0579	0.0672	0.0571	0.2661
0.0339	0.0358	0.0335	0.1913
0.0444	0.0531	0.0442	0.2923
0.0492	0.0575	0.0479	0.2094
0.0422	0.0481	0.0417	0.2002
0.0555	0.0643	0.0554	0.3334
0.0393	0.0402	0.0373	0.2375
0.0387	0.0346	0.0338	0.154
0.0343	0.0379	0.0339	0.1904
0.0276	0.0282	0.0272	0.2156
0.0314	0.0262	0.0257	0.1804
0.0408	0.0469	0.0402	0.2467
0.0514	0.0464	0.0443	0.2606
0.0357	0.038	0.0356	0.2209
0.0365	0.0268	0.0261	0.2
0.0465	0.046	0.042	0.2082
0.0317	0.0367	0.031	0.1899
0.0314	0.0297	0.0277	0.1338
0.0364	0.028	0.0273	0.1314
0.0312	0.0344	0.0307	0.2089
0.018	0.0155	0.0154	0.1015
0.0431	0.0407	0.0396	0.2118
0.0479	0.0504	0.0472	0.2365
0.0384	0.0357	0.0336	0.1774
0.0458	0.0482	0.0436	0.2482
0.0457	0.0443	0.0424	0.2381
0.0576	0.0689	0.0571	0.2944
0.0504	0.0465	0.0454	0.231
0.0621	0.0728	0.0604	0.2954
0.0429	0.0417	0.0387	0.2497
0.0506	0.0512	0.0469	0.2529
0.0344	0.0352	0.0334	0.1655
0.0221	0.0188	0.0183	0.104
0.045	0.0481	0.0422	0.2354
0.0285	0.026	0.0251	0.1467
0.0361	0.037	0.0353	0.2093
0.0527	0.0503	0.0489	0.2503
0.0381	0.0389	0.0366	0.192
0.0802	0.0925	0.0792	0.3878
0.0257	0.018	0.0178	0.1064
0.0505	0.052	0.0473	0.2463
0.0471	0.0422	0.0407	0.2387
0.0448	0.0432	0.0413	0.2384
0.0338	0.0342	0.0328	0.2098
0.039	0.0428	0.039	0.245
0.0278	0.0261	0.0236	0.198
0.0702	0.0719	0.0647	0.3126
0.0481	0.0479	0.0426	0.2376
0.0264	0.0247	0.0242	0.1714
0.0423	0.0477	0.0415	0.2803
0.0413	0.0389	0.0379	0.1827
0.0289	0.0255	0.0238	0.172
0.0497	0.06	0.0478	0.1435
0.0515	0.064	0.0512	0.2407
0.0228	0.0228	0.0219	0.1001
0.0362	0.0425	0.0357	0.1356
0.0505	0.0504	0.0461	0.2716
0.0334	0.0322	0.0299	0.1199
0.0468	0.0466	0.0435	0.2602
0.0352	0.0285	0.0263	0.1743
0.0601	0.0499	0.0485	0.2623
0.0382	0.0416	0.0381	0.2421
0.0346	0.038	0.0345	0.197
0.0454	0.0465	0.0434	0.204
0.0445	0.0417	0.0388	0.2134
0.0276	0.0244	0.0229	0.1469
0.0374	0.0398	0.0358	0.2088
0.0371	0.0399	0.037	0.2064
0.0477	0.0479	0.0433	0.2729
0.0455	0.0425	0.0412	0.2875
0.0368	0.0387	0.0344	0.2113
0.0416	0.0389	0.0369	0.1755
0.026	0.0256	0.0241	0.14
0.0292	0.0306	0.0278	0.2177
0.0352	0.0374	0.0336	0.2381
0.0455	0.041	0.04	0.1817
0.0361	0.0301	0.0288	0.1876
0.0509	0.0434	0.042	0.2775
0.0207	0.0179	0.0174	0.0932
0.052	0.048	0.0466	0.2532
0.0455	0.0462	0.0413	0.2171
0.0285	0.0319	0.0278	0.2115
0.0415	0.0441	0.0387	0.2285
0.0543	0.067	0.0541	0.3006
0.0702	0.0721	0.0642	0.3044
0.0235	0.0242	0.0229	0.1023
0.0231	0.0222	0.0219	0.2255
0.0524	0.0587	0.0503	0.2608
0.0349	0.038	0.0344	0.1839
0.0505	0.0498	0.0436	0.2807
0.0377	0.042	0.037	0.2216
0.0513	0.059	0.0482	0.2856
0.0351	0.041	0.0347	0.1533
0.0395	0.0439	0.0381	0.2757
0.0392	0.0448	0.0381	0.1719
0.0271	0.0328	0.0269	0.2208
0.0537	0.0507	0.0485	0.2798
0.0271	0.0297	0.0263	0.1642
0.0339	0.0296	0.0272	0.1892
0.0515	0.0615	0.0512	0.2184
0.0341	0.0372	0.0335	0.1956
0.0262	0.0235	0.0219	0.1477
0.041	0.0405	0.0388	0.1811
0.076	0.0765	0.0671	0.3623
0.0599	0.0645	0.0559	0.2519
0.0512	0.0473	0.0434	0.2189
0.0506	0.0551	0.0497	0.2554
0.0327	0.0362	0.0321	0.2244
0.0301	0.032	0.0288	0.2257
0.0436	0.0511	0.0432	0.195
0.0479	0.0546	0.0476	0.269
0.0286	0.0312	0.0276	0.2035
0.0369	0.0285	0.0283	0.1355
0.0495	0.0521	0.0483	0.2485
0.0365	0.0431	0.0362	0.264
0.0334	0.0359	0.0323	0.2272
0.0465	0.0508	0.0457	0.2559
0.0627	0.0621	0.0584	0.2696
0.0259	0.0229	0.0224	0.1352
0.0364	0.039	0.036	0.1944
0.0253	0.0252	0.0231	0.1767
0.0523	0.0551	0.0492	0.252
0.0451	0.0457	0.0428	0.2728
0.0391	0.0393	0.0353	0.1867
0.042	0.0405	0.0372	0.2179
0.0558	0.0581	0.0533	0.2594
0.036	0.0382	0.0347	0.1786
0.0396	0.0393	0.0366	0.1946
0.0407	0.0429	0.0406	0.2344
0.0447	0.0425	0.0402	0.2714
0.0312	0.0291	0.0267	0.1723
0.0401	0.0393	0.0361	0.1921
0.0529	0.0555	0.0507	0.2555
0.0457	0.0464	0.0433	0.296
0.0478	0.0422	0.0394	0.1561
0.0282	0.0229	0.0218	0.1818
0.0352	0.0387	0.0348	0.1848
0.0804	0.0912	0.0795	0.4066
0.0662	0.0757	0.064	0.31
0.0469	0.0572	0.0446	0.2731
0.0284	0.0237	0.0236	0.1863
0.0567	0.0499	0.049	0.2194
0.0531	0.066	0.0529	0.3238
0.0729	0.0705	0.0657	0.3209
0.0374	0.0401	0.0365	0.1823
0.0278	0.0259	0.0238	0.1638
0.0437	0.046	0.0413	0.235
0.0281	0.0265	0.026	0.1471
0.0376	0.0385	0.0347	0.1606
0.035	0.0383	0.0348	0.1878
0.0315	0.0309	0.0293	0.1545
0.0414	0.0421	0.04	0.2615
0.0557	0.0686	0.0554	0.3141
0.0465	0.047	0.0442	0.2712
0.0434	0.0449	0.0408	0.293
0.0582	0.0668	0.058	0.2538
0.0455	0.0445	0.0402	0.2176
0.0416	0.0444	0.0402	0.2207
0.0123	0.012	0.0115	0.0427
0.0137	0.012	0.0118	0.0739
0.0173	0.0166	0.0165	0.0659
0.0348	0.0365	0.0346	0.1848
0.0373	0.0402	0.0356	0.2083
0.0527	0.051	0.0466	0.2729
0.041	0.0394	0.0372	0.203
0.039	0.0435	0.0367	0.1917
0.0414	0.0429	0.0398	0.2421
0.0503	0.0513	0.0461	0.2709
0.038	0.0413	0.038	0.2334
0.0532	0.0634	0.0515	0.2512
0.0562	0.0673	0.056	0.2959
0.0262	0.0233	0.0226	0.1029
0.0557	0.0625	0.0553	0.2398
0.0175	0.0155	0.0155	0.0663
0.0419	0.0414	0.0379	0.1633
0.0203	0.0224	0.0196	0.0826
0.0471	0.0461	0.0433	0.2769
0.0482	0.0536	0.0465	0.2516
0.0181	0.0207	0.0176	0.1234
0.0316	0.0365	0.0307	0.1261
0.0354	0.0253	0.0247	0.193
0.0342	0.0397	0.0341	0.2599
