0.0254	0.0285	0.0252	0.2303
0.0274	0.0252	0.0246	0.1619
0.027	0.0225	0.0223	0.2117
0.0161	0.017	0.0152	0.1092
0.0268	0.0223	0.0212	0.1564
0.0205	0.0181	0.0174	0.131
0.0231	0.0217	0.0211	0.1518
0.0274	0.0238	0.0228	0.1838
0.0129	0.013	0.0118	0.0537
0.0241	0.027	0.0233	0.2201
0.0116	0.0102	0.0095	0.0394
0.0289	0.0226	0.0213	0.1579
0.0177	0.0199	0.0176	0.1521
0.0343	0.0358	0.0333	0.207
0.0108	0.0096	0.0089	0.1071
0.0286	0.0254	0.0241	0.1698
0.0255	0.0261	0.0232	0.1508
0.0245	0.0284	0.0243	0.2205
0.0258	0.0271	0.0244	0.1629
0.0218	0.0222	0.0207	0.1543
0.0359	0.0401	0.0358	0.2092
0.0114	0.0127	0.0112	0.1069
0.0293	0.0245	0.024	0.2133
0.0252	0.0262	0.0244	0.2127
0.0244	0.0258	0.0229	0.105
0.0369	0.0408	0.0369	0.2389
0.0225	0.0178	0.0165	0.1151
0.0286	0.0346	0.0279	0.2355
0.0247	0.025	0.0229	0.1824
0.0253	0.022	0.0215	0.1967
0.0223	0.0243	0.0215	0.1388
0.0307	0.0321	0.0277	0.1781
0.0356	0.0389	0.0355	0.2294
0.0209	0.0206	0.0194	0.1459
0.0356	0.0402	0.0346	0.2137
0.0395	0.043	0.0385	0.2454
0.0253	0.0272	0.0252	0.234
0.0115	0.0098	0.0096	0.1159
0.03	0.0242	0.0229	0.1887
0.024	0.025	0.0228	0.1175
0.0306	0.0293	0.0266	0.1712
0.0356	0.0433	0.0356	0.27
0.0348	0.0424	0.0347	0.26
0.0236	0.0225	0.0216	0.1819
0.0304	0.0291	0.0273	0.1272
0.0286	0.0266	0.0241	0.1773
0.0406	0.0442	0.0392	0.2725
0.0252	0.024	0.022	0.1801
0.0254	0.0211	0.0209	0.1748
0.0252	0.0215	0.0211	0.1371
0.03	0.0303	0.0287	0.1707
0.0299	0.0353	0.0297	0.179
0.0301	0.0362	0.0297	0.202
0.0392	0.0429	0.0392	0.2596
0.0265	0.0217	0.0214	0.1715
0.0269	0.0242	0.0227	0.2013
0.0273	0.0315	0.027	0.1434
0.0313	0.0356	0.0312	0.2684
0.0253	0.0213	0.0204	0.1545
0.0282	0.0362	0.0279	0.2091
0.036	0.0426	0.0356	0.2098
0.0385	0.0399	0.0385	0.229
0.04	0.0436	0.04	0.2793
0.0241	0.0266	0.0236	0.1515
0.019	0.0205	0.0188	0.135
0.0263	0.0216	0.0214	0.2032
0.0297	0.0352	0.0296	0.2089
0.0262	0.0283	0.0243	0.1633
0.0252	0.0223	0.0217	0.1802
0.0339	0.0348	0.0325	0.1913
0.0399	0.044	0.0399	0.2923
0.0319	0.0305	0.029	0.2057
0.0248	0.025	0.0224	0.2002
0.0367	0.0344	0.0327	0.1633
0.0356	0.0402	0.0355	0.2375
0.018	0.0195	0.0171	0.152
0.0259	0.0328	0.0257	0.1576
0.0254	0.0281	0.0253	0.2156
0.029	0.0265	0.0243	0.1804
0.0362	0.0422	0.0361	0.2467
0.0295	0.0315	0.0269	0.215
0.0357	0.038	0.0356	0.2209
0.0291	0.0254	0.0239	0.2
0.0256	0.0279	0.0254	0.2082
0.0192	0.0239	0.019	0.1899
0.0254	0.0226	0.022	0.1338
0.0231	0.0225	0.0209	0.1314
0.0256	0.0234	0.0222	0.2089
0.0148	0.0156	0.0145	0.1015
0.0295	0.0307	0.027	0.2118
0.037	0.0402	0.0367	0.2365
0.0332	0.0344	0.033	0.1774
0.0296	0.0363	0.0294	0.2419
0.0306	0.0357	0.0305	0.2381
0.0244	0.0219	0.0207	0.1269
0.0255	0.0233	0.0216	0.1854
0.0222	0.0168	0.0157	0.105
0.0386	0.0401	0.0385	0.2497
0.0308	0.0397	0.0307	0.2473
0.0334	0.035	0.0332	0.1655
0.0217	0.0187	0.0181	0.104
0.0401	0.0432	0.0381	0.2354
0.0285	0.0259	0.0251	0.1467
0.0267	0.0324	0.0264	0.2093
0.0387	0.043	0.037	0.2503
0.0321	0.0343	0.0317	0.192
0.028	0.0263	0.0233	0.2031
0.0226	0.0172	0.017	0.1064
0.0354	0.0399	0.0349	0.2463
0.0303	0.0385	0.0302	0.2342
0.028	0.0346	0.0279	0.2384
0.0326	0.0365	0.0324	0.2098
0.039	0.0428	0.039	0.245
0.0268	0.0261	0.0236	0.198
0.0165	0.0164	0.0161	0.1323
0.0289	0.0254	0.0243	0.178
0.0256	0.0225	0.0221	0.1714
0.0237	0.0196	0.0191	0.1161
0.0269	0.0314	0.0258	0.1827
0.015	0.0167	0.0148	0.1224
0.0155	0.0173	0.0153	0.1435
0.0288	0.0257	0.0238	0.1779
0.0196	0.0185	0.0178	0.1001
0.0262	0.0238	0.022	0.1356
0.0204	0.0199	0.0174	0.0995
0.0244	0.0258	0.0226	0.1199
0.0251	0.0252	0.0238	0.1736
0.026	0.0228	0.0219	0.1743
0.0271	0.0258	0.0248	0.2042
0.0382	0.0416	0.0381	0.2421
0.0346	0.037	0.0345	0.197
0.0325	0.0335	0.0301	0.204
0.0302	0.0302	0.029	0.1767
0.0259	0.0209	0.0197	0.1469
0.0294	0.0308	0.0281	0.2088
0.0371	0.0395	0.037	0.2064
0.0345	0.0407	0.0342	0.2346
0.0391	0.0438	0.0389	0.2875
0.0351	0.0343	0.0328	0.2113
0.0287	0.0275	0.0269	0.1755
0.0247	0.0256	0.0218	0.14
0.0245	0.0255	0.0242	0.2177
0.0297	0.0326	0.029	0.2381
0.0263	0.0235	0.0226	0.1817
0.0271	0.0246	0.0239	0.1876
0.0309	0.0372	0.0308	0.2096
0.0198	0.0159	0.0154	0.0932
0.0338	0.0415	0.0338	0.2532
0.0291	0.0316	0.0284	0.2171
0.0285	0.0319	0.0278	0.2115
0.0247	0.0222	0.0211	0.1919
0.0296	0.023	0.022	0.1952
0.0287	0.0359	0.0286	0.1837
0.0194	0.0204	0.0183	0.1023
0.0201	0.0205	0.0198	0.1493
0.0245	0.0204	0.02	0.1555
0.024	0.0243	0.0215	0.1839
0.0378	0.04	0.037	0.2086
0.0327	0.0385	0.0324	0.2216
0.0381	0.0422	0.0366	0.2428
0.0227	0.02	0.0192	0.1533
0.0395	0.0439	0.0378	0.2757
0.0283	0.0219	0.0209	0.1719
0.0239	0.0197	0.0188	0.1412
0.0301	0.0336	0.0292	0.196
0.026	0.0295	0.0252	0.1642
0.0286	0.0295	0.0272	0.1892
0.0273	0.0219	0.0208	0.1828
0.0341	0.0372	0.0335	0.1956
0.0247	0.0235	0.0215	0.1477
0.0115	0.0123	0.0109	0.096
0.019	0.0154	0.0151	0.0936
0.0279	0.0302	0.0254	0.1667
0.0302	0.0336	0.03	0.2189
0.0161	0.0126	0.0121	0.0689
0.0317	0.0357	0.0299	0.2244
0.0281	0.032	0.0269	0.2257
0.0259	0.0247	0.0231	0.195
0.0297	0.0345	0.0291	0.2108
0.0198	0.0231	0.019	0.2022
0.0247	0.0269	0.0238	0.1355
0.0377	0.0394	0.0376	0.2437
0.0257	0.0188	0.0186	0.1371
0.0318	0.0379	0.031	0.2272
0.0392	0.0438	0.0374	0.2559
0.0274	0.0255	0.025	0.1885
0.0241	0.0209	0.0202	0.1352
0.0279	0.0271	0.0259	0.1944
0.0249	0.0251	0.0228	0.1767
0.0273	0.0267	0.0251	0.1964
0.0337	0.0351	0.033	0.1814
0.0334	0.0327	0.0305	0.1867
0.042	0.0405	0.0372	0.2179
0.0246	0.025	0.0234	0.2008
0.036	0.0382	0.0347	0.1786
0.0396	0.0393	0.0366	0.1946
0.0359	0.0419	0.0358	0.2344
0.0292	0.0359	0.0291	0.1868
0.0254	0.0247	0.0227	0.1723
0.0279	0.0331	0.0278	0.1921
0.0288	0.0356	0.0287	0.1768
0.0388	0.0441	0.0388	0.2512
0.0243	0.0242	0.0222	0.1561
0.0274	0.0229	0.0217	0.1818
0.0352	0.0387	0.0348	0.1848
0.026	0.0248	0.0228	0.2008
0.0351	0.0428	0.0351	0.2868
0.015	0.0177	0.015	0.1487
0.0278	0.0237	0.0236	0.1863
0.0368	0.0382	0.0367	0.2194
0.0181	0.0169	0.0157	0.0914
0.0165	0.0171	0.0155	0.1123
0.0245	0.0231	0.0213	0.1823
0.0258	0.0227	0.0215	0.1638
0.0206	0.0214	0.0189	0.1379
0.0266	0.0282	0.026	0.1471
0.0235	0.026	0.0232	0.1606
0.0301	0.0371	0.03	0.1878
0.0276	0.0203	0.0202	0.1545
0.0412	0.0421	0.04	0.2615
0.0204	0.023	0.02	0.0937
0.0286	0.0342	0.0279	0.1984
0.0298	0.0342	0.0287	0.1678
0.017	0.0183	0.0168	0.1408
0.0095	0.0089	0.0085	0.0477
0.0235	0.0262	0.0225	0.2207
0.0102	0.0088	0.0083	0.0427
0.0132	0.012	0.0118	0.0739
0.0153	0.013	0.0124	0.0659
0.0275	0.0354	0.0273	0.1848
0.0373	0.0402	0.0356	0.2083
0.0158	0.0165	0.0155	0.1265
0.0246	0.0305	0.0244	0.1371
0.0309	0.0354	0.03	0.1917
0.0285	0.0288	0.0273	0.2098
0.0337	0.0403	0.0335	0.2421
0.0285	0.0271	0.0263	0.2181
0.0261	0.0267	0.0242	0.186
0.019	0.0195	0.0172	0.135
0.0249	0.0232	0.0217	0.1029
0.0209	0.0208	0.0197	0.1772
0.0162	0.0137	0.0132	0.0663
0.0273	0.0277	0.0243	0.1633
0.0139	0.0123	0.0122	0.0826
0.0403	0.046	0.0403	0.2769
0.027	0.0212	0.0202	0.15
0.0153	0.0154	0.015	0.1234
0.0177	0.0183	0.0171	0.1261
0.0288	0.0246	0.0229	0.193
0.0226	0.0202	0.0185	0.1247
