0.7033	0.5483	0.4059	0.4288
0.8258	0.7622	0.6341	1.0
0.2324	0.1454	0.1478	0.2675
0.9048	1.0	0.8613	1.0
0.7795	0.5856	0.436	0.4842
0.7646	0.5222	0.4624	0.7462
0.8939	1.0	0.8236	1.0
0.4098	0.3077	0.2789	0.4929
0.7678	0.7092	0.4865	0.6666
0.8922	0.9808	0.7991	1.0
0.8397	0.8749	0.5529	0.5421
0.8742	0.9605	0.7884	1.0
0.8738	1.0	0.7245	0.9289
0.7784	0.6705	0.4634	0.5395
0.9023	1.0	0.8422	1.0
0.7808	0.6876	0.5316	0.6747
0.8531	0.7741	0.6926	1.0
0.8578	0.9768	0.7708	1.0
0.8157	0.7785	0.5256	0.6284
0.8422	0.9001	0.6011	0.8987
0.8597	1.0	0.8136	1.0
0.8875	1.0	0.7723	0.9588
0.7127	0.6164	0.3753	0.3526
0.7357	0.5429	0.5246	0.7111
0.8207	0.7106	0.5287	0.6149
0.6916	0.5876	0.3784	0.5075
0.5998	0.281	0.283	0.3687
0.7433	0.6726	0.4614	0.6953
0.7528	0.6645	0.5044	0.7488
0.5335	0.2945	0.1821	0.2335
0.8431	0.8709	0.6571	0.9747
0.6302	0.5045	0.3858	0.4213
0.3774	0.2717	0.2439	0.4122
0.6153	0.4104	0.3655	0.7247
0.7964	0.7118	0.5321	0.6344
0.8675	1.0	0.7242	0.8341
0.8481	0.8966	0.6239	0.7577
0.784	0.7077	0.6428	1.0
0.7894	0.7099	0.4637	0.4553
0.6131	0.5396	0.4058	0.8924
0.7157	0.5712	0.3696	0.3725
0.6461	0.4908	0.3567	0.7064
0.833	1.0	0.7452	0.9206
0.4296	0.2481	0.2277	0.3463
0.8677	1.0	0.7131	0.9008
0.8473	0.9968	0.7654	0.9733
0.8757	1.0	0.7549	0.8844
0.4581	0.347	0.3234	0.805
0.8522	1.0	0.6619	0.7813
0.8476	0.9891	0.7705	1.0
0.5147	0.335	0.3204	0.6792
0.7811	0.6029	0.453	0.4078
0.4722	0.3565	0.3229	0.7139
0.7558	0.6889	0.4533	0.4162
0.696	0.4473	0.398	0.7937
0.8525	0.9942	0.6775	0.8267
0.8004	0.773	0.5004	0.8831
0.6252	0.5501	0.399	0.7818
0.8997	1.0	0.8549	1.0
0.8419	0.8539	0.6468	0.7307
0.8511	1.0	0.7151	0.7912
0.8231	0.8876	0.626	0.706
0.6276	0.5815	0.4126	0.7613
0.7749	0.7381	0.5181	0.8338
0.8556	1.0	0.8325	1.0
0.8361	0.6543	0.607	0.7272
0.7494	0.5541	0.4729	0.5759
0.8495	0.7466	0.6802	0.958
0.8441	0.9293	0.6664	0.9817
0.826	0.833	0.5926	0.8081
0.8245	0.7762	0.5382	0.456
0.809	0.7464	0.5946	0.7829
0.8631	1.0	0.7458	1.0
0.8594	1.0	0.7859	1.0
0.8688	0.74	0.6986	0.9595
0.8371	0.9547	0.6755	0.9301
0.8752	1.0	0.7836	0.9808
0.6842	0.3175	0.326	0.3189
0.8281	0.8358	0.5486	0.5948
0.8284	0.5811	0.5668	0.6681
0.8286	0.9172	0.6694	0.7406
0.6446	0.2581	0.2764	0.3391
0.7299	0.4621	0.419	0.7231
0.8926	1.0	0.8178	1.0
0.5777	0.346	0.2393	0.3925
0.718	0.6434	0.4624	0.5894
0.7333	0.6018	0.5479	0.8636
0.7456	0.5589	0.5333	0.731
0.9089	1.0	0.8854	1.0
0.8099	0.5524	0.5253	0.5794
0.8716	1.0	0.7757	0.991
0.7577	0.6271	0.5458	0.8818
0.8662	1.0	0.7389	0.9194
0.7426	0.5652	0.485	0.9799
0.9045	1.0	0.8576	1.0
0.805	0.8722	0.6316	0.8091
0.8567	0.8916	0.7332	1.0
0.8209	0.8579	0.6623	0.7373
0.7904	0.7417	0.5812	0.8757
0.7978	0.8879	0.6403	0.9039
0.7639	0.7002	0.5075	0.7144
0.8583	1.0	0.6394	0.687
0.8611	1.0	0.7568	0.9628
0.8053	0.8131	0.6041	0.6579
0.9112	1.0	0.8921	1.0
0.8785	1.0	0.7436	1.0
0.8935	1.0	0.8102	1.0
0.8479	0.7925	0.6087	0.6588
0.8883	0.8697	0.7867	1.0
0.8723	0.7643	0.7141	0.923
0.8545	0.8704	0.6798	0.8913
0.8719	0.8826	0.7001	0.9734
0.6016	0.3192	0.3141	0.4767
0.6938	0.5155	0.4346	0.7622
0.6071	0.4654	0.3978	0.646
0.8769	0.9731	0.805	1.0
0.853	1.0	0.8257	1.0
0.8044	0.5195	0.5022	0.6323
0.3392	0.226	0.2292	0.4041
0.8915	1.0	0.7669	0.9126
0.8379	0.6388	0.5951	0.6535
0.7883	0.6994	0.4196	0.5065
0.7948	0.7455	0.6073	0.8908
0.8183	0.6575	0.6001	0.8013
0.8562	1.0	0.7085	1.0
0.8194	0.8409	0.5451	0.8006
0.8514	0.9113	0.6091	0.774
0.9104	1.0	0.8927	1.0
0.8641	1.0	0.848	1.0
0.709	0.6014	0.4479	0.7606
0.7661	0.6163	0.5215	0.7516
0.7848	0.6745	0.6285	0.9755
0.8818	1.0	0.7189	0.9055
0.7182	0.6417	0.4486	0.4207
0.8403	0.8698	0.5991	0.9256
0.8364	0.7704	0.6287	0.9381
0.4384	0.3345	0.3184	0.7431
0.8881	0.9686	0.7901	1.0
0.6022	0.382	0.2831	0.3749
0.7805	0.6737	0.4844	0.4536
0.86	1.0	0.811	1.0
0.7894	0.6981	0.5124	0.6055
0.7965	0.7372	0.5165	0.6495
0.7667	0.7063	0.4441	0.5557
0.872	0.9029	0.6962	0.8237
0.7049	0.638	0.5413	0.8919
0.8618	1.0	0.7377	0.8334
0.8916	1.0	0.8421	1.0
0.8908	1.0	0.8568	1.0
0.8398	0.9435	0.7395	0.9366
0.6388	0.5629	0.4395	0.6366
0.8772	0.9678	0.701	0.8694
0.857	0.7539	0.6852	0.8958
0.8931	1.0	0.8486	1.0
0.8188	0.5943	0.5735	0.6757
0.8049	0.5694	0.5185	0.5364
0.8623	0.9085	0.7541	1.0
0.8285	0.6576	0.6061	0.8606
0.5193	0.3982	0.2485	0.3194
0.7921	0.6589	0.6348	1.0
0.8469	1.0	0.6538	0.7318
0.8551	1.0	0.7905	1.0
0.7818	0.5938	0.4623	0.7387
0.8462	0.7913	0.6553	1.0
0.8345	0.6414	0.5847	0.6668
0.8203	0.9339	0.6825	0.7898
0.8236	0.7702	0.5769	0.5513
0.8442	0.9906	0.7014	0.9986
0.8103	0.6537	0.5751	0.891
0.7275	0.4971	0.4614	0.7295
0.8014	0.7277	0.4862	0.5936
0.857	0.9283	0.6069	0.7183
0.8893	1.0	0.8491	1.0
0.7348	0.706	0.4593	0.7221
0.67	0.4516	0.2787	0.2189
0.8986	1.0	0.8411	1.0
0.8078	0.5196	0.5117	0.6758
0.7851	0.8003	0.5414	0.5464
0.8355	0.9094	0.6762	0.9044
0.8543	0.7364	0.6342	0.9321
0.8156	0.5708	0.5305	0.6287
0.8956	1.0	0.8366	1.0
0.8256	0.9567	0.6459	0.8507
0.7255	0.3588	0.3704	0.4317
0.4147	0.2862	0.2686	0.4899
0.835	0.8904	0.6251	0.7982
0.8552	0.928	0.5934	0.6337
0.7029	0.5215	0.4199	0.5751
0.8028	0.8521	0.6429	0.8744
0.6087	0.4035	0.3136	0.6382
0.8711	1.0	0.8504	1.0
0.7228	0.6504	0.3383	0.3472
0.894	1.0	0.7768	0.8942
0.8639	0.9295	0.67	0.8874
0.8697	0.9303	0.6874	0.7305
0.4463	0.3242	0.3193	0.7298
0.8088	0.8705	0.6711	0.884
0.9015	1.0	0.8353	1.0
0.6864	0.3947	0.4161	0.4598
0.874	1.0	0.8132	1.0
0.9137	1.0	0.9071	1.0
0.8321	0.8095	0.6459	0.8852
0.6562	0.5462	0.3192	0.296
0.7989	0.8481	0.636	0.6581
0.7915	0.8153	0.5261	0.6652
0.7249	0.5128	0.4658	0.7588
0.8377	0.7518	0.5765	0.6107
0.8689	1.0	0.7345	0.8639
0.8251	0.8387	0.5864	0.6739
0.7929	0.7475	0.5867	0.6257
0.8775	1.0	0.6932	0.7533
0.9041	1.0	0.8614	1.0
0.8688	1.0	0.8165	1.0
0.8946	1.0	0.8221	1.0
0.8355	0.8548	0.5856	0.9055
0.8381	0.9654	0.6049	0.7105
0.7426	0.6974	0.4649	0.6567
0.8395	0.7103	0.6206	0.9866
0.8531	0.756	0.6812	0.9423
0.731	0.6488	0.5623	0.7318
0.8117	0.9335	0.7055	0.8835
0.8981	1.0	0.8078	0.9481
0.8894	1.0	0.8002	1.0
0.9034	1.0	0.8614	1.0
0.7398	0.5419	0.467	0.6182
0.7076	0.5422	0.4301	0.4378
0.9044	1.0	0.8464	1.0
0.8763	1.0	0.7358	1.0
0.8425	0.7771	0.6718	1.0
0.4534	0.2388	0.2222	0.3696
0.8973	0.9629	0.8256	1.0
0.8096	0.847	0.621	0.7453
0.7286	0.6225	0.459	0.6367
0.719	0.4422	0.4492	0.5097
0.9072	1.0	0.879	1.0
0.9081	1.0	0.8813	1.0
0.8315	0.6893	0.6145	0.8865
0.8127	0.8888	0.7022	0.9217
0.8166	0.8589	0.6088	0.9139
0.8961	1.0	0.8217	1.0
0.8356	0.7758	0.6501	0.9973
0.8416	0.7217	0.6548	1.0
0.7607	0.5734	0.5334	0.779
0.8947	1.0	0.836	1.0
0.4297	0.3192	0.2968	0.5428
0.4496	0.3574	0.2648	0.3627
0.9099	1.0	0.8908	1.0
0.5793	0.4189	0.3926	0.6266
0.908	1.0	0.8726	1.0
0.7951	0.6959	0.6177	0.9014
0.7748	0.6928	0.4397	0.4756
