0.3488	0.3583	0.3108	0.6912
0.1881	0.1562	0.1477	0.2675
0.5016	0.502	0.462	0.7613
0.3881	0.3794	0.3094	0.4842
0.3453	0.2891	0.2851	0.5399
0.5651	0.6491	0.5073	0.7157
0.3261	0.3004	0.2577	0.4929
0.4266	0.4093	0.3666	0.6666
0.5134	0.5734	0.4826	0.9005
0.3523	0.3757	0.3102	0.5421
0.4404	0.4383	0.389	0.6046
0.5217	0.521	0.4433	0.6943
0.2854	0.2968	0.2428	0.5395
0.3865	0.2967	0.2915	0.3515
0.2454	0.2148	0.2037	0.3775
0.422	0.4215	0.339	0.4565
0.4694	0.4972	0.4245	0.8973
0.437	0.4426	0.3781	0.6284
0.4555	0.5036	0.4118	0.8544
0.3853	0.3766	0.3181	0.4678
0.564	0.6521	0.5271	0.9588
0.2273	0.1883	0.1677	0.3526
0.368	0.2771	0.2702	0.4863
0.4607	0.4468	0.3887	0.6149
0.4038	0.3072	0.3025	0.5075
0.3363	0.2339	0.231	0.3687
0.3778	0.296	0.2895	0.6136
0.4178	0.3378	0.3099	0.6585
0.2082	0.1679	0.1392	0.2335
0.3916	0.3147	0.2848	0.5719
0.3116	0.283	0.2478	0.4213
0.2997	0.2515	0.2362	0.4122
0.4191	0.333	0.3249	0.7247
0.2183	0.1713	0.1668	0.376
0.5219	0.5492	0.4705	0.8341
0.4854	0.5258	0.4391	0.7577
0.3635	0.3326	0.3135	0.6293
0.2306	0.2298	0.1974	0.4553
0.4438	0.3778	0.3493	0.8924
0.2286	0.1805	0.1715	0.3725
0.2541	0.2619	0.2499	0.6623
0.3059	0.2687	0.2168	0.3172
0.1427	0.1101	0.1015	0.3463
0.4984	0.4771	0.4142	0.6141
0.4494	0.4615	0.4008	0.765
0.4764	0.4819	0.3865	0.5312
0.39	0.328	0.3198	0.805
0.4556	0.3904	0.3605	0.5803
0.3561	0.3458	0.3308	0.5678
0.4038	0.3153	0.3001	0.6792
0.3855	0.3748	0.3144	0.4078
0.3833	0.3189	0.3129	0.7139
0.2974	0.2429	0.2151	0.4162
0.4228	0.3444	0.332	0.7937
0.4155	0.4546	0.3418	0.4917
0.4076	0.3644	0.3148	0.6246
0.4361	0.3682	0.3414	0.7818
0.5813	0.7145	0.5409	1.0
0.2604	0.2882	0.2244	0.5776
0.3012	0.2658	0.219	0.2972
0.4318	0.4062	0.3777	0.706
0.4396	0.3464	0.328	0.7613
0.3988	0.3541	0.3254	0.7874
0.4006	0.3943	0.3528	0.6709
0.3564	0.32	0.2718	0.4531
0.3521	0.355	0.2814	0.4698
0.4008	0.3979	0.3228	0.4404
0.4077	0.3087	0.3044	0.6261
0.3991	0.3956	0.3404	0.5342
0.4662	0.4566	0.3911	0.456
0.422	0.415	0.3732	0.7829
0.4918	0.4671	0.4414	0.874
0.4281	0.3948	0.3585	0.5613
0.3907	0.3598	0.3188	0.3912
0.4051	0.3999	0.3582	0.7595
0.4283	0.4018	0.3398	0.431
0.1451	0.1121	0.111	0.3189
0.4869	0.4512	0.4051	0.5948
0.3624	0.279	0.2671	0.4262
0.4152	0.417	0.39	0.7406
0.1925	0.1822	0.1522	0.3391
0.4349	0.3499	0.3328	0.7231
0.4726	0.5029	0.4291	0.889
0.2178	0.1958	0.1849	0.3925
0.3423	0.3314	0.295	0.5894
0.4056	0.312	0.2985	0.6731
0.3816	0.2859	0.2773	0.4974
0.5322	0.615	0.5136	0.9102
0.3091	0.2775	0.2353	0.4948
0.4515	0.4628	0.3688	0.4538
0.4095	0.3475	0.3215	0.7488
0.4433	0.4721	0.4073	0.9194
0.396	0.3532	0.3114	0.6667
0.6139	0.7531	0.5874	1.0
0.4155	0.393	0.3607	0.5766
0.4175	0.4042	0.3599	0.5956
0.2455	0.1968	0.1797	0.2954
0.3881	0.3855	0.3456	0.7997
0.4034	0.3081	0.286	0.5152
0.4004	0.3316	0.321	0.7144
0.5036	0.546	0.4502	0.687
0.4905	0.5063	0.4502	0.9028
0.4424	0.3798	0.356	0.6579
0.6308	0.7556	0.621	1.0
0.5262	0.5939	0.4588	0.7755
0.2367	0.1728	0.1608	0.192
0.4842	0.5015	0.4356	0.6588
0.5193	0.4771	0.4421	0.5095
0.4353	0.3816	0.3383	0.4005
0.3185	0.3407	0.2834	0.4986
0.5151	0.5543	0.4643	0.9059
0.3805	0.2761	0.2718	0.4767
0.4431	0.3573	0.33	0.7622
0.3963	0.319	0.3018	0.646
0.4646	0.4943	0.4191	0.6744
0.3681	0.3519	0.3099	0.4967
0.3649	0.2827	0.2687	0.4728
0.2868	0.2356	0.229	0.4041
0.581	0.683	0.5472	0.9126
0.3588	0.3257	0.2806	0.5445
0.3969	0.4096	0.326	0.5065
0.3804	0.2652	0.2619	0.4624
0.2984	0.2932	0.242	0.4156
0.4277	0.4245	0.3715	0.7541
0.4398	0.4269	0.3789	0.7479
0.487	0.5836	0.4455	0.774
0.5054	0.5145	0.4691	0.695
0.4273	0.3584	0.3478	0.6915
0.3006	0.1977	0.2016	0.2623
0.4314	0.3767	0.3391	0.7516
0.1925	0.1585	0.1414	0.2581
0.5567	0.6348	0.5109	0.9055
0.275	0.1986	0.1921	0.4207
0.3883	0.334	0.2855	0.5117
0.3155	0.3458	0.3135	0.7426
0.3802	0.3281	0.3184	0.7431
0.4309	0.4555	0.388	0.831
0.3418	0.2389	0.2241	0.3749
0.4002	0.3362	0.3172	0.4536
0.3714	0.3116	0.29	0.4159
0.4192	0.402	0.3532	0.6055
0.3236	0.3492	0.305	0.6495
0.4212	0.3896	0.3454	0.5557
0.525	0.5723	0.4846	0.8237
0.4166	0.3126	0.3012	0.6362
0.3999	0.3738	0.2986	0.3634
0.5424	0.6481	0.4817	0.8309
0.5271	0.5672	0.474	0.8608
0.3248	0.2803	0.2538	0.3587
0.4169	0.3233	0.3114	0.6366
0.189	0.1692	0.1424	0.2285
0.3776	0.3582	0.3004	0.4621
0.5466	0.622	0.508	0.8223
0.3009	0.2666	0.2317	0.3825
0.2206	0.2017	0.178	0.5364
0.4377	0.4319	0.3855	0.6353
0.4227	0.4113	0.3457	0.5609
0.3224	0.235	0.1987	0.3194
0.2116	0.1689	0.1438	0.318
0.4886	0.4741	0.4361	0.7318
0.4376	0.439	0.3775	0.6334
0.4474	0.4048	0.3568	0.7387
0.4618	0.4893	0.4155	0.8708
0.3963	0.3521	0.3165	0.6177
0.31	0.2397	0.214	0.2798
0.4463	0.4185	0.3861	0.5513
0.4271	0.4071	0.3449	0.6723
0.3782	0.332	0.3094	0.6409
0.4275	0.3457	0.3313	0.7295
0.419	0.4209	0.3594	0.5936
0.2672	0.2425	0.2287	0.459
0.5268	0.5743	0.4785	0.7452
0.4011	0.3143	0.3035	0.6669
0.2906	0.2238	0.1978	0.2189
0.431	0.4832	0.3891	0.7442
0.3275	0.2308	0.2228	0.3576
0.404	0.3521	0.3363	0.5464
0.4039	0.2939	0.2875	0.5515
0.459	0.4294	0.3887	0.659
0.3974	0.3345	0.3088	0.6014
0.5713	0.7006	0.517	0.8251
0.4444	0.3892	0.3759	0.7431
0.2854	0.2292	0.2102	0.4317
0.3351	0.2721	0.2645	0.4899
0.3995	0.3543	0.3299	0.7982
0.502	0.5467	0.4417	0.6337
0.4324	0.304	0.2894	0.5751
0.3916	0.3752	0.337	0.7388
0.3821	0.3075	0.2948	0.6382
0.445	0.4085	0.3835	0.7745
0.3078	0.2253	0.1976	0.3472
0.5863	0.7491	0.5575	0.8942
0.5103	0.5883	0.4644	0.8874
0.5174	0.5467	0.4829	0.7305
0.3747	0.3296	0.3168	0.7298
0.4247	0.3524	0.3407	0.7516
0.6082	0.7222	0.5768	0.9661
0.1819	0.142	0.1438	0.3605
0.4702	0.4702	0.4204	0.7409
0.6405	0.8055	0.6386	1.0
0.3522	0.3363	0.2709	0.3416
0.2859	0.1976	0.1816	0.296
0.1254	0.0716	0.0713	0.1561
0.4532	0.3538	0.3237	0.6571
0.4244	0.346	0.3312	0.7298
0.4675	0.4886	0.4121	0.6107
0.3977	0.3544	0.3014	0.4496
0.3618	0.2917	0.2794	0.6492
0.4316	0.3404	0.3367	0.6257
0.5463	0.6366	0.504	0.7533
0.5358	0.5266	0.4897	0.9084
0.4605	0.4722	0.4098	0.689
0.3839	0.2974	0.2737	0.5689
0.3871	0.3394	0.287	0.5197
0.4533	0.3713	0.3435	0.6463
0.4039	0.3397	0.3099	0.6567
0.4625	0.4634	0.4053	0.7533
0.4092	0.4053	0.3326	0.4798
0.3929	0.3451	0.3173	0.7318
0.4416	0.4096	0.381	0.7984
0.5962	0.7802	0.5669	0.9481
0.5237	0.5729	0.4894	0.7734
0.5477	0.5762	0.5144	0.8395
0.3425	0.3363	0.2732	0.4291
0.3263	0.2734	0.2498	0.4378
0.475	0.4233	0.3964	0.5603
0.4906	0.5153	0.4495	0.7271
0.3905	0.4074	0.32	0.5164
0.187	0.1818	0.1559	0.3696
0.4756	0.4872	0.4276	0.7173
0.4359	0.4162	0.3764	0.7453
0.3243	0.2299	0.2292	0.3853
0.224	0.1642	0.1602	0.3331
0.6097	0.7752	0.5829	0.9505
0.4846	0.4601	0.4399	0.6791
0.3156	0.2325	0.2135	0.3189
0.3965	0.3677	0.3643	0.7636
0.3631	0.3483	0.3097	0.6084
0.3888	0.4202	0.3467	0.5945
0.4483	0.4534	0.3885	0.7974
0.4282	0.431	0.373	0.5904
0.4086	0.3263	0.3066	0.5833
0.5313	0.5913	0.5102	1.0
0.3299	0.2991	0.2772	0.5428
0.3595	0.2401	0.2263	0.3627
0.4862	0.4683	0.4415	0.6177
0.2812	0.2633	0.2215	0.4016
0.6281	0.7509	0.6129	1.0
0.2135	0.1773	0.1432	0.193
0.3835	0.3604	0.3229	0.4756
