0.1908	0.1531	0.1509	0.3918
0.1695	0.1552	0.1386	0.2675
0.1176	0.1206	0.1103	0.3147
0.2012	0.1809	0.1718	0.4842
0.3268	0.2902	0.2851	0.5399
0.2697	0.2938	0.25	0.5001
0.3125	0.3012	0.2578	0.4929
0.3413	0.3108	0.2983	0.6666
0.2204	0.2247	0.2031	0.3803
0.1063	0.0742	0.0735	0.2528
0.2266	0.2053	0.1981	0.3646
0.3	0.2932	0.2638	0.4852
0.2155	0.2741	0.2026	0.5395
0.1229	0.1217	0.1198	0.3515
0.236	0.2175	0.2002	0.3775
0.1399	0.1303	0.1243	0.4193
0.3509	0.3356	0.3171	0.7127
0.3083	0.323	0.2929	0.6284
0.3242	0.2986	0.2884	0.5718
0.2366	0.219	0.2054	0.4678
0.3062	0.3456	0.3039	0.7853
0.1723	0.1597	0.1446	0.3526
0.319	0.273	0.2611	0.4863
0.2757	0.2713	0.2654	0.6149
0.3332	0.282	0.2722	0.5075
0.2831	0.2242	0.2168	0.3687
0.2952	0.3178	0.2872	0.6136
0.3633	0.3354	0.3099	0.6585
0.1235	0.0971	0.0955	0.2335
0.2169	0.2065	0.1812	0.5528
0.2347	0.2305	0.2137	0.4213
0.2992	0.2589	0.2362	0.4122
0.3329	0.3306	0.3114	0.7247
0.1715	0.1647	0.1439	0.376
0.3249	0.3687	0.3162	0.8341
0.3264	0.3514	0.3162	0.7577
0.2829	0.2839	0.2725	0.6293
0.1458	0.1256	0.1183	0.4167
0.3178	0.3686	0.317	0.8924
0.1641	0.1659	0.145	0.3725
0.252	0.2677	0.2499	0.6623
0.2551	0.2013	0.1961	0.3172
0.1396	0.1048	0.097	0.3463
0.3044	0.2918	0.2672	0.5222
0.3509	0.3555	0.3161	0.6902
0.1973	0.19	0.1666	0.3309
0.3783	0.3478	0.3198	0.805
0.2973	0.2982	0.2589	0.5407
0.2262	0.21	0.1833	0.5635
0.3695	0.3072	0.3	0.6792
0.2493	0.2645	0.2344	0.4078
0.3696	0.3185	0.3129	0.7139
0.2256	0.2185	0.194	0.4162
0.3511	0.3349	0.3155	0.7937
0.2614	0.2294	0.2206	0.4601
0.2877	0.359	0.2819	0.6246
0.3088	0.3749	0.3067	0.7818
0.2987	0.3228	0.2883	0.7297
0.1308	0.1282	0.1235	0.3538
0.1597	0.1445	0.1351	0.2972
0.3239	0.319	0.3062	0.706
0.3747	0.3431	0.3171	0.7613
0.3195	0.3352	0.3191	0.7874
0.1773	0.1737	0.1574	0.2739
0.1879	0.1812	0.1694	0.4322
0.2684	0.26	0.2356	0.4698
0.1401	0.1179	0.1106	0.3793
0.2488	0.2294	0.2068	0.5308
0.2889	0.2591	0.2503	0.5132
0.1682	0.1555	0.1466	0.3691
0.3267	0.3223	0.3116	0.7829
0.3505	0.3206	0.3112	0.6925
0.3012	0.2788	0.2628	0.5613
0.2087	0.1478	0.1436	0.3912
0.3247	0.339	0.3095	0.7205
0.1846	0.1936	0.1632	0.431
0.1319	0.1127	0.1087	0.3189
0.3143	0.2858	0.2705	0.5535
0.2509	0.2247	0.2182	0.4262
0.31	0.3314	0.293	0.7406
0.1775	0.1754	0.1538	0.3391
0.3602	0.3252	0.3111	0.7231
0.1201	0.1133	0.1025	0.2
0.159	0.1291	0.1271	0.3925
0.2544	0.2623	0.2391	0.5894
0.2981	0.3125	0.293	0.6731
0.2772	0.2977	0.2678	0.4974
0.2149	0.2332	0.2076	0.5432
0.1931	0.1897	0.1724	0.4948
0.1476	0.123	0.1205	0.3901
0.3621	0.3401	0.3151	0.7488
0.1933	0.1881	0.1783	0.3611
0.3519	0.3357	0.3112	0.6667
0.2949	0.327	0.2914	0.7318
0.3425	0.2959	0.2887	0.5766
0.2925	0.2675	0.2526	0.4703
0.2031	0.1721	0.1669	0.2954
0.3169	0.325	0.3078	0.7573
0.3482	0.287	0.2695	0.5152
0.3784	0.3299	0.3148	0.7144
0.3053	0.3401	0.2937	0.687
0.3457	0.3677	0.3194	0.7599
0.3447	0.3257	0.3119	0.6579
0.3067	0.2922	0.2822	0.7365
0.2591	0.2137	0.2112	0.3552
0.0904	0.0811	0.0756	0.192
0.2053	0.2051	0.1797	0.4278
0.1455	0.1403	0.1309	0.4074
0.1872	0.1576	0.1479	0.4005
0.1214	0.1146	0.1038	0.3042
0.2847	0.2903	0.2774	0.5534
0.3251	0.2688	0.2584	0.4767
0.3764	0.3506	0.3202	0.7622
0.343	0.3172	0.2956	0.646
0.2587	0.252	0.2346	0.4643
0.2073	0.1956	0.1696	0.3978
0.2826	0.2553	0.2497	0.4728
0.2669	0.2498	0.2211	0.4041
0.2826	0.3089	0.2648	0.5427
0.2008	0.2135	0.1852	0.4726
0.2775	0.2556	0.2396	0.5065
0.2462	0.2248	0.1998	0.4624
0.2148	0.2074	0.1873	0.4156
0.286	0.3091	0.2739	0.5243
0.331	0.3011	0.2946	0.5923
0.3104	0.2756	0.2711	0.5052
0.1265	0.1059	0.1019	0.2602
0.1327	0.1244	0.1165	0.1743
0.2395	0.1839	0.1701	0.2623
0.3183	0.342	0.3146	0.7516
0.1261	0.1193	0.104	0.2581
0.2866	0.2741	0.2499	0.4951
0.1912	0.1899	0.1686	0.4207
0.2562	0.3272	0.2455	0.5117
0.184	0.195	0.1699	0.3884
0.3802	0.3324	0.3184	0.7431
0.1287	0.0971	0.0937	0.3343
0.2781	0.228	0.2221	0.3749
0.3069	0.267	0.2591	0.4536
0.1919	0.1962	0.1593	0.4159
0.3224	0.3035	0.296	0.6055
0.1341	0.1016	0.0996	0.2177
0.3279	0.2983	0.2803	0.5557
0.2779	0.2946	0.2703	0.6308
0.3656	0.314	0.2955	0.6362
0.1563	0.148	0.1361	0.3634
0.2789	0.3106	0.2705	0.5621
0.2292	0.2446	0.2162	0.4427
0.2519	0.2214	0.2058	0.3587
0.363	0.317	0.2998	0.6366
0.1078	0.0787	0.0771	0.2285
0.1975	0.2039	0.1724	0.4373
0.2347	0.2721	0.2214	0.5084
0.1734	0.168	0.1558	0.3825
0.1371	0.1464	0.137	0.5364
0.2994	0.2704	0.2605	0.4801
0.3106	0.2943	0.2819	0.5609
0.2808	0.2198	0.1987	0.3194
0.1301	0.1023	0.0995	0.318
0.3327	0.3496	0.3153	0.7318
0.3143	0.3181	0.2852	0.5868
0.3274	0.3272	0.319	0.7387
0.3498	0.3152	0.3049	0.6786
0.25	0.2503	0.2346	0.5167
0.2452	0.1882	0.1827	0.2798
0.3106	0.3205	0.28	0.5513
0.3561	0.341	0.3092	0.6723
0.3047	0.3122	0.284	0.6409
0.3553	0.3488	0.3097	0.7295
0.3114	0.3189	0.2897	0.5936
0.1577	0.1701	0.1424	0.407
0.2318	0.246	0.2115	0.5602
0.3529	0.3134	0.3035	0.6669
0.1747	0.1523	0.1436	0.2189
0.177	0.1526	0.1469	0.4039
0.245	0.231	0.2124	0.3576
0.2975	0.2821	0.2783	0.5464
0.2541	0.2368	0.221	0.5515
0.2791	0.2529	0.2375	0.5231
0.2852	0.2642	0.2595	0.6014
0.2956	0.3285	0.2902	0.7076
0.3628	0.3273	0.3175	0.7431
0.2358	0.2205	0.203	0.4317
0.3342	0.28	0.2645	0.4899
0.2248	0.2083	0.203	0.3595
0.2535	0.2946	0.2444	0.596
0.3427	0.3046	0.2879	0.5751
0.3027	0.3107	0.292	0.6541
0.3045	0.3222	0.2887	0.6382
0.1971	0.1793	0.1639	0.2597
0.2168	0.2106	0.1809	0.3472
0.2003	0.1645	0.1547	0.2424
0.3237	0.3567	0.3175	0.7747
0.2845	0.2483	0.2445	0.4109
0.3641	0.3405	0.3168	0.7298
0.3689	0.3435	0.3201	0.7516
0.1902	0.1779	0.1612	0.3102
0.1415	0.1522	0.1309	0.3605
0.3177	0.337	0.2875	0.577
0.3128	0.2936	0.2821	0.7691
0.1435	0.1263	0.126	0.3416
0.2103	0.1933	0.1674	0.296
0.0788	0.0716	0.0682	0.1561
0.3343	0.3316	0.2923	0.6571
0.3213	0.3503	0.311	0.7298
0.1962	0.1754	0.165	0.4309
0.1385	0.0785	0.0781	0.3308
0.2229	0.2475	0.2053	0.4784
0.3568	0.3058	0.3013	0.6257
0.1864	0.1559	0.15	0.2194
0.185	0.1826	0.172	0.4967
0.2998	0.2824	0.2683	0.6015
0.1355	0.1564	0.1325	0.5451
0.2595	0.332	0.2492	0.5197
0.3042	0.3073	0.2713	0.5821
0.3098	0.3183	0.3061	0.6567
0.3327	0.3499	0.3133	0.7129
0.1438	0.1336	0.1263	0.3303
0.2953	0.2944	0.2868	0.6918
0.3631	0.3515	0.3258	0.7984
0.3174	0.3236	0.2973	0.6388
0.3115	0.3386	0.2832	0.6498
0.2353	0.268	0.2258	0.5027
0.2664	0.2602	0.2297	0.4291
0.2582	0.2385	0.2178	0.4378
0.1638	0.1446	0.1418	0.4455
0.3283	0.3003	0.2871	0.5765
0.2311	0.2168	0.2065	0.4405
0.1771	0.1816	0.1523	0.3696
0.1242	0.098	0.0936	0.2812
0.3322	0.3476	0.3191	0.7453
0.2765	0.2308	0.2167	0.3853
0.1698	0.162	0.1422	0.3331
0.2617	0.2353	0.2226	0.4031
0.1092	0.1022	0.098	0.2614
0.2245	0.2091	0.1958	0.3189
0.2898	0.2939	0.2792	0.629
0.2979	0.3137	0.2901	0.6084
0.1906	0.1646	0.1629	0.5501
0.298	0.3257	0.2898	0.5739
0.3061	0.2834	0.2826	0.5904
0.2966	0.3297	0.2914	0.5833
0.2836	0.329	0.2793	0.7001
0.3235	0.2987	0.2772	0.5428
0.2887	0.2208	0.2228	0.3627
0.1008	0.1047	0.098	0.2516
0.2808	0.253	0.2215	0.4016
0.281	0.2772	0.2665	0.644
0.0869	0.0893	0.0815	0.193
0.2981	0.2581	0.2539	0.4756
