0.1285	0.1335	0.1234	0.3918
0.1214	0.128	0.1129	0.2675
0.1166	0.1205	0.1103	0.3147
0.1348	0.1438	0.1343	0.4842
0.1285	0.1214	0.1139	0.2581
0.1682	0.1477	0.1408	0.5001
0.2249	0.2554	0.2158	0.4929
0.2475	0.2768	0.2349	0.5961
0.1337	0.1327	0.1257	0.3803
0.0991	0.074	0.0734	0.2528
0.1771	0.1999	0.1656	0.3646
0.2271	0.2453	0.2081	0.4852
0.1366	0.1464	0.1346	0.5395
0.1213	0.1259	0.1197	0.3515
0.2071	0.2185	0.1937	0.3775
0.1374	0.1303	0.1239	0.4193
0.2314	0.2488	0.2276	0.5586
0.1387	0.1597	0.1364	0.5379
0.2542	0.2825	0.2385	0.5718
0.1458	0.1527	0.1309	0.4678
0.1307	0.1204	0.1127	0.2886
0.1625	0.165	0.1406	0.3526
0.1821	0.1885	0.1739	0.4863
0.1032	0.1101	0.0955	0.2386
0.2608	0.2726	0.2419	0.5075
0.1651	0.1489	0.1437	0.3687
0.2341	0.2801	0.2315	0.6136
0.3028	0.3305	0.2926	0.6585
0.1085	0.0964	0.0925	0.2335
0.1663	0.1642	0.1491	0.5528
0.1361	0.1349	0.1232	0.4213
0.2406	0.2449	0.217	0.4122
0.1774	0.1546	0.1517	0.5339
0.1585	0.1647	0.1447	0.376
0.1038	0.0837	0.0793	0.2137
0.1377	0.1581	0.1349	0.4525
0.1676	0.1506	0.1425	0.3758
0.1149	0.1256	0.1069	0.4167
0.1872	0.1937	0.1718	0.4499
0.1285	0.1337	0.1243	0.3725
0.0827	0.075	0.068	0.1712
0.1909	0.1944	0.1687	0.3172
0.1319	0.0891	0.0874	0.3463
0.2286	0.254	0.208	0.5222
0.2352	0.2352	0.2148	0.5168
0.145	0.1618	0.1296	0.3309
0.2723	0.308	0.261	0.7118
0.2389	0.2578	0.2221	0.5407
0.169	0.1627	0.151	0.5635
0.2096	0.2262	0.1841	0.546
0.1321	0.104	0.1032	0.4078
0.3055	0.2973	0.2919	0.7139
0.2056	0.2067	0.1811	0.4162
0.2416	0.2649	0.2286	0.5183
0.1978	0.2115	0.1736	0.4601
0.1083	0.1072	0.0931	0.2064
0.1916	0.2068	0.1857	0.4869
0.1275	0.1073	0.1016	0.3086
0.124	0.1285	0.1221	0.3538
0.1277	0.1212	0.1087	0.2972
0.1572	0.1657	0.1406	0.3065
0.3037	0.3317	0.2944	0.753
0.249	0.3001	0.2486	0.7874
0.1066	0.1074	0.1021	0.2739
0.1362	0.1296	0.1177	0.4322
0.1965	0.1534	0.1515	0.4698
0.1348	0.111	0.1061	0.3793
0.1884	0.1879	0.167	0.5308
0.2263	0.2496	0.2038	0.5132
0.1391	0.1298	0.1219	0.3691
0.155	0.164	0.1425	0.31
0.2702	0.3041	0.2667	0.6925
0.2327	0.2638	0.2242	0.5613
0.166	0.1444	0.1404	0.3912
0.1633	0.1734	0.1514	0.3567
0.137	0.1362	0.127	0.431
0.1175	0.1123	0.1005	0.3189
0.233	0.2535	0.2247	0.5535
0.1779	0.1634	0.1515	0.4262
0.0707	0.0616	0.0584	0.2467
0.1394	0.1443	0.1241	0.3391
0.1968	0.1675	0.1587	0.4439
0.0859	0.0854	0.0794	0.2
0.1369	0.1307	0.1178	0.3925
0.1699	0.1946	0.1646	0.5242
0.0667	0.0627	0.0591	0.1338
0.1325	0.1283	0.1151	0.3847
0.1213	0.1351	0.1172	0.3955
0.147	0.1499	0.1343	0.4948
0.1294	0.1213	0.1126	0.3901
0.2185	0.2673	0.2122	0.5492
0.1186	0.1009	0.095	0.3611
0.1879	0.2075	0.1819	0.5511
0.1244	0.1142	0.1056	0.35
0.236	0.2507	0.2263	0.5766
0.232	0.2654	0.2232	0.4703
0.1685	0.1721	0.1548	0.2954
0.2163	0.2567	0.2113	0.5273
0.2626	0.2506	0.2356	0.5152
0.2909	0.3293	0.2896	0.7144
0.0711	0.0534	0.0517	0.104
0.2143	0.2362	0.2085	0.4612
0.1812	0.1842	0.1649	0.4106
0.1056	0.0768	0.0729	0.2093
0.1848	0.1808	0.1654	0.3552
0.0889	0.0811	0.0756	0.192
0.1319	0.133	0.1245	0.4278
0.1266	0.1335	0.1232	0.4074
0.156	0.154	0.1334	0.4005
0.1209	0.1026	0.0968	0.3042
0.1129	0.0846	0.0805	0.2391
0.1855	0.1743	0.1625	0.4767
0.3128	0.329	0.3023	0.7622
0.182	0.1895	0.1725	0.5996
0.1974	0.21	0.1891	0.4643
0.1534	0.1923	0.1425	0.3978
0.1974	0.2085	0.1761	0.4728
0.1867	0.2056	0.1743	0.4041
0.1107	0.104	0.0969	0.2816
0.1474	0.1521	0.1332	0.4726
0.1688	0.1806	0.1575	0.4565
0.1894	0.1832	0.167	0.4624
0.1464	0.139	0.1297	0.4156
0.1498	0.1381	0.1265	0.3496
0.2691	0.2845	0.2521	0.5923
0.2255	0.2549	0.2163	0.5052
0.1022	0.1059	0.0915	0.2602
0.0923	0.0793	0.0754	0.1743
0.1753	0.1793	0.1571	0.2623
0.1071	0.0826	0.0784	0.2421
0.1107	0.0976	0.094	0.2581
0.1644	0.1725	0.1455	0.4172
0.1466	0.1551	0.1367	0.4207
0.0656	0.063	0.0572	0.1469
0.1143	0.1147	0.1039	0.3884
0.2546	0.296	0.2422	0.6173
0.1235	0.0968	0.0937	0.3343
0.2105	0.2001	0.189	0.3749
0.1789	0.1708	0.163	0.3984
0.1385	0.1368	0.1287	0.4159
0.1428	0.1365	0.1272	0.3442
0.092	0.0937	0.0844	0.2177
0.2524	0.2838	0.2367	0.5557
0.0763	0.0726	0.065	0.1817
0.2867	0.2983	0.2746	0.6362
0.1302	0.1238	0.1129	0.3634
0.1294	0.133	0.1273	0.386
0.1394	0.096	0.0952	0.3486
0.1927	0.2176	0.1825	0.3587
0.2784	0.3114	0.2694	0.5975
0.1078	0.0787	0.0734	0.2285
0.1376	0.1391	0.1295	0.4373
0.1644	0.187	0.1557	0.4929
0.1323	0.1281	0.1153	0.3825
0.1333	0.1464	0.1326	0.5364
0.2363	0.2653	0.2279	0.4801
0.1927	0.1855	0.1741	0.5419
0.2082	0.2164	0.1947	0.3194
0.123	0.1021	0.0976	0.318
0.1892	0.1793	0.1671	0.3438
0.1714	0.1622	0.1496	0.5263
0.1585	0.1561	0.1362	0.2757
0.2695	0.299	0.266	0.6786
0.1645	0.1616	0.1434	0.5167
0.1896	0.1663	0.15	0.2798
0.1383	0.1269	0.1182	0.2771
0.2704	0.3224	0.2673	0.6723
0.1725	0.1775	0.1642	0.5673
0.1902	0.1881	0.1724	0.5307
0.1391	0.1574	0.137	0.5392
0.1299	0.1162	0.1055	0.407
0.1582	0.1894	0.152	0.4813
0.2997	0.3134	0.2903	0.6669
0.1038	0.0811	0.0738	0.2189
0.1246	0.1484	0.1234	0.4039
0.1848	0.1972	0.1662	0.3576
0.1163	0.1008	0.0984	0.2686
0.1921	0.191	0.169	0.5515
0.2001	0.2061	0.1853	0.5231
0.1811	0.1707	0.1604	0.5523
0.1306	0.1373	0.1161	0.3785
0.2289	0.2353	0.204	0.4333
0.1705	0.185	0.1551	0.4317
0.2755	0.2708	0.2531	0.4899
0.1655	0.1979	0.1573	0.3595
0.1054	0.1074	0.0991	0.2696
0.2498	0.2954	0.2416	0.5751
0.2105	0.2548	0.2049	0.5312
0.1551	0.158	0.1386	0.5041
0.1418	0.1105	0.1057	0.2597
0.192	0.1934	0.1735	0.3472
0.0988	0.094	0.0846	0.2424
0.1388	0.1421	0.1377	0.4494
0.1915	0.2222	0.1797	0.4109
0.2947	0.325	0.2839	0.7298
0.2651	0.3064	0.2621	0.6695
0.1246	0.0993	0.0937	0.3102
0.1213	0.1122	0.1079	0.3605
0.2023	0.172	0.1596	0.5171
0.1312	0.1168	0.1068	0.4099
0.1266	0.1143	0.1095	0.3416
0.1803	0.184	0.157	0.296
0.0774	0.0719	0.0682	0.1561
0.2827	0.3014	0.2672	0.6571
0.1429	0.1478	0.1281	0.4156
0.1322	0.1386	0.1294	0.4309
0.1216	0.0782	0.0779	0.3308
0.1569	0.1671	0.1367	0.4784
0.234	0.2446	0.2219	0.4315
0.1214	0.1175	0.1043	0.2194
0.1282	0.1359	0.1273	0.4102
0.2203	0.2363	0.2126	0.6015
0.133	0.1564	0.1325	0.5451
0.0711	0.0716	0.0654	0.1638
0.2525	0.2736	0.2412	0.5821
0.2385	0.2836	0.2364	0.6567
0.1959	0.206	0.1875	0.4318
0.1293	0.1033	0.099	0.3303
0.0885	0.1014	0.08	0.1545
0.2491	0.2876	0.2414	0.5463
0.1203	0.131	0.1129	0.3433
0.1799	0.1485	0.1441	0.4441
0.1252	0.1109	0.1061	0.322
0.2014	0.1635	0.1587	0.4291
0.1716	0.1707	0.1565	0.4378
0.132	0.1416	0.1314	0.4455
0.2238	0.2337	0.205	0.5765
0.1594	0.1393	0.1312	0.4405
0.1561	0.1704	0.144	0.3696
0.1171	0.098	0.0926	0.2812
0.136	0.1375	0.1254	0.3817
0.2012	0.2228	0.1896	0.3853
0.1204	0.1207	0.112	0.3331
0.1249	0.1143	0.1058	0.4031
0.1058	0.1021	0.0981	0.2614
0.1318	0.1232	0.1188	0.3189
0.1739	0.2041	0.1602	0.3861
0.2311	0.2789	0.2281	0.6084
0.136	0.1535	0.1359	0.4743
0.1324	0.128	0.1211	0.3146
0.2	0.2157	0.1919	0.5904
0.123	0.132	0.1146	0.3454
0.1478	0.1467	0.1299	0.4304
0.2616	0.2808	0.2462	0.5428
0.2507	0.2247	0.2127	0.3627
0.1004	0.105	0.0975	0.2516
0.1639	0.1594	0.1412	0.4016
0.1297	0.1527	0.1289	0.4772
0.0846	0.0837	0.0794	0.193
0.1573	0.1424	0.1399	0.4756
