0.0425	0.0526	0.0417	0.2303
0.0583	0.0555	0.0514	0.2675
0.0425	0.0414	0.0379	0.2118
0.101	0.1325	0.1008	0.4842
0.0575	0.0647	0.056	0.2581
0.0415	0.0431	0.0396	0.191
0.0487	0.0484	0.0454	0.1518
0.0546	0.0551	0.0493	0.1838
0.0529	0.0571	0.0509	0.3085
0.068	0.0721	0.065	0.2528
0.0533	0.0578	0.0513	0.2931
0.0482	0.0505	0.0459	0.1579
0.0644	0.0676	0.0627	0.2283
0.0467	0.0591	0.0463	0.207
0.0865	0.0993	0.0858	0.3775
0.0827	0.0867	0.0775	0.3942
0.0509	0.0473	0.0452	0.2889
0.055	0.062	0.0513	0.2205
0.0581	0.066	0.0573	0.2613
0.0705	0.0745	0.0657	0.353
0.0465	0.0497	0.0437	0.2092
0.097	0.1205	0.0939	0.3526
0.0498	0.0599	0.0491	0.2191
0.076	0.0811	0.0727	0.2386
0.0288	0.029	0.0244	0.105
0.0549	0.0582	0.0546	0.3099
0.0738	0.076	0.0696	0.2854
0.0463	0.0466	0.0435	0.2355
0.0769	0.0934	0.0723	0.2335
0.0442	0.0456	0.0411	0.2179
0.049	0.0451	0.0427	0.1936
0.0476	0.0457	0.0407	0.2452
0.0387	0.039	0.0362	0.2294
0.0984	0.1252	0.0975	0.376
0.0426	0.0402	0.0393	0.2137
0.0544	0.0505	0.0452	0.2454
0.0452	0.0519	0.0436	0.234
0.074	0.072	0.0704	0.3152
0.0305	0.0242	0.023	0.1887
0.0998	0.1221	0.0959	0.3725
0.0533	0.0546	0.0482	0.1712
0.0509	0.0477	0.0458	0.27
0.0955	0.0881	0.0803	0.3463
0.0433	0.0488	0.042	0.1819
0.0353	0.0323	0.0313	0.1272
0.0677	0.0712	0.0652	0.2412
0.0406	0.0443	0.0401	0.2725
0.0673	0.0728	0.0645	0.2457
0.0421	0.0489	0.0418	0.2186
0.043	0.0435	0.0391	0.1371
0.1015	0.1081	0.0929	0.4078
0.0313	0.0353	0.0299	0.179
0.0783	0.0782	0.0756	0.388
0.0526	0.0557	0.0504	0.3196
0.0775	0.0797	0.0753	0.328
0.035	0.032	0.0293	0.2013
0.0285	0.0324	0.0283	0.1434
0.0582	0.0473	0.0464	0.2797
0.0995	0.1272	0.0986	0.3538
0.0714	0.0794	0.0696	0.2972
0.0399	0.039	0.0372	0.2098
0.0385	0.0399	0.0385	0.229
0.0498	0.0541	0.0466	0.2902
0.0513	0.0551	0.0494	0.2739
0.0447	0.0372	0.0343	0.135
0.0996	0.1276	0.0994	0.4698
0.0803	0.0829	0.078	0.3793
0.0523	0.0626	0.052	0.2875
0.0677	0.0692	0.0662	0.2661
0.0959	0.0862	0.083	0.3691
0.0454	0.0531	0.0446	0.2923
0.0492	0.0575	0.0479	0.2094
0.0422	0.0481	0.0417	0.2002
0.0555	0.0644	0.0554	0.3334
0.0417	0.0402	0.0387	0.2375
0.0772	0.0724	0.0715	0.3098
0.0462	0.0532	0.0445	0.1904
0.0535	0.0526	0.0486	0.2156
0.0538	0.06	0.052	0.2268
0.0457	0.0469	0.0417	0.2467
0.0721	0.0848	0.072	0.3391
0.0532	0.0543	0.0506	0.2433
0.0365	0.0267	0.0261	0.2
0.0535	0.0469	0.0448	0.2082
0.0374	0.0428	0.0364	0.1899
0.0336	0.0333	0.031	0.1338
0.0375	0.0405	0.0342	0.1314
0.0531	0.0551	0.0497	0.2089
0.0529	0.0547	0.0483	0.2067
0.0605	0.0527	0.0514	0.2118
0.0553	0.0669	0.0546	0.2365
0.0424	0.044	0.0409	0.1774
0.0467	0.0477	0.0436	0.2482
0.0509	0.0455	0.0447	0.2381
0.0718	0.0783	0.0696	0.2944
0.0506	0.0465	0.0454	0.231
0.078	0.0878	0.0766	0.2954
0.0429	0.0417	0.0387	0.2497
0.0509	0.0542	0.0489	0.2529
0.056	0.0644	0.0556	0.3037
0.0442	0.0407	0.0381	0.104
0.051	0.054	0.0494	0.2354
0.032	0.026	0.0251	0.1467
0.042	0.0387	0.0374	0.2093
0.0546	0.0503	0.0489	0.2503
0.0381	0.0389	0.0366	0.192
0.1001	0.1273	0.0994	0.4278
0.0257	0.018	0.0178	0.1064
0.0505	0.052	0.0473	0.2463
0.0684	0.0711	0.0653	0.2387
0.0448	0.0432	0.0413	0.2384
0.0507	0.0604	0.0504	0.2486
0.039	0.0428	0.039	0.245
0.0613	0.0547	0.0531	0.198
0.0702	0.0719	0.0647	0.3126
0.0531	0.051	0.0496	0.2376
0.0496	0.052	0.0466	0.1714
0.0541	0.054	0.0511	0.2889
0.0413	0.0405	0.038	0.1827
0.0336	0.0255	0.0241	0.172
0.0887	0.1004	0.0876	0.3981
0.0515	0.064	0.0512	0.2407
0.0723	0.0821	0.0707	0.3933
0.0364	0.0425	0.0356	0.1356
0.0686	0.0762	0.0658	0.3256
0.0387	0.0348	0.0329	0.1199
0.0566	0.0466	0.0446	0.2602
0.0501	0.0485	0.0465	0.1743
0.0617	0.0582	0.0532	0.2623
0.0473	0.0501	0.0461	0.2421
0.0366	0.038	0.0351	0.197
0.0528	0.0552	0.0509	0.204
0.0923	0.0917	0.0862	0.3898
0.0399	0.0439	0.0378	0.1469
0.0448	0.0471	0.0423	0.2088
0.0384	0.0411	0.0374	0.2064
0.0513	0.0479	0.0433	0.2729
0.0582	0.0623	0.0544	0.2875
0.0816	0.0874	0.0777	0.3984
0.0717	0.0739	0.0699	0.3347
0.0558	0.0704	0.0553	0.2946
0.0422	0.0455	0.0399	0.2177
0.0402	0.0429	0.0361	0.2381
0.0455	0.041	0.0401	0.1817
0.0361	0.0301	0.0288	0.1876
0.0681	0.0746	0.0664	0.2816
0.0693	0.0774	0.0681	0.3347
0.0822	0.0823	0.0768	0.3486
0.0464	0.044	0.0427	0.2171
0.0449	0.0461	0.0413	0.2115
0.0654	0.0655	0.061	0.2285
0.0548	0.0664	0.0542	0.3006
0.0703	0.0721	0.0643	0.3044
0.0549	0.0459	0.0438	0.2115
0.0611	0.0544	0.0516	0.2569
0.0524	0.0587	0.0503	0.2608
0.0354	0.038	0.0348	0.1839
0.0639	0.0582	0.0535	0.2807
0.0591	0.0549	0.0523	0.3019
0.0854	0.0957	0.0839	0.3438
0.0459	0.0457	0.0414	0.1533
0.0513	0.0459	0.0453	0.2757
0.0432	0.0513	0.0424	0.1719
0.039	0.0419	0.0387	0.2208
0.063	0.0595	0.0558	0.2798
0.0829	0.0847	0.075	0.2771
0.0343	0.0275	0.0272	0.1892
0.0589	0.0604	0.0538	0.2184
0.0422	0.0385	0.0376	0.1956
0.0613	0.0698	0.0609	0.2775
0.0735	0.0745	0.0716	0.3135
0.0766	0.0765	0.069	0.3623
0.0638	0.0645	0.0588	0.2519
0.0592	0.0682	0.058	0.2189
0.0506	0.0551	0.0497	0.2554
0.0506	0.0538	0.0474	0.2399
0.0467	0.0544	0.0457	0.2325
0.0436	0.0513	0.0432	0.195
0.0496	0.0546	0.0476	0.269
0.0615	0.0628	0.056	0.2736
0.0667	0.0692	0.0634	0.3785
0.0534	0.0521	0.0503	0.2485
0.0557	0.0581	0.0523	0.2658
0.0334	0.0359	0.0323	0.2272
0.0465	0.0508	0.0457	0.2559
0.0817	0.1008	0.0797	0.2696
0.0353	0.0329	0.0309	0.1352
0.0364	0.039	0.036	0.1944
0.0382	0.0391	0.0368	0.1767
0.0618	0.0703	0.061	0.2597
0.0864	0.099	0.0857	0.3472
0.0391	0.0393	0.0353	0.1867
0.0463	0.0417	0.0388	0.2179
0.0629	0.0684	0.0612	0.2594
0.036	0.0382	0.0347	0.1786
0.0434	0.0394	0.0375	0.1946
0.0512	0.0521	0.0476	0.2344
0.0517	0.0531	0.0497	0.2714
0.056	0.0602	0.0517	0.1723
0.0653	0.0661	0.0597	0.3013
0.0735	0.075	0.0719	0.2981
0.0735	0.0829	0.0723	0.296
0.0603	0.0712	0.0573	0.1561
0.0561	0.0542	0.0509	0.1818
0.0371	0.0389	0.0348	0.1848
0.0987	0.1322	0.0984	0.4309
0.0667	0.0758	0.066	0.3308
0.0914	0.1079	0.091	0.4489
0.0564	0.0572	0.0539	0.2215
0.057	0.0578	0.0506	0.2194
0.0533	0.066	0.0529	0.3238
0.0729	0.0705	0.0657	0.3209
0.0374	0.0401	0.0365	0.1823
0.0428	0.047	0.0403	0.1638
0.0792	0.0864	0.0752	0.2835
0.0281	0.0265	0.026	0.1471
0.0422	0.0424	0.0392	0.1606
0.0773	0.0806	0.0763	0.3303
0.033	0.0309	0.0293	0.1545
0.0456	0.05	0.0438	0.2615
0.0572	0.0686	0.0561	0.3141
0.067	0.0769	0.064	0.2712
0.0709	0.0814	0.0689	0.293
0.0972	0.1181	0.0969	0.4291
0.0954	0.1091	0.09	0.3872
0.0416	0.0444	0.0402	0.2207
0.0144	0.0139	0.0134	0.0427
0.078	0.091	0.0778	0.3642
0.0804	0.0947	0.0795	0.3696
0.0414	0.0374	0.0367	0.1848
0.0411	0.0402	0.0379	0.2083
0.0554	0.0525	0.0515	0.2729
0.054	0.0596	0.0534	0.3331
0.0393	0.0435	0.0367	0.1917
0.0441	0.0429	0.0402	0.2421
0.0521	0.0513	0.0471	0.2709
0.038	0.0413	0.038	0.2334
0.0592	0.0639	0.0553	0.2512
0.0562	0.0667	0.056	0.2959
0.0278	0.0273	0.0253	0.1029
0.0638	0.0625	0.0575	0.2398
0.0194	0.0192	0.017	0.0663
0.0451	0.0396	0.0379	0.1633
0.0207	0.023	0.0201	0.0826
0.0601	0.0661	0.0581	0.2846
0.0503	0.0536	0.0465	0.2516
0.0547	0.0533	0.0524	0.2676
0.0743	0.071	0.0659	0.3154
0.0354	0.0285	0.0268	0.193
0.0605	0.0749	0.0599	0.3052
