12	[[0.50607966, 0.26960331, 0.8192664], [-0.59451586, 0.79721188, 0.10490047], [-0.62484739, -0.54015486, 0.56373616]]	0.9538817322289619	0.046118267946442686	[[ 0.48274014  0.25716967  0.78148325]
 [-0.56709782  0.76044585  0.10006264]
 [-0.59603051 -0.51524385  0.53773762]]	0.9538817321323837	0.04611826816385527	[[ 0.48274014  0.25716967  0.78148325]
 [-0.56709782  0.76044585  0.10006264]
 [-0.59603051 -0.51524385  0.53773762]]	[[-5.892329490346157e-11, -3.156494954710405e-11, -9.956627217128737e-11], [7.546859563859727e-11, -9.895476114887447e-11, -1.0770963783097504e-11], [7.627708157918246e-11, 6.587322810464792e-11, -6.60492858342558e-11]]	0.1503082579105313	WordDict: (word: THRHRHZ, matrix: [[ 0.49304186  0.14440862  0.8416751 ]
 [-0.5         0.85355339  0.14644661]
 [-0.69726649 -0.49304186  0.49304186]])
12	[[0.50607966, 0.26960331, 0.8192664], [-0.59451586, 0.79721188, 0.10490047], [-0.62484739, -0.54015486, 0.56373616]]	0.9538817322289619	0.046118267946442686	[[ 0.48274014  0.25716967  0.78148325]
 [-0.56709782  0.76044585  0.10006264]
 [-0.59603051 -0.51524385  0.53773762]]	0.9538817321323837	0.04611826816385527	[[ 0.48274014  0.25716967  0.78148325]
 [-0.56709782  0.76044585  0.10006264]
 [-0.59603051 -0.51524385  0.53773762]]	[[-5.892329490346157e-11, -3.156494954710405e-11, -9.956627217128737e-11], [7.546859563859727e-11, -9.895476114887447e-11, -1.0770963783097504e-11], [7.627708157918246e-11, 6.587322810464792e-11, -6.60492858342558e-11]]	0.1503082579105313	WordDict: (word: THRHRHZ, matrix: [[ 0.49304186  0.14440862  0.8416751 ]
 [-0.5         0.85355339  0.14644661]
 [-0.69726649 -0.49304186  0.49304186]])
12	[[0.50607966, 0.26960331, 0.8192664], [-0.59451586, 0.79721188, 0.10490047], [-0.62484739, -0.54015486, 0.56373616]]	0.9538817322289619	0.046118267946442686	[[ 0.48274014  0.25716967  0.78148325]
 [-0.56709782  0.76044585  0.10006264]
 [-0.59603051 -0.51524385  0.53773762]]	0.9538817321323837	0.04611826816385527	[[ 0.48274014  0.25716967  0.78148325]
 [-0.56709782  0.76044585  0.10006264]
 [-0.59603051 -0.51524385  0.53773762]]	[[-5.892329490346157e-11, -3.156494954710405e-11, -9.956627217128737e-11], [7.546859563859727e-11, -9.895476114887447e-11, -1.0770963783097504e-11], [7.627708157918246e-11, 6.587322810464792e-11, -6.60492858342558e-11]]	0.1503082579105313	WordDict: (word: THRHRHZ, matrix: [[ 0.49304186  0.14440862  0.8416751 ]
 [-0.5         0.85355339  0.14644661]
 [-0.69726649 -0.49304186  0.49304186]])
12	[[0.50607966, 0.26960331, 0.8192664], [-0.59451586, 0.79721188, 0.10490047], [-0.62484739, -0.54015486, 0.56373616]]	0.9515150117603004	0.04848498842410386	[[ 0.48154239  0.2565316   0.77954428]
 [-0.56569077  0.75855907  0.09981437]
 [-0.59455167 -0.51396546  0.53640342]]	0.9515150117859725	0.04848498850666774	[[ 0.48154239  0.2565316   0.77954428]
 [-0.56569077  0.75855907  0.09981437]
 [-0.59455167 -0.51396546  0.53640342]]	[[-5.662290058426339e-11, -3.493677077590813e-11, -8.489696532008236e-11], [6.663260176456207e-11, -8.650658816432987e-11, -8.53252543373821e-12], [6.52357289670559e-11, 5.575122261058924e-11, -6.611874965760097e-11]]	0.1503082579105313	WordDict: (word: THRHRHZ, matrix: [[ 0.49304186  0.14440862  0.8416751 ]
 [-0.5         0.85355339  0.14644661]
 [-0.69726649 -0.49304186  0.49304186]])
